/*--------------------------------*- C++ -*----------------------------------*\
  =========                 |
  \\      /  F ield         | OpenFOAM: The Open Source CFD Toolbox
   \\    /   O peration     | Website:  https://openfoam.org
    \\  /    A nd           | Version:  dev
     \\/     M anipulation  |
\*---------------------------------------------------------------------------*/
FoamFile
{
    version     2.0;
    format      ascii;
    class       volVectorField;
    location    "3.2";
    object      U;
}
// * * * * * * * * * * * * * * * * * * * * * * * * * * * * * * * * * * * * * //

dimensions      [0 1 -1 0 0 0 0];

internalField   nonuniform List<vector> 
2790
(
(9.94399 0 0.0205233)
(9.87572 0 0.029588)
(9.77521 0 0.03599)
(9.64943 0 0.0425568)
(9.50408 0 0.0493862)
(9.34006 0 0.0564292)
(9.15653 0 0.0638168)
(8.95261 0 0.0717126)
(8.72745 0 0.0802562)
(8.48007 0 0.0895745)
(8.20925 0 0.0997944)
(7.91363 0 0.111046)
(7.59167 0 0.123461)
(7.24177 0 0.137165)
(6.86232 0 0.152273)
(6.45179 0 0.168871)
(6.00888 0 0.186997)
(5.53269 0 0.206619)
(5.02298 0 0.22759)
(4.48047 0 0.249611)
(3.90719 0 0.272176)
(3.30688 0 0.294525)
(2.68534 0 0.31562)
(2.05068 0 0.334289)
(1.41186 0 0.350607)
(0.7981 0 0.372885)
(0.110795 0 0.32508)
(-0.469525 0 -0.11484)
(-0.453755 0 -0.297142)
(-0.231151 0 -0.423843)
(9.9985 0 0.0407035)
(9.98145 0 0.0623837)
(9.93574 0 0.0791415)
(9.86416 0 0.0966266)
(9.77097 0 0.115126)
(9.65714 0 0.134491)
(9.52204 0 0.154977)
(9.36484 0 0.176946)
(9.1847 0 0.20071)
(8.98065 0 0.226552)
(8.75151 0 0.254746)
(8.49587 0 0.285561)
(8.21219 0 0.31925)
(7.89881 0 0.356022)
(7.55403 0 0.396019)
(7.17619 0 0.439261)
(6.76379 0 0.485589)
(6.31567 0 0.534583)
(5.83128 0 0.585457)
(5.31092 0 0.636949)
(4.7562 0 0.687199)
(4.17047 0 0.733643)
(3.55936 0 0.772951)
(2.93163 0 0.801094)
(2.30003 0 0.813754)
(1.69303 0 0.807262)
(1.10723 0 0.747271)
(0.658946 0 0.547956)
(0.186503 0 0.224648)
(-0.00819241 0 -0.453703)
(9.99559 0 0.0432077)
(9.97556 0 0.0752733)
(9.9318 0 0.103348)
(9.86489 0 0.132374)
(9.77777 0 0.163063)
(9.67154 0 0.195403)
(9.54587 0 0.229747)
(9.40012 0 0.266607)
(9.23364 0 0.306474)
(9.04562 0 0.34981)
(8.83507 0 0.397074)
(8.60079 0 0.448722)
(8.34143 0 0.505191)
(8.05549 0 0.56686)
(7.74137 0 0.634005)
(7.39744 0 0.706723)
(7.02211 0 0.784826)
(6.61397 0 0.867711)
(6.17196 0 0.95418)
(5.69568 0 1.04224)
(5.18568 0 1.12887)
(4.64402 0 1.20977)
(4.07487 0 1.27915)
(3.48545 0 1.32933)
(2.88693 0 1.35009)
(2.29955 0 1.32644)
(1.73192 0 1.22081)
(1.21631 0 0.973051)
(0.701182 0 0.570206)
(0.358058 0 -0.156485)
(9.99403 0 0.0495003)
(9.97181 0 0.0932085)
(9.92788 0 0.133575)
(9.86224 0 0.174213)
(9.77693 0 0.216438)
(9.67297 0 0.260667)
(9.5503 0 0.307436)
(9.40847 0 0.357421)
(9.247 0 0.411296)
(9.06531 0 0.469709)
(8.86266 0 0.533304)
(8.63817 0 0.602723)
(8.39083 0 0.678589)
(8.1195 0 0.761467)
(7.82299 0 0.851809)
(7.5 0 0.949859)
(7.14925 0 1.05553)
(6.76946 0 1.16822)
(6.35952 0 1.28658)
(5.91864 0 1.40824)
(5.44658 0 1.52944)
(4.94406 0 1.64466)
(4.41324 0 1.74613)
(3.85835 0 1.82321)
(3.28591 0 1.86137)
(2.70649 0 1.84035)
(2.12572 0 1.72605)
(1.55432 0 1.47793)
(0.957989 0 1.08378)
(0.50944 0 0.502411)
(9.99331 0 0.0572151)
(9.96994 0 0.110962)
(9.92593 0 0.162108)
(9.86145 0 0.213353)
(9.77798 0 0.266364)
(9.67634 0 0.321922)
(9.55652 0 0.38071)
(9.4182 0 0.443496)
(9.26095 0 0.511063)
(9.08431 0 0.584175)
(8.88768 0 0.66359)
(8.67036 0 0.750062)
(8.43156 0 0.844329)
(8.17043 0 0.947073)
(7.88606 0 1.05886)
(7.57746 0 1.18005)
(7.24366 0 1.31066)
(6.88361 0 1.45015)
(6.4963 0 1.59718)
(6.08076 0 1.74928)
(5.63621 0 1.90237)
(5.16218 0 2.05028)
(4.65885 0 2.18415)
(4.1273 0 2.29173)
(3.5695 0 2.35657)
(2.98898 0 2.35735)
(2.38692 0 2.26501)
(1.76646 0 2.04773)
(1.09004 0 1.69151)
(0.536672 0 1.15426)
(9.99302 0 0.0655405)
(9.96923 0 0.128705)
(9.92556 0 0.190119)
(9.86252 0 0.251851)
(9.78128 0 0.315587)
(9.68243 0 0.382328)
(9.56599 0 0.452885)
(9.43169 0 0.528111)
(9.27918 0 0.608889)
(9.10803 0 0.696091)
(8.91774 0 0.790582)
(8.70771 0 0.893223)
(8.47725 0 1.00485)
(8.22564 0 1.12624)
(7.95212 0 1.25807)
(7.65587 0 1.40078)
(7.33602 0 1.5545)
(6.99164 0 1.71882)
(6.6217 0 1.8925)
(6.22504 0 2.07317)
(5.80033 0 2.25679)
(5.34611 0 2.43715)
(4.86079 0 2.60515)
(4.3428 0 2.7482)
(3.79051 0 2.84955)
(3.20268 0 2.88823)
(2.57667 0 2.83829)
(1.91355 0 2.67171)
(1.1728 0 2.37413)
(0.549993 0 1.89455)
(9.99297 0 0.0740771)
(9.96926 0 0.146319)
(9.92637 0 0.21749)
(9.86508 0 0.289301)
(9.78641 0 0.363366)
(9.69083 0 0.440839)
(9.57833 0 0.522673)
(9.44869 0 0.609823)
(9.30162 0 0.703266)
(9.13674 0 0.803973)
(8.95361 0 0.912905)
(8.75166 0 1.03101)
(8.53029 0 1.15921)
(8.28883 0 1.29838)
(8.02655 0 1.44927)
(7.74266 0 1.61244)
(7.43627 0 1.78814)
(7.10639 0 1.97611)
(6.75181 0 2.17534)
(6.37103 0 2.38375)
(5.96215 0 2.59767)
(5.52271 0 2.81131)
(5.04962 0 3.01609)
(4.53912 0 3.19993)
(3.98679 0 3.34667)
(3.38804 0 3.436)
(2.73738 0 3.44339)
(2.03635 0 3.34162)
(1.24182 0 3.11374)
(0.563546 0 2.69334)
(9.99306 0 0.0825908)
(9.96981 0 0.163612)
(9.92807 0 0.244058)
(9.86884 0 0.325491)
(9.79311 0 0.409459)
(9.70124 0 0.497221)
(9.59321 0 0.589854)
(9.46885 0 0.688411)
(9.32792 0 0.793953)
(9.1701 0 0.90754)
(8.99498 0 1.03022)
(8.80206 0 1.16304)
(8.59076 0 1.307)
(8.36045 0 1.46307)
(8.1104 0 1.63212)
(7.83976 0 1.81483)
(7.54757 0 2.01161)
(7.23265 0 2.22245)
(6.8935 0 2.44665)
(6.52818 0 2.6826)
(6.13413 0 2.92726)
(5.70792 0 3.17568)
(5.24507 0 3.42028)
(4.73991 0 3.65014)
(4.18563 0 3.85021)
(3.57492 0 4.00092)
(2.89968 0 4.07799)
(2.16225 0 4.05253)
(1.31621 0 3.9019)
(0.583261 0 3.54039)
(9.99326 0 0.0909316)
(9.97072 0 0.180415)
(9.93046 0 0.269677)
(9.87361 0 0.360254)
(9.80117 0 0.453662)
(9.71342 0 0.551227)
(9.61035 0 0.65413)
(9.49185 0 0.763515)
(9.35772 0 0.880522)
(9.20769 0 1.00629)
(9.0414 0 1.14197)
(8.85842 0 1.28867)
(8.65821 0 1.44751)
(8.44015 0 1.61957)
(8.20351 0 1.80583)
(7.9474 0 2.00716)
(7.67073 0 2.22418)
(7.37213 0 2.4572)
(7.04978 0 2.70596)
(6.70128 0 2.96946)
(6.32338 0 3.24554)
(5.91172 0 3.53042)
(5.46047 0 3.81796)
(4.96216 0 4.0989)
(4.40759 0 4.35982)
(3.7866 0 4.58212)
(3.08777 0 4.74117)
(2.31288 0 4.80464)
(1.41077 0 4.74135)
(0.614365 0 4.44223)
(9.99352 0 0.098996)
(9.9719 0 0.196587)
(9.9334 0 0.294207)
(9.87923 0 0.393432)
(9.81039 0 0.495774)
(9.72715 0 0.602609)
(9.6295 0 0.715205)
(9.51738 0 0.834784)
(9.39064 0 0.962565)
(9.24908 0 1.09977)
(9.09239 0 1.2476)
(8.92021 0 1.4073)
(8.73206 0 1.58006)
(8.52734 0 1.76709)
(8.30536 0 1.96952)
(8.06518 0 2.18843)
(7.80566 0 2.42472)
(7.52524 0 2.67908)
(7.22188 0 2.95181)
(6.89276 0 3.24269)
(6.53405 0 3.55064)
(6.14054 0 3.87334)
(5.70517 0 4.20656)
(5.21865 0 4.54327)
(4.66921 0 4.87236)
(4.04312 0 5.17697)
(3.32395 0 5.43241)
(2.51001 0 5.60218)
(1.54204 0 5.64383)
(0.664139 0 5.41845)
(9.99384 0 0.106708)
(9.9733 0 0.212009)
(9.93679 0 0.317516)
(9.88557 0 0.424873)
(9.82062 0 0.53561)
(9.74223 0 0.651145)
(9.65041 0 0.772814)
(9.54514 0 0.901912)
(9.42633 0 1.03973)
(9.29384 0 1.18754)
(9.14746 0 1.34665)
(8.98686 0 1.51836)
(8.81166 0 1.70399)
(8.62134 0 1.90485)
(8.41522 0 2.12228)
(8.19243 0 2.35754)
(7.95179 0 2.61189)
(7.69171 0 2.88644)
(7.40999 0 3.18215)
(7.10361 0 3.49971)
(6.76835 0 3.8393)
(6.39839 0 4.20035)
(5.98567 0 4.58099)
(5.51926 0 4.97716)
(4.98463 0 5.3812)
(4.36357 0 5.77952)
(3.63224 0 6.14923)
(2.78046 0 6.45092)
(1.73371 0 6.62895)
(0.744959 0 6.50366)
(9.9942 0 0.114011)
(9.97487 0 0.226585)
(9.94055 0 0.339489)
(9.89251 0 0.454444)
(9.83172 0 0.573008)
(9.75848 0 0.696638)
(9.67285 0 0.826725)
(9.57484 0 0.964625)
(9.46443 0 1.11168)
(9.34156 0 1.26924)
(9.20608 0 1.43867)
(9.05778 0 1.62135)
(8.89634 0 1.81869)
(8.72136 0 2.03215)
(8.53226 0 2.2632)
(8.32824 0 2.51338)
(8.10823 0 2.78426)
(7.8707 0 3.07745)
(7.61352 0 3.39458)
(7.33367 0 3.73731)
(7.02689 0 4.10724)
(6.68717 0 4.50579)
(6.30598 0 4.93386)
(5.87127 0 5.39121)
(5.36605 0 5.87516)
(4.76727 0 6.37814)
(4.04117 0 6.88328)
(3.16194 0 7.35379)
(2.02515 0 7.72378)
(0.880943 0 7.75792)
(9.99459 0 0.120859)
(9.97657 0 0.240236)
(9.94461 0 0.360025)
(9.89994 0 0.482024)
(9.84354 0 0.607824)
(9.77573 0 0.738915)
(9.69658 0 0.876733)
(9.60618 0 1.02268)
(9.50457 0 1.17816)
(9.39177 0 1.34455)
(9.26773 0 1.52328)
(9.13232 0 1.7158)
(8.98536 0 1.92362)
(8.82656 0 2.14828)
(8.65549 0 2.39145)
(8.47153 0 2.65488)
(8.27378 0 2.94044)
(8.06093 0 3.25022)
(7.83113 0 3.58652)
(7.58168 0 3.95197)
(7.30871 0 4.34959)
(7.00663 0 4.78287)
(6.66727 0 5.25578)
(6.27864 0 5.77262)
(5.82275 0 6.33739)
(5.27292 0 6.95219)
(4.58513 0 7.6136)
(3.71066 0 8.3012)
(2.48884 0 8.95898)
(1.12486 0 9.2945)
(9.99501 0 0.127217)
(9.97837 0 0.252898)
(9.9489 0 0.379041)
(9.90778 0 0.507513)
(9.85596 0 0.639941)
(9.79379 0 0.77784)
(9.72138 0 0.92268)
(9.63888 0 1.0759)
(9.5464 0 1.23894)
(9.44405 0 1.41322)
(9.33185 0 1.6002)
(9.20983 0 1.80139)
(9.07792 0 2.01835)
(8.936 0 2.25275)
(8.78382 0 2.50636)
(8.62099 0 2.78113)
(8.4469 0 3.0792)
(8.26062 0 3.40306)
(8.06077 0 3.7556)
(7.84528 0 4.14027)
(7.61117 0 4.56139)
(7.35399 0 5.02436)
(7.06714 0 5.53613)
(6.74052 0 6.10571)
(6.3582 0 6.7448)
(5.89458 0 7.46853)
(5.30156 0 8.2961)
(4.50992 0 9.24815)
(3.26999 0 10.3428)
(1.60579 0 11.3613)
(9.99544 0 0.133058)
(9.98026 0 0.264519)
(9.95338 0 0.396465)
(9.91594 0 0.530819)
(9.86886 0 0.669237)
(9.81249 0 0.813256)
(9.74703 0 0.964371)
(9.67265 0 1.12405)
(9.58956 0 1.29373)
(9.49793 0 1.47489)
(9.39791 0 1.66901)
(9.28965 0 1.87761)
(9.17322 0 2.10232)
(9.04869 0 2.34485)
(8.91605 0 2.60708)
(8.77518 0 2.89107)
(8.62584 0 3.19919)
(8.46759 0 3.53418)
(8.29971 0 3.89936)
(8.12105 0 4.29882)
(7.92992 0 4.73777)
(7.72378 0 5.22306)
(7.49879 0 5.76392)
(7.24908 0 6.37317)
(6.96517 0 7.06928)
(6.63157 0 7.88009)
(6.21552 0 8.85112)
(5.66761 0 10.0655)
(4.69262 0 11.7318)
(2.68937 0 14.5967)
(0.148757 0 -0.154177)
(0.339947 0 -0.136514)
(0.538455 0 -0.109903)
(0.710248 0 -0.0866205)
(0.850688 0 -0.0681311)
(0.965459 0 -0.0537369)
(1.06094 0 -0.0426298)
(1.14194 0 -0.0341414)
(1.21189 0 -0.027676)
(1.27335 0 -0.0226932)
(1.32811 0 -0.0187271)
(1.37728 0 -0.0154133)
(1.42143 0 -0.0125178)
(1.46085 0 -0.00993197)
(1.49573 0 -0.00757185)
(1.52613 0 -0.00519328)
(1.55136 0 -0.00231922)
(1.56957 0 0.00143993)
(1.57843 0 0.00577041)
(1.57724 0 0.00917638)
(1.56799 0 0.0106522)
(1.55455 0 0.0103449)
(1.53984 0 0.00883468)
(1.5256 0 0.00660002)
(1.51426 0 0.00369211)
(1.50906 0 -9.09915e-05)
(1.51422 0 -0.00366568)
(1.53088 0 -0.00689717)
(1.55776 0 -0.00897768)
(1.59844 0 -0.00844878)
(0.117684 0 -0.337163)
(0.300473 0 -0.311339)
(0.480383 0 -0.257712)
(0.638542 0 -0.208845)
(0.771457 0 -0.169691)
(0.883895 0 -0.139148)
(0.980948 0 -0.115595)
(1.06641 0 -0.0976251)
(1.14302 0 -0.0839566)
(1.21284 0 -0.073412)
(1.27735 0 -0.0649588)
(1.33745 0 -0.0577742)
(1.39359 0 -0.0513387)
(1.44597 0 -0.0454732)
(1.4948 0 -0.0401355)
(1.54054 0 -0.0349352)
(1.58355 0 -0.028822)
(1.62325 0 -0.0208173)
(1.6576 0 -0.0115124)
(1.68433 0 -0.0032884)
(1.70401 0 0.00251931)
(1.72001 0 0.00710186)
(1.73433 0 0.0101654)
(1.74798 0 0.0102077)
(1.76157 0 0.00676944)
(1.77626 0 0.000724805)
(1.79141 0 -0.00634482)
(1.80721 0 -0.014243)
(1.82424 0 -0.0215881)
(1.8491 0 -0.023918)
(0.0871249 0 -0.520991)
(0.239319 0 -0.485553)
(0.376913 0 -0.405756)
(0.498275 0 -0.332685)
(0.599774 0 -0.273991)
(0.685822 0 -0.227947)
(0.760132 0 -0.192183)
(0.825429 0 -0.164625)
(0.883761 0 -0.143409)
(0.936701 0 -0.126842)
(0.985401 0 -0.113414)
(1.03058 0 -0.101873)
(1.0725 0 -0.091408)
(1.1111 0 -0.0818153)
(1.14627 0 -0.073308)
(1.1785 0 -0.065677)
(1.20897 0 -0.0572056)
(1.23828 0 -0.0453211)
(1.26491 0 -0.0300368)
(1.28529 0 -0.0172259)
(1.29888 0 -0.0117434)
(1.3105 0 -0.0108106)
(1.32055 0 -0.0108386)
(1.32353 0 -0.0122309)
(1.32084 0 -0.0153652)
(1.31417 0 -0.0185555)
(1.30334 0 -0.0211159)
(1.28758 0 -0.02339)
(1.26876 0 -0.0253803)
(1.24962 0 -0.0247658)
(0.0591408 0 -0.656737)
(0.172053 0 -0.606052)
(0.258023 0 -0.503216)
(0.335694 0 -0.41208)
(0.397937 0 -0.339546)
(0.44987 0 -0.282672)
(0.493526 0 -0.238474)
(0.530522 0 -0.204349)
(0.562195 0 -0.178022)
(0.589619 0 -0.157459)
(0.613659 0 -0.140814)
(0.634954 0 -0.126473)
(0.653875 0 -0.113267)
(0.670062 0 -0.100828)
(0.68259 0 -0.0896693)
(0.690954 0 -0.0804267)
(0.696807 0 -0.0723007)
(0.703897 0 -0.0627545)
(0.71421 0 -0.0486573)
(0.717914 0 -0.0292471)
(0.685736 0 -0.0112536)
(0.635403 0 -0.000632279)
(0.586818 0 0.00697155)
(0.542679 0 0.0125437)
(0.500475 0 0.0140929)
(0.464236 0 0.011799)
(0.446536 0 0.00633751)
(0.436334 0 -0.000334715)
(0.433907 0 -0.00898421)
(0.443759 0 -0.0224437)
(0.0308721 0 -0.747302)
(0.0969616 0 -0.676509)
(0.124528 0 -0.554114)
(0.154523 0 -0.451354)
(0.171638 0 -0.369891)
(0.183353 0 -0.305929)
(0.189614 0 -0.256125)
(0.191253 0 -0.217558)
(0.18901 0 -0.187737)
(0.183505 0 -0.164498)
(0.175377 0 -0.145871)
(0.165391 0 -0.130025)
(0.15453 0 -0.11535)
(0.142419 0 -0.100892)
(0.1278 0 -0.0867825)
(0.107482 0 -0.0735462)
(0.076566 0 -0.0601026)
(0.040877 0 -0.0429385)
(-0.00225568 0 -0.0180905)
(-0.0379744 0 0.00955226)
(-0.0556489 0 0.0287852)
(-0.0741205 0 0.0360822)
(-0.0902107 0 0.0363008)
(-0.105383 0 0.0325966)
(-0.119898 0 0.0239694)
(-0.13228 0 0.0108953)
(-0.134478 0 -0.00165108)
(-0.131883 0 -0.0123546)
(-0.128307 0 -0.0234294)
(-0.127175 0 -0.0357132)
(0.000710833 0 -0.784784)
(0.0133555 0 -0.690352)
(-0.0203159 0 -0.551596)
(-0.0418074 0 -0.442832)
(-0.0739457 0 -0.356284)
(-0.10738 0 -0.28874)
(-0.143586 0 -0.236342)
(-0.18182 0 -0.19587)
(-0.221636 0 -0.164508)
(-0.262656 0 -0.139899)
(-0.304393 0 -0.120073)
(-0.346084 0 -0.103346)
(-0.386716 0 -0.0883118)
(-0.425251 0 -0.0739692)
(-0.46095 0 -0.0598936)
(-0.493727 0 -0.0461912)
(-0.523822 0 -0.0329838)
(-0.550312 0 -0.0197375)
(-0.571567 0 -0.00586286)
(-0.583249 0 0.00843317)
(-0.589719 0 0.0225592)
(-0.594207 0 0.032484)
(-0.596743 0 0.0357432)
(-0.598288 0 0.0333803)
(-0.600254 0 0.026115)
(-0.603304 0 0.0155177)
(-0.606089 0 0.00398299)
(-0.606832 0 -0.00832102)
(-0.609962 0 -0.0209081)
(-0.614551 0 -0.0321039)
(-0.0345416 0 -0.760927)
(-0.0808269 0 -0.640258)
(-0.17206 0 -0.498064)
(-0.249516 0 -0.388413)
(-0.330177 0 -0.302511)
(-0.408214 0 -0.236502)
(-0.483181 0 -0.186139)
(-0.554067 0 -0.148167)
(-0.620036 0 -0.119771)
(-0.680593 0 -0.0985138)
(-0.735604 0 -0.0823709)
(-0.785133 0 -0.0696227)
(-0.829288 0 -0.0588062)
(-0.868168 0 -0.0487752)
(-0.901941 0 -0.0388166)
(-0.930935 0 -0.0286323)
(-0.955536 0 -0.0180659)
(-0.975737 0 -0.00680818)
(-0.991087 0 0.00514034)
(-0.998538 0 0.0166935)
(-1.00183 0 0.0265471)
(-1.00183 0 0.0329952)
(-0.999977 0 0.0349056)
(-0.997643 0 0.0321814)
(-0.996226 0 0.0250362)
(-0.996646 0 0.0146595)
(-0.998671 0 0.00310474)
(-1.00156 0 -0.00853404)
(-1.00707 0 -0.0207719)
(-1.01205 0 -0.0313872)
(-0.0759811 0 -0.673923)
(-0.179316 0 -0.534979)
(-0.326745 0 -0.394377)
(-0.456326 0 -0.289805)
(-0.579031 0 -0.212025)
(-0.690127 0 -0.155225)
(-0.789126 0 -0.114223)
(-0.876255 0 -0.0850568)
(-0.9524 0 -0.0648538)
(-1.01863 0 -0.0510471)
(-1.07613 0 -0.0415288)
(-1.12597 0 -0.0346416)
(-1.16901 0 -0.0290835)
(-1.20596 0 -0.0238577)
(-1.23745 0 -0.0183087)
(-1.26412 0 -0.0121392)
(-1.28649 0 -0.00527783)
(-1.30418 0 0.00233884)
(-1.31613 0 0.0107089)
(-1.32363 0 0.0193306)
(-1.32672 0 0.0270046)
(-1.3264 0 0.032052)
(-1.32414 0 0.0335185)
(-1.32146 0 0.0310587)
(-1.3197 0 0.0247747)
(-1.31983 0 0.0155983)
(-1.32223 0 0.00502005)
(-1.32667 0 -0.00621662)
(-1.33354 0 -0.0180144)
(-1.33845 0 -0.0276605)
(-0.123683 0 -0.524121)
(-0.284439 0 -0.376058)
(-0.485353 0 -0.247649)
(-0.658929 0 -0.15915)
(-0.81452 0 -0.0972868)
(-0.948795 0 -0.0559264)
(-1.06269 0 -0.029574)
(-1.15581 0 -0.014758)
(-1.23269 0 -0.00684631)
(-1.29669 0 -0.00307972)
(-1.35063 0 -0.00164442)
(-1.39659 0 -0.00131034)
(-1.43599 0 -0.0011757)
(-1.4698 0 -0.000536795)
(-1.49873 0 0.00107175)
(-1.52327 0 0.00379645)
(-1.54362 0 0.00751637)
(-1.55995 0 0.0120442)
(-1.57236 0 0.0172134)
(-1.58052 0 0.022793)
(-1.58457 0 0.0279003)
(-1.58543 0 0.0313497)
(-1.58448 0 0.0321916)
(-1.58313 0 0.0298644)
(-1.58261 0 0.0243151)
(-1.58387 0 0.0162508)
(-1.58758 0 0.00682352)
(-1.59388 0 -0.00333098)
(-1.60221 0 -0.0140382)
(-1.60735 0 -0.0224099)
(-0.182249 0 -0.319989)
(-0.411568 0 -0.175775)
(-0.670754 0 -0.0509929)
(-0.871491 0 0.0131413)
(-1.03495 0 0.0436315)
(-1.16668 0 0.0556054)
(-1.27297 0 0.057196)
(-1.36164 0 0.0540619)
(-1.4357 0 0.0485273)
(-1.49803 0 0.0421175)
(-1.55095 0 0.0357596)
(-1.5962 0 0.0299354)
(-1.63497 0 0.0249794)
(-1.66815 0 0.0212847)
(-1.69655 0 0.0191975)
(-1.72096 0 0.0187754)
(-1.74183 0 0.0197388)
(-1.7592 0 0.0216604)
(-1.77273 0 0.0241805)
(-1.78216 0 0.0270668)
(-1.78775 0 0.0298649)
(-1.79045 0 0.0318221)
(-1.79158 0 0.0320747)
(-1.79245 0 0.0298997)
(-1.79412 0 0.0250416)
(-1.79742 0 0.0179714)
(-1.80315 0 0.0095964)
(-1.81167 0 0.000480975)
(-1.82118 0 -0.00905708)
(-1.82668 0 -0.0162947)
(-0.253451 0 0.00745783)
(-0.522379 0 0.141357)
(-0.790804 0 0.173754)
(-0.998922 0 0.180923)
(-1.16862 0 0.173312)
(-1.3063 0 0.158228)
(-1.41827 0 0.14022)
(-1.50979 0 0.121663)
(-1.58504 0 0.103775)
(-1.64764 0 0.0875599)
(-1.7005 0 0.0735224)
(-1.74573 0 0.0615667)
(-1.78457 0 0.0514842)
(-1.81784 0 0.0434254)
(-1.84644 0 0.037726)
(-1.87132 0 0.0343659)
(-1.89309 0 0.0327726)
(-1.91172 0 0.0321658)
(-1.92672 0 0.0320428)
(-1.93773 0 0.032314)
(-1.94508 0 0.032943)
(-1.94981 0 0.0335422)
(-1.95331 0 0.0333072)
(-1.95681 0 0.0313316)
(-1.96115 0 0.0271098)
(-1.96696 0 0.0208769)
(-1.97503 0 0.0133854)
(-1.98576 0 0.00523013)
(-1.99661 0 -0.00310027)
(-2.00253 0 -0.00935847)
(-0.285498 0 0.381145)
(-0.583371 0 0.428977)
(-0.886451 0 0.404812)
(-1.11447 0 0.362289)
(-1.29277 0 0.31473)
(-1.43223 0 0.268399)
(-1.54268 0 0.226603)
(-1.6315 0 0.190194)
(-1.70383 0 0.158739)
(-1.7636 0 0.132251)
(-1.8142 0 0.110626)
(-1.85798 0 0.0928679)
(-1.89599 0 0.0778759)
(-1.92866 0 0.0655174)
(-1.95686 0 0.0563291)
(-1.98186 0 0.0503421)
(-2.00449 0 0.0465823)
(-2.02461 0 0.0437196)
(-2.04136 0 0.0410225)
(-2.0541 0 0.0386687)
(-2.06316 0 0.0371786)
(-2.06984 0 0.0365638)
(-2.07573 0 0.0360148)
(-2.08201 0 0.03434)
(-2.08927 0 0.0307078)
(-2.09787 0 0.0251296)
(-2.10852 0 0.0183132)
(-2.12163 0 0.0109969)
(-2.13448 0 0.00379005)
(-2.14048 0 -0.00154833)
(-0.33366 0 0.79533)
(-0.683661 0 0.777671)
(-1.01919 0 0.66299)
(-1.2509 0 0.550205)
(-1.42259 0 0.454732)
(-1.55213 0 0.37393)
(-1.6523 0 0.30765)
(-1.73229 0 0.254144)
(-1.79742 0 0.209918)
(-1.85115 0 0.17376)
(-1.89716 0 0.145473)
(-1.93821 0 0.122964)
(-1.97475 0 0.103651)
(-2.0063 0 0.0871031)
(-2.03348 0 0.074569)
(-2.05814 0 0.0664474)
(-2.08164 0 0.0611656)
(-2.10361 0 0.0564674)
(-2.12247 0 0.0512402)
(-2.13702 0 0.0461028)
(-2.1476 0 0.0424292)
(-2.15596 0 0.0407652)
(-2.16411 0 0.040189)
(-2.17329 0 0.0390305)
(-2.18376 0 0.0360145)
(-2.19545 0 0.0309361)
(-2.20886 0 0.024577)
(-2.2244 0 0.0179542)
(-2.23917 0 0.0117833)
(-2.24626 0 0.00741929)
(-0.428611 0 1.29569)
(-0.857918 0 1.18005)
(-1.21627 0 0.930563)
(-1.42259 0 0.724145)
(-1.56472 0 0.57958)
(-1.67013 0 0.464819)
(-1.74981 0 0.376248)
(-1.81444 0 0.309807)
(-1.86864 0 0.255503)
(-1.91342 0 0.210428)
(-1.95257 0 0.1767)
(-1.98998 0 0.151246)
(-2.02509 0 0.128595)
(-2.05531 0 0.10786)
(-2.08073 0 0.092008)
(-2.10444 0 0.0825051)
(-2.12885 0 0.0767679)
(-2.15327 0 0.0708619)
(-2.17483 0 0.0630351)
(-2.19125 0 0.0546633)
(-2.20292 0 0.0485358)
(-2.21244 0 0.0460055)
(-2.22261 0 0.0458354)
(-2.23475 0 0.0455269)
(-2.24864 0 0.0431774)
(-2.26359 0 0.0383705)
(-2.27966 0 0.0321092)
(-2.29719 0 0.0259158)
(-2.31329 0 0.0207452)
(-2.32087 0 0.0173495)
(-0.625098 0 2.19794)
(-1.14743 0 1.79967)
(-1.51768 0 1.22023)
(-1.64411 0 0.830542)
(-1.71879 0 0.663976)
(-1.78539 0 0.533568)
(-1.83315 0 0.429483)
(-1.8763 0 0.355527)
(-1.91861 0 0.292721)
(-1.95287 0 0.237163)
(-1.98237 0 0.200198)
(-2.01535 0 0.176658)
(-2.05001 0 0.15336)
(-2.07923 0 0.128248)
(-2.10182 0 0.1083)
(-2.12344 0 0.098178)
(-2.14887 0 0.0935385)
(-2.1768 0 0.0872493)
(-2.20196 0 0.0765121)
(-2.22025 0 0.0639929)
(-2.23212 0 0.0548457)
(-2.24177 0 0.0517264)
(-2.25338 0 0.0526905)
(-2.26839 0 0.0537773)
(-2.28581 0 0.052205)
(-2.30401 0 0.0473815)
(-2.32243 0 0.0407188)
(-2.34139 0 0.0345632)
(-2.35833 0 0.030366)
(-2.36623 0 0.0281277)
(9.9959 0 0.138454)
(9.98225 0 0.275255)
(9.9581 0 0.412551)
(9.92452 0 0.552307)
(9.88239 0 0.696203)
(9.83212 0 0.84579)
(9.77394 0 1.00257)
(9.70808 0 1.16803)
(9.63484 0 1.34362)
(9.55448 0 1.53081)
(9.46727 0 1.73109)
(9.37349 0 1.94601)
(9.27338 0 2.17719)
(9.16723 0 2.42638)
(9.05526 0 2.69548)
(8.93771 0 2.98665)
(8.81477 0 3.30231)
(8.68657 0 3.64537)
(8.55319 0 4.01933)
(8.41464 0 4.42858)
(8.27084 0 4.87875)
(8.1217 0 5.37729)
(7.96717 0 5.93439)
(7.80753 0 6.56439)
(7.64404 0 7.28837)
(7.48173 0 8.13893)
(7.33399 0 9.17008)
(7.29121 0 10.4754)
(7.75274 0 12.2)
(7.94143 0 14.92)
(9.99638 0 0.143415)
(9.98433 0 0.285112)
(9.96304 0 0.427282)
(9.9335 0 0.571922)
(9.89654 0 0.720724)
(9.85258 0 0.875245)
(9.80191 0 1.03699)
(9.74485 0 1.20744)
(9.68175 0 1.38805)
(9.61298 0 1.58027)
(9.53893 0 1.78559)
(9.46002 0 2.00553)
(9.37668 0 2.24169)
(9.2894 0 2.49582)
(9.1987 0 2.76978)
(9.10516 0 3.0657)
(9.00942 0 3.386)
(8.91225 0 3.73353)
(8.81455 0 4.11173)
(8.71752 0 4.52486)
(8.62276 0 4.97834)
(8.53264 0 5.47918)
(8.4509 0 6.03671)
(8.38381 0 6.66351)
(8.34259 0 7.37676)
(8.34937 0 8.19986)
(8.4431 0 9.16288)
(8.67984 0 10.299)
(9.32863 0 11.5523)
(9.82167 0 12.6365)
(9.99688 0 0.147853)
(9.9865 0 0.293927)
(9.96818 0 0.440436)
(9.94281 0 0.589397)
(9.91118 0 0.742503)
(9.87373 0 0.901307)
(9.83079 0 1.0673)
(9.78275 0 1.24195)
(9.73003 0 1.42669)
(9.6731 0 1.62293)
(9.61247 0 1.83212)
(9.54869 0 2.05575)
(9.48239 0 2.29537)
(9.41426 0 2.55264)
(9.3451 0 2.82935)
(9.27583 0 3.12751)
(9.20754 0 3.44938)
(9.14159 0 3.79759)
(9.07966 0 4.17527)
(9.02396 0 4.58617)
(8.97751 0 5.03488)
(8.94461 0 5.52707)
(8.93154 0 6.06971)
(8.94785 0 6.67117)
(9.00802 0 7.34085)
(9.13423 0 8.08735)
(9.35748 0 8.91242)
(9.68719 0 9.80473)
(10.2529 0 10.7126)
(10.9401 0 11.4251)
(9.9974 0 0.151716)
(9.98873 0 0.301591)
(9.97346 0 0.451847)
(9.95237 0 0.604502)
(9.9262 0 0.761241)
(9.8954 0 0.923601)
(9.86035 0 1.09305)
(9.82148 0 1.27102)
(9.77931 0 1.4589)
(9.73437 0 1.65807)
(9.6873 0 1.86991)
(9.63877 0 2.09583)
(9.58958 0 2.33728)
(9.54062 0 2.59581)
(9.49294 0 2.87306)
(9.44777 0 3.17085)
(9.40661 0 3.49116)
(9.37127 0 3.83627)
(9.34406 0 4.20874)
(9.32794 0 4.61154)
(9.32686 0 5.04807)
(9.34611 0 5.52216)
(9.39293 0 6.03793)
(9.47724 0 6.5993)
(9.61222 0 7.20903)
(9.81469 0 7.86673)
(10.1074 0 8.56522)
(10.4988 0 9.28976)
(11.0558 0 10.0301)
(11.8479 0 10.6732)
(9.99792 0 0.154957)
(9.991 0 0.308013)
(9.97883 0 0.461379)
(9.9621 0 0.617059)
(9.94146 0 0.776719)
(9.9174 0 0.941866)
(9.89032 0 1.11393)
(9.86072 0 1.2943)
(9.82915 0 1.48431)
(9.79625 0 1.68527)
(9.76273 0 1.89847)
(9.7294 0 2.12521)
(9.69718 0 2.36684)
(9.66715 0 2.62472)
(9.64056 0 2.90031)
(9.61889 0 3.19514)
(9.60393 0 3.51086)
(9.59785 0 3.84923)
(9.60334 0 4.21219)
(9.62379 0 4.60177)
(9.66352 0 5.02006)
(9.72804 0 5.46906)
(9.82444 0 5.95039)
(9.96165 0 6.46472)
(10.1507 0 7.01094)
(10.4047 0 7.58516)
(10.7409 0 8.17921)
(11.1707 0 8.77841)
(11.7172 0 9.37117)
(12.469 0 9.88266)
(9.99845 0 0.157532)
(9.9933 0 0.313106)
(9.98426 0 0.468905)
(9.97191 0 0.626903)
(9.95686 0 0.788733)
(9.93956 0 0.955862)
(9.92047 0 1.12967)
(9.90011 0 1.31149)
(9.87911 0 1.50258)
(9.85815 0 1.70416)
(9.83804 0 1.91742)
(9.81966 0 2.14353)
(9.80407 0 2.38369)
(9.79246 0 2.63906)
(9.78623 0 2.91085)
(9.78705 0 3.20027)
(9.79687 0 3.50858)
(9.81806 0 3.83701)
(9.85349 0 4.18678)
(9.90663 0 4.55901)
(9.98178 0 4.9546)
(10.0841 0 5.37401)
(10.2201 0 5.81698)
(10.3971 0 6.28202)
(10.6239 0 6.76588)
(10.9103 0 7.26278)
(11.2675 0 7.76348)
(11.7033 0 8.25244)
(12.2184 0 8.71296)
(12.8929 0 9.10359)
(9.99898 0 0.159403)
(9.9956 0 0.316796)
(9.98969 0 0.474313)
(9.98174 0 0.633885)
(9.97224 0 0.797103)
(9.96167 0 0.965378)
(9.95051 0 1.14004)
(9.93931 0 1.32232)
(9.92872 0 1.51342)
(9.9195 0 1.71445)
(9.91248 0 1.92648)
(9.90865 0 2.15053)
(9.90911 0 2.38762)
(9.91515 0 2.63869)
(9.92826 0 2.90468)
(9.95018 0 3.18648)
(9.98295 0 3.48491)
(10.029 0 3.80068)
(10.0911 0 4.13435)
(10.1726 0 4.48622)
(10.2775 0 4.85617)
(10.4103 0 5.24352)
(10.5765 0 5.64667)
(10.7818 0 6.06281)
(11.0326 0 6.48746)
(11.3355 0 6.91392)
(11.6964 0 7.33285)
(12.1194 0 7.73084)
(12.5985 0 8.09335)
(13.2026 0 8.39993)
(9.99951 0 0.160536)
(9.99788 0 0.319013)
(9.99509 0 0.477504)
(9.99148 0 0.637881)
(9.98749 0 0.801677)
(9.98355 0 0.970243)
(9.98018 0 1.14483)
(9.97795 0 1.3266)
(9.97753 0 1.51665)
(9.97969 0 1.71597)
(9.98533 0 1.92549)
(9.99544 0 2.1461)
(10.0112 0 2.3786)
(10.0339 0 2.62373)
(10.065 0 2.88213)
(10.1064 0 3.15436)
(10.16 0 3.44084)
(10.2281 0 3.7418)
(10.3133 0 4.05722)
(10.4188 0 4.38672)
(10.5478 0 4.72944)
(10.7043 0 5.08386)
(10.8924 0 5.44758)
(11.1163 0 5.81708)
(11.3803 0 6.18747)
(11.6883 0 6.55219)
(12.043 0 6.90298)
(12.4459 0 7.22953)
(12.8894 0 7.52075)
(13.4314 0 7.76534)
(10 0 0.160903)
(10.0001 0 0.319704)
(10.0004 0 0.4784)
(10.0011 0 0.63879)
(10.0025 0 0.802339)
(10.005 0 0.970327)
(10.0092 0 1.14392)
(10.0157 0 1.3242)
(10.0251 0 1.51214)
(10.0382 0 1.70862)
(10.0559 0 1.91444)
(10.0792 0 2.1303)
(10.1093 0 2.35682)
(10.1474 0 2.5945)
(10.1951 0 2.84375)
(10.2541 0 3.10479)
(10.3261 0 3.37769)
(10.4134 0 3.66226)
(10.5182 0 3.95801)
(10.6432 0 4.26406)
(10.7912 0 4.57903)
(10.9652 0 4.9009)
(11.1681 0 5.22688)
(11.403 0 5.55325)
(11.6724 0 5.87528)
(11.9781 0 6.18712)
(12.321 0 6.48191)
(12.7008 0 6.75185)
(13.1099 0 6.98861)
(13.5968 0 7.18537)
(10.0005 0 0.160482)
(10.0023 0 0.318827)
(10.0056 0 0.476939)
(10.0104 0 0.636536)
(10.017 0 0.799005)
(10.0258 0 0.965544)
(10.0374 0 1.13724)
(10.0522 0 1.31506)
(10.0709 0 1.49987)
(10.0944 0 1.69243)
(10.1234 0 1.8934)
(10.1591 0 2.10331)
(10.2024 0 2.3226)
(10.2547 0 2.55156)
(10.3173 0 2.79033)
(10.3918 0 3.0389)
(10.4799 0 3.297)
(10.5834 0 3.56412)
(10.7043 0 3.83944)
(10.8449 0 4.12173)
(11.0071 0 4.40929)
(11.1933 0 4.69987)
(11.4055 0 4.9906)
(11.6454 0 5.2779)
(11.9145 0 5.55748)
(12.2132 0 5.82438)
(12.5411 0 6.07307)
(12.8969 0 6.29768)
(13.2736 0 6.49217)
(13.7128 0 6.65242)
(10.001 0 0.159258)
(10.0044 0 0.316353)
(10.0106 0 0.473084)
(10.0194 0 0.631075)
(10.031 0 0.791628)
(10.0459 0 0.955857)
(10.0644 0 1.12475)
(10.0871 0 1.29917)
(10.1147 0 1.47989)
(10.1478 0 1.66752)
(10.1874 0 1.86258)
(10.2344 0 2.06547)
(10.2898 0 2.27644)
(10.3548 0 2.49558)
(10.4306 0 2.72284)
(10.5186 0 2.95796)
(10.6203 0 3.20046)
(10.7372 0 3.44957)
(10.871 0 3.70424)
(11.0233 0 3.96305)
(11.1958 0 4.22415)
(11.3898 0 4.48527)
(11.6067 0 4.74364)
(11.8473 0 4.99601)
(12.1122 0 5.23866)
(12.4009 0 5.46752)
(12.7124 0 5.67825)
(13.0448 0 5.86652)
(13.3919 0 6.0281)
(13.7902 0 6.16048)
(10.0015 0 0.157223)
(10.0065 0 0.312267)
(10.0154 0 0.466814)
(10.028 0 0.622389)
(10.0444 0 0.780201)
(10.0649 0 0.941273)
(10.09 0 1.10649)
(10.1202 0 1.27663)
(10.156 0 1.45233)
(10.1981 0 1.6341)
(10.2474 0 1.82232)
(10.3046 0 2.01724)
(10.3708 0 2.21896)
(10.447 0 2.42741)
(10.5343 0 2.64237)
(10.6337 0 2.8634)
(10.7467 0 3.08984)
(10.8744 0 3.32077)
(11.0181 0 3.55501)
(11.179 0 3.79105)
(11.3581 0 4.02706)
(11.5564 0 4.26084)
(11.7745 0 4.48986)
(12.0127 0 4.71129)
(12.2707 0 4.92202)
(12.5478 0 5.11876)
(12.8425 0 5.29821)
(13.1528 0 5.45722)
(13.4733 0 5.59288)
(13.8364 0 5.70368)
(10.0019 0 0.154377)
(10.0084 0 0.306568)
(10.0199 0 0.458134)
(10.0361 0 0.610491)
(10.0571 0 0.764752)
(10.0829 0 0.921847)
(10.1141 0 1.08257)
(10.1511 0 1.24758)
(10.1945 0 1.41742)
(10.2448 0 1.59248)
(10.3029 0 1.77302)
(10.3693 0 1.95917)
(10.445 0 2.15089)
(10.5309 0 2.34798)
(10.6278 0 2.55009)
(10.7369 0 2.75665)
(10.8589 0 2.96689)
(10.995 0 3.17981)
(11.1459 0 3.39417)
(11.3125 0 3.60848)
(11.4955 0 3.82098)
(11.6952 0 4.02967)
(11.9119 0 4.23231)
(12.1454 0 4.4265)
(12.3951 0 4.60968)
(12.6598 0 4.7793)
(12.938 0 4.93287)
(13.2277 0 5.06812)
(13.5244 0 5.18308)
(13.8572 0 5.27689)
(10.0024 0 0.150726)
(10.0102 0 0.299269)
(10.0241 0 0.447067)
(10.0437 0 0.59542)
(10.0689 0 0.745346)
(10.0997 0 0.897678)
(10.1365 0 1.05311)
(10.1799 0 1.21222)
(10.2301 0 1.37542)
(10.2878 0 1.54302)
(10.3536 0 1.71517)
(10.4281 0 1.89188)
(10.512 0 2.07302)
(10.6061 0 2.25828)
(10.7112 0 2.44721)
(10.8279 0 2.63916)
(10.957 0 2.83331)
(11.0992 0 3.02863)
(11.2551 0 3.2239)
(11.4251 0 3.41769)
(11.6096 0 3.60839)
(11.8086 0 3.79424)
(12.022 0 3.9733)
(12.2493 0 4.14357)
(12.4896 0 4.30302)
(12.7418 0 4.44967)
(13.0042 0 4.58168)
(13.2751 0 4.69745)
(13.5506 0 4.79565)
(13.8571 0 4.87586)
(10.0027 0 0.146281)
(10.0119 0 0.290397)
(10.0281 0 0.433656)
(10.0508 0 0.577244)
(10.0798 0 0.722079)
(10.1152 0 0.868902)
(10.1572 0 1.01832)
(10.2062 0 1.17079)
(10.2626 0 1.32668)
(10.3268 0 1.48616)
(10.3994 0 1.64932)
(10.4808 0 1.81607)
(10.5718 0 1.98619)
(10.6727 0 2.15932)
(10.7843 0 2.33492)
(10.907 0 2.51233)
(11.0413 0 2.6907)
(11.1878 0 2.86902)
(11.3467 0 3.04613)
(11.5182 0 3.22073)
(11.7024 0 3.39137)
(11.899 0 3.55651)
(12.1077 0 3.71455)
(12.3279 0 3.86385)
(12.5584 0 4.00281)
(12.7983 0 4.12993)
(13.0459 0 4.24386)
(13.2995 0 4.34348)
(13.5561 0 4.42794)
(13.8397 0 4.49706)
(10.0031 0 0.141061)
(10.0134 0 0.279989)
(10.0317 0 0.417963)
(10.0573 0 0.556052)
(10.0898 0 0.695078)
(10.1293 0 0.83569)
(10.1759 0 0.978405)
(10.23 0 1.12361)
(10.2918 0 1.27156)
(10.3618 0 1.42237)
(10.4402 0 1.57605)
(10.5275 0 1.73243)
(10.6242 0 1.89125)
(10.7307 0 2.05209)
(10.8474 0 2.2144)
(10.9746 0 2.37749)
(11.1126 0 2.54053)
(11.2617 0 2.70257)
(11.422 0 2.86255)
(11.5935 0 3.0193)
(11.7759 0 3.17155)
(11.969 0 3.318)
(12.1721 0 3.45733)
(12.3845 0 3.58822)
(12.6053 0 3.70944)
(12.8332 0 3.81985)
(13.067 0 3.91849)
(13.305 0 4.0046)
(13.5447 0 4.07762)
(13.8083 0 4.13756)
(10.0034 0 0.13509)
(10.0148 0 0.268094)
(10.035 0 0.400063)
(10.0631 0 0.531954)
(10.0988 0 0.664492)
(10.142 0 0.798242)
(10.1927 0 0.933638)
(10.2512 0 1.07099)
(10.3178 0 1.21047)
(10.3927 0 1.35216)
(10.476 0 1.49596)
(10.5683 0 1.6417)
(10.6697 0 1.78905)
(10.7805 0 1.93758)
(10.901 0 2.08673)
(11.0313 0 2.23584)
(11.1717 0 2.38411)
(11.3221 0 2.53068)
(11.4824 0 2.67459)
(11.6526 0 2.81481)
(11.8323 0 2.95026)
(12.0209 0 3.07985)
(12.2179 0 3.20252)
(12.4224 0 3.31722)
(12.6336 0 3.423)
(12.8502 0 3.51904)
(13.0711 0 3.60464)
(13.295 0 3.6793)
(13.5196 0 3.74268)
(13.7655 0 3.79488)
(10.0037 0 0.128396)
(10.0161 0 0.254768)
(10.0379 0 0.380046)
(10.0684 0 0.505076)
(10.1069 0 0.630493)
(10.1533 0 0.756779)
(10.2076 0 0.884294)
(10.27 0 1.01328)
(10.3406 0 1.14385)
(10.4196 0 1.27602)
(10.5071 0 1.40967)
(10.6033 0 1.54457)
(10.7083 0 1.68039)
(10.8224 0 1.81669)
(10.9456 0 1.95293)
(11.078 0 2.08847)
(11.2195 0 2.22261)
(11.3701 0 2.35454)
(11.5295 0 2.48342)
(11.6975 0 2.60837)
(11.8736 0 2.72849)
(12.0573 0 2.84289)
(12.2479 0 2.95069)
(12.4445 0 3.0511)
(12.6464 0 3.1434)
(12.8524 0 3.22697)
(13.0614 0 3.30135)
(13.2724 0 3.3662)
(13.4836 0 3.42135)
(13.7139 0 3.46694)
(10.004 0 0.121009)
(10.0172 0 0.240074)
(10.0405 0 0.358009)
(10.0731 0 0.475555)
(10.114 0 0.593261)
(10.1632 0 0.711535)
(10.2207 0 0.830667)
(10.2864 0 0.950839)
(10.3604 0 1.07212)
(10.4428 0 1.19447)
(10.5336 0 1.31775)
(10.6329 0 1.44172)
(10.7407 0 1.56603)
(10.8571 0 1.69026)
(10.982 0 1.8139)
(11.1155 0 1.93636)
(11.2572 0 2.057)
(11.4071 0 2.17512)
(11.5649 0 2.29)
(11.73 0 2.40087)
(11.9021 0 2.507)
(12.0805 0 2.60766)
(12.2646 0 2.70217)
(12.4535 0 2.78991)
(12.6465 0 2.87035)
(12.8426 0 2.94304)
(13.0408 0 3.00767)
(13.2402 0 3.06403)
(13.4392 0 3.11205)
(13.6557 0 3.15191)
(10.0042 0 0.112962)
(10.0182 0 0.22408)
(10.0428 0 0.334056)
(10.0771 0 0.443535)
(10.1202 0 0.552986)
(10.1719 0 0.662748)
(10.2319 0 0.77305)
(10.3004 0 0.884023)
(10.3772 0 0.995696)
(10.4624 0 1.108)
(10.5558 0 1.22077)
(10.6574 0 1.33377)
(10.7673 0 1.44666)
(10.8852 0 1.55904)
(11.0111 0 1.67043)
(11.1448 0 1.78031)
(11.2861 0 1.88812)
(11.4346 0 1.99324)
(11.5901 0 2.09505)
(11.7519 0 2.19293)
(11.9197 0 2.28628)
(12.0928 0 2.3745)
(12.2705 0 2.45707)
(12.452 0 2.53352)
(12.6367 0 2.60346)
(12.8236 0 2.66657)
(13.0119 0 2.72265)
(13.2009 0 2.77159)
(13.389 0 2.81337)
(13.5932 0 2.84817)
(10.0044 0 0.104289)
(10.019 0 0.206851)
(10.0448 0 0.308291)
(10.0807 0 0.409162)
(10.1256 0 0.509859)
(10.1793 0 0.610657)
(10.2416 0 0.711735)
(10.3123 0 0.813177)
(10.3914 0 0.914983)
(10.4787 0 1.01706)
(10.5741 0 1.11925)
(10.6775 0 1.22129)
(10.7886 0 1.32289)
(10.9074 0 1.42366)
(11.0336 0 1.52318)
(11.167 0 1.621)
(11.3073 0 1.7166)
(11.454 0 1.80948)
(11.6068 0 1.89911)
(11.7651 0 1.98498)
(11.9285 0 2.06661)
(12.0962 0 2.14352)
(12.2677 0 2.21532)
(12.4423 0 2.28165)
(12.6193 0 2.34222)
(12.7978 0 2.39683)
(12.9772 0 2.44534)
(13.1567 0 2.48771)
(13.3352 0 2.52395)
(13.5285 0 2.55426)
(10.0046 0 0.0950219)
(10.0198 0 0.188454)
(10.0466 0 0.280816)
(10.0837 0 0.372576)
(10.1302 0 0.464063)
(10.1856 0 0.555493)
(10.2497 0 0.646996)
(10.3223 0 0.738624)
(10.4032 0 0.830352)
(10.4921 0 0.922078)
(10.5889 0 1.01363)
(10.6935 0 1.10478)
(10.8054 0 1.19525)
(10.9245 0 1.28468)
(11.0506 0 1.37272)
(11.1832 0 1.45895)
(11.322 0 1.54295)
(11.4666 0 1.62429)
(11.6165 0 1.70254)
(11.7712 0 1.77729)
(11.9302 0 1.84813)
(12.0929 0 1.91471)
(12.2585 0 1.97673)
(12.4266 0 2.03392)
(12.5965 0 2.08608)
(12.7674 0 2.13306)
(12.9387 0 2.1748)
(13.1098 0 2.21129)
(13.2797 0 2.24257)
(13.4633 0 2.26883)
(10.0047 0 0.0851878)
(10.0204 0 0.168946)
(10.0481 0 0.251722)
(10.0863 0 0.33391)
(10.1341 0 0.415772)
(10.1909 0 0.497468)
(10.2565 0 0.579089)
(10.3305 0 0.660656)
(10.4128 0 0.742128)
(10.5029 0 0.8234)
(10.6008 0 0.904307)
(10.706 0 0.984637)
(10.8183 0 1.06413)
(10.9373 0 1.14249)
(11.0628 0 1.2194)
(11.1943 0 1.29451)
(11.3315 0 1.36746)
(11.4738 0 1.43789)
(11.6208 0 1.50546)
(11.7719 0 1.56984)
(11.9267 0 1.63071)
(12.0845 0 1.68779)
(12.2448 0 1.74087)
(12.4069 0 1.78974)
(12.5703 0 1.83426)
(12.7344 0 1.87435)
(12.8985 0 1.90997)
(13.0621 0 1.94114)
(13.2245 0 1.96791)
(13.3997 0 1.99046)
(10.0049 0 0.0748075)
(10.021 0 0.148373)
(10.0494 0 0.221089)
(10.0886 0 0.293282)
(10.1374 0 0.365143)
(10.1954 0 0.436782)
(10.2621 0 0.508252)
(10.3373 0 0.579556)
(10.4205 0 0.650639)
(10.5116 0 0.721395)
(10.6101 0 0.791672)
(10.7156 0 0.861277)
(10.8279 0 0.929982)
(10.9466 0 0.997534)
(11.0713 0 1.06366)
(11.2015 0 1.12806)
(11.3369 0 1.19046)
(11.4768 0 1.25055)
(11.621 0 1.30806)
(11.7687 0 1.36273)
(11.9196 0 1.41431)
(12.0729 0 1.46261)
(12.2283 0 1.50744)
(12.3851 0 1.54866)
(12.5427 0 1.5862)
(12.7007 0 1.61999)
(12.8585 0 1.65001)
(13.0156 0 1.67632)
(13.1713 0 1.69896)
(13.3392 0 1.71808)
(10.005 0 0.0638878)
(10.0216 0 0.126758)
(10.0506 0 0.188976)
(10.0906 0 0.250786)
(10.1404 0 0.312297)
(10.1992 0 0.373565)
(10.2669 0 0.434615)
(10.3429 0 0.495436)
(10.4269 0 0.555969)
(10.5185 0 0.616116)
(10.6173 0 0.675738)
(10.723 0 0.734669)
(10.8351 0 0.792716)
(10.9532 0 0.849663)
(11.0769 0 0.905282)
(11.2058 0 0.959339)
(11.3393 0 1.01159)
(11.4771 0 1.06182)
(11.6185 0 1.10979)
(11.7631 0 1.1553)
(11.9103 0 1.19817)
(12.0597 0 1.23825)
(12.2107 0 1.27541)
(12.3627 0 1.30955)
(12.5153 0 1.34061)
(12.668 0 1.36857)
(12.8203 0 1.39342)
(12.9718 0 1.41521)
(13.1219 0 1.43399)
(13.2834 0 1.4499)
(10.0051 0 0.0524083)
(10.0221 0 0.10409)
(10.0518 0 0.155424)
(10.0925 0 0.20655)
(10.143 0 0.257466)
(10.2026 0 0.308168)
(10.2709 0 0.358655)
(10.3475 0 0.408898)
(10.432 0 0.458835)
(10.524 0 0.508373)
(10.623 0 0.557391)
(10.7286 0 0.60575)
(10.8403 0 0.653289)
(10.9578 0 0.699836)
(11.0805 0 0.745208)
(11.208 0 0.789219)
(11.3399 0 0.831684)
(11.4755 0 0.872425)
(11.6145 0 0.911271)
(11.7563 0 0.948071)
(11.9004 0 0.98269)
(12.0462 0 1.01501)
(12.1934 0 1.04495)
(12.3414 0 1.07245)
(12.4897 0 1.09745)
(12.6379 0 1.11996)
(12.7855 0 1.13998)
(12.9322 0 1.15755)
(13.0775 0 1.17272)
(13.2337 0 1.18561)
(10.0053 0 0.040286)
(10.0228 0 0.0802611)
(10.0533 0 0.120277)
(10.0947 0 0.16027)
(10.1459 0 0.200134)
(10.206 0 0.239848)
(10.2748 0 0.279409)
(10.3519 0 0.318782)
(10.4367 0 0.357902)
(10.5289 0 0.396684)
(10.6278 0 0.435026)
(10.7332 0 0.472812)
(10.8445 0 0.509914)
(10.9613 0 0.546194)
(11.0831 0 0.581509)
(11.2093 0 0.615717)
(11.3397 0 0.648675)
(11.4735 0 0.68025)
(11.6103 0 0.710316)
(11.7497 0 0.738761)
(11.8911 0 0.765488)
(12.034 0 0.790415)
(12.178 0 0.813483)
(12.3226 0 0.834649)
(12.4674 0 0.853889)
(12.6119 0 0.8712)
(12.7557 0 0.886597)
(12.8986 0 0.90011)
(13.04 0 0.911785)
(13.192 0 0.921711)
(10.0056 0 0.0273385)
(10.0239 0 0.0556149)
(10.0551 0 0.0846219)
(10.0971 0 0.113694)
(10.1487 0 0.142603)
(10.2093 0 0.171369)
(10.2785 0 0.200005)
(10.3559 0 0.228476)
(10.4409 0 0.256728)
(10.5331 0 0.284697)
(10.6321 0 0.312314)
(10.7372 0 0.339496)
(10.8481 0 0.366156)
(10.9643 0 0.392196)
(11.0852 0 0.417517)
(11.2104 0 0.442022)
(11.3395 0 0.465611)
(11.4718 0 0.488192)
(11.6069 0 0.509681)
(11.7443 0 0.530001)
(11.8835 0 0.549086)
(12.0241 0 0.566883)
(12.1656 0 0.583353)
(12.3075 0 0.598468)
(12.4495 0 0.612216)
(12.5911 0 0.624598)
(12.7319 0 0.635624)
(12.8717 0 0.645321)
(13.01 0 0.653722)
(13.1585 0 0.660897)
(10.0068 0 0.0112534)
(10.0271 0 0.0265954)
(10.0594 0 0.0438292)
(10.1017 0 0.0613487)
(10.1535 0 0.0788351)
(10.2143 0 0.0963306)
(10.2836 0 0.11383)
(10.361 0 0.131274)
(10.4461 0 0.148601)
(10.5381 0 0.165758)
(10.6368 0 0.182691)
(10.7416 0 0.199344)
(10.8521 0 0.215657)
(10.9677 0 0.231569)
(11.0879 0 0.247017)
(11.2123 0 0.261941)
(11.3403 0 0.276281)
(11.4714 0 0.289982)
(11.6052 0 0.302996)
(11.7412 0 0.315277)
(11.8789 0 0.326791)
(12.0178 0 0.337507)
(12.1574 0 0.347404)
(12.2975 0 0.356472)
(12.4374 0 0.364704)
(12.577 0 0.372106)
(12.7158 0 0.37869)
(12.8534 0 0.384474)
(12.9897 0 0.389486)
(13.136 0 0.393786)
(9.99589 0 0.000925343)
(10.007 0 0.00495947)
(10.0277 0 0.01027)
(10.0577 0 0.0158144)
(10.0974 0 0.021431)
(10.1468 0 0.0271467)
(10.2052 0 0.032952)
(10.2721 0 0.0388122)
(10.3471 0 0.0446952)
(10.4297 0 0.0505747)
(10.5194 0 0.0564263)
(10.6156 0 0.0622253)
(10.718 0 0.0679456)
(10.8258 0 0.073561)
(10.9388 0 0.0790451)
(11.0562 0 0.0843721)
(11.1776 0 0.089517)
(11.3025 0 0.0944567)
(11.4304 0 0.0991697)
(11.5607 0 0.103637)
(11.6929 0 0.107843)
(11.8265 0 0.111774)
(11.9612 0 0.11542)
(12.0964 0 0.118774)
(12.2318 0 0.121833)
(12.3669 0 0.124597)
(12.5013 0 0.127067)
(12.6348 0 0.129249)
(12.7671 0 0.131146)
(12.9091 0 0.13279)
(9.45767 0 13.0818)
(6.24286 0 10.7483)
(-0.972617 0 5.44848)
(10.3697 0 11.2017)
(9.8083 0 9.88519)
(8.21786 0 8.07898)
(11.4603 0 11.1166)
(11.673 0 10.5576)
(11.4137 0 9.64723)
(12.3483 0 10.7269)
(12.6921 0 10.5585)
(12.7967 0 10.1418)
(12.9132 0 9.99362)
(13.2818 0 9.98591)
(13.5235 0 9.84727)
(13.2873 0 9.22067)
(13.6479 0 9.27783)
(13.9301 0 9.26758)
(13.5537 0 8.50616)
(13.8856 0 8.57887)
(14.1592 0 8.61457)
(13.7428 0 7.85392)
(14.0401 0 7.92093)
(14.2889 0 7.96601)
(13.8736 0 7.25771)
(14.1385 0 7.31449)
(14.3609 0 7.35665)
(13.9605 0 6.71199)
(14.1972 0 6.7595)
(14.396 0 6.79617)
(14.0132 0 6.21018)
(14.226 0 6.25019)
(14.4046 0 6.28168)
(14.0386 0 5.74566)
(14.2313 0 5.77973)
(14.3929 0 5.80694)
(14.0417 0 5.31276)
(14.2173 0 5.34211)
(14.3646 0 5.36587)
(14.0264 0 4.90681)
(14.1875 0 4.93235)
(14.3226 0 4.95328)
(13.996 0 4.52398)
(14.1445 0 4.54637)
(14.2692 0 4.56493)
(13.9532 0 4.16111)
(14.0909 0 4.18085)
(14.2064 0 4.19738)
(13.9004 0 3.81556)
(14.0286 0 3.83302)
(14.1363 0 3.8478)
(13.8401 0 3.48514)
(13.9599 0 3.50061)
(14.0606 0 3.51381)
(13.7742 0 3.16793)
(13.8867 0 3.18163)
(13.9812 0 3.19342)
(13.7049 0 2.86226)
(13.8109 0 2.87437)
(13.9 0 2.88487)
(13.6341 0 2.5666)
(13.7343 0 2.57726)
(13.8187 0 2.58656)
(13.5636 0 2.27957)
(13.6588 0 2.2889)
(13.7389 0 2.29709)
(13.4953 0 1.99973)
(13.5861 0 2.00781)
(13.6625 0 2.01494)
(13.4307 0 1.72598)
(13.5176 0 1.7329)
(13.5908 0 1.73902)
(13.3715 0 1.45649)
(13.4551 0 1.46227)
(13.5255 0 1.46741)
(13.3188 0 1.19098)
(13.3997 0 1.1957)
(13.4679 0 1.1999)
(13.2747 0 0.925831)
(13.3533 0 0.92946)
(13.4195 0 0.932705)
(13.2394 0 0.663887)
(13.3163 0 0.666519)
(13.3812 0 0.668871)
(13.2155 0 0.395511)
(13.2911 0 0.396965)
(13.3548 0 0.398242)
(12.9865 0 0.133403)
(13.0601 0 0.133886)
(13.1221 0 0.134316)
(-2.59166 0 1.57094)
(-1.83606 0 1.34622)
(-2.13777 0 0.846842)
(-1.9746 0 0.761718)
(-1.85074 0 0.797678)
(-1.88233 0 0.632011)
(-1.89883 0 0.444912)
(-1.91785 0 0.361723)
(-1.9506 0 0.310958)
(-1.97114 0 0.256102)
(-1.98355 0 0.224848)
(-2.011 0 0.209844)
(-2.04935 0 0.184934)
(-2.07993 0 0.148895)
(-2.09805 0 0.119945)
(-2.11509 0 0.110694)
(-2.14144 0 0.111139)
(-2.17463 0 0.106646)
(-2.20484 0 0.0928355)
(-2.2248 0 0.0746119)
(-2.23518 0 0.0611893)
(-2.24313 0 0.0578051)
(-2.25528 0 0.0610902)
(-2.27316 0 0.0643707)
(-2.29443 0 0.0636702)
(-2.31607 0 0.0583751)
(-2.33664 0 0.0505688)
(-2.35642 0 0.0438465)
(-2.37363 0 0.0405558)
(-2.38166 0 0.0396743)
(6.07158 0 5.45182)
(3.61937 0 3.53402)
(1.48944 0 2.08706)
(-1.05263 0 0.681974)
(-1.75182 0 0.483999)
(-2.02931 0 0.295673)
(-2.00457 0 0.297049)
(-1.91917 0 0.443498)
(-1.93175 0 0.443657)
(-1.9473 0 0.315029)
(-1.94276 0 0.218778)
(-1.97163 0 0.208125)
(-2.0249 0 0.191701)
(-2.05938 0 0.151596)
(-2.06469 0 0.123162)
(-2.06835 0 0.126948)
(-2.09474 0 0.139435)
(-2.13685 0 0.137381)
(-2.17509 0 0.116481)
(-2.1967 0 0.086425)
(-2.20272 0 0.0643173)
(-2.2058 0 0.0611276)
(-2.21736 0 0.0694125)
(-2.2386 0 0.0764619)
(-2.26454 0 0.0769554)
(-2.29011 0 0.0707497)
(-2.31264 0 0.0609533)
(-2.33238 0 0.0529011)
(-2.34899 0 0.0505524)
(-2.35692 0 0.0515158)
(10.3419 0 7.61549)
(8.60078 0 5.83102)
(6.68231 0 4.38533)
(4.77594 0 3.16839)
(3.03108 0 2.20131)
(1.59308 0 1.40122)
(-0.35387 0 0.549169)
(-1.51753 0 0.310344)
(-1.87396 0 0.176978)
(-1.99022 0 0.0303766)
(-1.91433 0 0.120006)
(-1.87502 0 0.321784)
(-1.93884 0 0.344014)
(-1.97872 0 0.257804)
(-1.96297 0 0.16003)
(-1.95101 0 0.124978)
(-1.9859 0 0.14696)
(-2.0463 0 0.150472)
(-2.09781 0 0.122774)
(-2.11978 0 0.0816109)
(-2.11407 0 0.0563353)
(-2.1052 0 0.0644743)
(-2.11472 0 0.0834007)
(-2.14108 0 0.095818)
(-2.17326 0 0.0969394)
(-2.20342 0 0.0883179)
(-2.22754 0 0.0745028)
(-2.24587 0 0.0630389)
(-2.26055 0 0.0610091)
(-2.26809 0 0.0646674)
(12.4792 0 8.78073)
(11.601 0 7.33676)
(10.37 0 6.02739)
(8.97779 0 4.85523)
(7.50654 0 3.84775)
(6.07297 0 3.02125)
(4.6413 0 2.32283)
(3.2778 0 1.73811)
(2.04923 0 1.21625)
(1.0749 0 0.722245)
(-0.756156 0 0.217987)
(-1.3878 0 0.250924)
(-1.75596 0 0.163444)
(-1.90347 0 0.0145956)
(-1.8792 0 -0.0582061)
(-1.79905 0 0.0760909)
(-1.80022 0 0.240237)
(-1.88273 0 0.266972)
(-1.95308 0 0.223275)
(-1.97151 0 0.147533)
(-1.94338 0 0.0809643)
(-1.92004 0 0.0633192)
(-1.93501 0 0.0874401)
(-1.97244 0 0.107271)
(-2.01415 0 0.108914)
(-2.05016 0 0.0970548)
(-2.07551 0 0.0785035)
(-2.09012 0 0.0632477)
(-2.10005 0 0.0638431)
(-2.10647 0 0.076181)
(13.6487 0 9.09915)
(13.3613 0 8.09498)
(12.7384 0 7.04755)
(11.8794 0 6.03571)
(10.8603 0 5.11048)
(9.75766 0 4.29886)
(8.61278 0 3.57916)
(7.44529 0 2.93818)
(6.28606 0 2.37872)
(5.18629 0 1.92711)
(4.05895 0 1.5517)
(3.02406 0 1.21697)
(2.08725 0 0.902851)
(1.25259 0 0.603319)
(0.36136 0 0.241379)
(-0.928523 0 0.121394)
(-1.27019 0 0.206602)
(-1.5527 0 0.183514)
(-1.70245 0 0.0970114)
(-1.75321 0 -0.0131025)
(-1.71688 0 -0.0684121)
(-1.66935 0 0.0158626)
(-1.66766 0 0.132494)
(-1.71894 0 0.168171)
(-1.77567 0 0.165092)
(-1.81896 0 0.144871)
(-1.844 0 0.117405)
(-1.84954 0 0.0915831)
(-1.84717 0 0.0865738)
(-1.85117 0 0.110728)
(14.2738 0 8.92028)
(14.3528 0 8.30332)
(14.1801 0 7.55662)
(13.7748 0 6.76539)
(13.18 0 5.98282)
(12.4479 0 5.24235)
(11.622 0 4.55386)
(10.7329 0 3.92536)
(9.80632 0 3.365)
(8.87089 0 2.88563)
(7.93579 0 2.46162)
(7.01241 0 2.07474)
(6.1157 0 1.72274)
(5.24139 0 1.42183)
(4.39769 0 1.18743)
(3.53369 0 0.995176)
(2.76774 0 0.808581)
(2.07247 0 0.637711)
(1.43622 0 0.475741)
(0.843549 0 0.308666)
(0.191121 0 0.103306)
(-0.712328 0 0.0582686)
(-1.01528 0 0.122993)
(-1.22947 0 0.135325)
(-1.34604 0 0.121303)
(-1.41983 0 0.0940864)
(-1.46477 0 0.0582481)
(-1.47905 0 0.0223453)
(-1.47329 0 0.0148037)
(-1.49232 0 0.0878077)
(14.5799 0 8.48877)
(14.8606 0 8.1504)
(14.9847 0 7.66551)
(14.9186 0 7.09364)
(14.6721 0 6.47997)
(14.2772 0 5.85905)
(13.7666 0 5.25346)
(13.1673 0 4.6786)
(12.5017 0 4.14481)
(11.7913 0 3.66002)
(11.0546 0 3.2187)
(10.3044 0 2.81603)
(9.54902 0 2.44976)
(8.79177 0 2.12801)
(8.04332 0 1.85606)
(7.30609 0 1.61868)
(6.59823 0 1.39945)
(5.9206 0 1.19589)
(5.26483 0 1.00935)
(4.62354 0 0.851341)
(4.00273 0 0.735859)
(3.37315 0 0.637612)
(2.80106 0 0.530978)
(2.27187 0 0.433209)
(1.77028 0 0.349528)
(1.29236 0 0.281427)
(0.847848 0 0.224192)
(0.409491 0 0.170558)
(0.0222008 0 0.101549)
(-0.651697 0 0.299324)
(14.7127 0 7.94705)
(15.0811 0 7.78376)
(15.374 0 7.49372)
(15.5331 0 7.10792)
(15.5447 0 6.65776)
(15.4223 0 6.1715)
(15.1849 0 5.67181)
(14.8505 0 5.17583)
(14.4359 0 4.69629)
(13.9582 0 4.24257)
(13.4341 0 3.81801)
(12.8762 0 3.42278)
(12.2932 0 3.05728)
(11.6918 0 2.72553)
(11.0815 0 2.43009)
(10.4721 0 2.16647)
(9.87174 0 1.92569)
(9.28044 0 1.70231)
(8.69465 0 1.49786)
(8.11356 0 1.31924)
(7.54249 0 1.16997)
(6.98308 0 1.04133)
(6.44404 0 0.923085)
(5.92218 0 0.815673)
(5.40927 0 0.720825)
(4.90302 0 0.638191)
(4.40424 0 0.567472)
(3.90346 0 0.512785)
(3.44054 0 0.484583)
(2.71585 0 0.531952)
(14.7568 0 7.38118)
(15.1446 0 7.31488)
(15.5133 0 7.15313)
(15.8012 0 6.90693)
(15.9824 0 6.59379)
(16.0572 0 6.23256)
(16.0328 0 5.84088)
(15.9177 0 5.43416)
(15.7221 0 5.02518)
(15.4576 0 4.62408)
(15.1364 0 4.23724)
(14.769 0 3.86811)
(14.364 0 3.51959)
(13.9291 0 3.19531)
(13.4729 0 2.89782)
(13.0042 0 2.62578)
(12.5292 0 2.37451)
(12.0497 0 2.14095)
(11.5656 0 1.92631)
(11.0782 0 1.73409)
(10.5917 0 1.56593)
(10.1108 0 1.41899)
(9.63857 0 1.2873)
(9.17233 0 1.16809)
(8.70782 0 1.06195)
(8.24301 0 0.969431)
(7.77672 0 0.89154)
(7.30573 0 0.831932)
(6.84258 0 0.801804)
(6.23004 0 0.815829)
(14.7555 0 6.83427)
(15.1287 0 6.8157)
(15.5155 0 6.72988)
(15.8613 0 6.57775)
(16.138 0 6.36705)
(16.3388 0 6.10827)
(16.4634 0 5.81295)
(16.5131 0 5.49263)
(16.4914 0 5.15803)
(16.4044 0 4.81837)
(16.2596 0 4.48076)
(16.0645 0 4.15036)
(15.8261 0 3.83147)
(15.5512 0 3.52796)
(15.2469 0 3.24265)
(14.9202 0 2.97598)
(14.5766 0 2.72645)
(14.2189 0 2.49312)
(13.849 0 2.27707)
(13.4692 0 2.08049)
(13.083 0 1.90461)
(12.6944 0 1.74796)
(12.3056 0 1.60705)
(11.9155 0 1.47995)
(11.5223 0 1.36703)
(11.1246 0 1.26918)
(10.7217 0 1.18767)
(10.313 0 1.12535)
(9.90667 0 1.08832)
(9.39193 0 1.0754)
(14.7291 0 6.3214)
(15.0748 0 6.32403)
(15.4496 0 6.27967)
(15.8088 0 6.1858)
(16.1271 0 6.04509)
(16.3964 0 5.86255)
(16.6127 0 5.64465)
(16.773 0 5.3989)
(16.8763 0 5.13304)
(16.9242 0 4.85447)
(16.92 0 4.56964)
(16.8679 0 4.28394)
(16.7726 0 4.00198)
(16.6391 0 3.72776)
(16.4725 0 3.46436)
(16.2783 0 3.21344)
(16.0608 0 2.97549)
(15.8233 0 2.75093)
(15.5682 0 2.54099)
(15.2981 0 2.34737)
(15.0161 0 2.17118)
(14.7255 0 2.01193)
(14.4281 0 1.86805)
(14.1243 0 1.73856)
(13.8136 0 1.62376)
(13.4954 0 1.52447)
(13.1698 0 1.44182)
(12.8375 0 1.3775)
(12.5056 0 1.33311)
(12.0842 0 1.30209)
(14.6865 0 5.84438)
(15.0027 0 5.85567)
(15.3532 0 5.83305)
(15.7022 0 5.77356)
(16.0287 0 5.67785)
(16.3258 0 5.5481)
(16.5892 0 5.38761)
(16.8143 0 5.20075)
(16.9977 0 4.99261)
(17.1382 0 4.76853)
(17.236 0 4.53362)
(17.2926 0 4.29261)
(17.3104 0 4.04972)
(17.2922 0 3.80876)
(17.2415 0 3.57285)
(17.1618 0 3.34428)
(17.0564 0 3.12458)
(16.9283 0 2.915)
(16.7797 0 2.71701)
(16.613 0 2.53221)
(16.4309 0 2.3618)
(16.2361 0 2.20609)
(16.0304 0 2.06469)
(15.8147 0 1.93734)
(15.5893 0 1.82441)
(15.3544 0 1.72665)
(15.1107 0 1.6449)
(14.8594 0 1.57987)
(14.6057 0 1.53093)
(14.2779 0 1.49114)
(14.6319 0 5.40016)
(14.9206 0 5.41475)
(15.2443 0 5.40368)
(15.5731 0 5.36444)
(15.8903 0 5.29705)
(16.1907 0 5.2025)
(16.471 0 5.08244)
(16.7269 0 4.93934)
(16.9546 0 4.77637)
(17.1513 0 4.59715)
(17.3156 0 4.40542)
(17.4473 0 4.2049)
(17.5468 0 3.99914)
(17.6154 0 3.79145)
(17.6547 0 3.58473)
(17.6669 0 3.38144)
(17.6541 0 3.18352)
(17.6184 0 2.99265)
(17.5617 0 2.8105)
(17.486 0 2.63868)
(17.3934 0 2.47855)
(17.286 0 2.3309)
(17.1655 0 2.19607)
(17.033 0 2.07435)
(16.8893 0 1.96625)
(16.7351 0 1.8725)
(16.5711 0 1.79373)
(16.3987 0 1.73011)
(16.2214 0 1.68038)
(15.9855 0 1.63872)
(14.5674 0 4.98451)
(14.8322 0 5.0002)
(15.1303 0 4.9957)
(15.4366 0 4.96893)
(15.737 0 4.91979)
(16.0282 0 4.84878)
(16.3079 0 4.75678)
(16.5729 0 4.64526)
(16.8196 0 4.51622)
(17.0451 0 4.37207)
(17.2475 0 4.21549)
(17.4255 0 4.04926)
(17.5786 0 3.8762)
(17.7068 0 3.69901)
(17.8105 0 3.52027)
(17.8908 0 3.34224)
(17.9488 0 3.16696)
(17.9858 0 2.99623)
(18.003 0 2.83178)
(18.0021 0 2.67525)
(17.9844 0 2.52807)
(17.9516 0 2.39132)
(17.9052 0 2.2658)
(17.8463 0 2.15213)
(17.7757 0 2.05103)
(17.6944 0 1.96322)
(17.6032 0 1.88926)
(17.5031 0 1.82917)
(17.3965 0 1.7819)
(17.247 0 1.74303)
(14.4948 0 4.59338)
(14.7387 0 4.60927)
(15.014 0 4.60882)
(15.2987 0 4.59032)
(15.5806 0 4.55359)
(15.8574 0 4.49892)
(16.1279 0 4.42683)
(16.3899 0 4.33823)
(16.6403 0 4.23445)
(16.8766 0 4.11718)
(17.097 0 3.98834)
(17.2998 0 3.85002)
(17.4841 0 3.70439)
(17.6493 0 3.55365)
(17.7951 0 3.39994)
(17.9218 0 3.24529)
(18.0299 0 3.0916)
(18.1198 0 2.94062)
(18.1925 0 2.79405)
(18.2488 0 2.65346)
(18.2899 0 2.52031)
(18.3168 0 2.39584)
(18.3308 0 2.28105)
(18.3328 0 2.17683)
(18.3238 0 2.08402)
(18.3045 0 2.00339)
(18.2758 0 1.93553)
(18.2385 0 1.88059)
(18.1938 0 1.838)
(18.1221 0 1.8048)
(14.4154 0 4.22331)
(14.6413 0 4.23896)
(14.8966 0 4.24119)
(15.1615 0 4.22854)
(15.4255 0 4.20078)
(15.6868 0 4.15806)
(15.9449 0 4.10068)
(16.1981 0 4.02924)
(16.4442 0 3.94467)
(16.681 0 3.84817)
(16.9068 0 3.74118)
(17.1202 0 3.6253)
(17.3201 0 3.50223)
(17.5056 0 3.37375)
(17.6764 0 3.24164)
(17.8321 0 3.10765)
(17.9727 0 2.97349)
(18.0985 0 2.84078)
(18.2098 0 2.7111)
(18.3072 0 2.58595)
(18.3914 0 2.46674)
(18.4632 0 2.35474)
(18.5234 0 2.25108)
(18.5729 0 2.15677)
(18.6125 0 2.07275)
(18.643 0 1.99985)
(18.6651 0 1.93877)
(18.6793 0 1.88989)
(18.6863 0 1.85319)
(18.6813 0 1.82701)
(14.3308 0 3.87142)
(14.541 0 3.88658)
(14.7786 0 3.89062)
(15.026 0 3.88227)
(15.2736 0 3.86129)
(15.5199 0 3.82771)
(15.7649 0 3.78169)
(16.0074 0 3.7236)
(16.2455 0 3.65411)
(16.4775 0 3.57409)
(16.7019 0 3.48464)
(16.9175 0 3.38701)
(17.1233 0 3.28255)
(17.3185 0 3.17273)
(17.5023 0 3.05902)
(17.6745 0 2.94295)
(17.8347 0 2.82601)
(17.9831 0 2.70967)
(18.1196 0 2.59537)
(18.2447 0 2.48452)
(18.3587 0 2.37846)
(18.4622 0 2.27843)
(18.5559 0 2.18558)
(18.6404 0 2.101)
(18.7165 0 2.02566)
(18.7847 0 1.9605)
(18.8459 0 1.90631)
(18.9004 0 1.86373)
(18.9485 0 1.83322)
(18.9981 0 1.81424)
(14.2425 0 3.53531)
(14.4389 0 3.5498)
(14.6611 0 3.55504)
(14.8929 0 3.54991)
(15.1256 0 3.53417)
(15.3581 0 3.50778)
(15.5905 0 3.47079)
(15.8219 0 3.42343)
(16.0508 0 3.36613)
(16.2758 0 3.29956)
(16.4955 0 3.22455)
(16.709 0 3.14208)
(16.9153 0 3.05324)
(17.1136 0 2.95924)
(17.3033 0 2.86132)
(17.4839 0 2.7608)
(17.6552 0 2.65897)
(17.8169 0 2.55717)
(17.9691 0 2.4567)
(18.1119 0 2.35885)
(18.2456 0 2.26487)
(18.3706 0 2.17597)
(18.4875 0 2.09327)
(18.5967 0 2.01787)
(18.6988 0 1.95079)
(18.7946 0 1.893)
(18.8846 0 1.84542)
(18.9694 0 1.80888)
(19.0489 0 1.78424)
(19.1412 0 1.77179)
(14.152 0 3.21292)
(14.3362 0 3.22662)
(14.5448 0 3.23259)
(14.7628 0 3.22987)
(14.9822 0 3.21822)
(15.2021 0 3.19757)
(15.4228 0 3.16788)
(15.6436 0 3.12927)
(15.8632 0 3.08205)
(16.0804 0 3.02668)
(16.2942 0 2.9638)
(16.5035 0 2.89418)
(16.7075 0 2.81869)
(16.9056 0 2.73833)
(17.0971 0 2.65414)
(17.2814 0 2.56725)
(17.4583 0 2.47881)
(17.6276 0 2.38998)
(17.7892 0 2.30195)
(17.9432 0 2.2159)
(18.0896 0 2.13297)
(18.2289 0 2.05432)
(18.3615 0 1.98103)
(18.4877 0 1.91418)
(18.6083 0 1.85479)
(18.7236 0 1.80387)
(18.8345 0 1.76241)
(18.9414 0 1.7314)
(19.0443 0 1.71193)
(19.1693 0 1.70487)
(14.0609 0 2.90248)
(14.2344 0 2.91527)
(14.431 0 2.92162)
(14.6368 0 2.92068)
(14.8443 0 2.91222)
(15.0528 0 2.89616)
(15.2628 0 2.87242)
(15.4736 0 2.84104)
(15.6843 0 2.80222)
(15.8938 0 2.75629)
(16.1011 0 2.70373)
(16.3054 0 2.64513)
(16.5059 0 2.5812)
(16.702 0 2.51275)
(16.893 0 2.44065)
(17.0785 0 2.36587)
(17.2581 0 2.28939)
(17.4316 0 2.21225)
(17.5988 0 2.1355)
(17.7597 0 2.06021)
(17.9146 0 1.98745)
(18.0635 0 1.91826)
(18.2068 0 1.8537)
(18.3449 0 1.79479)
(18.4784 0 1.74254)
(18.6078 0 1.69797)
(18.7338 0 1.66211)
(18.857 0 1.63603)
(18.9774 0 1.62093)
(19.1271 0 1.61801)
(13.9709 0 2.60236)
(14.135 0 2.61417)
(14.3209 0 2.6206)
(14.5158 0 2.62093)
(14.7127 0 2.61495)
(14.9111 0 2.60257)
(15.1112 0 2.58368)
(15.313 0 2.5583)
(15.5153 0 2.52652)
(15.7173 0 2.48859)
(15.9182 0 2.44486)
(16.1172 0 2.39578)
(16.3137 0 2.34193)
(16.5069 0 2.28394)
(16.6964 0 2.22257)
(16.8815 0 2.1586)
(17.0621 0 2.0929)
(17.2378 0 2.02636)
(17.4084 0 1.95992)
(17.5739 0 1.89452)
(17.7344 0 1.83114)
(17.89 0 1.77075)
(18.041 0 1.71432)
(18.1878 0 1.66282)
(18.3308 0 1.61723)
(18.4707 0 1.57855)
(18.608 0 1.54779)
(18.7434 0 1.52605)
(18.8773 0 1.51456)
(19.0459 0 1.51464)
(13.8835 0 2.31113)
(14.0393 0 2.32189)
(14.2158 0 2.32818)
(14.4011 0 2.32937)
(14.5887 0 2.32529)
(14.7779 0 2.31585)
(14.9693 0 2.30093)
(15.1627 0 2.28051)
(15.3574 0 2.25465)
(15.5524 0 2.22352)
(15.7471 0 2.18736)
(15.9409 0 2.14654)
(16.1331 0 2.10149)
(16.3231 0 2.05275)
(16.5104 0 2.00091)
(16.6945 0 1.94665)
(16.875 0 1.89068)
(17.0517 0 1.8338)
(17.2244 0 1.7768)
(17.393 0 1.72053)
(17.5574 0 1.66586)
(17.7179 0 1.61366)
(17.8747 0 1.56484)
(18.028 0 1.52029)
(18.1783 0 1.48093)
(18.3263 0 1.44771)
(18.4725 0 1.42161)
(18.6177 0 1.4037)
(18.7622 0 1.39516)
(18.9458 0 1.3973)
(13.8003 0 2.02729)
(13.9489 0 2.03693)
(14.1172 0 2.04289)
(14.2941 0 2.04462)
(14.4733 0 2.04197)
(14.6545 0 2.03486)
(14.838 0 2.02318)
(15.024 0 2.00689)
(15.2116 0 1.98601)
(15.4003 0 1.96065)
(15.5892 0 1.93101)
(15.778 0 1.89735)
(15.966 0 1.86002)
(16.1526 0 1.81943)
(16.3374 0 1.77609)
(16.52 0 1.73054)
(16.6999 0 1.68339)
(16.8769 0 1.63529)
(17.0507 0 1.58696)
(17.2213 0 1.53911)
(17.3887 0 1.49252)
(17.5528 0 1.44797)
(17.714 0 1.40626)
(17.8725 0 1.36821)
(18.0287 0 1.33467)
(18.1832 0 1.30652)
(18.3366 0 1.28467)
(18.4898 0 1.27013)
(18.6431 0 1.26397)
(18.8389 0 1.26746)
(13.7229 0 1.7497)
(13.8651 0 1.7582)
(14.0263 0 1.76366)
(14.1958 0 1.76567)
(14.3679 0 1.76407)
(14.5419 0 1.7588)
(14.7186 0 1.74976)
(14.898 0 1.73691)
(15.0793 0 1.72023)
(15.2622 0 1.69982)
(15.4459 0 1.6758)
(15.63 0 1.64838)
(15.8139 0 1.61783)
(15.9973 0 1.58447)
(16.1795 0 1.54871)
(16.3603 0 1.511)
(16.5392 0 1.47183)
(16.716 0 1.43177)
(16.8904 0 1.39139)
(17.0623 0 1.35133)
(17.2318 0 1.31225)
(17.3987 0 1.27482)
(17.5634 0 1.23976)
(17.726 0 1.20781)
(17.887 0 1.17971)
(18.0469 0 1.15626)
(18.2063 0 1.13829)
(18.3661 0 1.12671)
(18.5268 0 1.12247)
(18.7327 0 1.12673)
(13.6526 0 1.47646)
(13.7895 0 1.48375)
(13.9445 0 1.4886)
(14.1078 0 1.49065)
(14.2736 0 1.48979)
(14.4416 0 1.48596)
(14.6123 0 1.47907)
(14.7859 0 1.46907)
(14.9618 0 1.45596)
(15.1394 0 1.43977)
(15.3184 0 1.42062)
(15.4983 0 1.39865)
(15.6786 0 1.37407)
(15.8588 0 1.34714)
(16.0385 0 1.31816)
(16.2175 0 1.28751)
(16.3952 0 1.25558)
(16.5715 0 1.22284)
(16.7461 0 1.18977)
(16.9188 0 1.15689)
(17.0897 0 1.12476)
(17.2588 0 1.09396)
(17.4261 0 1.0651)
(17.592 0 1.03882)
(17.7569 0 1.01577)
(17.9212 0 0.996646)
(18.0856 0 0.982188)
(18.251 0 0.973175)
(18.4178 0 0.970447)
(18.632 0 0.975052)
(13.5908 0 1.20733)
(13.7231 0 1.2134)
(13.8731 0 1.21754)
(14.0311 0 1.21948)
(14.1917 0 1.21912)
(14.3545 0 1.21642)
(14.5202 0 1.2113)
(14.6889 0 1.20372)
(14.8601 0 1.19366)
(15.0333 0 1.18116)
(15.2083 0 1.16628)
(15.3844 0 1.14914)
(15.5614 0 1.12989)
(15.7388 0 1.10872)
(15.9162 0 1.08589)
(16.0934 0 1.06167)
(16.2699 0 1.03638)
(16.4455 0 1.01039)
(16.6199 0 0.984083)
(16.7931 0 0.957889)
(16.965 0 0.932262)
(17.1356 0 0.907678)
(17.305 0 0.884643)
(17.4735 0 0.863686)
(17.6415 0 0.845362)
(17.8094 0 0.830257)
(17.9779 0 0.818992)
(18.1478 0 0.812229)
(18.3198 0 0.810668)
(18.5409 0 0.815214)
(13.5391 0 0.938486)
(13.6677 0 0.943255)
(13.8135 0 0.946572)
(13.9672 0 0.948218)
(14.1236 0 0.948131)
(14.2822 0 0.946268)
(14.4438 0 0.942574)
(14.6084 0 0.937008)
(14.7757 0 0.929557)
(14.9453 0 0.920241)
(15.1168 0 0.909106)
(15.2898 0 0.896232)
(15.464 0 0.881731)
(15.639 0 0.86575)
(15.8144 0 0.848467)
(15.9899 0 0.830096)
(16.1652 0 0.810881)
(16.3401 0 0.791095)
(16.5143 0 0.771042)
(16.6877 0 0.75105)
(16.8602 0 0.731472)
(17.0318 0 0.712684)
(17.2028 0 0.695083)
(17.3732 0 0.679091)
(17.5436 0 0.665152)
(17.7142 0 0.653736)
(17.886 0 0.645346)
(18.0595 0 0.64052)
(18.2355 0 0.639832)
(18.4619 0 0.644062)
(13.4983 0 0.673059)
(13.6241 0 0.676573)
(13.7667 0 0.679074)
(13.9171 0 0.680394)
(14.0702 0 0.680494)
(14.2255 0 0.67935)
(14.3839 0 0.676921)
(14.5454 0 0.673174)
(14.7097 0 0.668099)
(14.8765 0 0.661705)
(15.0453 0 0.654024)
(15.2158 0 0.645109)
(15.3878 0 0.635035)
(15.5608 0 0.623902)
(15.7345 0 0.611835)
(15.9087 0 0.598981)
(16.083 0 0.585511)
(16.2571 0 0.571619)
(16.431 0 0.557519)
(16.6044 0 0.543446)
(16.7772 0 0.529653)
(16.9496 0 0.51641)
(17.1216 0 0.504007)
(17.2935 0 0.492749)
(17.4655 0 0.482965)
(17.6383 0 0.475003)
(17.8124 0 0.469243)
(17.9887 0 0.466098)
(18.1679 0 0.466013)
(18.3985 0 0.469618)
(13.4699 0 0.400604)
(13.5938 0 0.402725)
(13.734 0 0.404246)
(13.8821 0 0.405025)
(14.0328 0 0.405057)
(14.1859 0 0.404343)
(14.342 0 0.402859)
(14.5012 0 0.400586)
(14.6633 0 0.397516)
(14.828 0 0.393657)
(14.9948 0 0.389027)
(15.1635 0 0.383658)
(15.3337 0 0.377596)
(15.5052 0 0.3709)
(15.6777 0 0.363644)
(15.8507 0 0.355917)
(16.0241 0 0.347822)
(16.1976 0 0.339476)
(16.371 0 0.331008)
(16.5442 0 0.322559)
(16.7172 0 0.314284)
(16.8898 0 0.306348)
(17.0624 0 0.298928)
(17.235 0 0.292212)
(17.4081 0 0.286404)
(17.5821 0 0.281725)
(17.7577 0 0.278424)
(17.9357 0 0.276798)
(18.117 0 0.277227)
(18.3496 0 0.28048)
(13.234 0 0.135232)
(13.3543 0 0.136173)
(13.4905 0 0.136903)
(13.6345 0 0.137356)
(13.7812 0 0.13754)
(13.9301 0 0.137461)
(14.082 0 0.13711)
(14.237 0 0.136476)
(14.3949 0 0.135556)
(14.5552 0 0.134352)
(14.7176 0 0.132869)
(14.8818 0 0.131117)
(15.0475 0 0.12911)
(15.2144 0 0.126869)
(15.3821 0 0.124419)
(15.5504 0 0.121791)
(15.7189 0 0.11902)
(15.8875 0 0.116147)
(16.0559 0 0.113217)
(16.2239 0 0.110282)
(16.3916 0 0.107396)
(16.5589 0 0.104617)
(16.726 0 0.10201)
(16.8931 0 0.0996421)
(17.0605 0 0.097588)
(17.2289 0 0.09593)
(17.3988 0 0.0947654)
(17.5713 0 0.0942225)
(17.7476 0 0.0945015)
(17.9756 0 0.0962055)
)
;

boundaryField
{
    inlet
    {
        type            fixedValue;
        value           uniform (10 0 0);
    }
    outlet
    {
        type            zeroGradient;
    }
    flap
    {
        type            movingWallVelocity;
        value           nonuniform List<vector> 
33
(
(0 0 6.93889e-16)
(0 0 0)
(0 0 0)
(0 0 0)
(0 0 0)
(0 0 0)
(0 0 0)
(0 0 0)
(0 0 0)
(0 0 0)
(0 0 0)
(0 0 -1.11022e-14)
(0 0 -1.11022e-14)
(0 0 -1.11022e-14)
(0 0 -2.22045e-14)
(6.93889e-16 -2.77556e-15 0)
(0 -2.77556e-15 0)
(0 0 0)
(0 0 6.93889e-16)
(0 0 0)
(0 0 0)
(0 0 0)
(0 0 0)
(0 0 0)
(0 0 -5.55112e-15)
(0 0 0)
(0 0 -1.11022e-14)
(0 0 0)
(0 0 0)
(0 0 0)
(0 0 0)
(0 -2.77556e-15 -1.11022e-14)
(0 0 -1.11022e-14)
)
;
    }
    upperWall
    {
        type            noSlip;
    }
    lowerWall
    {
        type            noSlip;
    }
    frontAndBack
    {
        type            empty;
    }
}


// ************************************************************************* //
