/*--------------------------------*- C++ -*----------------------------------*\
  =========                 |
  \\      /  F ield         | OpenFOAM: The Open Source CFD Toolbox
   \\    /   O peration     | Website:  https://openfoam.org
    \\  /    A nd           | Version:  dev
     \\/     M anipulation  |
\*---------------------------------------------------------------------------*/
FoamFile
{
    version     2.0;
    format      ascii;
    class       volVectorField;
    location    "0.4";
    object      U;
}
// * * * * * * * * * * * * * * * * * * * * * * * * * * * * * * * * * * * * * //

dimensions      [0 1 -1 0 0 0 0];

internalField   nonuniform List<vector> 
2790
(
(9.94409 0 0.0204624)
(9.87618 0 0.0294513)
(9.77636 0 0.0357646)
(9.65163 0 0.0422295)
(9.50768 0 0.048942)
(9.34547 0 0.0558504)
(9.16418 0 0.0630834)
(8.96297 0 0.0708009)
(8.74104 0 0.0791377)
(8.49747 0 0.0882136)
(8.23111 0 0.0981453)
(7.94067 0 0.109048)
(7.62474 0 0.121032)
(7.28188 0 0.134195)
(6.91069 0 0.148606)
(6.50991 0 0.164295)
(6.07858 0 0.181218)
(5.61628 0 0.199225)
(5.12335 0 0.218012)
(4.60125 0 0.237046)
(4.05296 0 0.255484)
(3.48348 0 0.272047)
(2.90038 0 0.284866)
(2.3145 0 0.291274)
(1.74067 0 0.28758)
(1.19876 0 0.268913)
(0.714804 0 0.229378)
(0.323 0 0.162724)
(0.0473549 0 0.0669076)
(-0.011612 0 -0.0636378)
(9.9986 0 0.0405137)
(9.98192 0 0.0619693)
(9.93691 0 0.0784685)
(9.86638 0 0.0956594)
(9.77461 0 0.113826)
(9.66262 0 0.132814)
(9.5298 0 0.152875)
(9.37535 0 0.174361)
(9.1985 0 0.197577)
(8.99833 0 0.222789)
(8.77372 0 0.250252)
(8.52335 0 0.280205)
(8.24579 0 0.312859)
(7.93954 0 0.34837)
(7.60309 0 0.386802)
(7.23502 0 0.42808)
(6.83417 0 0.471923)
(6.39978 0 0.517756)
(5.93176 0 0.564608)
(5.43099 0 0.61099)
(4.89968 0 0.654756)
(4.34174 0 0.692958)
(3.76324 0 0.721699)
(3.1727 0 0.736002)
(2.58138 0 0.729726)
(2.00316 0 0.69562)
(1.45392 0 0.625707)
(0.951298 0 0.512099)
(0.498539 0 0.350077)
(0.192744 0 0.117836)
(9.99569 0 0.0428863)
(9.97601 0 0.0745778)
(9.93292 0 0.102222)
(9.86702 0 0.130757)
(9.78126 0 0.16089)
(9.67675 0 0.192599)
(9.55319 0 0.226232)
(9.40999 0 0.262287)
(9.24651 0 0.30124)
(9.062 0 0.34353)
(8.8555 0 0.389582)
(8.62587 0 0.439808)
(8.37184 0 0.494581)
(8.09201 0 0.554194)
(7.78492 0 0.61881)
(7.44909 0 0.688379)
(7.08313 0 0.762536)
(6.68589 0 0.840463)
(6.25657 0 0.920727)
(5.79501 0 1.00109)
(5.30193 0 1.07829)
(4.77926 0 1.14787)
(4.23044 0 1.20402)
(3.66063 0 1.2395)
(3.07683 0 1.2458)
(2.48758 0 1.21367)
(1.90228 0 1.13438)
(1.33157 0 1.00208)
(0.770234 0 0.819833)
(0.321188 0 0.572975)
(9.99412 0 0.0490549)
(9.97225 0 0.0922464)
(9.92899 0 0.132022)
(9.86435 0 0.171989)
(9.78036 0 0.213459)
(9.67809 0 0.256837)
(9.55748 0 0.302651)
(9.4181 0 0.351565)
(9.25949 0 0.404231)
(9.08107 0 0.461269)
(8.88215 0 0.523285)
(8.66186 0 0.590865)
(8.4192 0 0.664557)
(8.15308 0 0.744824)
(7.86234 0 0.831981)
(7.54574 0 0.926103)
(7.20203 0 1.02689)
(6.82999 0 1.13352)
(6.42852 0 1.2444)
(5.99678 0 1.35697)
(5.5343 0 1.46738)
(5.04123 0 1.57033)
(4.51852 0 1.65882)
(3.96814 0 1.72419)
(3.39319 0 1.7564)
(2.7979 0 1.74481)
(2.18727 0 1.67985)
(1.56864 0 1.55564)
(0.930794 0 1.37705)
(0.392081 0 1.12284)
(9.99341 0 0.056646)
(9.97038 0 0.109733)
(9.92703 0 0.160125)
(9.86354 0 0.210518)
(9.78138 0 0.262572)
(9.68139 0 0.31706)
(9.56359 0 0.374655)
(9.42765 0 0.436113)
(9.27317 0 0.502196)
(9.09967 0 0.573643)
(8.90656 0 0.651172)
(8.69312 0 0.735485)
(8.45856 0 0.827243)
(8.20198 0 0.927028)
(7.92242 0 1.03528)
(7.61886 0 1.15218)
(7.2902 0 1.27755)
(6.93527 0 1.41066)
(6.55286 0 1.54999)
(6.14171 0 1.69296)
(5.70053 0 1.83563)
(5.22816 0 1.97245)
(4.72361 0 2.09598)
(4.18633 0 2.19695)
(3.61635 0 2.26448)
(3.01465 0 2.28702)
(2.38314 0 2.25396)
(1.72792 0 2.1581)
(1.03297 0 2.00356)
(0.433939 0 1.75911)
(9.99311 0 0.0648487)
(9.96967 0 0.127212)
(9.92665 0 0.187713)
(9.86459 0 0.248415)
(9.78464 0 0.311001)
(9.68742 0 0.376462)
(9.57296 0 0.4456)
(9.44099 0 0.519259)
(9.29117 0 0.598303)
(9.12305 0 0.683584)
(8.93611 0 0.775933)
(8.72972 0 0.876163)
(8.50315 0 0.98505)
(8.25559 0 1.10329)
(7.98617 0 1.23143)
(7.69393 0 1.3698)
(7.37781 0 1.51837)
(7.0366 0 1.67656)
(6.66892 0 1.84307)
(6.27316 0 2.01554)
(5.84741 0 2.19028)
(5.38947 0 2.36191)
(4.89692 0 2.52313)
(4.36724 0 2.66458)
(3.79817 0 2.77504)
(3.18825 0 2.84213)
(2.53715 0 2.85383)
(1.85086 0 2.80052)
(1.10908 0 2.68356)
(0.463175 0 2.45918)
(9.99306 0 0.0732638)
(9.9697 0 0.144564)
(9.92745 0 0.214665)
(9.86712 0 0.285271)
(9.78973 0 0.357996)
(9.69576 0 0.433982)
(9.5852 0 0.514178)
(9.45784 0 0.599531)
(9.31339 0 0.691007)
(9.15144 0 0.789559)
(8.97152 0 0.896126)
(8.77302 0 1.01162)
(8.55526 0 1.13693)
(8.31746 0 1.27286)
(8.05874 0 1.42009)
(7.77812 0 1.57908)
(7.47446 0 1.75)
(7.1464 0 1.9325)
(6.79231 0 2.1256)
(6.41019 0 2.32734)
(5.99752 0 2.5345)
(5.55122 0 2.74228)
(5.06763 0 2.94388)
(4.54265 0 3.1303)
(3.97207 0 3.29027)
(3.35241 0 3.41066)
(2.68135 0 3.47757)
(1.96517 0 3.47784)
(1.17935 0 3.4081)
(0.489365 0 3.20982)
(9.99316 0 0.081657)
(9.97024 0 0.161598)
(9.92913 0 0.240818)
(9.87086 0 0.320875)
(9.7964 0 0.403316)
(9.70611 0 0.48939)
(9.59998 0 0.580173)
(9.47786 0 0.676714)
(9.33949 0 0.78007)
(9.18451 0 0.89129)
(9.01248 0 1.01141)
(8.82285 0 1.14147)
(8.61494 0 1.28244)
(8.388 0 1.43526)
(8.14112 0 1.60076)
(7.87325 0 1.7796)
(7.58312 0 1.97215)
(7.26918 0 2.17841)
(6.9295 0 2.39779)
(6.56162 0 2.62887)
(6.16241 0 2.86915)
(5.72793 0 3.11462)
(5.25336 0 3.35937)
(4.73305 0 3.59514)
(4.16089 0 3.81095)
(3.53123 0 3.99301)
(2.83938 0 4.12525)
(2.09147 0 4.18992)
(1.25843 0 4.17685)
(0.519154 0 4.01005)
(9.99335 0 0.0898784)
(9.97114 0 0.178145)
(9.93151 0 0.266028)
(9.87561 0 0.35506)
(9.80441 0 0.446757)
(9.71822 0 0.542437)
(9.61704 0 0.643285)
(9.50074 0 0.750443)
(9.3691 0 0.865055)
(9.22185 0 0.988263)
(9.05856 0 1.12121)
(8.87874 0 1.26502)
(8.68177 0 1.42081)
(8.46688 0 1.58965)
(8.23316 0 1.77255)
(7.97951 0 1.97038)
(7.70454 0 2.18382)
(7.40651 0 2.41323)
(7.08319 0 2.65855)
(6.7317 0 2.91904)
(6.34832 0 3.19309)
(5.92825 0 3.47778)
(5.46549 0 3.76841)
(4.95275 0 4.05791)
(4.38171 0 4.33611)
(3.74394 0 4.58896)
(3.03126 0 4.79823)
(2.24818 0 4.94074)
(1.35982 0 4.99708)
(0.558767 0 4.86971)
(9.99362 0 0.0978245)
(9.97233 0 0.194063)
(9.93445 0 0.290151)
(9.88121 0 0.387664)
(9.8136 0 0.488115)
(9.7319 0 0.592873)
(9.63611 0 0.703212)
(9.52615 0 0.820361)
(9.40187 0 0.945547)
(9.26303 0 1.08)
(9.10929 0 1.22495)
(8.94019 0 1.38164)
(8.75517 0 1.55131)
(8.55352 0 1.73518)
(8.33434 0 1.93446)
(8.0965 0 2.15027)
(7.83856 0 2.38362)
(7.55867 0 2.63533)
(7.25437 0 2.90595)
(6.92245 0 3.19558)
(6.55868 0 3.50366)
(6.15752 0 3.82864)
(5.7118 0 4.16749)
(5.21248 0 4.51491)
(4.64858 0 4.86234)
(4.00794 0 5.19643)
(3.27693 0 5.49754)
(2.45553 0 5.73683)
(1.49972 0 5.88288)
(0.616182 0 5.80951)
(9.99393 0 0.105419)
(9.97372 0 0.209233)
(9.93783 0 0.313059)
(9.88753 0 0.418539)
(9.8238 0 0.527206)
(9.74694 0 0.640474)
(9.65696 0 0.759689)
(9.55382 0 0.886157)
(9.43744 0 1.02118)
(9.30765 0 1.16606)
(9.16417 0 1.32213)
(9.00662 0 1.49073)
(8.83453 0 1.67323)
(8.64724 0 1.87101)
(8.44392 0 2.08547)
(8.22351 0 2.31801)
(7.98458 0 2.57001)
(7.72524 0 2.8428)
(7.44299 0 3.1376)
(7.13446 0 3.45544)
(6.79512 0 3.79703)
(6.41889 0 4.16249)
(5.99764 0 4.55089)
(5.52065 0 4.95958)
(4.97404 0 5.38282)
(4.34077 0 5.8098)
(3.59925 0 6.22162)
(2.73989 0 6.58532)
(1.7021 0 6.85531)
(0.704412 0 6.86505)
(9.99429 0 0.112606)
(9.97528 0 0.22356)
(9.94158 0 0.334633)
(9.89445 0 0.447548)
(9.83487 0 0.563866)
(9.76315 0 0.685041)
(9.67934 0 0.812478)
(9.58345 0 0.947549)
(9.47546 0 1.09162)
(9.35526 0 1.24607)
(9.22268 0 1.41231)
(9.07744 0 1.59176)
(8.91914 0 1.78592)
(8.74725 0 1.99633)
(8.56106 0 2.22459)
(8.35961 0 2.47236)
(8.1416 0 2.74141)
(7.90529 0 3.03358)
(7.64826 0 3.3508)
(7.36725 0 3.6951)
(7.05776 0 4.06857)
(6.71358 0 4.47324)
(6.32613 0 4.91082)
(5.88351 0 5.38217)
(5.36921 0 5.88615)
(4.76089 0 6.41742)
(4.0264 0 6.96242)
(3.13942 0 7.48984)
(2.0074 0 7.9428)
(0.848529 0 8.09815)
(9.99468 0 0.119338)
(9.97698 0 0.236963)
(9.94563 0 0.354775)
(9.90187 0 0.474571)
(9.84668 0 0.59795)
(9.78037 0 0.726399)
(9.70303 0 0.861372)
(9.61475 0 1.00429)
(9.51555 0 1.15658)
(9.40544 0 1.31968)
(9.28431 0 1.49506)
(9.152 0 1.68423)
(9.00825 0 1.88879)
(8.85267 0 2.11042)
(8.68472 0 2.3509)
(8.50363 0 2.61215)
(8.30833 0 2.89628)
(8.09734 0 3.20561)
(7.86861 0 3.54278)
(7.61923 0 3.91079)
(7.34519 0 4.31311)
(7.04076 0 4.75381)
(6.69775 0 5.23755)
(6.30429 0 5.76955)
(5.84268 0 6.3551)
(5.28664 0 6.99826)
(4.59311 0 7.69858)
(3.71171 0 8.44074)
(2.49061 0 9.17713)
(1.10329 0 9.62574)
(9.9951 0 0.125581)
(9.97878 0 0.249379)
(9.94992 0 0.373398)
(9.9097 0 0.499507)
(9.85908 0 0.629339)
(9.7984 0 0.764408)
(9.7278 0 0.906207)
(9.64742 0 1.0562)
(9.55736 0 1.21585)
(9.45771 0 1.38663)
(9.34848 0 1.57008)
(9.22963 0 1.76777)
(9.10105 0 1.98138)
(8.96253 0 2.2127)
(8.81375 0 2.46365)
(8.65419 0 2.73638)
(8.48313 0 3.03328)
(8.29949 0 3.35708)
(8.10175 0 3.71101)
(7.88775 0 4.09892)
(7.65438 0 4.52553)
(7.39717 0 4.99677)
(7.10951 0 5.52022)
(6.78146 0 6.10569)
(6.39734 0 6.76605)
(5.9318 0 7.51825)
(5.33742 0 8.38461)
(4.54254 0 9.39133)
(3.30225 0 10.5666)
(1.60276 0 11.7045)
(9.99553 0 0.131307)
(9.98067 0 0.260755)
(9.9544 0 0.390433)
(9.91785 0 0.522264)
(9.87195 0 0.657912)
(9.81708 0 0.798915)
(9.75342 0 0.946789)
(9.68117 0 1.10303)
(9.60051 0 1.26912)
(9.51162 0 1.44658)
(9.41463 0 1.63696)
(9.30964 0 1.8419)
(9.1967 0 2.0631)
(9.07581 0 2.30245)
(8.9469 0 2.56198)
(8.80977 0 2.84396)
(8.6641 0 3.151)
(8.50936 0 3.48613)
(8.34475 0 3.85298)
(8.16908 0 4.25601)
(7.98062 0 4.70085)
(7.77684 0 5.19481)
(7.55403 0 5.74768)
(7.30651 0 6.37299)
(7.0252 0 7.09024)
(6.6951 0 7.92906)
(6.2846 0 8.93824)
(5.7431 0 10.2077)
(4.77883 0 11.9619)
(2.72652 0 14.9992)
(-0.358966 0 0.433177)
(-1.06048 0 0.546394)
(-1.98458 0 0.567569)
(-2.95145 0 0.562103)
(-3.94865 0 0.544117)
(-4.95953 0 0.519496)
(-5.97046 0 0.490391)
(-6.96881 0 0.457618)
(-7.94195 0 0.421443)
(-8.87653 0 0.381883)
(-9.758 0 0.33884)
(-10.5703 0 0.292191)
(-11.296 0 0.24187)
(-11.916 0 0.187886)
(-12.4108 0 0.130472)
(-12.7605 0 0.0698763)
(-12.9459 0 0.00623938)
(-12.9494 0 -0.0605777)
(-12.7573 0 -0.129969)
(-12.362 0 -0.198837)
(-11.7635 0 -0.264754)
(-10.9683 0 -0.325959)
(-9.98793 0 -0.381207)
(-8.83787 0 -0.429905)
(-7.53559 0 -0.472373)
(-6.09703 0 -0.510679)
(-4.53326 0 -0.551886)
(-2.85963 0 -0.613946)
(-1.03804 0 -0.715964)
(2.20389 0 -0.961206)
(-0.526872 0 1.07552)
(-1.29749 0 1.23697)
(-2.24387 0 1.29988)
(-3.20825 0 1.32496)
(-4.1956 0 1.32348)
(-5.19243 0 1.30268)
(-6.18644 0 1.26607)
(-7.16554 0 1.21528)
(-8.11735 0 1.15082)
(-9.02862 0 1.07252)
(-9.8848 0 0.979806)
(-10.6697 0 0.872028)
(-11.3656 0 0.748698)
(-11.9533 0 0.609816)
(-12.4126 0 0.45611)
(-12.7237 0 0.289176)
(-12.8672 0 0.111363)
(-12.8248 0 -0.0744308)
(-12.5919 0 -0.262354)
(-12.1628 0 -0.444172)
(-11.5378 0 -0.614306)
(-10.7232 0 -0.768733)
(-9.7299 0 -0.904665)
(-8.5727 0 -1.0208)
(-7.26869 0 -1.11808)
(-5.83445 0 -1.20143)
(-4.28309 0 -1.28619)
(-2.62711 0 -1.40997)
(-0.856478 0 -1.62415)
(1.91 0 -2.00175)
(-0.562043 0 1.92787)
(-1.33975 0 2.10425)
(-2.2765 0 2.17834)
(-3.20832 0 2.20658)
(-4.1536 0 2.19637)
(-5.10254 0 2.15543)
(-6.04612 0 2.08824)
(-6.97448 0 1.99716)
(-7.87683 0 1.88301)
(-8.74114 0 1.74555)
(-9.5537 0 1.58396)
(-10.2989 0 1.39722)
(-10.9592 0 1.18469)
(-11.5154 0 0.946512)
(-11.9472 0 0.684285)
(-12.2339 0 0.401309)
(-12.3559 0 0.102921)
(-12.2951 0 -0.203898)
(-12.0492 0 -0.511476)
(-11.6116 0 -0.808314)
(-10.9843 0 -1.08542)
(-10.1743 0 -1.3361)
(-9.19264 0 -1.55547)
(-8.05432 0 -1.74084)
(-6.77689 0 -1.89313)
(-5.37919 0 -2.01937)
(-3.87926 0 -2.13999)
(-2.28945 0 -2.30228)
(-0.646327 0 -2.5696)
(1.68993 0 -2.98893)
(-0.541749 0 2.7985)
(-1.28565 0 2.96618)
(-2.1833 0 3.02921)
(-3.06065 0 3.04595)
(-3.94673 0 3.01968)
(-4.8339 0 2.9571)
(-5.7165 0 2.86221)
(-6.58709 0 2.73701)
(-7.43658 0 2.58181)
(-8.25397 0 2.39565)
(-9.02602 0 2.1768)
(-9.737 0 1.92332)
(-10.3687 0 1.63367)
(-10.9009 0 1.30747)
(-11.3117 0 0.946232)
(-11.5793 0 0.554009)
(-11.6825 0 0.138169)
(-11.6029 0 -0.290639)
(-11.3435 0 -0.718037)
(-10.8991 0 -1.12839)
(-10.2734 0 -1.51027)
(-9.47393 0 -1.85519)
(-8.5118 0 -2.15664)
(-7.40184 0 -2.41046)
(-6.16225 0 -2.61726)
(-4.81457 0 -2.78528)
(-3.383 0 -2.93741)
(-1.8731 0 -3.12133)
(-0.379468 0 -3.39929)
(1.58924 0 -3.78201)
(-0.495446 0 3.62014)
(-1.17747 0 3.77266)
(-2.00896 0 3.81865)
(-2.81216 0 3.82058)
(-3.6249 0 3.77832)
(-4.43982 0 3.69695)
(-5.2537 0 3.57896)
(-6.06076 0 3.42509)
(-6.85307 0 3.23433)
(-7.62018 0 3.00431)
(-8.34886 0 2.73185)
(-9.02289 0 2.41373)
(-9.62322 0 2.04745)
(-10.1284 0 1.63231)
(-10.5153 0 1.17047)
(-10.7605 0 0.668028)
(-10.8416 0 0.13631)
(-10.7409 0 -0.407857)
(-10.4692 0 -0.947648)
(-10.0212 0 -1.46326)
(-9.40294 0 -1.94141)
(-8.6223 0 -2.37247)
(-7.68969 0 -2.7486)
(-6.61951 0 -3.06375)
(-5.43045 0 -3.31783)
(-4.14649 0 -3.51923)
(-2.79806 0 -3.69145)
(-1.38115 0 -3.87469)
(-0.0496368 0 -4.12732)
(1.61424 0 -4.43494)
(-0.433895 0 4.35913)
(-1.03282 0 4.50038)
(-1.77602 0 4.53177)
(-2.48795 0 4.5212)
(-3.21388 0 4.46638)
(-3.94538 0 4.37102)
(-4.68095 0 4.23588)
(-5.41587 0 4.06002)
(-6.14297 0 3.84075)
(-6.85219 0 3.57396)
(-7.5303 0 3.25482)
(-8.16078 0 2.87861)
(-8.72391 0 2.44172)
(-9.1972 0 1.94287)
(-9.55623 0 1.38464)
(-9.77583 0 0.775236)
(-9.83162 0 0.129918)
(-9.70781 0 -0.530376)
(-9.42515 0 -1.17835)
(-8.97797 0 -1.79292)
(-8.37466 0 -2.36043)
(-7.62279 0 -2.87125)
(-6.73114 0 -3.31654)
(-5.71326 0 -3.68773)
(-4.5878 0 -3.98367)
(-3.38081 0 -4.21157)
(-2.12666 0 -4.39409)
(-0.814414 0 -4.55871)
(0.34366 0 -4.75899)
(1.762 0 -4.97888)
(-0.362131 0 4.99393)
(-0.860807 0 5.13115)
(-1.49774 0 5.15347)
(-2.10342 0 5.13544)
(-2.72934 0 5.07355)
(-3.36527 0 4.97036)
(-4.01121 0 4.82481)
(-4.66314 0 4.63414)
(-5.31451 0 4.39364)
(-5.95571 0 4.09722)
(-6.57375 0 3.73808)
(-7.15204 0 3.30971)
(-7.67049 0 2.80709)
(-8.10567 0 2.22817)
(-8.43144 0 1.57592)
(-8.62004 0 0.861175)
(-8.64571 0 0.104765)
(-8.50309 0 -0.664842)
(-8.21124 0 -1.41273)
(-7.77113 0 -2.11644)
(-7.19216 0 -2.76371)
(-6.48054 0 -3.34608)
(-5.64229 0 -3.8541)
(-4.68992 0 -4.27558)
(-3.64087 0 -4.60795)
(-2.52373 0 -4.85564)
(-1.37112 0 -5.03829)
(-0.184614 0 -5.1698)
(0.809914 0 -5.30425)
(2.02454 0 -5.43628)
(-0.283397 0 5.50834)
(-0.667477 0 5.64981)
(-1.18341 0 5.66957)
(-1.66953 0 5.65047)
(-2.18281 0 5.58817)
(-2.71073 0 5.48419)
(-3.25487 0 5.33561)
(-3.8117 0 5.13771)
(-4.3754 0 4.88374)
(-4.93698 0 4.56543)
(-5.48399 0 4.17385)
(-6.00029 0 3.70049)
(-6.46591 0 3.13866)
(-6.85698 0 2.48511)
(-7.14553 0 1.74289)
(-7.30041 0 0.925705)
(-7.29241 0 0.0617419)
(-7.12908 0 -0.809048)
(-6.83326 0 -1.64703)
(-6.40827 0 -2.42821)
(-5.86435 0 -3.14428)
(-5.20516 0 -3.78929)
(-4.43262 0 -4.35349)
(-3.55905 0 -4.81998)
(-2.59804 0 -5.18383)
(-1.58243 0 -5.44477)
(-0.535211 0 -5.61627)
(0.486196 0 -5.70466)
(1.36223 0 -5.77692)
(2.39122 0 -5.82216)
(-0.200237 0 5.88965)
(-0.457668 0 6.04421)
(-0.84079 0 6.06805)
(-1.19575 0 6.05473)
(-1.58484 0 5.99911)
(-1.99284 0 5.90177)
(-2.42313 0 5.75777)
(-2.8726 0 5.56052)
(-3.33617 0 5.30117)
(-3.80572 0 4.9693)
(-4.2698 0 4.55374)
(-4.71327 0 4.04372)
(-5.11722 0 3.43052)
(-5.45804 0 2.70931)
(-5.70552 0 1.88274)
(-5.8229 0 0.968202)
(-5.77656 0 0.00325084)
(-5.59578 0 -0.96144)
(-5.3034 0 -1.87711)
(-4.90359 0 -2.72176)
(-4.4062 0 -3.49476)
(-3.81138 0 -4.19345)
(-3.11565 0 -4.8074)
(-2.33331 0 -5.31405)
(-1.47003 0 -5.70481)
(-0.564865 0 -5.97156)
(0.351907 0 -6.12133)
(1.21783 0 -6.1693)
(1.99168 0 -6.18533)
(2.84991 0 -6.14624)
(-0.115054 0 6.12841)
(-0.235917 0 6.30503)
(-0.477486 0 6.33922)
(-0.691602 0 6.33835)
(-0.946692 0 6.29645)
(-1.22421 0 6.21313)
(-1.52981 0 6.08131)
(-1.8605 0 5.89251)
(-2.21194 0 5.63593)
(-2.57701 0 5.29909)
(-2.9456 0 4.86873)
(-3.30423 0 4.33167)
(-3.63608 0 3.67693)
(-3.91925 0 2.89743)
(-4.1211 0 1.99419)
(-4.196 0 0.987439)
(-4.10663 0 -0.0732481)
(-3.91714 0 -1.11983)
(-3.64019 0 -2.09666)
(-3.27835 0 -2.98848)
(-2.83945 0 -3.8067)
(-2.31966 0 -4.55165)
(-1.70967 0 -5.21087)
(-1.02731 0 -5.75256)
(-0.270256 0 -6.16506)
(0.507134 0 -6.42754)
(1.2748 0 -6.55383)
(2.0226 0 -6.57062)
(2.68953 0 -6.53321)
(3.38807 0 -6.41482)
(-0.0306913 0 6.2184)
(-0.00718322 0 6.42575)
(-0.101702 0 6.47664)
(-0.167412 0 6.49439)
(-0.281013 0 6.47319)
(-0.419606 0 6.41121)
(-0.591904 0 6.29876)
(-0.794489 0 6.12539)
(-1.0236 0 5.87852)
(-1.27276 0 5.54395)
(-1.53338 0 5.10852)
(-1.79376 0 4.55378)
(-2.04041 0 3.86657)
(-2.25572 0 3.03602)
(-2.40502 0 2.06126)
(-2.42783 0 0.967299)
(-2.29052 0 -0.171143)
(-2.11158 0 -1.27789)
(-1.86778 0 -2.29746)
(-1.56017 0 -3.22094)
(-1.19215 0 -4.07411)
(-0.755788 0 -4.85871)
(-0.238259 0 -5.56128)
(0.342963 0 -6.13409)
(0.963278 0 -6.55041)
(1.61047 0 -6.81017)
(2.26194 0 -6.92277)
(2.88833 0 -6.91075)
(3.44556 0 -6.82177)
(3.9921 0 -6.63158)
(0.0528585 0 6.15901)
(0.222017 0 6.40095)
(0.28022 0 6.47554)
(0.363865 0 6.51625)
(0.397126 0 6.5226)
(0.402224 0 6.48965)
(0.368787 0 6.40487)
(0.300761 0 6.25584)
(0.201444 0 6.02916)
(0.0790697 0 5.70974)
(-0.064447 0 5.27402)
(-0.214977 0 4.71465)
(-0.362598 0 4.0127)
(-0.500884 0 3.15586)
(-0.59051 0 2.13939)
(-0.536562 0 0.978218)
(-0.342682 0 -0.23918)
(-0.2089 0 -1.4034)
(-0.0210438 0 -2.46618)
(0.21674 0 -3.41872)
(0.503619 0 -4.30091)
(0.851456 0 -5.11779)
(1.26029 0 -5.84172)
(1.72466 0 -6.43432)
(2.23347 0 -6.86812)
(2.76588 0 -7.13017)
(3.29867 0 -7.22904)
(3.80191 0 -7.18876)
(4.24746 0 -7.05172)
(4.64758 0 -6.79864)
(0.1415 0 5.94553)
(0.453671 0 6.23221)
(0.664468 0 6.33444)
(0.895075 0 6.40064)
(1.07707 0 6.44082)
(1.22476 0 6.44324)
(1.32919 0 6.3914)
(1.39536 0 6.27078)
(1.42747 0 6.06732)
(1.43377 0 5.76583)
(1.41807 0 5.3422)
(1.38849 0 4.78792)
(1.355 0 4.08426)
(1.32184 0 3.21464)
(1.33135 0 2.16665)
(1.46153 0 0.962497)
(1.64106 0 -0.294079)
(1.7347 0 -1.48202)
(1.84264 0 -2.55546)
(1.99365 0 -3.53716)
(2.19464 0 -4.45256)
(2.45327 0 -5.30387)
(2.76957 0 -6.06143)
(3.13574 0 -6.68004)
(3.53787 0 -7.12595)
(3.95592 0 -7.38689)
(4.36878 0 -7.47154)
(4.74855 0 -7.40422)
(5.08133 0 -7.22373)
(5.3396 0 -6.91729)
(0.246924 0 5.56745)
(0.691791 0 5.93178)
(1.04525 0 6.05312)
(1.42177 0 6.14633)
(1.75253 0 6.22935)
(2.03812 0 6.27528)
(2.27463 0 6.26241)
(2.46955 0 6.17481)
(2.62886 0 5.99785)
(2.76063 0 5.71602)
(2.87028 0 5.30715)
(2.96382 0 4.75969)
(3.04996 0 4.0561)
(3.13472 0 3.17798)
(3.24472 0 2.11854)
(3.40784 0 0.917797)
(3.55603 0 -0.33399)
(3.61667 0 -1.52913)
(3.66333 0 -2.61929)
(3.73907 0 -3.62225)
(3.86298 0 -4.56567)
(4.04394 0 -5.44772)
(4.27873 0 -6.23213)
(4.55488 0 -6.86964)
(4.85554 0 -7.32356)
(5.16159 0 -7.58072)
(5.45513 0 -7.6503)
(5.71233 0 -7.55744)
(5.93225 0 -7.33864)
(6.05308 0 -6.98852)
(0.391343 0 5.01315)
(0.941839 0 5.54472)
(1.40814 0 5.64528)
(1.94068 0 5.76413)
(2.42016 0 5.89929)
(2.83429 0 5.99614)
(3.19187 0 6.02755)
(3.50518 0 5.97718)
(3.78204 0 5.83014)
(4.03039 0 5.57085)
(4.25628 0 5.17973)
(4.46469 0 4.64277)
(4.66204 0 3.94336)
(4.85225 0 3.06501)
(5.04035 0 2.00965)
(5.22552 0 0.826232)
(5.35842 0 -0.395024)
(5.39219 0 -1.56238)
(5.39084 0 -2.64568)
(5.4086 0 -3.66389)
(5.4747 0 -4.63613)
(5.59684 0 -5.54889)
(5.76528 0 -6.35717)
(5.96174 0 -7.00808)
(6.16716 0 -7.46425)
(6.36448 0 -7.71346)
(6.54041 0 -7.76639)
(6.67692 0 -7.64947)
(6.78488 0 -7.39762)
(6.77315 0 -7.01326)
(9.99599 0 0.136587)
(9.98265 0 0.271244)
(9.9591 0 0.406123)
(9.92641 0 0.543193)
(9.88547 0 0.68414)
(9.83669 0 0.830517)
(9.7803 0 0.983852)
(9.71658 0 1.14565)
(9.64579 0 1.31742)
(9.56821 0 1.50068)
(9.4841 0 1.69701)
(9.39372 0 1.90803)
(9.29728 0 2.13552)
(9.19504 0 2.38135)
(9.08719 0 2.64761)
(8.97391 0 2.93666)
(8.85535 0 3.25119)
(8.73161 0 3.59437)
(8.60275 0 3.97002)
(8.46876 0 4.38286)
(8.32963 0 4.83892)
(8.18535 0 5.34606)
(8.03607 0 5.91491)
(7.8824 0 6.5604)
(7.72622 0 7.30443)
(7.57366 0 8.18095)
(7.44089 0 9.24656)
(7.42368 0 10.6)
(7.9593 0 12.3956)
(8.24421 0 15.2417)
(9.99647 0 0.141428)
(9.98474 0 0.280847)
(9.96404 0 0.420451)
(9.93538 0 0.562238)
(9.8996 0 0.707909)
(9.85712 0 0.85902)
(9.80826 0 1.01711)
(9.75333 0 1.18367)
(9.69271 0 1.36022)
(9.62677 0 1.54826)
(9.55591 0 1.74936)
(9.48053 0 1.96514)
(9.40106 0 2.19735)
(9.31798 0 2.44786)
(9.2318 0 2.71874)
(9.14308 0 3.01231)
(9.05247 0 3.33124)
(8.96074 0 3.67865)
(8.86881 0 4.05828)
(8.77794 0 4.47471)
(8.68982 0 4.93367)
(8.60698 0 5.44255)
(8.53341 0 6.01099)
(8.4758 0 6.65195)
(8.44607 0 7.38305)
(8.46763 0 8.22819)
(8.58221 0 9.21807)
(8.84735 0 10.3862)
(9.54815 0 11.6737)
(10.0978 0 12.7642)
(9.99697 0 0.145745)
(9.9869 0 0.289404)
(9.96917 0 0.433194)
(9.94468 0 0.579132)
(9.91421 0 0.728919)
(9.87824 0 0.884106)
(9.83711 0 1.04621)
(9.79121 0 1.21673)
(9.741 0 1.39714)
(9.68695 0 1.58892)
(9.62959 0 1.7936)
(9.56948 0 2.01277)
(9.50726 0 2.24811)
(9.44362 0 2.50142)
(9.37939 0 2.77469)
(9.31551 0 3.07012)
(9.25309 0 3.39022)
(9.19354 0 3.73786)
(9.1386 0 4.11644)
(9.09058 0 4.53001)
(9.05264 0 4.98343)
(9.02925 0 5.48264)
(9.02695 0 6.03486)
(9.05563 0 6.64862)
(9.13027 0 7.33339)
(9.27357 0 8.09759)
(9.51738 0 8.94232)
(9.86914 0 9.85464)
(10.4591 0 10.7815)
(11.1697 0 11.5009)
(9.99749 0 0.149486)
(9.98913 0 0.296807)
(9.97444 0 0.444189)
(9.95421 0 0.593647)
(9.9292 0 0.746875)
(9.89986 0 0.905403)
(9.86661 0 1.07073)
(9.8299 0 1.24431)
(9.79025 0 1.42758)
(9.74825 0 1.62198)
(9.70453 0 1.82897)
(9.6598 0 2.05007)
(9.61489 0 2.28684)
(9.57071 0 2.54099)
(9.52836 0 2.81433)
(9.48912 0 3.10887)
(9.45453 0 3.42683)
(9.4265 0 3.77069)
(9.40742 0 4.14328)
(9.4004 0 4.54782)
(9.40951 0 4.98794)
(9.44026 0 5.4677)
(9.50009 0 5.99136)
(9.59914 0 6.56295)
(9.75081 0 7.18518)
(9.97191 0 7.85748)
(10.2851 0 8.57244)
(10.6976 0 9.31518)
(11.2761 0 10.0784)
(12.0925 0 10.7517)
(9.99801 0 0.152602)
(9.99139 0 0.302965)
(9.9798 0 0.4533)
(9.96391 0 0.605609)
(9.94442 0 0.761559)
(9.92181 0 0.922654)
(9.89651 0 1.09035)
(9.86906 0 1.26606)
(9.84003 0 1.45115)
(9.8101 0 1.647)
(9.78 0 1.85498)
(9.75058 0 2.07649)
(9.72282 0 2.31298)
(9.69784 0 2.56597)
(9.67694 0 2.83707)
(9.66169 0 3.12799)
(9.65394 0 3.44059)
(9.65599 0 3.77685)
(9.67064 0 4.1389)
(9.70143 0 4.52902)
(9.75285 0 4.94949)
(9.83062 0 5.4025)
(9.94199 0 5.88979)
(10.0961 0 6.41215)
(10.3041 0 6.96851)
(10.579 0 7.55507)
(10.9381 0 8.16401)
(11.3927 0 8.78137)
(11.9657 0 9.39817)
(12.7493 0 9.94248)
(9.99854 0 0.155053)
(9.99368 0 0.307794)
(9.9852 0 0.460404)
(9.97369 0 0.614853)
(9.95975 0 0.772773)
(9.94388 0 0.935623)
(9.92655 0 1.10481)
(9.90833 0 1.28167)
(9.88986 0 1.46752)
(9.87189 0 1.66363)
(9.85524 0 1.87126)
(9.84087 0 2.09168)
(9.82988 0 2.32617)
(9.82353 0 2.57605)
(9.8233 0 2.84266)
(9.83094 0 3.12739)
(9.84853 0 3.43166)
(9.87854 0 3.75691)
(9.924 0 4.10455)
(9.98856 0 4.47587)
(10.0767 0 4.87196)
(10.1938 0 5.29344)
(10.3464 0 5.74016)
(10.5422 0 6.2108)
(10.7903 0 6.70221)
(11.1003 0 7.2088)
(11.4837 0 7.72176)
(11.9485 0 8.2262)
(12.4954 0 8.70684)
(13.2088 0 9.12439)
(9.99907 0 0.156799)
(9.99597 0 0.311219)
(9.99061 0 0.465391)
(9.98346 0 0.621236)
(9.97506 0 0.780341)
(9.96588 0 0.944107)
(9.95644 0 1.11387)
(9.94733 0 1.29091)
(9.93926 0 1.47643)
(9.93301 0 1.6716)
(9.92948 0 1.87755)
(9.92969 0 2.0954)
(9.93485 0 2.32623)
(9.9463 0 2.57114)
(9.96563 0 2.83117)
(9.9947 0 3.10737)
(10.0357 0 3.40072)
(10.091 0 3.71208)
(10.1639 0 4.04217)
(10.2576 0 4.39147)
(10.3765 0 4.75999)
(10.5253 0 5.14718)
(10.7096 0 5.55158)
(10.9354 0 5.97049)
(11.2095 0 6.39954)
(11.5384 0 6.83223)
(11.9285 0 7.25949)
(12.3843 0 7.6684)
(12.9 0 8.04527)
(13.5504 0 8.37116)
(9.99959 0 0.157808)
(9.99824 0 0.313175)
(9.99597 0 0.468165)
(9.99314 0 0.624638)
(9.99019 0 0.78412)
(9.9876 0 0.947943)
(9.9859 0 1.11737)
(9.98571 0 1.29359)
(9.98775 0 1.4777)
(9.99284 0 1.67074)
(10.0019 0 1.87372)
(10.0161 0 2.08757)
(10.0366 0 2.31319)
(10.0647 0 2.5514)
(10.1022 0 2.80298)
(10.1509 0 3.06861)
(10.213 0 3.34883)
(10.2908 0 3.64401)
(10.3872 0 3.95426)
(10.5055 0 4.27933)
(10.6493 0 4.61847)
(10.8226 0 4.97026)
(11.0298 0 5.3324)
(11.2755 0 5.70144)
(11.5642 0 6.07258)
(11.9001 0 6.43936)
(12.2864 0 6.79367)
(12.725 0 7.1255)
(13.2088 0 7.42417)
(13.8023 0 7.67909)
(10.0001 0 0.158054)
(10.0005 0 0.313611)
(10.0012 0 0.468654)
(10.0026 0 0.624966)
(10.005 0 0.784)
(10.0088 0 0.947014)
(10.0147 0 1.11518)
(10.0231 0 1.28959)
(10.0348 0 1.47123)
(10.0508 0 1.66101)
(10.0719 0 1.85978)
(10.0991 0 2.06831)
(10.1339 0 2.28726)
(10.1775 0 2.51725)
(10.2316 0 2.75875)
(10.2979 0 3.0121)
(10.3785 0 3.27747)
(10.4756 0 3.55478)
(10.5919 0 3.84363)
(10.73 0 4.14325)
(10.8931 0 4.45232)
(11.0843 0 4.76888)
(11.307 0 5.09019)
(11.5643 0 5.41258)
(11.8592 0 5.7313)
(12.1939 0 6.04054)
(12.5696 0 6.33345)
(12.9867 0 6.60227)
(13.4378 0 6.83872)
(13.9784 0 7.03606)
(10.0006 0 0.157516)
(10.0026 0 0.312489)
(10.0063 0 0.466802)
(10.0118 0 0.622153)
(10.0194 0 0.779912)
(10.0294 0 0.94125)
(10.0424 0 1.10725)
(10.0591 0 1.27888)
(10.0801 0 1.45703)
(10.1063 0 1.64247)
(10.1386 0 1.83588)
(10.178 0 2.03786)
(10.2259 0 2.24888)
(10.2835 0 2.46931)
(10.3523 0 2.69937)
(10.4341 0 2.93911)
(10.5306 0 3.18835)
(10.644 0 3.44666)
(10.7763 0 3.71327)
(10.9298 0 3.98702)
(11.1071 0 4.26624)
(11.3106 0 4.54871)
(11.5425 0 4.83155)
(11.8049 0 5.11114)
(12.0995 0 5.38315)
(12.4272 0 5.64252)
(12.788 0 5.88362)
(13.1811 0 6.10042)
(13.5998 0 6.28667)
(14.0919 0 6.43798)
(10.0011 0 0.156182)
(10.0047 0 0.309782)
(10.0113 0 0.462577)
(10.0207 0 0.616163)
(10.0332 0 0.771822)
(10.0491 0 0.930631)
(10.069 0 1.09357)
(10.0934 0 1.26151)
(10.1231 0 1.43519)
(10.1588 0 1.61527)
(10.2014 0 1.80228)
(10.252 0 1.99663)
(10.3117 0 2.19862)
(10.3817 0 2.4084)
(10.4635 0 2.62596)
(10.5585 0 2.8511)
(10.6683 0 3.08337)
(10.7947 0 3.32209)
(10.9395 0 3.5662)
(11.1045 0 3.81433)
(11.2915 0 4.06462)
(11.5023 0 4.31478)
(11.7383 0 4.56199)
(12.0008 0 4.8029)
(12.2904 0 5.03369)
(12.6072 0 5.2501)
(12.9504 0 5.4476)
(13.3185 0 5.62155)
(13.7057 0 5.76737)
(14.1539 0 5.88217)
(10.0016 0 0.154046)
(10.0067 0 0.305483)
(10.016 0 0.455969)
(10.0292 0 0.606992)
(10.0463 0 0.759738)
(10.0678 0 0.915186)
(10.0941 0 1.07421)
(10.1258 0 1.23757)
(10.1635 0 1.4059)
(10.2079 0 1.5797)
(10.2599 0 1.75936)
(10.3205 0 1.94516)
(10.3906 0 2.1372)
(10.4715 0 2.33547)
(10.5642 0 2.53975)
(10.6702 0 2.74965)
(10.7908 0 2.96453)
(10.9274 0 3.18349)
(11.0814 0 3.40536)
(11.2542 0 3.62862)
(11.4471 0 3.85139)
(11.6611 0 4.07142)
(11.8972 0 4.28611)
(12.1559 0 4.49246)
(12.4371 0 4.68719)
(12.7403 0 4.86682)
(13.0644 0 5.02775)
(13.4076 0 5.16649)
(13.7648 0 5.27968)
(14.1729 0 5.36542)
(10.002 0 0.15111)
(10.0086 0 0.299596)
(10.0204 0 0.44699)
(10.0371 0 0.594665)
(10.0587 0 0.743706)
(10.0854 0 0.894994)
(10.1176 0 1.0493)
(10.1559 0 1.20726)
(10.2009 0 1.36941)
(10.2532 0 1.53611)
(10.3136 0 1.70763)
(10.383 0 1.8841)
(10.4622 0 2.06548)
(10.5522 0 2.2516)
(10.6541 0 2.4421)
(10.769 0 2.63643)
(10.8979 0 2.83382)
(11.042 0 3.03327)
(11.2023 0 3.23353)
(11.3797 0 3.43305)
(11.5751 0 3.63002)
(11.7892 0 3.82235)
(12.0222 0 4.00768)
(12.2741 0 4.18343)
(12.5446 0 4.34686)
(12.8327 0 4.49514)
(13.1371 0 4.6255)
(13.4559 0 4.73529)
(13.7848 0 4.82211)
(14.1565 0 4.8847)
(10.0024 0 0.147382)
(10.0104 0 0.29214)
(10.0245 0 0.435673)
(10.0445 0 0.579236)
(10.0701 0 0.723812)
(10.1016 0 0.870178)
(10.1393 0 1.019)
(10.1836 0 1.17083)
(10.2352 0 1.32605)
(10.2945 0 1.48494)
(10.3623 0 1.64765)
(10.4392 0 1.81417)
(10.526 0 1.98437)
(10.6237 0 2.15793)
(10.7329 0 2.33439)
(10.8546 0 2.5131)
(10.9897 0 2.69321)
(11.1388 0 2.87369)
(11.3028 0 3.05326)
(11.4822 0 3.23044)
(11.6775 0 3.40353)
(11.8889 0 3.57065)
(12.1164 0 3.72974)
(12.3596 0 3.87861)
(12.6178 0 4.01501)
(12.89 0 4.13671)
(13.1747 0 4.24155)
(13.47 0 4.3276)
(13.7723 0 4.39312)
(14.1108 0 4.43733)
(10.0028 0 0.142879)
(10.012 0 0.283149)
(10.0284 0 0.422074)
(10.0513 0 0.560789)
(10.0807 0 0.700173)
(10.1165 0 0.840905)
(10.159 0 0.983556)
(10.2088 0 1.12856)
(10.2661 0 1.27622)
(10.3316 0 1.42671)
(10.4056 0 1.58006)
(10.489 0 1.73618)
(10.5821 0 1.89483)
(10.6858 0 2.05562)
(10.8007 0 2.218)
(10.9274 0 2.38128)
(11.0666 0 2.54458)
(11.2187 0 2.70684)
(11.3841 0 2.86686)
(11.5633 0 3.02326)
(11.7563 0 3.17448)
(11.9631 0 3.31888)
(12.1833 0 3.4547)
(12.4164 0 3.58011)
(12.6614 0 3.69331)
(12.9174 0 3.79254)
(13.1827 0 3.87618)
(13.4558 0 3.9428)
(13.7333 0 3.9912)
(14.0416 0 4.02091)
(10.0031 0 0.137622)
(10.0135 0 0.272667)
(10.0318 0 0.406264)
(10.0575 0 0.539429)
(10.0902 0 0.672939)
(10.1299 0 0.807376)
(10.1768 0 0.943218)
(10.2313 0 1.08081)
(10.2937 0 1.22035)
(10.3644 0 1.36194)
(10.4437 0 1.50553)
(10.5323 0 1.65093)
(10.6305 0 1.79785)
(10.7388 0 1.94584)
(10.8578 0 2.0943)
(10.9879 0 2.24253)
(11.1293 0 2.38964)
(11.2826 0 2.53463)
(11.4477 0 2.67638)
(11.6248 0 2.81362)
(11.8139 0 2.945)
(12.0145 0 3.06909)
(12.2262 0 3.1844)
(12.4483 0 3.28947)
(12.6798 0 3.38285)
(12.9196 0 3.46319)
(13.1663 0 3.52929)
(13.4184 0 3.5801)
(13.673 0 3.61481)
(13.9538 0 3.63318)
(10.0034 0 0.131639)
(10.0148 0 0.26075)
(10.035 0 0.388333)
(10.0631 0 0.515285)
(10.0988 0 0.642283)
(10.1419 0 0.769821)
(10.1926 0 0.898287)
(10.2512 0 1.02794)
(10.3179 0 1.15892)
(10.3929 0 1.29122)
(10.4766 0 1.42475)
(10.5693 0 1.55927)
(10.6713 0 1.69441)
(10.7831 0 1.82971)
(10.9048 0 1.96456)
(11.0367 0 2.09826)
(11.179 0 2.22996)
(11.3318 0 2.35874)
(11.4952 0 2.48356)
(11.6689 0 2.6033)
(11.8526 0 2.71681)
(12.0461 0 2.82285)
(12.2485 0 2.92024)
(12.4592 0 3.00776)
(12.6772 0 3.0843)
(12.9013 0 3.14884)
(13.1302 0 3.20049)
(13.3626 0 3.23852)
(13.5962 0 3.26238)
(13.852 0 3.27201)
(10.0037 0 0.12496)
(10.016 0 0.247463)
(10.0377 0 0.368381)
(10.068 0 0.488498)
(10.1063 0 0.608398)
(10.1524 0 0.728489)
(10.2064 0 0.849083)
(10.2685 0 0.970363)
(10.3387 0 1.0924)
(10.4173 0 1.21514)
(10.5044 0 1.33843)
(10.6003 0 1.46199)
(10.7051 0 1.58544)
(10.819 0 1.70829)
(10.9422 0 1.82996)
(11.0748 0 1.94976)
(11.2167 0 2.06693)
(11.3679 0 2.1806)
(11.5283 0 2.28985)
(11.6975 0 2.39374)
(11.8752 0 2.49125)
(12.0607 0 2.58138)
(12.2535 0 2.66316)
(12.4527 0 2.73564)
(12.6574 0 2.79796)
(12.8664 0 2.84935)
(13.0786 0 2.88918)
(13.2928 0 2.91696)
(13.5071 0 2.93234)
(13.7403 0 2.93537)
(10.004 0 0.117621)
(10.0171 0 0.232876)
(10.0402 0 0.346517)
(10.0723 0 0.459223)
(10.1129 0 0.571488)
(10.1615 0 0.683645)
(10.2183 0 0.795932)
(10.2832 0 0.908473)
(10.3563 0 1.02128)
(10.4377 0 1.13426)
(10.5274 0 1.24722)
(10.6256 0 1.35986)
(10.7322 0 1.47179)
(10.8474 0 1.58254)
(10.971 0 1.69155)
(11.1032 0 1.79817)
(11.2437 0 1.90171)
(11.3924 0 2.00141)
(11.5489 0 2.09646)
(11.713 0 2.18604)
(11.884 0 2.26933)
(12.0613 0 2.34551)
(12.2444 0 2.41378)
(12.4323 0 2.47342)
(12.6241 0 2.52379)
(12.8188 0 2.56432)
(13.0155 0 2.59456)
(13.2129 0 2.61421)
(13.4096 0 2.62307)
(13.6225 0 2.62125)
(10.0042 0 0.109658)
(10.018 0 0.217063)
(10.0423 0 0.322857)
(10.0761 0 0.42762)
(10.1185 0 0.531765)
(10.1693 0 0.635554)
(10.2283 0 0.739166)
(10.2956 0 0.842668)
(10.371 0 0.946033)
(10.4545 0 1.04914)
(10.5461 0 1.15176)
(10.6457 0 1.2536)
(10.7533 0 1.35427)
(10.8689 0 1.45333)
(10.9922 0 1.55025)
(11.1232 0 1.64444)
(11.2615 0 1.73529)
(11.407 0 1.82213)
(11.5591 0 1.90428)
(11.7175 0 1.98105)
(11.8815 0 2.05175)
(12.0506 0 2.11573)
(12.224 0 2.17238)
(12.401 0 2.22113)
(12.5807 0 2.26152)
(12.7621 0 2.29313)
(12.9444 0 2.31568)
(13.1265 0 2.32898)
(13.3072 0 2.33294)
(13.5019 0 2.32772)
(10.0043 0 0.101107)
(10.0187 0 0.200097)
(10.0441 0 0.297514)
(10.0792 0 0.393847)
(10.1233 0 0.489435)
(10.1758 0 0.584479)
(10.2367 0 0.679101)
(10.3057 0 0.77333)
(10.3829 0 0.867102)
(10.4679 0 0.960272)
(10.5607 0 1.05262)
(10.6612 0 1.14384)
(10.7692 0 1.23357)
(10.8844 0 1.32138)
(11.0068 0 1.40682)
(11.1359 0 1.48935)
(11.2715 0 1.56843)
(11.4133 0 1.64349)
(11.5606 0 1.71397)
(11.7132 0 1.77929)
(11.8702 0 1.8389)
(12.0312 0 1.89228)
(12.1954 0 1.93895)
(12.362 0 1.97851)
(12.5303 0 2.01061)
(12.6995 0 2.03497)
(12.8686 0 2.05142)
(13.0369 0 2.05985)
(13.2033 0 2.06025)
(13.3818 0 2.05281)
(10.0045 0 0.0920024)
(10.0194 0 0.182048)
(10.0456 0 0.270598)
(10.0819 0 0.358057)
(10.1272 0 0.444699)
(10.1812 0 0.530667)
(10.2435 0 0.616039)
(10.314 0 0.700809)
(10.3923 0 0.784891)
(10.4784 0 0.86813)
(10.5719 0 0.950302)
(10.6727 0 1.03112)
(10.7804 0 1.11025)
(10.8949 0 1.18731)
(11.0157 0 1.26188)
(11.1427 0 1.3335)
(11.2752 0 1.4017)
(11.413 0 1.46602)
(11.5555 0 1.52596)
(11.7021 0 1.58108)
(11.8524 0 1.63094)
(12.0056 0 1.67513)
(12.161 0 1.71329)
(12.318 0 1.74513)
(12.4759 0 1.7704)
(12.6338 0 1.78892)
(12.7911 0 1.80059)
(12.947 0 1.80538)
(13.1006 0 1.80333)
(13.2648 0 1.79463)
(10.0046 0 0.0823737)
(10.02 0 0.162979)
(10.0469 0 0.242207)
(10.0841 0 0.320391)
(10.1306 0 0.39774)
(10.1856 0 0.474346)
(10.249 0 0.550249)
(10.3205 0 0.625416)
(10.3997 0 0.699748)
(10.4864 0 0.773087)
(10.5802 0 0.84522)
(10.6808 0 0.915881)
(10.788 0 0.984767)
(10.9012 0 1.05154)
(11.0203 0 1.11582)
(11.1447 0 1.17724)
(11.274 0 1.2354)
(11.4078 0 1.2899)
(11.5454 0 1.34036)
(11.6864 0 1.3864)
(11.8302 0 1.4277)
(11.9761 0 1.46393)
(12.1234 0 1.49484)
(12.2716 0 1.52021)
(12.42 0 1.53988)
(12.5678 0 1.55375)
(12.7146 0 1.56176)
(12.8595 0 1.56393)
(13.0018 0 1.56032)
(13.1534 0 1.55113)
(10.0048 0 0.0722426)
(10.0205 0 0.142937)
(10.048 0 0.212422)
(10.0861 0 0.280969)
(10.1333 0 0.34872)
(10.1893 0 0.415721)
(10.2535 0 0.481979)
(10.3257 0 0.547444)
(10.4054 0 0.61201)
(10.4923 0 0.675523)
(10.5861 0 0.737782)
(10.6863 0 0.798551)
(10.7925 0 0.85756)
(10.9044 0 0.914513)
(11.0215 0 0.969099)
(11.1433 0 1.02099)
(11.2694 0 1.06987)
(11.3992 0 1.11542)
(11.5322 0 1.15731)
(11.6679 0 1.19528)
(11.8056 0 1.22905)
(11.9448 0 1.25841)
(12.0848 0 1.28315)
(12.2251 0 1.30313)
(12.365 0 1.31824)
(12.5039 0 1.32844)
(12.6413 0 1.33371)
(12.7766 0 1.33409)
(12.9092 0 1.32967)
(13.0499 0 1.32062)
(10.0049 0 0.0616159)
(10.0209 0 0.121945)
(10.0491 0 0.181303)
(10.0877 0 0.239886)
(10.1357 0 0.297758)
(10.1923 0 0.354918)
(10.2571 0 0.41135)
(10.3298 0 0.466994)
(10.4098 0 0.521748)
(10.4967 0 0.575468)
(10.5902 0 0.627976)
(10.6898 0 0.679063)
(10.7949 0 0.728501)
(10.9053 0 0.776039)
(11.0204 0 0.821418)
(11.1396 0 0.864375)
(11.2626 0 0.904645)
(11.3887 0 0.941974)
(11.5175 0 0.976122)
(11.6483 0 1.00687)
(11.7806 0 1.03402)
(11.9137 0 1.0574)
(12.0473 0 1.07688)
(12.1806 0 1.09237)
(12.3131 0 1.1038)
(12.4443 0 1.11114)
(12.5737 0 1.11442)
(12.7007 0 1.11369)
(12.825 0 1.10903)
(12.9564 0 1.1006)
(10.005 0 0.0504722)
(10.0214 0 0.0999889)
(10.0501 0 0.148888)
(10.0894 0 0.197266)
(10.1379 0 0.245083)
(10.195 0 0.292286)
(10.2602 0 0.338836)
(10.3331 0 0.384666)
(10.4132 0 0.429674)
(10.5 0 0.47373)
(10.593 0 0.516677)
(10.6919 0 0.558342)
(10.7959 0 0.598535)
(10.9048 0 0.637053)
(11.018 0 0.673688)
(11.1349 0 0.708233)
(11.255 0 0.740481)
(11.3778 0 0.770237)
(11.5027 0 0.79732)
(11.6292 0 0.821564)
(11.7567 0 0.842829)
(11.8847 0 0.860996)
(12.0126 0 0.875974)
(12.14 0 0.887703)
(12.2662 0 0.896149)
(12.3908 0 0.901311)
(12.5134 0 0.903216)
(12.6336 0 0.901919)
(12.7508 0 0.897503)
(12.8745 0 0.890106)
(10.0052 0 0.0387265)
(10.0221 0 0.0769537)
(10.0515 0 0.115004)
(10.0913 0 0.152781)
(10.1403 0 0.190145)
(10.1978 0 0.227035)
(10.2633 0 0.26342)
(10.3363 0 0.29923)
(10.4164 0 0.33437)
(10.5029 0 0.368724)
(10.5955 0 0.402162)
(10.6936 0 0.434541)
(10.7966 0 0.465709)
(10.9041 0 0.495506)
(11.0155 0 0.52377)
(11.1303 0 0.550341)
(11.2479 0 0.575063)
(11.3678 0 0.59779)
(11.4895 0 0.618389)
(11.6124 0 0.63674)
(11.7359 0 0.652745)
(11.8595 0 0.666322)
(11.9828 0 0.677412)
(12.1052 0 0.685978)
(12.2263 0 0.692006)
(12.3456 0 0.695505)
(12.4627 0 0.696504)
(12.5773 0 0.695054)
(12.6888 0 0.691223)
(12.8064 0 0.685123)
(10.0054 0 0.0262023)
(10.0231 0 0.053194)
(10.0532 0 0.0807535)
(10.0935 0 0.108193)
(10.1428 0 0.135259)
(10.2006 0 0.161944)
(10.2663 0 0.188237)
(10.3394 0 0.214082)
(10.4194 0 0.239398)
(10.5057 0 0.2641)
(10.5979 0 0.288097)
(10.6953 0 0.311289)
(10.7974 0 0.333566)
(10.9037 0 0.354819)
(11.0137 0 0.374933)
(11.1268 0 0.393797)
(11.2424 0 0.411305)
(11.36 0 0.427356)
(11.4791 0 0.44186)
(11.599 0 0.454738)
(11.7194 0 0.465924)
(11.8396 0 0.475367)
(11.9593 0 0.48303)
(12.0779 0 0.488892)
(12.1949 0 0.492949)
(12.3101 0 0.495212)
(12.4229 0 0.495707)
(12.5332 0 0.494474)
(12.6404 0 0.491562)
(12.7531 0 0.487057)
(10.0066 0 0.010526)
(10.0262 0 0.0250809)
(10.0573 0 0.0414335)
(10.098 0 0.0579508)
(10.1474 0 0.0743003)
(10.2052 0 0.0905084)
(10.2709 0 0.106557)
(10.3439 0 0.122374)
(10.4237 0 0.137883)
(10.5096 0 0.153018)
(10.6013 0 0.167712)
(10.6981 0 0.181898)
(10.7994 0 0.195507)
(10.9048 0 0.208468)
(11.0136 0 0.22071)
(11.1254 0 0.232166)
(11.2394 0 0.242771)
(11.3553 0 0.252469)
(11.4725 0 0.261205)
(11.5903 0 0.268935)
(11.7084 0 0.275623)
(11.8262 0 0.281242)
(11.9433 0 0.285773)
(12.0592 0 0.289208)
(12.1734 0 0.291549)
(12.2857 0 0.292807)
(12.3956 0 0.293002)
(12.5028 0 0.292163)
(12.607 0 0.29033)
(12.7165 0 0.287565)
(9.99573 0 0.000654107)
(10.0062 0 0.00442125)
(10.0257 0 0.00943752)
(10.0539 0 0.014642)
(10.0912 0 0.0198675)
(10.1375 0 0.0251355)
(10.1921 0 0.0304316)
(10.2544 0 0.0357157)
(10.324 0 0.0409499)
(10.4002 0 0.0461028)
(10.4826 0 0.0511457)
(10.5704 0 0.0560494)
(10.6632 0 0.0607844)
(10.7604 0 0.0653216)
(10.8614 0 0.0696322)
(10.9656 0 0.0736886)
(11.0725 0 0.0774649)
(11.1813 0 0.0809372)
(11.2917 0 0.0840842)
(11.4031 0 0.0868874)
(11.5148 0 0.0893317)
(11.6264 0 0.0914053)
(11.7375 0 0.0931)
(11.8475 0 0.0944112)
(11.956 0 0.0953384)
(12.0627 0 0.0958843)
(12.1671 0 0.0960554)
(12.269 0 0.0958622)
(12.368 0 0.0953159)
(12.472 0 0.0944498)
(9.91961 0 13.2605)
(6.68978 0 10.6727)
(0.149047 0 6.72503)
(10.6555 0 11.1757)
(10.0177 0 9.63512)
(8.42145 0 7.97342)
(11.6828 0 11.1585)
(11.857 0 10.543)
(11.5742 0 9.68528)
(12.6025 0 10.8212)
(12.9411 0 10.663)
(13.0377 0 10.2901)
(13.211 0 10.0741)
(13.5926 0 10.0891)
(13.844 0 9.98511)
(13.6267 0 9.25887)
(14.0109 0 9.33704)
(14.3148 0 9.35388)
(13.93 0 8.48973)
(14.2915 0 8.57764)
(14.5927 0 8.63189)
(14.1452 0 7.77392)
(14.475 0 7.84866)
(14.7538 0 7.90301)
(14.2877 0 7.10856)
(14.5858 0 7.1658)
(14.8384 0 7.20872)
(14.3713 0 6.49221)
(14.6402 0 6.53384)
(14.8679 0 6.56412)
(14.4065 0 5.92175)
(14.6491 0 5.95058)
(14.8543 0 5.96987)
(14.4016 0 5.39331)
(14.6208 0 5.4119)
(14.8058 0 5.42233)
(14.3636 0 4.90331)
(14.5618 0 4.91386)
(14.7289 0 4.91736)
(14.2986 0 4.44867)
(14.4779 0 4.45297)
(14.6289 0 4.45118)
(14.2119 0 4.02658)
(14.3743 0 4.02612)
(14.5109 0 4.02038)
(14.1084 0 3.63452)
(14.2555 0 3.63052)
(14.3792 0 3.62194)
(13.9924 0 3.27012)
(14.1258 0 3.26359)
(14.2378 0 3.25309)
(13.8679 0 2.93115)
(13.989 0 2.92291)
(14.0906 0 2.91124)
(13.7386 0 2.61546)
(13.8487 0 2.60619)
(13.9411 0 2.59395)
(13.6079 0 2.32096)
(13.7082 0 2.3112)
(13.7923 0 2.29891)
(13.4787 0 2.04557)
(13.5703 0 2.03577)
(13.647 0 2.02381)
(13.3537 0 1.78732)
(13.4377 0 1.77784)
(13.508 0 1.76652)
(13.2354 0 1.54407)
(13.3128 0 1.53517)
(13.3775 0 1.52474)
(13.1259 0 1.31406)
(13.1975 0 1.30598)
(13.2574 0 1.29662)
(13.0273 0 1.09473)
(13.0941 0 1.08763)
(13.1499 0 1.07948)
(12.9412 0 0.885106)
(13.0039 0 0.879122)
(13.0564 0 0.872311)
(12.8697 0 0.681078)
(12.9292 0 0.676285)
(12.9789 0 0.670867)
(12.8137 0 0.4841)
(12.8708 0 0.480609)
(12.9185 0 0.476673)
(12.7752 0 0.285696)
(12.8305 0 0.283444)
(12.8767 0 0.280913)
(12.5278 0 0.0937933)
(12.5803 0 0.0929641)
(12.6242 0 0.092036)
(-1.837 0 3.38082)
(1.18951 0 4.61511)
(1.7289 0 4.92738)
(2.45886 0 5.20141)
(3.09395 0 5.43895)
(3.62836 0 5.60515)
(4.09647 0 5.68826)
(4.51788 0 5.67903)
(4.90217 0 5.5651)
(5.25707 0 5.33198)
(5.58823 0 4.96252)
(5.89913 0 4.44212)
(6.19233 0 3.75603)
(6.46573 0 2.89369)
(6.70863 0 1.86746)
(6.90589 0 0.731433)
(7.01266 0 -0.435231)
(7.01515 0 -1.56538)
(6.98137 0 -2.6409)
(6.96927 0 -3.67717)
(7.00731 0 -4.67968)
(7.09508 0 -5.62026)
(7.21386 0 -6.44539)
(7.34043 0 -7.10067)
(7.45587 0 -7.55085)
(7.5473 0 -7.78657)
(7.60763 0 -7.82079)
(7.62604 0 -7.68129)
(7.62401 0 -7.40195)
(7.48546 0 -6.99245)
(6.04777 0 5.63378)
(4.51928 0 4.53992)
(3.61246 0 4.31272)
(3.60945 0 4.5179)
(3.99614 0 4.82519)
(4.48601 0 5.08064)
(4.9917 0 5.23715)
(5.48348 0 5.28216)
(5.95105 0 5.20844)
(6.39326 0 5.00643)
(6.81128 0 4.66323)
(7.205 0 4.16635)
(7.57195 0 3.50476)
(7.90349 0 2.67545)
(8.18072 0 1.69906)
(8.38523 0 0.629567)
(8.48477 0 -0.469399)
(8.48752 0 -1.55686)
(8.46341 0 -2.62621)
(8.46591 0 -3.68335)
(8.51232 0 -4.7141)
(8.58914 0 -5.67401)
(8.66964 0 -6.50348)
(8.72948 0 -7.15016)
(8.7538 0 -7.58374)
(8.73674 0 -7.79924)
(8.67911 0 -7.81229)
(8.57842 0 -7.65174)
(8.46559 0 -7.35046)
(8.20309 0 -6.92446)
(10.4357 0 7.85581)
(8.92221 0 6.36285)
(7.44223 0 5.36249)
(6.4472 0 4.81788)
(5.98772 0 4.63773)
(5.94635 0 4.67145)
(6.1762 0 4.76464)
(6.55378 0 4.81517)
(6.99769 0 4.76963)
(7.46246 0 4.6003)
(7.92382 0 4.28985)
(8.36685 0 3.82631)
(8.77889 0 3.20271)
(9.14397 0 2.42275)
(9.43966 0 1.5119)
(9.64866 0 0.519461)
(9.76217 0 -0.51247)
(9.8059 0 -1.56576)
(9.84223 0 -2.63639)
(9.90441 0 -3.71276)
(9.98782 0 -4.75909)
(10.0655 0 -5.71883)
(10.1083 0 -6.53207)
(10.0969 0 -7.15267)
(10.0248 0 -7.55731)
(9.89579 0 -7.74583)
(9.71926 0 -7.73612)
(9.50117 0 -7.55734)
(9.28005 0 -7.24094)
(8.90033 0 -6.80794)
(12.7046 0 9.07886)
(11.9066 0 7.81205)
(10.8508 0 6.72731)
(9.82502 0 5.87611)
(8.99347 0 5.26718)
(8.43662 0 4.88135)
(8.17744 0 4.66115)
(8.18107 0 4.52378)
(8.3788 0 4.3875)
(8.69974 0 4.18852)
(9.08649 0 3.8836)
(9.4961 0 3.44659)
(9.89547 0 2.86538)
(10.2562 0 2.14333)
(10.5514 0 1.30403)
(10.7695 0 0.383432)
(10.9375 0 -0.598964)
(11.0742 0 -1.63388)
(11.2128 0 -2.70709)
(11.3537 0 -3.78657)
(11.4719 0 -4.82133)
(11.5358 0 -5.75167)
(11.5228 0 -6.52368)
(11.4245 0 -7.10007)
(11.2457 0 -7.46476)
(10.9998 0 -7.62161)
(10.7045 0 -7.58962)
(10.3729 0 -7.39712)
(10.0488 0 -7.07351)
(9.56152 0 -6.64333)
(13.9922 0 9.34784)
(13.7734 0 8.47736)
(13.2747 0 7.58963)
(12.6267 0 6.77394)
(11.9464 0 6.06461)
(11.329 0 5.47657)
(10.8486 0 5.00531)
(10.5483 0 4.62545)
(10.4353 0 4.29514)
(10.4873 0 3.96488)
(10.6651 0 3.5874)
(10.9238 0 3.1253)
(11.2205 0 2.55543)
(11.5176 0 1.87135)
(11.7839 0 1.08393)
(12.024 0 0.205747)
(12.2667 0 -0.755351)
(12.498 0 -1.78096)
(12.7132 0 -2.84145)
(12.8875 0 -3.89259)
(12.9892 0 -4.88046)
(12.9937 0 -5.75102)
(12.89 0 -6.45989)
(12.6821 0 -6.97875)
(12.3848 0 -7.29735)
(12.0192 0 -7.42199)
(11.6088 0 -7.37132)
(11.1716 0 -7.17172)
(10.7535 0 -6.84988)
(10.172 0 -6.43244)
(14.7074 0 9.08702)
(14.8687 0 8.56802)
(14.8214 0 7.93452)
(14.5927 0 7.26977)
(14.2434 0 6.61802)
(13.8425 0 6.00563)
(13.4535 0 5.44459)
(13.1279 0 4.93257)
(12.9005 0 4.45484)
(12.787 0 3.98729)
(12.7849 0 3.50071)
(12.877 0 2.96616)
(13.0373 0 2.3604)
(13.2384 0 1.66957)
(13.4541 0 0.888386)
(13.7049 0 0.0122605)
(13.9581 0 -0.945839)
(14.1922 0 -1.95626)
(14.3804 0 -2.98048)
(14.4913 0 -3.97373)
(14.4984 0 -4.88855)
(14.3873 0 -5.68091)
(14.1578 0 -6.31636)
(13.8224 0 -6.7741)
(13.4017 0 -7.04798)
(12.9208 0 -7.14515)
(12.4056 0 -7.08286)
(11.8762 0 -6.88467)
(11.3778 0 -6.57425)
(10.7193 0 -6.17902)
(15.0748 0 8.55972)
(15.447 0 8.28674)
(15.702 0 7.87529)
(15.8074 0 7.38073)
(15.7803 0 6.8416)
(15.6622 0 6.28544)
(15.4967 0 5.72982)
(15.3229 0 5.18188)
(15.1737 0 4.63927)
(15.0734 0 4.09211)
(15.0358 0 3.52532)
(15.0638 0 2.92142)
(15.1511 0 2.26368)
(15.2857 0 1.53825)
(15.4531 0 0.733142)
(15.6529 0 -0.154579)
(15.8336 0 -1.1037)
(15.972 0 -2.08065)
(16.0403 0 -3.04802)
(16.0132 0 -3.96712)
(15.8737 0 -4.79965)
(15.6167 0 -5.51136)
(15.249 0 -6.07623)
(14.7868 0 -6.4791)
(14.253 0 -6.71642)
(13.6729 0 -6.79523)
(13.0721 0 -6.73073)
(12.4703 0 -6.54335)
(11.9101 0 -6.25368)
(11.1951 0 -5.88885)
(15.2428 0 7.91242)
(15.7037 0 7.78434)
(16.1257 0 7.53284)
(16.4497 0 7.18433)
(16.6652 0 6.76398)
(16.7911 0 6.293)
(16.8526 0 5.78762)
(16.8743 0 5.2577)
(16.8796 0 4.70657)
(16.8887 0 4.13183)
(16.917 0 3.52678)
(16.9733 0 2.88203)
(17.0594 0 2.18747)
(17.1706 0 1.43378)
(17.2978 0 0.613501)
(17.4185 0 -0.267279)
(17.4925 0 -1.18386)
(17.5024 0 -2.10656)
(17.4275 0 -3.00405)
(17.2516 0 -3.84459)
(16.9673 0 -4.59761)
(16.5766 0 -5.23647)
(16.0901 0 -5.7413)
(15.5257 0 -6.10084)
(14.9058 0 -6.31299)
(14.2544 0 -6.38406)
(13.5948 0 -6.32697)
(12.9457 0 -6.15904)
(12.3453 0 -5.8979)
(11.5962 0 -5.56957)
(15.2983 0 7.23914)
(15.7734 0 7.181)
(16.2617 0 7.02655)
(16.7002 0 6.78265)
(17.0646 0 6.46136)
(17.3589 0 6.07507)
(17.5939 0 5.63487)
(17.7818 0 5.14912)
(17.9352 0 4.62258)
(18.0671 0 4.05638)
(18.188 0 3.44865)
(18.3049 0 2.79561)
(18.4195 0 2.09302)
(18.5275 0 1.33798)
(18.6208 0 0.531593)
(18.6713 0 -0.313556)
(18.6542 0 -1.17547)
(18.558 0 -2.03051)
(18.3699 0 -2.85326)
(18.0817 0 -3.61756)
(17.6929 0 -4.29863)
(17.2101 0 -4.8753)
(16.6463 0 -5.33196)
(16.0195 0 -5.65984)
(15.3509 0 -5.85743)
(14.6623 0 -5.92992)
(13.9747 0 -5.88791)
(13.3047 0 -5.74577)
(12.6864 0 -5.51839)
(11.9254 0 -5.22996)
(15.2873 0 6.58965)
(15.739 0 6.55676)
(16.2309 0 6.45191)
(16.7071 0 6.27249)
(17.1401 0 6.02183)
(17.526 0 5.70495)
(17.8666 0 5.32734)
(18.1647 0 4.89408)
(18.4242 0 4.40901)
(18.6503 0 3.87427)
(18.8473 0 3.29059)
(19.0177 0 2.65794)
(19.1601 0 1.97677)
(19.2689 0 1.24981)
(19.336 0 0.484734)
(19.339 0 -0.303894)
(19.2631 0 -1.0983)
(19.1012 0 -1.87976)
(18.8463 0 -2.62747)
(18.4957 0 -3.3198)
(18.0531 0 -3.93643)
(17.5274 0 -4.46012)
(16.9324 0 -4.87815)
(16.2854 0 -5.18321)
(15.6057 0 -5.37376)
(14.9132 0 -5.45366)
(14.2262 0 -5.43126)
(13.5597 0 -5.31816)
(12.9434 0 -5.12676)
(12.1898 0 -4.87888)
(15.2325 0 5.98265)
(15.6464 0 5.95368)
(16.1101 0 5.87001)
(16.5771 0 5.72598)
(17.0223 0 5.52067)
(17.4393 0 5.25464)
(17.8253 0 4.92929)
(18.1776 0 4.54664)
(18.4942 0 4.10882)
(18.7742 0 3.61777)
(19.0165 0 3.0753)
(19.2191 0 2.48355)
(19.378 0 1.84599)
(19.4861 0 1.16876)
(19.536 0 0.462539)
(19.5134 0 -0.258639)
(19.4085 0 -0.980265)
(19.2174 0 -1.68713)
(18.9369 0 -2.36211)
(18.5674 0 -2.98732)
(18.1143 0 -3.54592)
(17.5872 0 -4.02357)
(16.9995 0 -4.40947)
(16.367 0 -4.69713)
(15.707 0 -4.88466)
(15.037 0 -4.97454)
(14.3733 0 -4.97303)
(13.7293 0 -4.88925)
(13.1305 0 -4.73333)
(12.3996 0 -4.52437)
(15.146 0 5.42203)
(15.5195 0 5.38924)
(15.9427 0 5.31303)
(16.3776 0 5.18747)
(16.8026 0 5.01021)
(17.2114 0 4.77983)
(17.6002 0 4.49556)
(17.9637 0 4.15741)
(18.2968 0 3.76611)
(18.5947 0 3.32301)
(18.853 0 2.83015)
(19.0668 0 2.29062)
(19.2299 0 1.70923)
(19.3351 0 1.09337)
(19.3756 0 0.454023)
(19.3431 0 -0.196186)
(19.2309 0 -0.844966)
(19.0367 0 -1.47961)
(18.7595 0 -2.08596)
(18.4011 0 -2.64915)
(17.9673 0 -3.1551)
(17.4671 0 -3.59162)
(16.9126 0 -3.94932)
(16.3178 0 -4.22216)
(15.6979 0 -4.4078)
(15.0681 0 -4.50748)
(14.4426 0 -4.52559)
(13.8334 0 -4.46912)
(13.2629 0 -4.34615)
(12.5652 0 -4.17295)
(15.0349 0 4.90614)
(15.3701 0 4.86809)
(15.7512 0 4.79418)
(16.146 0 4.67908)
(16.5363 0 4.52022)
(16.9169 0 4.31562)
(17.284 0 4.06371)
(17.6321 0 3.76358)
(17.9548 0 3.41516)
(18.2458 0 3.01933)
(18.4992 0 2.57796)
(18.7083 0 2.09429)
(18.8666 0 1.57331)
(18.9671 0 1.02226)
(19.0033 0 0.451019)
(18.9708 0 -0.129486)
(18.8643 0 -0.708636)
(18.6825 0 -1.27555)
(18.4253 0 -1.81833)
(18.095 0 -2.32458)
(17.6969 0 -2.78239)
(17.239 0 -3.18127)
(16.7316 0 -3.5129)
(16.1868 0 -3.7716)
(15.6174 0 -3.95463)
(15.0368 0 -4.06217)
(14.4574 0 -4.0971)
(13.8899 0 -4.06456)
(13.3537 0 -3.97084)
(12.6956 0 -3.82947)
(14.9045 0 4.43159)
(15.2051 0 4.3892)
(15.5464 0 4.31648)
(15.9009 0 4.20879)
(16.2529 0 4.06377)
(16.598 0 3.87949)
(16.933 0 3.65426)
(17.2529 0 3.38693)
(17.5515 0 3.07714)
(17.8222 0 2.72546)
(18.0587 0 2.33355)
(18.2543 0 1.90438)
(18.4026 0 1.44252)
(18.4971 0 0.954361)
(18.532 0 0.448229)
(18.5043 0 -0.0666454)
(18.41 0 -0.581073)
(18.2478 0 -1.08559)
(18.018 0 -1.5701)
(17.723 0 -2.02414)
(17.3671 0 -2.43759)
(16.957 0 -2.80137)
(16.5013 0 -3.10807)
(16.0103 0 -3.35232)
(15.4949 0 -3.5311)
(14.9664 0 -3.64381)
(14.4357 0 -3.69208)
(13.9124 0 -3.67955)
(13.4134 0 -3.61095)
(12.7982 0 -3.49731)
(14.7593 0 3.99479)
(15.0289 0 3.94959)
(15.3343 0 3.87843)
(15.6515 0 3.77733)
(15.9665 0 3.64423)
(16.2758 0 3.47744)
(16.5767 0 3.27542)
(16.8648 0 3.03706)
(17.1345 0 2.76198)
(17.3799 0 2.45061)
(17.5949 0 2.10436)
(17.7734 0 1.72582)
(17.9095 0 1.3189)
(17.9975 0 0.888988)
(18.0323 0 0.442897)
(18.0112 0 -0.011679)
(17.9311 0 -0.46685)
(17.7905 0 -0.914406)
(17.5898 0 -1.34571)
(17.3309 0 -1.75189)
(17.0175 0 -2.12428)
(16.6549 0 -2.45502)
(16.2503 0 -2.73747)
(15.812 0 -2.96663)
(15.3495 0 -3.13933)
(14.8722 0 -3.2544)
(14.3896 0 -3.31251)
(13.9105 0 -3.31606)
(13.4494 0 -3.26852)
(12.878 0 -3.17865)
(14.6032 0 3.59236)
(14.8453 0 3.54583)
(15.1188 0 3.47701)
(15.4024 0 3.38249)
(15.6838 0 3.2605)
(15.9598 0 3.10962)
(16.2284 0 2.92852)
(16.4857 0 2.71627)
(16.7269 0 2.4725)
(16.9468 0 2.19759)
(17.14 0 1.89272)
(17.3011 0 1.5601)
(17.4249 0 1.20297)
(17.5065 0 0.825762)
(17.5414 0 0.433997)
(17.5271 0 0.0341257)
(17.4609 0 -0.367246)
(17.3411 0 -0.763053)
(17.1681 0 -1.14588)
(16.9433 0 -1.50816)
(16.6697 0 -1.84247)
(16.3514 0 -2.14198)
(15.9944 0 -2.40079)
(15.6055 0 -2.61427)
(15.1926 0 -2.77923)
(14.7637 0 -2.89409)
(14.3272 0 -2.95883)
(13.8907 0 -2.97486)
(13.4668 0 -2.9446)
(12.9391 0 -2.87489)
(14.4402 0 3.22117)
(14.6579 0 3.17462)
(14.9031 0 3.1089)
(15.1568 0 3.02113)
(15.4083 0 2.90981)
(15.6545 0 2.77376)
(15.894 0 2.61188)
(16.1233 0 2.42337)
(16.3385 0 2.20795)
(16.5348 0 1.96593)
(16.7078 0 1.69831)
(16.8527 0 1.40692)
(16.9652 0 1.09443)
(17.0408 0 0.764461)
(17.0758 0 0.421476)
(17.0672 0 0.0708545)
(17.0138 0 -0.281953)
(16.9131 0 -0.630851)
(16.7653 0 -0.969521)
(16.5714 0 -1.29151)
(16.3338 0 -1.59048)
(16.0557 0 -1.8605)
(15.742 0 -2.09634)
(15.3982 0 -2.29374)
(15.0309 0 -2.4496)
(14.6471 0 -2.5621)
(14.2537 0 -2.63069)
(13.8576 0 -2.65603)
(13.4696 0 -2.63966)
(12.9844 0 -2.58684)
(14.2736 0 2.87835)
(14.4697 0 2.83284)
(14.6899 0 2.77087)
(14.9174 0 2.69)
(15.1424 0 2.589)
(15.3624 0 2.46688)
(15.5761 0 2.32275)
(15.7808 0 2.15594)
(15.9728 0 1.96622)
(16.1482 0 1.75386)
(16.3033 0 1.5197)
(16.4338 0 1.26523)
(16.5361 0 0.992641)
(16.6064 0 0.704877)
(16.6414 0 0.405579)
(16.6382 0 0.0990952)
(16.5959 0 -0.209957)
(16.5121 0 -0.516391)
(16.3866 0 -0.814863)
(16.2202 0 -1.0999)
(16.0146 0 -1.3661)
(15.7725 0 -1.60831)
(15.4977 0 -1.82194)
(15.1947 0 -2.00311)
(14.869 0 -2.14885)
(14.5264 0 -2.25722)
(14.173 0 -2.3273)
(13.8148 0 -2.35919)
(13.461 0 -2.35375)
(13.0166 0 -2.31491)
(14.1068 0 2.56119)
(14.2838 0 2.51756)
(14.482 0 2.45983)
(14.6864 0 2.38597)
(14.8882 0 2.29493)
(15.0853 0 2.18592)
(15.2764 0 2.05821)
(15.4595 0 1.91126)
(15.6313 0 1.74487)
(15.7886 0 1.55927)
(15.9279 0 1.35515)
(16.046 0 1.13373)
(16.1394 0 0.896794)
(16.2051 0 0.646733)
(16.24 0 0.386514)
(16.2416 0 0.119671)
(16.2089 0 -0.14996)
(16.1399 0 -0.418)
(16.034 0 -0.679924)
(15.8919 0 -0.931113)
(15.7147 0 -1.16696)
(15.5046 0 -1.38304)
(15.2644 0 -1.57531)
(14.9981 0 -1.74028)
(14.7099 0 -1.87518)
(14.405 0 -1.97801)
(14.0883 0 -2.04763)
(13.7652 0 -2.08372)
(13.4437 0 -2.08662)
(13.0379 0 -2.05918)
(13.9428 0 2.26713)
(14.1029 0 2.22604)
(14.2818 0 2.17293)
(14.466 0 2.10607)
(14.6476 0 2.02463)
(14.8246 0 1.92795)
(14.9962 0 1.81545)
(15.1605 0 1.68669)
(15.3149 0 1.5415)
(15.4564 0 1.38006)
(15.5822 0 1.20295)
(15.6895 0 1.01114)
(15.7753 0 0.806098)
(15.8369 0 0.589751)
(15.8718 0 0.364513)
(15.8776 0 0.133254)
(15.8533 0 -0.100845)
(15.7972 0 -0.334146)
(15.7086 0 -0.562832)
(15.5878 0 -0.78301)
(15.4356 0 -0.990772)
(15.2537 0 -1.18233)
(15.0443 0 -1.35415)
(14.8107 0 -1.50313)
(14.5563 0 -1.6267)
(14.2854 0 -1.7229)
(14.0022 0 -1.79045)
(13.7115 0 -1.82875)
(13.42 0 -1.83774)
(13.0504 0 -1.81943)
(13.7841 0 1.99371)
(13.9296 0 1.95566)
(14.0916 0 1.9074)
(14.2582 0 1.8475)
(14.4222 0 1.77527)
(14.5819 0 1.69019)
(14.7366 0 1.59178)
(14.8847 0 1.47969)
(15.024 0 1.35378)
(15.152 0 1.21419)
(15.2663 0 1.06139)
(15.3642 0 0.896178)
(15.4435 0 0.719715)
(15.5017 0 0.533568)
(15.5366 0 0.339691)
(15.5462 0 0.140411)
(15.5292 0 -0.0616415)
(15.4843 0 -0.263478)
(15.4108 0 -0.461906)
(15.3086 0 -0.653656)
(15.1783 0 -0.835427)
(15.0212 0 -1.00399)
(14.8392 0 -1.15628)
(14.6345 0 -1.28957)
(14.4102 0 -1.4015)
(14.1698 0 -1.49023)
(13.9171 0 -1.5544)
(13.6558 0 -1.59322)
(13.3919 0 -1.60639)
(13.0559 0 -1.59521)
(13.6334 0 1.73861)
(13.7659 0 1.70398)
(13.9133 0 1.66073)
(14.0647 0 1.60768)
(14.2135 0 1.54427)
(14.3583 0 1.47009)
(14.4985 0 1.38476)
(14.6328 0 1.28798)
(14.7593 0 1.17965)
(14.8757 0 1.05988)
(14.9801 0 0.929033)
(15.0702 0 0.787754)
(15.1439 0 0.636981)
(15.1993 0 0.477968)
(15.2342 0 0.312289)
(15.247 0 0.141825)
(15.2365 0 -0.0312601)
(15.2014 0 -0.204537)
(15.1409 0 -0.375364)
(15.0549 0 -0.541011)
(14.9438 0 -0.698708)
(14.8084 0 -0.845713)
(14.6502 0 -0.979407)
(14.4711 0 -1.09739)
(14.2735 0 -1.19755)
(14.0604 0 -1.27817)
(13.8347 0 -1.3379)
(13.6001 0 -1.37586)
(13.3615 0 -1.39156)
(13.0562 0 -1.38581)
(13.4926 0 1.49943)
(13.6141 0 1.46847)
(13.7489 0 1.43031)
(13.8872 0 1.38397)
(14.0231 0 1.329)
(14.1551 0 1.26508)
(14.283 0 1.19189)
(14.4055 0 1.10922)
(14.521 0 1.01696)
(14.6277 0 0.915204)
(14.7237 0 0.804244)
(14.8072 0 0.684587)
(14.8763 0 0.55698)
(14.9293 0 0.422423)
(14.9644 0 0.282175)
(14.98 0 0.137745)
(14.975 0 -0.00910296)
(14.9483 0 -0.156396)
(14.8991 0 -0.301976)
(14.8272 0 -0.443585)
(14.7326 0 -0.578916)
(14.6161 0 -0.705666)
(14.4787 0 -0.821612)
(14.3219 0 -0.924677)
(14.1477 0 -1.013)
(13.9585 0 -1.08502)
(13.757 0 -1.13945)
(13.5461 0 -1.17537)
(13.3302 0 -1.1922)
(13.0527 0 -1.19036)
(13.3639 0 1.27421)
(13.4759 0 1.24712)
(13.6 0 1.21407)
(13.7272 0 1.17428)
(13.852 0 1.12738)
(13.9733 0 1.07314)
(14.0907 0 1.01129)
(14.2033 0 0.941661)
(14.3097 0 0.864171)
(14.4082 0 0.778892)
(14.4972 0 0.686048)
(14.5752 0 0.586038)
(14.6405 0 0.479451)
(14.6915 0 0.367078)
(14.7268 0 0.249915)
(14.7449 0 0.129164)
(14.7447 0 0.00624976)
(14.7252 0 -0.117276)
(14.6857 0 -0.239657)
(14.6257 0 -0.359045)
(14.5453 0 -0.473542)
(14.445 0 -0.581239)
(14.3254 0 -0.680268)
(14.1879 0 -0.768862)
(14.034 0 -0.845412)
(13.8657 0 -0.908511)
(13.6853 0 -0.956992)
(13.4953 0 -0.989957)
(13.2994 0 -1.00677)
(13.0467 0 -1.00762)
(13.2489 0 1.06018)
(13.353 0 1.03707)
(13.4681 0 1.00912)
(13.5859 0 0.975708)
(13.7016 0 0.93655)
(13.8139 0 0.891451)
(13.9227 0 0.840218)
(14.0271 0 0.782705)
(14.1258 0 0.718852)
(14.2175 0 0.648711)
(14.3008 0 0.572454)
(14.3742 0 0.490389)
(14.4364 0 0.402972)
(14.4859 0 0.310818)
(14.5214 0 0.214705)
(14.5416 0 0.115574)
(14.5454 0 0.0145473)
(14.532 0 -0.0871406)
(14.5006 0 -0.188084)
(14.4507 0 -0.286799)
(14.3823 0 -0.381751)
(14.2957 0 -0.471384)
(14.1913 0 -0.554164)
(14.0701 0 -0.628618)
(13.9335 0 -0.693385)
(13.783 0 -0.74725)
(13.6207 0 -0.789178)
(13.4488 0 -0.818337)
(13.2704 0 -0.834105)
(13.0392 0 -0.836508)
(13.1494 0 0.856292)
(13.2468 0 0.837247)
(13.3545 0 0.814385)
(13.4648 0 0.787209)
(13.5729 0 0.755505)
(13.6779 0 0.719124)
(13.7796 0 0.677918)
(13.8773 0 0.631775)
(13.9699 0 0.580646)
(14.0561 0 0.52457)
(14.1347 0 0.463675)
(14.2045 0 0.398195)
(14.2642 0 0.328475)
(14.3125 0 0.254984)
(14.3482 0 0.178314)
(14.3702 0 0.0991874)
(14.3774 0 0.0184565)
(14.369 0 -0.0629275)
(14.3443 0 -0.143879)
(14.3027 0 -0.223235)
(14.2442 0 -0.299783)
(14.1689 0 -0.372288)
(14.077 0 -0.439519)
(13.9695 0 -0.500281)
(13.8472 0 -0.55345)
(13.7117 0 -0.598009)
(13.5647 0 -0.63307)
(13.408 0 -0.657896)
(13.2443 0 -0.671914)
(13.0314 0 -0.675062)
(13.0669 0 0.658223)
(13.1592 0 0.643288)
(13.261 0 0.625462)
(13.3651 0 0.604371)
(13.4673 0 0.579856)
(13.5664 0 0.551809)
(13.6625 0 0.52012)
(13.755 0 0.484703)
(13.8427 0 0.445522)
(13.9246 0 0.402603)
(13.9996 0 0.356038)
(14.0665 0 0.305997)
(14.1242 0 0.252732)
(14.1716 0 0.196584)
(14.2075 0 0.137989)
(14.2309 0 0.0774758)
(14.2407 0 0.0156737)
(14.2363 0 -0.0466922)
(14.2169 0 -0.108801)
(14.182 0 -0.169771)
(14.1314 0 -0.228688)
(14.065 0 -0.284615)
(13.9832 0 -0.336612)
(13.8865 0 -0.383757)
(13.7758 0 -0.425176)
(13.6523 0 -0.460061)
(13.5175 0 -0.487694)
(13.3731 0 -0.507464)
(13.2215 0 -0.518879)
(13.0234 0 -0.521851)
(13.0029 0 0.467523)
(13.0912 0 0.45679)
(13.1886 0 0.444031)
(13.2882 0 0.42897)
(13.3858 0 0.411502)
(13.4806 0 0.391556)
(13.5725 0 0.369057)
(13.6609 0 0.343947)
(13.745 0 0.316196)
(13.8237 0 0.285823)
(13.896 0 0.252888)
(13.9607 0 0.217508)
(14.017 0 0.179854)
(14.0637 0 0.140158)
(14.0998 0 0.0987177)
(14.1243 0 0.0558874)
(14.1362 0 0.0120779)
(14.1348 0 -0.0322305)
(14.1195 0 -0.0764661)
(14.0896 0 -0.120002)
(14.0448 0 -0.162183)
(13.9852 0 -0.202335)
(13.9109 0 -0.239779)
(13.8222 0 -0.273843)
(13.7201 0 -0.303882)
(13.6053 0 -0.329294)
(13.4794 0 -0.349533)
(13.3438 0 -0.364121)
(13.2007 0 -0.372646)
(13.0129 0 -0.374943)
(12.9585 0 0.275194)
(13.0441 0 0.268701)
(13.1383 0 0.261015)
(13.2346 0 0.25192)
(13.3291 0 0.24137)
(13.4208 0 0.229336)
(13.5098 0 0.215779)
(13.5954 0 0.20066)
(13.6769 0 0.183962)
(13.7533 0 0.165693)
(13.8235 0 0.145889)
(13.8868 0 0.124617)
(13.9419 0 0.101977)
(13.988 0 0.0781082)
(14.024 0 0.0531933)
(14.049 0 0.0274643)
(14.062 0 0.00120038)
(14.0619 0 -0.025292)
(14.0482 0 -0.0517013)
(14.0202 0 -0.0776737)
(13.9776 0 -0.102826)
(13.9203 0 -0.126758)
(13.8484 0 -0.149062)
(13.7622 0 -0.169332)
(13.6625 0 -0.187177)
(13.5501 0 -0.202227)
(13.4264 0 -0.214148)
(13.2929 0 -0.222644)
(13.1517 0 -0.227462)
(12.9671 0 -0.228563)
(12.7015 0 0.0900441)
(12.7821 0 0.0878897)
(12.8709 0 0.0853229)
(12.9616 0 0.0822454)
(13.0503 0 0.0786483)
(13.1361 0 0.0745276)
(13.2191 0 0.0698683)
(13.2985 0 0.0646557)
(13.3736 0 0.0588824)
(13.4435 0 0.0525511)
(13.507 0 0.045674)
(13.5633 0 0.0382748)
(13.6114 0 0.0303906)
(13.6501 0 0.0220748)
(13.6785 0 0.013402)
(13.6957 0 0.00447879)
(13.7008 0 -0.00455467)
(13.6931 0 -0.0135808)
(13.6719 0 -0.0225211)
(13.6368 0 -0.0312793)
(13.5873 0 -0.0397407)
(13.5234 0 -0.0477796)
(13.4452 0 -0.0552649)
(13.353 0 -0.0620628)
(13.2476 0 -0.0680408)
(13.1298 0 -0.0730711)
(13.001 0 -0.0770351)
(12.8627 0 -0.0798286)
(12.7169 0 -0.0813625)
(12.5268 0 -0.0817744)
)
;

boundaryField
{
    inlet
    {
        type            fixedValue;
        value           uniform (10 0 0);
    }
    outlet
    {
        type            zeroGradient;
    }
    flap
    {
        type            movingWallVelocity;
        value           nonuniform List<vector> 
33
(
(0 0 6.93889e-16)
(0 0 0)
(0 0 0)
(0 0 0)
(0 0 0)
(0 0 0)
(0 0 0)
(0 0 0)
(0 0 0)
(0 0 0)
(0 0 0)
(0 0 -1.11022e-14)
(0 0 -1.11022e-14)
(0 0 -1.11022e-14)
(0 0 -2.22045e-14)
(6.93889e-16 -2.77556e-15 0)
(0 -2.77556e-15 0)
(0 0 0)
(0 0 6.93889e-16)
(0 0 0)
(0 0 0)
(0 0 0)
(0 0 0)
(0 0 0)
(0 0 -5.55112e-15)
(0 0 0)
(0 0 -1.11022e-14)
(0 0 0)
(0 0 0)
(0 0 0)
(0 0 0)
(0 -2.77556e-15 -1.11022e-14)
(0 0 -1.11022e-14)
)
;
    }
    upperWall
    {
        type            noSlip;
    }
    lowerWall
    {
        type            noSlip;
    }
    frontAndBack
    {
        type            empty;
    }
}


// ************************************************************************* //
