/*--------------------------------*- C++ -*----------------------------------*\
  =========                 |
  \\      /  F ield         | OpenFOAM: The Open Source CFD Toolbox
   \\    /   O peration     | Website:  https://openfoam.org
    \\  /    A nd           | Version:  dev
     \\/     M anipulation  |
\*---------------------------------------------------------------------------*/
FoamFile
{
    version     2.0;
    format      ascii;
    class       volVectorField;
    location    "1.9";
    object      U;
}
// * * * * * * * * * * * * * * * * * * * * * * * * * * * * * * * * * * * * * //

dimensions      [0 1 -1 0 0 0 0];

internalField   nonuniform List<vector> 
2790
(
(9.94398 0 0.0205263)
(9.8757 0 0.0295948)
(9.77515 0 0.0360013)
(9.64932 0 0.0425731)
(9.5039 0 0.0494079)
(9.33979 0 0.0564566)
(9.15616 0 0.06385)
(8.95212 0 0.0717516)
(8.72682 0 0.0803007)
(8.47929 0 0.089624)
(8.20833 0 0.0998482)
(7.91254 0 0.111103)
(7.59042 0 0.12352)
(7.24036 0 0.137225)
(6.86076 0 0.152332)
(6.45009 0 0.168926)
(6.00707 0 0.187048)
(5.53078 0 0.206661)
(5.02101 0 0.227621)
(4.47847 0 0.249627)
(3.9052 0 0.272174)
(3.30493 0 0.294501)
(2.6835 0 0.315568)
(2.04899 0 0.334201)
(1.41038 0 0.350465)
(0.796878 0 0.372627)
(0.109948 0 0.324448)
(-0.469029 0 -0.114481)
(-0.453601 0 -0.296183)
(-0.230797 0 -0.423156)
(9.9985 0 0.0407128)
(9.98143 0 0.0624045)
(9.93568 0 0.0791753)
(9.86405 0 0.0966748)
(9.77078 0 0.11519)
(9.65687 0 0.13457)
(9.52167 0 0.155073)
(9.36434 0 0.177056)
(9.18406 0 0.200834)
(8.97987 0 0.226688)
(8.75056 0 0.254892)
(8.49476 0 0.285714)
(8.21091 0 0.319405)
(7.89737 0 0.356176)
(7.55244 0 0.396164)
(7.17445 0 0.439393)
(6.76193 0 0.485702)
(6.31372 0 0.534668)
(5.82925 0 0.585508)
(5.30886 0 0.636958)
(4.75415 0 0.687158)
(4.16847 0 0.733544)
(3.55747 0 0.772788)
(2.92988 0 0.800856)
(2.29849 0 0.813427)
(1.69172 0 0.80681)
(1.10618 0 0.746628)
(0.658107 0 0.547294)
(0.185264 0 0.223561)
(-0.00799309 0 -0.453729)
(9.99559 0 0.0432236)
(9.97554 0 0.0753082)
(9.93174 0 0.103405)
(9.86478 0 0.132455)
(9.7776 0 0.16317)
(9.67128 0 0.195536)
(9.5455 0 0.229907)
(9.39964 0 0.266793)
(9.23303 0 0.306684)
(9.04487 0 0.350041)
(8.83417 0 0.397321)
(8.59974 0 0.448981)
(8.34022 0 0.505455)
(8.05412 0 0.567122)
(7.73985 0 0.634255)
(7.39579 0 0.706951)
(7.02034 0 0.785022)
(6.6121 0 0.867862)
(6.17002 0 0.954273)
(5.6937 0 1.04226)
(5.1837 0 1.12881)
(4.64208 0 1.20962)
(4.07301 0 1.27888)
(3.48374 0 1.32894)
(2.88539 0 1.34958)
(2.29821 0 1.32578)
(1.73079 0 1.22001)
(1.21539 0 0.972333)
(0.700579 0 0.569678)
(0.357513 0 -0.157014)
(9.99402 0 0.0495225)
(9.97178 0 0.0932571)
(9.92782 0 0.133654)
(9.86213 0 0.174325)
(9.77675 0 0.216586)
(9.67271 0 0.260851)
(9.54994 0 0.307656)
(9.408 0 0.357676)
(9.2464 0 0.411584)
(9.06456 0 0.470025)
(8.86177 0 0.533643)
(8.63713 0 0.603078)
(8.38963 0 0.67895)
(8.11816 0 0.761826)
(7.8215 0 0.852153)
(7.49838 0 0.950174)
(7.14751 0 1.0558)
(6.76763 0 1.16843)
(6.35763 0 1.28671)
(5.9167 0 1.40828)
(5.44465 0 1.52937)
(4.94217 0 1.64445)
(4.41142 0 1.74577)
(3.85665 0 1.8227)
(3.28436 0 1.86069)
(2.70514 0 1.8395)
(2.12459 0 1.72507)
(1.55343 0 1.47696)
(0.957418 0 1.08289)
(0.509159 0 0.501627)
(9.9933 0 0.0572436)
(9.96992 0 0.111024)
(9.92587 0 0.16221)
(9.86134 0 0.213497)
(9.7778 0 0.266553)
(9.67607 0 0.322158)
(9.55616 0 0.380992)
(9.41771 0 0.443823)
(9.26033 0 0.511431)
(9.08355 0 0.584579)
(8.88677 0 0.664022)
(8.6693 0 0.750514)
(8.43035 0 0.844789)
(8.16907 0 0.947529)
(7.88455 0 1.0593)
(7.57583 0 1.18045)
(7.24191 0 1.311)
(6.88177 0 1.45042)
(6.49439 0 1.59736)
(6.07882 0 1.74934)
(5.63426 0 1.90228)
(5.16027 0 2.05003)
(4.65701 0 2.18371)
(4.12558 0 2.2911)
(3.56793 0 2.35573)
(2.98761 0 2.35632)
(2.38577 0 2.26383)
(1.76556 0 2.04647)
(1.08947 0 1.69026)
(0.536394 0 1.1531)
(9.99301 0 0.0655754)
(9.9692 0 0.128782)
(9.9255 0 0.190243)
(9.86241 0 0.252027)
(9.78109 0 0.315819)
(9.68216 0 0.382617)
(9.56562 0 0.45323)
(9.4312 0 0.528511)
(9.27855 0 0.609338)
(9.10726 0 0.696584)
(8.91682 0 0.79111)
(8.70662 0 0.893774)
(8.476 0 1.00541)
(8.22424 0 1.1268)
(7.95057 0 1.2586)
(7.65418 0 1.40127)
(7.33421 0 1.55492)
(6.98973 0 1.71915)
(6.61972 0 1.89271)
(6.22302 0 2.07324)
(5.7983 0 2.25669)
(5.34412 0 2.43686)
(4.85887 0 2.60464)
(4.341 0 2.74745)
(3.78886 0 2.84856)
(3.20124 0 2.88701)
(2.57547 0 2.83688)
(1.91262 0 2.67017)
(1.17223 0 2.37255)
(0.549717 0 1.89302)
(9.99296 0 0.0741186)
(9.96924 0 0.146409)
(9.92631 0 0.217637)
(9.86496 0 0.28951)
(9.78623 0 0.363641)
(9.69056 0 0.441181)
(9.57795 0 0.523082)
(9.44819 0 0.610297)
(9.30098 0 0.7038)
(9.13595 0 0.804559)
(8.95265 0 0.913532)
(8.75054 0 1.03166)
(8.52901 0 1.15988)
(8.28738 0 1.29904)
(8.02494 0 1.4499)
(7.74089 0 1.61302)
(7.43438 0 1.78864)
(7.10439 0 1.9765)
(6.74972 0 2.1756)
(6.36889 0 2.38383)
(5.95999 0 2.59756)
(5.52058 0 2.81098)
(5.04756 0 3.0155)
(4.53718 0 3.19906)
(3.98501 0 3.34553)
(3.38648 0 3.43458)
(2.73608 0 3.44172)
(2.03536 0 3.33977)
(1.24121 0 3.1118)
(0.563261 0 2.69142)
(9.99306 0 0.0826389)
(9.96978 0 0.163717)
(9.928 0 0.244229)
(9.86873 0 0.325733)
(9.79293 0 0.409778)
(9.70096 0 0.497618)
(9.59282 0 0.59033)
(9.46834 0 0.688962)
(9.32727 0 0.794574)
(9.16929 0 0.908222)
(8.994 0 1.03095)
(8.8009 0 1.1638)
(8.58943 0 1.30778)
(8.35894 0 1.46385)
(8.10871 0 1.63286)
(7.83791 0 1.81551)
(7.54557 0 2.0122)
(7.23051 0 2.22292)
(6.89126 0 2.44697)
(6.52588 0 2.68272)
(6.1318 0 2.92715)
(5.70561 0 3.1753)
(5.24282 0 3.41962)
(4.73778 0 3.64915)
(4.18367 0 3.8489)
(3.57319 0 3.99928)
(2.89824 0 4.07605)
(2.16115 0 4.05035)
(1.31554 0 3.89958)
(0.582953 0 3.53805)
(9.99325 0 0.0909864)
(9.97069 0 0.180535)
(9.93039 0 0.269872)
(9.8735 0 0.360531)
(9.80097 0 0.454026)
(9.71313 0 0.55168)
(9.60996 0 0.654674)
(9.49132 0 0.764145)
(9.35704 0 0.881233)
(9.20685 0 1.00708)
(9.04039 0 1.14281)
(8.85722 0 1.28955)
(8.65682 0 1.44841)
(8.43857 0 1.62047)
(8.20173 0 1.8067)
(7.94544 0 2.00796)
(7.6686 0 2.22488)
(7.36984 0 2.45776)
(7.04737 0 2.70634)
(6.69878 0 2.96962)
(6.32083 0 3.24545)
(5.90916 0 3.53001)
(5.45797 0 3.81722)
(4.95977 0 4.09779)
(4.40538 0 4.35832)
(3.78464 0 4.58023)
(3.08613 0 4.73892)
(2.31164 0 4.80209)
(1.41 0 4.73859)
(0.614022 0 4.43942)
(9.99352 0 0.0990577)
(9.97188 0 0.196722)
(9.93334 0 0.294426)
(9.87911 0 0.393743)
(9.81019 0 0.496183)
(9.72685 0 0.60312)
(9.6291 0 0.715818)
(9.51684 0 0.835496)
(9.38994 0 0.96337)
(9.24821 0 1.10065)
(9.09135 0 1.24856)
(8.91897 0 1.4083)
(8.73061 0 1.58109)
(8.52568 0 1.76812)
(8.30348 0 1.97052)
(8.0631 0 2.18936)
(7.80338 0 2.42555)
(7.52279 0 2.67975)
(7.21926 0 2.95229)
(6.89002 0 3.24292)
(6.53124 0 3.55058)
(6.13769 0 3.87293)
(5.70235 0 4.20575)
(5.21593 0 4.54203)
(4.66667 0 4.87067)
(4.04085 0 5.17481)
(3.32204 0 5.4298)
(2.50855 0 5.5992)
(1.54114 0 5.64057)
(0.663742 0 5.41509)
(9.99384 0 0.106777)
(9.97328 0 0.212159)
(9.93673 0 0.317759)
(9.88545 0 0.42522)
(9.82042 0 0.536066)
(9.74193 0 0.651715)
(9.65 0 0.773499)
(9.54458 0 0.902709)
(9.42561 0 1.04063)
(9.29295 0 1.18854)
(9.14637 0 1.34773)
(8.98557 0 1.5195)
(8.81015 0 1.70516)
(8.6196 0 1.90603)
(8.41325 0 2.12342)
(8.19022 0 2.35862)
(7.94936 0 2.61286)
(7.68906 0 2.88725)
(7.40715 0 3.18275)
(7.10061 0 3.50003)
(6.76523 0 3.83929)
(6.3952 0 4.19995)
(5.98247 0 4.58014)
(5.51614 0 4.97581)
(4.98168 0 5.3793)
(4.3609 0 5.77706)
(3.62998 0 6.14622)
(2.77871 0 6.44743)
(1.73262 0 6.62509)
(0.744487 0 6.49965)
(9.9942 0 0.114087)
(9.97484 0 0.226751)
(9.94048 0 0.339758)
(9.89238 0 0.454826)
(9.83151 0 0.573512)
(9.75818 0 0.697268)
(9.67243 0 0.827484)
(9.57427 0 0.96551)
(9.46369 0 1.11269)
(9.34064 0 1.27036)
(9.20496 0 1.43988)
(9.05643 0 1.62263)
(8.89477 0 1.82001)
(8.71954 0 2.03348)
(8.53018 0 2.26452)
(8.3259 0 2.51464)
(8.10564 0 2.7854)
(7.86785 0 3.07842)
(7.61043 0 3.39532)
(7.33037 0 3.73776)
(7.02343 0 4.10733)
(6.68359 0 4.50544)
(6.30234 0 4.933)
(5.86765 0 5.38976)
(5.36259 0 5.87307)
(4.76408 0 6.37537)
(4.03842 0 6.87982)
(3.1598 0 7.3497)
(2.0238 0 7.7192)
(0.880362 0 7.7531)
(9.99459 0 0.120942)
(9.97654 0 0.240418)
(9.94454 0 0.36032)
(9.89981 0 0.482444)
(9.84333 0 0.608377)
(9.77542 0 0.739608)
(9.69615 0 0.877569)
(9.6056 0 1.02366)
(9.50382 0 1.17927)
(9.39083 0 1.34578)
(9.26657 0 1.52462)
(9.13093 0 1.71723)
(8.98372 0 1.9251)
(8.82465 0 2.1498)
(8.6533 0 2.39296)
(8.46905 0 2.65632)
(8.271 0 2.94178)
(8.05787 0 3.25139)
(7.82778 0 3.58745)
(7.57807 0 3.95259)
(7.30486 0 4.34981)
(7.00259 0 4.78261)
(6.66311 0 5.25495)
(6.27444 0 5.77112)
(5.81865 0 6.33512)
(5.26908 0 6.9491)
(4.58174 0 7.60964)
(3.70797 0 8.2964)
(2.48712 0 8.9535)
(1.12412 0 9.28869)
(9.995 0 0.127308)
(9.97835 0 0.253096)
(9.94883 0 0.379362)
(9.90765 0 0.50797)
(9.85575 0 0.640544)
(9.79347 0 0.778596)
(9.72094 0 0.923594)
(9.63829 0 1.07697)
(9.54563 0 1.24016)
(9.44308 0 1.41457)
(9.33066 0 1.60168)
(9.20839 0 1.80297)
(9.07622 0 2.02001)
(8.934 0 2.25446)
(8.78152 0 2.50807)
(8.61837 0 2.78279)
(8.44395 0 3.08076)
(8.25733 0 3.40446)
(8.05714 0 3.75675)
(7.84133 0 4.14111)
(7.6069 0 4.56181)
(7.34946 0 5.02426)
(7.06239 0 5.5354)
(6.73564 0 6.10421)
(6.35333 0 6.74242)
(5.88989 0 7.46513)
(5.29732 0 8.29158)
(4.50647 0 9.24249)
(3.26775 0 10.3361)
(1.60482 0 11.3542)
(9.99544 0 0.133156)
(9.98023 0 0.264733)
(9.95332 0 0.396812)
(9.91581 0 0.531314)
(9.86864 0 0.66989)
(9.81218 0 0.814077)
(9.74658 0 0.965364)
(9.67205 0 1.12521)
(9.58877 0 1.29507)
(9.49693 0 1.47638)
(9.39669 0 1.67064)
(9.28816 0 1.87936)
(9.17145 0 2.10417)
(9.04662 0 2.34676)
(8.91364 0 2.60901)
(8.77242 0 2.89297)
(8.62271 0 3.201)
(8.46408 0 3.53585)
(8.29579 0 3.90079)
(8.11674 0 4.29993)
(7.92522 0 4.73845)
(7.7187 0 5.2232)
(7.49338 0 5.76337)
(7.24341 0 6.37178)
(6.95936 0 7.06686)
(6.62582 0 7.87644)
(6.21013 0 8.84604)
(5.66304 0 10.0589)
(4.68962 0 11.7236)
(2.68807 0 14.5881)
(0.218493 0 -0.251138)
(0.485593 0 -0.211526)
(0.7635 0 -0.173039)
(1.01203 0 -0.143399)
(1.2258 0 -0.120704)
(1.41167 0 -0.102644)
(1.57604 0 -0.0878343)
(1.72257 0 -0.0753744)
(1.85305 0 -0.0645272)
(1.9682 0 -0.0547878)
(2.06835 0 -0.0460437)
(2.15423 0 -0.0382847)
(2.22678 0 -0.0311181)
(2.28563 0 -0.0240978)
(2.32937 0 -0.0172199)
(2.35887 0 -0.00940379)
(2.37644 0 -0.000366151)
(2.38361 0 0.00532128)
(2.38174 0 0.00443053)
(2.37613 0 -0.00219515)
(2.37288 0 -0.0125131)
(2.37364 0 -0.0227375)
(2.37621 0 -0.029553)
(2.37718 0 -0.0312881)
(2.37519 0 -0.0288054)
(2.37323 0 -0.0242385)
(2.37883 0 -0.0199175)
(2.39749 0 -0.018717)
(2.43887 0 -0.0186343)
(2.53054 0 -0.0189545)
(0.145411 0 -0.476131)
(0.390641 0 -0.425146)
(0.628312 0 -0.358095)
(0.844064 0 -0.302602)
(1.03236 0 -0.25903)
(1.19804 0 -0.22383)
(1.34585 0 -0.194557)
(1.47867 0 -0.169489)
(1.59803 0 -0.146974)
(1.70439 0 -0.125809)
(1.79755 0 -0.106205)
(1.87753 0 -0.0889787)
(1.94651 0 -0.0722318)
(2.00568 0 -0.0529988)
(2.05164 0 -0.0370627)
(2.08629 0 -0.0289115)
(2.1107 0 -0.0224033)
(2.1018 0 -0.0117614)
(2.05498 0 -0.00128179)
(1.97333 0 0.00740886)
(1.8649 0 0.0148087)
(1.7412 0 0.0223179)
(1.61532 0 0.0296803)
(1.50016 0 0.0346632)
(1.40661 0 0.0338578)
(1.343 0 0.0238202)
(1.32009 0 0.00870815)
(1.32328 0 -0.00761192)
(1.3676 0 -0.0317671)
(1.50624 0 -0.0642512)
(0.0939582 0 -0.706592)
(0.285007 0 -0.65014)
(0.4525 0 -0.557372)
(0.608226 0 -0.476644)
(0.742305 0 -0.411637)
(0.858528 0 -0.358287)
(0.95959 0 -0.313486)
(1.04736 0 -0.27505)
(1.12316 0 -0.240432)
(1.18727 0 -0.207104)
(1.23914 0 -0.175088)
(1.27473 0 -0.148801)
(1.29721 0 -0.130592)
(1.31711 0 -0.111828)
(1.31329 0 -0.0809581)
(1.23103 0 -0.0393384)
(1.10498 0 0.00353036)
(0.983993 0 0.0488583)
(0.862009 0 0.0859888)
(0.734647 0 0.109766)
(0.608134 0 0.120803)
(0.488965 0 0.120458)
(0.382892 0 0.110113)
(0.296999 0 0.0916366)
(0.237614 0 0.0666888)
(0.213563 0 0.0335972)
(0.216426 0 -0.00279134)
(0.28069 0 -0.046673)
(0.37839 0 -0.111748)
(0.562795 0 -0.164935)
(0.0513296 0 -0.854174)
(0.176977 0 -0.784355)
(0.262908 0 -0.669559)
(0.349139 0 -0.570426)
(0.416761 0 -0.489151)
(0.470873 0 -0.421347)
(0.511282 0 -0.363639)
(0.53856 0 -0.314083)
(0.553703 0 -0.270124)
(0.557313 0 -0.228964)
(0.554311 0 -0.187587)
(0.530559 0 -0.142034)
(0.450427 0 -0.0878337)
(0.311519 0 -0.0241379)
(0.17983 0 0.0396065)
(0.0863812 0 0.0868886)
(-0.0106023 0 0.118168)
(-0.104218 0 0.142324)
(-0.198634 0 0.162908)
(-0.288854 0 0.174661)
(-0.369938 0 0.175156)
(-0.438291 0 0.164205)
(-0.490521 0 0.142673)
(-0.523153 0 0.111561)
(-0.532366 0 0.0717713)
(-0.515431 0 0.0240567)
(-0.483454 0 -0.0330603)
(-0.415579 0 -0.0971274)
(-0.343601 0 -0.161069)
(-0.279364 0 -0.206486)
(0.00910489 0 -0.928866)
(0.0608048 0 -0.840702)
(0.0599103 0 -0.709092)
(0.0697279 0 -0.598199)
(0.0622355 0 -0.504694)
(0.0447252 0 -0.424922)
(0.0133743 0 -0.354867)
(-0.0326226 0 -0.292246)
(-0.0957208 0 -0.233013)
(-0.179537 0 -0.173044)
(-0.280637 0 -0.110137)
(-0.392173 0 -0.0465919)
(-0.505697 0 0.0109798)
(-0.588951 0 0.0547505)
(-0.67051 0 0.092562)
(-0.752494 0 0.130256)
(-0.831488 0 0.164943)
(-0.904827 0 0.189848)
(-0.970813 0 0.206338)
(-1.02705 0 0.211958)
(-1.07179 0 0.205023)
(-1.10398 0 0.185519)
(-1.12284 0 0.154433)
(-1.12765 0 0.113283)
(-1.11759 0 0.0639237)
(-1.09332 0 0.0077922)
(-1.06043 0 -0.0560708)
(-1.016 0 -0.123311)
(-0.977669 0 -0.184668)
(-0.956046 0 -0.226982)
(-0.0365173 0 -0.921011)
(-0.0655973 0 -0.810447)
(-0.151006 0 -0.669112)
(-0.22391 0 -0.550924)
(-0.309271 0 -0.449316)
(-0.402109 0 -0.361545)
(-0.503118 0 -0.283768)
(-0.611137 0 -0.213071)
(-0.723583 0 -0.14801)
(-0.837211 0 -0.0875456)
(-0.95037 0 -0.0306415)
(-1.05273 0 0.0212733)
(-1.13691 0 0.067814)
(-1.21879 0 0.110051)
(-1.29631 0 0.147757)
(-1.36824 0 0.180649)
(-1.43254 0 0.207991)
(-1.48763 0 0.226836)
(-1.53246 0 0.236129)
(-1.56633 0 0.234147)
(-1.58934 0 0.219823)
(-1.60212 0 0.193294)
(-1.60538 0 0.155599)
(-1.59958 0 0.108413)
(-1.58488 0 0.0537832)
(-1.56302 0 -0.00682572)
(-1.53424 0 -0.0729881)
(-1.50526 0 -0.139356)
(-1.48466 0 -0.198428)
(-1.47703 0 -0.239622)
(-0.0893145 0 -0.827974)
(-0.19743 0 -0.701201)
(-0.359913 0 -0.558997)
(-0.506688 0 -0.440538)
(-0.655066 0 -0.339796)
(-0.800087 0 -0.253833)
(-0.940358 0 -0.179163)
(-1.07478 0 -0.112825)
(-1.20276 0 -0.0528504)
(-1.32241 0 0.00146763)
(-1.42473 0 0.0485484)
(-1.51603 0 0.0906604)
(-1.60193 0 0.129355)
(-1.68126 0 0.165168)
(-1.7528 0 0.196859)
(-1.81545 0 0.223101)
(-1.86813 0 0.242693)
(-1.91018 0 0.253934)
(-1.94146 0 0.255636)
(-1.96238 0 0.246618)
(-1.97394 0 0.226239)
(-1.97746 0 0.194665)
(-1.9741 0 0.152748)
(-1.96465 0 0.10193)
(-1.94976 0 0.0440442)
(-1.93111 0 -0.0192677)
(-1.90851 0 -0.0853771)
(-1.89086 0 -0.149338)
(-1.88219 0 -0.20533)
(-1.88177 0 -0.243937)
(-0.144884 0 -0.656762)
(-0.323508 0 -0.52308)
(-0.551014 0 -0.389385)
(-0.752891 0 -0.28223)
(-0.942805 0 -0.193998)
(-1.1178 0 -0.119471)
(-1.27809 0 -0.0553612)
(-1.42192 0 -0.000935705)
(-1.54771 0 0.0449713)
(-1.65759 0 0.0850975)
(-1.75932 0 0.122274)
(-1.85246 0 0.156998)
(-1.937 0 0.188722)
(-2.01235 0 0.21696)
(-2.07787 0 0.240802)
(-2.13298 0 0.259111)
(-2.17728 0 0.270704)
(-2.21077 0 0.274337)
(-2.23394 0 0.269017)
(-2.24774 0 0.253914)
(-2.25356 0 0.228602)
(-2.25294 0 0.193184)
(-2.24718 0 0.148286)
(-2.23725 0 0.0950835)
(-2.22414 0 0.0352761)
(-2.20945 0 -0.0289008)
(-2.19482 0 -0.0935749)
(-2.18704 0 -0.154402)
(-2.18794 0 -0.206713)
(-2.19238 0 -0.241873)
(-0.199599 0 -0.421897)
(-0.439591 0 -0.298005)
(-0.718826 0 -0.181647)
(-0.957562 0 -0.0881709)
(-1.16819 0 -0.0182478)
(-1.35123 0 0.0337203)
(-1.51017 0 0.0743214)
(-1.65003 0 0.108684)
(-1.77622 0 0.140231)
(-1.89024 0 0.169681)
(-1.99315 0 0.197371)
(-2.08527 0 0.222929)
(-2.16683 0 0.245852)
(-2.23776 0 0.265403)
(-2.29789 0 0.280666)
(-2.3471 0 0.290634)
(-2.38547 0 0.29429)
(-2.41342 0 0.290665)
(-2.43177 0 0.278965)
(-2.44177 0 0.258578)
(-2.44499 0 0.229174)
(-2.44305 0 0.190777)
(-2.43743 0 0.143814)
(-2.42929 0 0.0892402)
(-2.41984 0 0.0287475)
(-2.41056 0 -0.034917)
(-2.40404 0 -0.0975264)
(-2.40545 0 -0.154984)
(-2.41479 0 -0.203352)
(-2.42324 0 -0.234915)
(-0.251431 0 -0.0961735)
(-0.533546 0 0.0218929)
(-0.836355 0 0.091015)
(-1.08561 0 0.131545)
(-1.30109 0 0.159658)
(-1.48905 0 0.182317)
(-1.65377 0 0.202033)
(-1.79898 0 0.220419)
(-1.92756 0 0.238095)
(-2.04162 0 0.255171)
(-2.14266 0 0.271619)
(-2.23162 0 0.286864)
(-2.30912 0 0.300142)
(-2.37545 0 0.310534)
(-2.43078 0 0.317065)
(-2.4753 0 0.318789)
(-2.50936 0 0.314836)
(-2.53364 0 0.304441)
(-2.54915 0 0.286992)
(-2.5573 0 0.262026)
(-2.55979 0 0.229268)
(-2.5584 0 0.188667)
(-2.55475 0 0.140458)
(-2.5502 0 0.085382)
(-2.54597 0 0.0251141)
(-2.5433 0 -0.0372231)
(-2.54501 0 -0.097307)
(-2.55542 0 -0.151295)
(-2.57274 0 -0.195752)
(-2.58491 0 -0.224007)
(-0.264861 0 0.289178)
(-0.569067 0 0.33509)
(-0.892112 0 0.346682)
(-1.15798 0 0.347345)
(-1.38498 0 0.343026)
(-1.57839 0 0.337871)
(-1.74431 0 0.334278)
(-1.88802 0 0.333397)
(-2.0135 0 0.335099)
(-2.12348 0 0.338598)
(-2.21982 0 0.343089)
(-2.30381 0 0.347624)
(-2.37634 0 0.351119)
(-2.43792 0 0.35242)
(-2.48888 0 0.35045)
(-2.52955 0 0.344294)
(-2.5604 0 0.333207)
(-2.58222 0 0.316598)
(-2.59617 0 0.294021)
(-2.60374 0 0.26515)
(-2.60677 0 0.229763)
(-2.60721 0 0.187738)
(-2.60693 0 0.139122)
(-2.60739 0 0.0843879)
(-2.60971 0 0.0250877)
(-2.61486 0 -0.0354444)
(-2.62535 0 -0.0927871)
(-2.64497 0 -0.143327)
(-2.67029 0 -0.18408)
(-2.68625 0 -0.209449)
(-0.277957 0 0.658774)
(-0.607917 0 0.67194)
(-0.950946 0 0.62714)
(-1.22236 0 0.576226)
(-1.44694 0 0.530127)
(-1.63358 0 0.492102)
(-1.79076 0 0.462792)
(-1.92527 0 0.44181)
(-2.042 0 0.427372)
(-2.14392 0 0.417322)
(-2.23289 0 0.410051)
(-2.31025 0 0.404218)
(-2.37701 0 0.398394)
(-2.43373 0 0.391119)
(-2.48071 0 0.381176)
(-2.51823 0 0.367684)
(-2.54678 0 0.35003)
(-2.56716 0 0.327796)
(-2.58057 0 0.300713)
(-2.58858 0 0.268606)
(-2.59315 0 0.231321)
(-2.59649 0 0.188688)
(-2.60072 0 0.140557)
(-2.60745 0 0.08707)
(-2.61762 0 0.0294591)
(-2.63191 0 -0.0289936)
(-2.65206 0 -0.0836562)
(-2.68142 0 -0.130917)
(-2.71519 0 -0.168266)
(-2.73523 0 -0.191165)
(-0.310975 0 1.08103)
(-0.676714 0 1.04039)
(-1.03209 0 0.915016)
(-1.29117 0 0.798637)
(-1.49555 0 0.70641)
(-1.66114 0 0.634549)
(-1.79846 0 0.579712)
(-1.91548 0 0.539922)
(-2.01777 0 0.51106)
(-2.10786 0 0.488815)
(-2.18691 0 0.470858)
(-2.25607 0 0.455713)
(-2.31636 0 0.441634)
(-2.36824 0 0.426736)
(-2.41176 0 0.409623)
(-2.44698 0 0.389497)
(-2.47426 0 0.365925)
(-2.49434 0 0.338683)
(-2.50835 0 0.307701)
(-2.5179 0 0.272997)
(-2.52507 0 0.234532)
(-2.53232 0 0.192117)
(-2.54213 0 0.145406)
(-2.55633 0 0.0941268)
(-2.57565 0 0.0389443)
(-2.60041 0 -0.0172419)
(-2.6316 0 -0.0695021)
(-2.67155 0 -0.113781)
(-2.71459 0 -0.148056)
(-2.73923 0 -0.168842)
(-0.377886 0 1.56612)
(-0.800982 0 1.44276)
(-1.15875 0 1.19437)
(-1.37618 0 0.992818)
(-1.53536 0 0.855715)
(-1.66376 0 0.75405)
(-1.76945 0 0.676527)
(-1.86016 0 0.62174)
(-1.94249 0 0.582607)
(-2.01741 0 0.550854)
(-2.08412 0 0.524013)
(-2.14341 0 0.501292)
(-2.19652 0 0.480707)
(-2.24372 0 0.459629)
(-2.28452 0 0.436426)
(-2.31856 0 0.410515)
(-2.34599 0 0.381751)
(-2.36734 0 0.350126)
(-2.3836 0 0.315803)
(-2.39624 0 0.279064)
(-2.4074 0 0.240069)
(-2.41976 0 0.198652)
(-2.43621 0 0.15428)
(-2.45899 0 0.10619)
(-2.48873 0 0.0542217)
(-2.52521 0 0.000565792)
(-2.56943 0 -0.0497089)
(-2.6215 0 -0.0914607)
(-2.675 0 -0.122919)
(-2.705 0 -0.141804)
(-0.528547 0 2.35819)
(-1.02241 0 2.00288)
(-1.36999 0 1.47059)
(-1.48983 0 1.11786)
(-1.56384 0 0.953894)
(-1.63941 0 0.839829)
(-1.70261 0 0.744931)
(-1.75745 0 0.68091)
(-1.81487 0 0.639095)
(-1.87239 0 0.60146)
(-1.92434 0 0.567679)
(-1.97145 0 0.539663)
(-2.01624 0 0.515201)
(-2.05881 0 0.48999)
(-2.09764 0 0.462078)
(-2.13176 0 0.43145)
(-2.16111 0 0.398416)
(-2.18601 0 0.363164)
(-2.20703 0 0.326063)
(-2.22531 0 0.287734)
(-2.24277 0 0.248657)
(-2.26217 0 0.20881)
(-2.28681 0 0.167587)
(-2.3195 0 0.123761)
(-2.36101 0 0.0760828)
(-2.41062 0 0.0255752)
(-2.46936 0 -0.022896)
(-2.53673 0 -0.0629628)
(-2.60233 0 -0.091834)
(-2.63877 0 -0.108987)
(9.9959 0 0.13856)
(9.98222 0 0.275486)
(9.95803 0 0.412925)
(9.92439 0 0.552841)
(9.88218 0 0.696909)
(9.8318 0 0.846678)
(9.77348 0 1.00365)
(9.70747 0 1.1693)
(9.63404 0 1.34507)
(9.55347 0 1.53244)
(9.46602 0 1.73288)
(9.37196 0 1.94794)
(9.27156 0 2.17924)
(9.16508 0 2.42851)
(9.05275 0 2.69766)
(8.93482 0 2.98882)
(8.81146 0 3.30442)
(8.68282 0 3.64735)
(8.54898 0 4.0211)
(8.40995 0 4.43004)
(8.26566 0 4.87978)
(8.11602 0 5.37777)
(7.96101 0 5.93415)
(7.80094 0 6.56324)
(7.6371 0 7.28607)
(7.47459 0 8.13519)
(7.32695 0 9.16453)
(7.28487 0 10.4676)
(7.74882 0 12.1894)
(7.9446 0 14.9061)
(9.99638 0 0.143529)
(9.98431 0 0.285361)
(9.96298 0 0.427685)
(9.93337 0 0.572497)
(9.89632 0 0.721484)
(9.85226 0 0.876204)
(9.80145 0 1.03816)
(9.74423 0 1.20882)
(9.68094 0 1.38963)
(9.61195 0 1.58205)
(9.53765 0 1.78755)
(9.45846 0 2.00766)
(9.37481 0 2.24397)
(9.28718 0 2.4982)
(9.1961 0 2.77224)
(9.10214 0 3.06818)
(9.00595 0 3.38845)
(8.90828 0 3.73588)
(8.81006 0 4.11389)
(8.71245 0 4.52674)
(8.61709 0 4.97983)
(8.52635 0 5.48014)
(8.44395 0 6.03696)
(8.3762 0 6.66282)
(8.33432 0 7.37486)
(8.3405 0 8.19636)
(8.43375 0 9.15725)
(8.67023 0 10.2904)
(9.31896 0 11.5394)
(9.81314 0 12.6156)
(9.99688 0 0.147975)
(9.98647 0 0.294193)
(9.96811 0 0.440868)
(9.94268 0 0.590013)
(9.91096 0 0.74332)
(9.8734 0 0.902338)
(9.83033 0 1.06856)
(9.78213 0 1.24343)
(9.72922 0 1.42839)
(9.67206 0 1.62486)
(9.61118 0 1.83427)
(9.54711 0 2.05809)
(9.48048 0 2.29788)
(9.41198 0 2.55529)
(9.34241 0 2.83211)
(9.27269 0 3.13033)
(9.20391 0 3.45221)
(9.13742 0 3.80037)
(9.07489 0 4.17791)
(9.01854 0 4.58858)
(8.97138 0 5.03695)
(8.9377 0 5.52865)
(8.92379 0 6.07063)
(8.93917 0 6.67121)
(8.99833 0 7.33972)
(9.12341 0 8.08464)
(9.34535 0 8.90756)
(9.67342 0 9.79687)
(10.2366 0 10.7004)
(10.9201 0 11.4064)
(9.99739 0 0.151846)
(9.9887 0 0.301875)
(9.97339 0 0.452308)
(9.95224 0 0.605161)
(9.92598 0 0.762116)
(9.89507 0 0.924706)
(9.85989 0 1.0944)
(9.82086 0 1.27262)
(9.77849 0 1.46075)
(9.73333 0 1.66017)
(9.686 0 1.87224)
(9.63717 0 2.09838)
(9.58764 0 2.34004)
(9.5383 0 2.59875)
(9.49019 0 2.87616)
(9.44455 0 3.17405)
(9.40285 0 3.49443)
(9.36692 0 3.83953)
(9.33905 0 4.21193)
(9.3222 0 4.61457)
(9.3203 0 5.05084)
(9.33863 0 5.52454)
(9.38443 0 6.03975)
(9.46756 0 6.60038)
(9.60119 0 7.20911)
(9.80205 0 7.86547)
(10.0927 0 8.5622)
(10.4817 0 9.28443)
(11.0352 0 10.0219)
(11.8223 0 10.6614)
(9.99792 0 0.155096)
(9.99098 0 0.308315)
(9.97876 0 0.46187)
(9.96197 0 0.617761)
(9.94125 0 0.777652)
(9.91708 0 0.943047)
(9.88987 0 1.11538)
(9.86011 0 1.29602)
(9.82834 0 1.4863)
(9.79521 0 1.68753)
(9.76143 0 1.901)
(9.72779 0 2.128)
(9.69523 0 2.36988)
(9.66481 0 2.62798)
(9.63777 0 2.90377)
(9.6156 0 3.19876)
(9.60008 0 3.51459)
(9.59337 0 3.85303)
(9.59814 0 4.216)
(9.61779 0 4.60551)
(9.65661 0 5.02364)
(9.7201 0 5.47239)
(9.81532 0 5.95334)
(9.95116 0 6.46712)
(10.1386 0 7.01263)
(10.3906 0 7.58591)
(10.7244 0 8.1788)
(11.1514 0 8.77659)
(11.6942 0 9.36775)
(12.4408 0 9.87757)
(9.99845 0 0.157679)
(9.99327 0 0.313427)
(9.98419 0 0.469426)
(9.97179 0 0.627648)
(9.95665 0 0.789725)
(9.93925 0 0.957119)
(9.92002 0 1.13121)
(9.89951 0 1.31332)
(9.87831 0 1.50471)
(9.85713 0 1.70659)
(9.83675 0 1.92015)
(9.81807 0 2.14657)
(9.80213 0 2.38701)
(9.79012 0 2.64265)
(9.78344 0 2.91468)
(9.78373 0 3.20433)
(9.79297 0 3.51282)
(9.8135 0 3.8414)
(9.84817 0 4.19127)
(9.90046 0 4.56355)
(9.97463 0 4.95912)
(10.0759 0 5.37843)
(10.2105 0 5.82121)
(10.386 0 6.28597)
(10.6111 0 6.76945)
(10.8954 0 7.26587)
(11.25 0 7.766)
(11.6828 0 8.25434)
(12.1944 0 8.71428)
(12.8637 0 9.10444)
(9.99898 0 0.159559)
(9.99557 0 0.317135)
(9.98963 0 0.474863)
(9.98162 0 0.634674)
(9.97205 0 0.798153)
(9.96137 0 0.966712)
(9.95008 0 1.14167)
(9.93872 0 1.32427)
(9.92795 0 1.5157)
(9.9185 0 1.71706)
(9.91123 0 1.92942)
(9.90709 0 2.15381)
(9.9072 0 2.39122)
(9.91284 0 2.64262)
(9.92549 0 2.90892)
(9.94689 0 3.191)
(9.97906 0 3.48969)
(10.0244 0 3.8057)
(10.0857 0 4.13957)
(10.1664 0 4.49161)
(10.2702 0 4.86169)
(10.4019 0 5.24912)
(10.5667 0 5.65231)
(10.7704 0 6.06845)
(11.0195 0 6.49306)
(11.3202 0 6.91948)
(11.6786 0 7.33838)
(12.0987 0 7.73641)
(12.5744 0 8.09914)
(13.174 0 8.40618)
(9.9995 0 0.1607)
(9.99786 0 0.31937)
(9.99503 0 0.478084)
(9.99137 0 0.638712)
(9.9873 0 0.802785)
(9.98327 0 0.971652)
(9.97977 0 1.14656)
(9.97739 0 1.32867)
(9.97679 0 1.51907)
(9.97874 0 1.71875)
(9.98412 0 1.92865)
(9.99393 0 2.14964)
(10.0093 0 2.38251)
(10.0316 0 2.628)
(10.0623 0 2.88677)
(10.1032 0 3.15936)
(10.1561 0 3.44618)
(10.2236 0 3.74748)
(10.308 0 4.06321)
(10.4126 0 4.39301)
(10.5406 0 4.73602)
(10.6959 0 5.09071)
(10.8826 0 5.45469)
(11.105 0 5.82447)
(11.3673 0 6.19515)
(11.6732 0 6.56022)
(12.0255 0 6.91145)
(12.4257 0 7.2386)
(12.8662 0 7.53065)
(13.4043 0 7.77639)
(10 0 0.161074)
(10.0001 0 0.320079)
(10.0003 0 0.479007)
(10.001 0 0.639662)
(10.0023 0 0.803503)
(10.0047 0 0.971809)
(10.0088 0 1.14575)
(10.0152 0 1.32639)
(10.0244 0 1.51471)
(10.0373 0 1.71158)
(10.0547 0 1.9178)
(10.0777 0 2.13408)
(10.1075 0 2.36102)
(10.1453 0 2.59913)
(10.1925 0 2.8488)
(10.251 0 3.11027)
(10.3224 0 3.3836)
(10.409 0 3.66859)
(10.5131 0 3.96478)
(10.6372 0 4.27126)
(10.7842 0 4.58668)
(10.9571 0 4.909)
(11.1587 0 5.23547)
(11.3921 0 5.56237)
(11.6598 0 5.88499)
(11.9636 0 6.19753)
(12.3043 0 6.49315)
(12.6817 0 6.76412)
(13.0881 0 7.00217)
(13.5717 0 7.20052)
(10.0005 0 0.160661)
(10.0023 0 0.319218)
(10.0055 0 0.477574)
(10.0103 0 0.637447)
(10.0168 0 0.800222)
(10.0256 0 0.967097)
(10.037 0 1.13915)
(10.0517 0 1.31735)
(10.0703 0 1.50257)
(10.0935 0 1.69556)
(10.1224 0 1.89696)
(10.1577 0 2.10733)
(10.2008 0 2.32709)
(10.2527 0 2.55652)
(10.3149 0 2.79579)
(10.3889 0 3.04485)
(10.4764 0 3.30347)
(10.5793 0 3.57112)
(10.6995 0 3.84698)
(10.8392 0 4.12983)
(11.0005 0 4.41799)
(11.1856 0 4.70921)
(11.3966 0 5.00062)
(11.6352 0 5.28868)
(11.9026 0 5.56911)
(12.1996 0 5.83699)
(12.5256 0 6.08682)
(12.8794 0 6.31277)
(13.2538 0 6.50887)
(13.6903 0 6.67101)
(10.001 0 0.159444)
(10.0044 0 0.316758)
(10.0105 0 0.473743)
(10.0193 0 0.632021)
(10.0309 0 0.792895)
(10.0457 0 0.957475)
(10.0641 0 1.12675)
(10.0866 0 1.30158)
(10.1141 0 1.48272)
(10.1471 0 1.67081)
(10.1865 0 1.86635)
(10.2332 0 2.06973)
(10.2883 0 2.2812)
(10.353 0 2.50088)
(10.4284 0 2.72869)
(10.5159 0 2.96438)
(10.6171 0 3.20747)
(10.7335 0 3.4572)
(10.8666 0 3.71252)
(11.0181 0 3.97201)
(11.1897 0 4.23385)
(11.3827 0 4.49576)
(11.5985 0 4.75499)
(11.838 0 5.00832)
(12.1014 0 5.25204)
(12.3886 0 5.48211)
(12.6985 0 5.69421)
(13.0291 0 5.88406)
(13.3744 0 6.04745)
(13.7705 0 6.1819)
(10.0015 0 0.157416)
(10.0065 0 0.312685)
(10.0153 0 0.467496)
(10.0279 0 0.623368)
(10.0443 0 0.781512)
(10.0648 0 0.94295)
(10.0897 0 1.10857)
(10.1198 0 1.27914)
(10.1555 0 1.45529)
(10.1974 0 1.63754)
(10.2465 0 1.82626)
(10.3036 0 2.02171)
(10.3695 0 2.22398)
(10.4454 0 2.43302)
(10.5323 0 2.64859)
(10.6314 0 2.87025)
(10.7439 0 3.09736)
(10.8711 0 3.329)
(11.0141 0 3.56398)
(11.1743 0 3.80082)
(11.3527 0 4.03768)
(11.5501 0 4.27239)
(11.7673 0 4.50243)
(12.0044 0 4.72498)
(12.2613 0 4.93694)
(12.5371 0 5.13506)
(12.8304 0 5.31606)
(13.1393 0 5.4768)
(13.4583 0 5.6144)
(13.8197 0 5.72738)
(10.0019 0 0.154575)
(10.0084 0 0.306998)
(10.0198 0 0.458834)
(10.0361 0 0.611497)
(10.057 0 0.766102)
(10.0828 0 0.923575)
(10.1139 0 1.08471)
(10.1508 0 1.25017)
(10.1941 0 1.42048)
(10.2443 0 1.59604)
(10.3022 0 1.77712)
(10.3684 0 1.96383)
(10.4439 0 2.15615)
(10.5295 0 2.35387)
(10.6262 0 2.55664)
(10.7349 0 2.76389)
(10.8565 0 2.97486)
(10.9921 0 3.18856)
(11.1425 0 3.40376)
(11.3086 0 3.61895)
(11.4909 0 3.83242)
(11.6899 0 4.04215)
(11.9058 0 4.24593)
(12.1384 0 4.44136)
(12.3871 0 4.62591)
(12.6508 0 4.79704)
(12.9279 0 4.95227)
(13.2165 0 5.08936)
(13.5121 0 5.20633)
(13.8436 0 5.30236)
(10.0024 0 0.150927)
(10.0102 0 0.299708)
(10.0241 0 0.447782)
(10.0437 0 0.596449)
(10.0688 0 0.746726)
(10.0996 0 0.899447)
(10.1364 0 1.05531)
(10.1796 0 1.21487)
(10.2298 0 1.37857)
(10.2874 0 1.5467)
(10.3531 0 1.71941)
(10.4274 0 1.89671)
(10.5112 0 2.07847)
(10.6051 0 2.2644)
(10.7099 0 2.45403)
(10.8263 0 2.64673)
(10.9551 0 2.84167)
(11.0969 0 3.03784)
(11.2524 0 3.23401)
(11.4219 0 3.42877)
(11.6059 0 3.62053)
(11.8043 0 3.8075)
(12.0171 0 3.98779)
(12.2437 0 4.15939)
(12.4833 0 4.3203)
(12.7347 0 4.46855)
(12.9963 0 4.60229)
(13.2664 0 4.71995)
(13.5411 0 4.82021)
(13.8467 0 4.90263)
(10.0027 0 0.146485)
(10.0119 0 0.290842)
(10.0281 0 0.434382)
(10.0508 0 0.578288)
(10.0798 0 0.723481)
(10.1151 0 0.870701)
(10.1571 0 1.02055)
(10.206 0 1.1735)
(10.2624 0 1.32989)
(10.3265 0 1.48992)
(10.399 0 1.65366)
(10.4804 0 1.82102)
(10.5712 0 1.9918)
(10.672 0 2.16562)
(10.7833 0 2.34197)
(10.9058 0 2.52017)
(11.04 0 2.69938)
(11.1862 0 2.87859)
(11.3447 0 3.05667)
(11.5159 0 3.23229)
(11.6997 0 3.40404)
(11.8959 0 3.57038)
(12.1042 0 3.72971)
(12.3238 0 3.88041)
(12.5539 0 4.02089)
(12.7932 0 4.14964)
(13.0402 0 4.26534)
(13.2933 0 4.36688)
(13.5494 0 4.45338)
(13.8325 0 4.5247)
(10.0031 0 0.141267)
(10.0134 0 0.280438)
(10.0317 0 0.418694)
(10.0573 0 0.557104)
(10.0898 0 0.696492)
(10.1292 0 0.837506)
(10.1759 0 0.980661)
(10.2299 0 1.12634)
(10.2917 0 1.27481)
(10.3616 0 1.42618)
(10.44 0 1.58045)
(10.5273 0 1.73747)
(10.6239 0 1.89697)
(10.7303 0 2.05853)
(10.8469 0 2.22161)
(10.9739 0 2.38551)
(11.1118 0 2.54943)
(11.2608 0 2.71241)
(11.4208 0 2.87339)
(11.5921 0 3.03121)
(11.7743 0 3.18461)
(11.9671 0 3.3323)
(12.1699 0 3.47296)
(12.382 0 3.60529)
(12.6025 0 3.72804)
(12.8301 0 3.84011)
(13.0636 0 3.94053)
(13.3014 0 4.02853)
(13.5408 0 4.10357)
(13.8042 0 4.16565)
(10.0034 0 0.135296)
(10.0148 0 0.268542)
(10.035 0 0.400793)
(10.0632 0 0.533006)
(10.0988 0 0.665907)
(10.142 0 0.80006)
(10.1927 0 0.935899)
(10.2513 0 1.07373)
(10.3179 0 1.21374)
(10.3927 0 1.35599)
(10.4761 0 1.5004)
(10.5683 0 1.64678)
(10.6697 0 1.79482)
(10.7805 0 1.94409)
(10.9009 0 2.09403)
(11.0312 0 2.24397)
(11.1715 0 2.39314)
(11.3218 0 2.54067)
(11.4821 0 2.6856)
(11.6522 0 2.82691)
(11.8317 0 2.96353)
(12.0203 0 3.09439)
(12.2172 0 3.2184)
(12.4216 0 3.33454)
(12.6326 0 3.44187)
(12.8492 0 3.53955)
(13.07 0 3.6269)
(13.2938 0 3.70342)
(13.5184 0 3.76877)
(13.7644 0 3.82304)
(10.0037 0 0.128599)
(10.0161 0 0.255212)
(10.0379 0 0.380769)
(10.0684 0 0.506118)
(10.1069 0 0.631894)
(10.1533 0 0.758582)
(10.2077 0 0.886539)
(10.2702 0 1.01601)
(10.3408 0 1.1471)
(10.4198 0 1.27983)
(10.5073 0 1.41409)
(10.6036 0 1.54964)
(10.7087 0 1.68615)
(10.8228 0 1.8232)
(10.946 0 1.96023)
(11.0784 0 2.09662)
(11.22 0 2.23165)
(11.3706 0 2.36455)
(11.5301 0 2.49446)
(11.6981 0 2.62052)
(11.8742 0 2.74181)
(12.058 0 2.85746)
(12.2486 0 2.9666)
(12.4453 0 3.06844)
(12.6472 0 3.16226)
(12.8533 0 3.24744)
(13.0625 0 3.32353)
(13.2738 0 3.39018)
(13.4851 0 3.44722)
(13.7157 0 3.4948)
(10.004 0 0.121208)
(10.0172 0 0.240509)
(10.0406 0 0.358718)
(10.0731 0 0.476577)
(10.1141 0 0.594637)
(10.1633 0 0.713305)
(10.2208 0 0.832873)
(10.2866 0 0.95352)
(10.3607 0 1.07532)
(10.4432 0 1.19823)
(10.534 0 1.32211)
(10.6334 0 1.44672)
(10.7414 0 1.57172)
(10.8579 0 1.69669)
(10.9829 0 1.82112)
(11.1165 0 1.94442)
(11.2584 0 2.06596)
(11.4084 0 2.18503)
(11.5663 0 2.30093)
(11.7316 0 2.41289)
(11.9038 0 2.52018)
(12.0824 0 2.62207)
(12.2667 0 2.71789)
(12.4559 0 2.80703)
(12.6492 0 2.88893)
(12.8456 0 2.96319)
(13.0441 0 3.02946)
(13.2439 0 3.08754)
(13.4434 0 3.13737)
(13.6604 0 3.1791)
(10.0042 0 0.113155)
(10.0182 0 0.224501)
(10.0429 0 0.334744)
(10.0772 0 0.444527)
(10.1204 0 0.554321)
(10.172 0 0.664467)
(10.2322 0 0.775193)
(10.3008 0 0.88663)
(10.3777 0 0.998807)
(10.4629 0 1.11166)
(10.5565 0 1.22502)
(10.6583 0 1.33865)
(10.7683 0 1.45221)
(10.8864 0 1.56531)
(11.0125 0 1.67747)
(11.1464 0 1.78818)
(11.2879 0 1.89686)
(11.4367 0 2.00292)
(11.5924 0 2.10572)
(11.7545 0 2.20467)
(11.9226 0 2.29913)
(12.096 0 2.38855)
(12.274 0 2.47239)
(12.456 0 2.55018)
(12.6411 0 2.62152)
(12.8285 0 2.68612)
(13.0173 0 2.74376)
(13.2068 0 2.79432)
(13.3956 0 2.8378)
(13.6006 0 2.87438)
(10.0044 0 0.104474)
(10.0191 0 0.207255)
(10.0449 0 0.308949)
(10.0808 0 0.410112)
(10.1258 0 0.511138)
(10.1795 0 0.612305)
(10.2419 0 0.71379)
(10.3128 0 0.815678)
(10.392 0 0.917969)
(10.4795 0 1.02057)
(10.575 0 1.12333)
(10.6786 0 1.22598)
(10.7899 0 1.32823)
(10.909 0 1.42969)
(11.0355 0 1.52996)
(11.1691 0 1.62857)
(11.3097 0 1.72501)
(11.4568 0 1.81879)
(11.6099 0 1.90938)
(11.7686 0 1.99626)
(11.9324 0 2.07896)
(12.1006 0 2.15702)
(12.2727 0 2.23002)
(12.4478 0 2.29761)
(12.6253 0 2.35951)
(12.8045 0 2.41552)
(12.9845 0 2.46549)
(13.1648 0 2.50937)
(13.3441 0 2.5472)
(13.5383 0 2.57915)
(10.0046 0 0.0951963)
(10.0198 0 0.188835)
(10.0466 0 0.281436)
(10.0838 0 0.373472)
(10.1304 0 0.46527)
(10.1859 0 0.557048)
(10.2501 0 0.648937)
(10.3228 0 0.740987)
(10.4039 0 0.833174)
(10.493 0 0.925398)
(10.5901 0 1.01749)
(10.6948 0 1.10922)
(10.8071 0 1.2003)
(10.9265 0 1.29039)
(11.0529 0 1.37914)
(11.1858 0 1.46612)
(11.325 0 1.55092)
(11.47 0 1.63311)
(11.6204 0 1.71226)
(11.7757 0 1.78796)
(11.9352 0 1.85981)
(12.0984 0 1.92746)
(12.2647 0 1.9906)
(12.4335 0 2.04896)
(12.6041 0 2.10235)
(12.7757 0 2.15063)
(12.9479 0 2.19372)
(13.1199 0 2.23161)
(13.2907 0 2.26434)
(13.4755 0 2.2921)
(10.0047 0 0.0853493)
(10.0205 0 0.169299)
(10.0481 0 0.252297)
(10.0865 0 0.334741)
(10.1343 0 0.416891)
(10.1912 0 0.49891)
(10.2569 0 0.580888)
(10.3312 0 0.662848)
(10.4136 0 0.744748)
(10.504 0 0.826482)
(10.6021 0 0.907889)
(10.7076 0 0.988755)
(10.8202 0 1.06882)
(10.9397 0 1.1478)
(11.0655 0 1.22536)
(11.1975 0 1.30117)
(11.3351 0 1.37486)
(11.4779 0 1.44608)
(11.6255 0 1.51448)
(11.7772 0 1.57974)
(11.9326 0 1.64154)
(12.0912 0 1.6996)
(12.2522 0 1.7537)
(12.4151 0 1.80365)
(12.5794 0 1.8493)
(12.7443 0 1.89057)
(12.9094 0 1.92741)
(13.0741 0 1.95985)
(13.2375 0 1.98793)
(13.414 0 2.01184)
(10.0049 0 0.0749539)
(10.0211 0 0.148692)
(10.0495 0 0.22161)
(10.0887 0 0.294035)
(10.1377 0 0.366157)
(10.1958 0 0.43809)
(10.2627 0 0.509885)
(10.338 0 0.581545)
(10.4215 0 0.653017)
(10.5128 0 0.724194)
(10.6116 0 0.794924)
(10.7175 0 0.865017)
(10.8302 0 0.934245)
(10.9493 0 1.00235)
(11.0744 0 1.06907)
(11.2051 0 1.13411)
(11.341 0 1.19718)
(11.4816 0 1.25798)
(11.6264 0 1.31625)
(11.7748 0 1.37171)
(11.9264 0 1.42413)
(12.0806 0 1.4733)
(12.2368 0 1.51905)
(12.3944 0 1.56124)
(12.5531 0 1.59978)
(12.712 0 1.63462)
(12.8709 0 1.66574)
(13.0292 0 1.69316)
(13.1861 0 1.71696)
(13.3553 0 1.73729)
(10.005 0 0.0640168)
(10.0216 0 0.12704)
(10.0507 0 0.189435)
(10.0908 0 0.251449)
(10.1406 0 0.313191)
(10.1997 0 0.374718)
(10.2675 0 0.436055)
(10.3437 0 0.497191)
(10.428 0 0.558067)
(10.5199 0 0.618586)
(10.619 0 0.678609)
(10.7251 0 0.737971)
(10.8376 0 0.796479)
(10.9562 0 0.853919)
(11.0804 0 0.910063)
(11.2098 0 0.964677)
(11.344 0 1.01752)
(11.4824 0 1.06837)
(11.6245 0 1.117)
(11.7699 0 1.16321)
(11.918 0 1.20682)
(12.0682 0 1.24767)
(12.2201 0 1.28563)
(12.3732 0 1.32061)
(12.5268 0 1.35255)
(12.6806 0 1.38141)
(12.8341 0 1.40721)
(12.9868 0 1.42997)
(13.1382 0 1.44975)
(13.3013 0 1.4667)
(10.0051 0 0.0525176)
(10.0222 0 0.104329)
(10.0519 0 0.155813)
(10.0927 0 0.207113)
(10.1433 0 0.258225)
(10.2031 0 0.309147)
(10.2716 0 0.359877)
(10.3484 0 0.410388)
(10.4332 0 0.460617)
(10.5255 0 0.51047)
(10.6248 0 0.55983)
(10.7308 0 0.608555)
(10.843 0 0.656486)
(10.961 0 0.703451)
(11.0843 0 0.749269)
(11.2124 0 0.793753)
(11.3449 0 0.836719)
(11.4813 0 0.877989)
(11.6211 0 0.917395)
(11.7637 0 0.954783)
(11.9087 0 0.99002)
(12.0555 0 1.02299)
(12.2037 0 1.05361)
(12.3527 0 1.08181)
(12.5022 0 1.10754)
(12.6516 0 1.13081)
(12.8005 0 1.15162)
(12.9485 0 1.17)
(13.0952 0 1.18601)
(13.253 0 1.19976)
(10.0053 0 0.0403737)
(10.0229 0 0.0804528)
(10.0534 0 0.12059)
(10.0949 0 0.160723)
(10.1462 0 0.200744)
(10.2065 0 0.240635)
(10.2756 0 0.280392)
(10.3529 0 0.319981)
(10.438 0 0.359336)
(10.5305 0 0.398372)
(10.6298 0 0.436988)
(10.7356 0 0.475069)
(10.8474 0 0.512486)
(10.9647 0 0.549103)
(11.0871 0 0.584776)
(11.2141 0 0.619363)
(11.3451 0 0.652724)
(11.4797 0 0.684723)
(11.6174 0 0.715237)
(11.7576 0 0.744152)
(11.9 0 0.771372)
(12.0439 0 0.796816)
(12.189 0 0.820423)
(12.3347 0 0.84215)
(12.4807 0 0.861973)
(12.6265 0 0.879888)
(12.7717 0 0.895909)
(12.9159 0 0.910066)
(13.0587 0 0.922402)
(13.2124 0 0.933006)
(10.0056 0 0.0274021)
(10.0239 0 0.0557548)
(10.0552 0 0.084851)
(10.0973 0 0.114026)
(10.1491 0 0.143051)
(10.2098 0 0.171946)
(10.2793 0 0.200726)
(10.3569 0 0.229356)
(10.4423 0 0.257781)
(10.5348 0 0.285938)
(10.6341 0 0.313756)
(10.7397 0 0.341156)
(10.8512 0 0.368047)
(10.9679 0 0.394335)
(11.0895 0 0.41992)
(11.2154 0 0.444704)
(11.3451 0 0.468589)
(11.4783 0 0.491483)
(11.6143 0 0.513301)
(11.7526 0 0.533966)
(11.8928 0 0.553413)
(12.0345 0 0.571589)
(12.1771 0 0.588454)
(12.3202 0 0.603981)
(12.4634 0 0.618156)
(12.6063 0 0.630978)
(12.7486 0 0.642461)
(12.8898 0 0.652628)
(13.0296 0 0.661511)
(13.1798 0 0.669181)
(10.0068 0 0.011294)
(10.0271 0 0.0266827)
(10.0595 0 0.0439707)
(10.102 0 0.0615531)
(10.1539 0 0.0791109)
(10.2148 0 0.0966868)
(10.2844 0 0.114275)
(10.3621 0 0.131817)
(10.4474 0 0.149251)
(10.5399 0 0.166523)
(10.639 0 0.183581)
(10.7443 0 0.200368)
(10.8552 0 0.216824)
(10.9714 0 0.232888)
(11.0923 0 0.248497)
(11.2174 0 0.263592)
(11.3461 0 0.278113)
(11.4781 0 0.292005)
(11.6128 0 0.305218)
(11.7498 0 0.31771)
(11.8885 0 0.329444)
(12.0284 0 0.340389)
(12.1693 0 0.350527)
(12.3105 0 0.359843)
(12.4518 0 0.368334)
(12.5927 0 0.376003)
(12.7329 0 0.382862)
(12.8721 0 0.388929)
(13.0098 0 0.394233)
(13.1579 0 0.398832)
(9.9959 0 0.000940425)
(10.007 0 0.00499043)
(10.0278 0 0.0103191)
(10.0579 0 0.0158849)
(10.0978 0 0.0215261)
(10.1473 0 0.0272698)
(10.2059 0 0.0331064)
(10.2732 0 0.0390013)
(10.3485 0 0.0449224)
(10.4315 0 0.0508435)
(10.5216 0 0.0567402)
(10.6183 0 0.0625877)
(10.7212 0 0.0683601)
(10.8297 0 0.0740311)
(10.9433 0 0.0795744)
(11.0615 0 0.0849642)
(11.1837 0 0.0901756)
(11.3095 0 0.0951854)
(11.4383 0 0.0999721)
(11.5696 0 0.104517)
(11.7028 0 0.108804)
(11.8377 0 0.112819)
(11.9735 0 0.116553)
(12.11 0 0.119998)
(12.2467 0 0.123152)
(12.3832 0 0.126013)
(12.5191 0 0.128583)
(12.6542 0 0.130868)
(12.788 0 0.132871)
(12.9319 0 0.134623)
(9.46845 0 13.0591)
(6.25998 0 10.7056)
(-0.874896 0 5.5546)
(10.3585 0 11.1683)
(9.79124 0 9.83146)
(8.20151 0 8.04101)
(11.436 0 11.0921)
(11.6425 0 10.5252)
(11.3791 0 9.61799)
(12.3189 0 10.7133)
(12.6581 0 10.5425)
(12.7583 0 10.1263)
(12.8814 0 9.98793)
(13.2462 0 9.97941)
(13.4841 0 9.8407)
(13.255 0 9.22157)
(13.6123 0 9.27883)
(13.8915 0 9.26893)
(13.5223 0 8.51296)
(13.8515 0 8.58636)
(14.1227 0 8.6229)
(13.7134 0 7.8658)
(14.0084 0 7.93382)
(14.2553 0 7.98004)
(13.8467 0 7.27387)
(14.1097 0 7.3318)
(14.3306 0 7.37525)
(13.9364 0 6.73168)
(14.1717 0 6.78042)
(14.3693 0 6.81845)
(13.9923 0 6.23275)
(14.204 0 6.27403)
(14.3817 0 6.30689)
(14.021 0 5.77053)
(14.2128 0 5.80588)
(14.3737 0 5.83445)
(14.0274 0 5.33941)
(14.2024 0 5.37002)
(14.3492 0 5.39511)
(14.0156 0 4.93475)
(14.1762 0 4.96153)
(14.311 0 4.98375)
(13.9885 0 4.55276)
(14.1368 0 4.57636)
(14.2612 0 4.59617)
(13.949 0 4.19031)
(14.0866 0 4.21121)
(14.2021 0 4.22896)
(13.8994 0 3.84479)
(14.0277 0 3.86336)
(14.1354 0 3.87929)
(13.8421 0 3.51401)
(13.9622 0 3.53054)
(14.063 0 3.54484)
(13.7792 0 3.19609)
(13.892 0 3.21079)
(13.9869 0 3.22361)
(13.7126 0 2.88936)
(13.8191 0 2.90241)
(13.9086 0 2.91387)
(13.6444 0 2.59232)
(13.7453 0 2.60385)
(13.8301 0 2.61404)
(13.5764 0 2.30361)
(13.6723 0 2.31372)
(13.7529 0 2.32272)
(13.5103 0 2.02179)
(13.6018 0 2.03058)
(13.6788 0 2.03843)
(13.4476 0 1.74579)
(13.5354 0 1.75333)
(13.6092 0 1.76009)
(13.3902 0 1.4738)
(13.4746 0 1.48012)
(13.5458 0 1.48581)
(13.339 0 1.20556)
(13.4207 0 1.21072)
(13.4897 0 1.21539)
(13.2961 0 0.937467)
(13.3756 0 0.941446)
(13.4426 0 0.945051)
(13.2617 0 0.67242)
(13.3395 0 0.675308)
(13.4052 0 0.677922)
(13.2384 0 0.400706)
(13.315 0 0.402315)
(13.3795 0 0.40375)
(13.0102 0 0.135289)
(13.0848 0 0.135827)
(13.1478 0 0.136315)
(-2.51416 0 1.70002)
(-1.57279 0 1.58383)
(-1.83843 0 1.14363)
(-1.67669 0 1.01939)
(-1.55315 0 1.02748)
(-1.57018 0 0.924986)
(-1.58867 0 0.78106)
(-1.59469 0 0.705056)
(-1.62214 0 0.678593)
(-1.66229 0 0.640194)
(-1.69596 0 0.600531)
(-1.72615 0 0.569846)
(-1.7598 0 0.545697)
(-1.79698 0 0.519245)
(-1.83395 0 0.488289)
(-1.86902 0 0.45433)
(-1.90244 0 0.418369)
(-1.93449 0 0.38053)
(-1.965 0 0.341229)
(-1.99416 0 0.301581)
(-2.02312 0 0.262705)
(-2.05419 0 0.224956)
(-2.09087 0 0.18769)
(-2.13678 0 0.149115)
(-2.19315 0 0.106584)
(-2.25864 0 0.0595168)
(-2.33364 0 0.0126588)
(-2.41972 0 -0.0266651)
(-2.50183 0 -0.0538102)
(-2.54646 0 -0.0693571)
(6.05174 0 5.43505)
(3.66198 0 3.55661)
(1.54197 0 2.16154)
(-0.449141 0 1.01869)
(-1.24492 0 0.784062)
(-1.45745 0 0.690434)
(-1.46092 0 0.628615)
(-1.36639 0 0.695098)
(-1.35121 0 0.738117)
(-1.38706 0 0.683217)
(-1.39936 0 0.619835)
(-1.40341 0 0.585233)
(-1.42025 0 0.569476)
(-1.44961 0 0.546447)
(-1.48158 0 0.514625)
(-1.51414 0 0.47971)
(-1.54984 0 0.443637)
(-1.59002 0 0.40554)
(-1.63375 0 0.36537)
(-1.67956 0 0.324926)
(-1.7268 0 0.286242)
(-1.77622 0 0.250025)
(-1.83071 0 0.215731)
(-1.89464 0 0.181961)
(-1.96999 0 0.145327)
(-2.05486 0 0.102713)
(-2.14943 0 0.0580176)
(-2.2562 0 0.0200646)
(-2.36204 0 -0.00589328)
(-2.42124 0 -0.0204854)
(10.3044 0 7.59987)
(8.58148 0 5.82976)
(6.67112 0 4.38918)
(4.83095 0 3.20021)
(3.15928 0 2.26993)
(1.71721 0 1.52881)
(0.495175 0 0.930114)
(-0.72174 0 0.591232)
(-0.946541 0 0.607214)
(-1.06926 0 0.561949)
(-1.05214 0 0.546258)
(-1.00252 0 0.573929)
(-0.992565 0 0.596884)
(-1.0141 0 0.578531)
(-1.03466 0 0.540041)
(-1.05292 0 0.504075)
(-1.07866 0 0.472509)
(-1.11672 0 0.439472)
(-1.16667 0 0.402449)
(-1.22751 0 0.363238)
(-1.29867 0 0.324677)
(-1.37794 0 0.289031)
(-1.46269 0 0.258232)
(-1.55454 0 0.232276)
(-1.65656 0 0.204613)
(-1.76698 0 0.166128)
(-1.88682 0 0.120557)
(-2.02078 0 0.0816276)
(-2.15318 0 0.0577665)
(-2.22954 0 0.0474787)
(12.4348 0 8.77241)
(11.5578 0 7.33556)
(10.3258 0 6.02769)
(8.94388 0 4.87028)
(7.50465 0 3.8803)
(6.0885 0 3.0534)
(4.75062 0 2.37129)
(3.46244 0 1.80458)
(2.33874 0 1.34091)
(1.35847 0 0.962628)
(0.529848 0 0.680908)
(-0.126591 0 0.533813)
(-0.406058 0 0.517657)
(-0.489341 0 0.507145)
(-0.507182 0 0.495398)
(-0.496989 0 0.493555)
(-0.496269 0 0.490071)
(-0.51497 0 0.474098)
(-0.548994 0 0.447107)
(-0.597302 0 0.416735)
(-0.663684 0 0.387148)
(-0.751322 0 0.358393)
(-0.861823 0 0.32936)
(-1.0013 0 0.299827)
(-1.16138 0 0.268658)
(-1.31621 0 0.230145)
(-1.47092 0 0.18959)
(-1.64246 0 0.156578)
(-1.81417 0 0.133995)
(-1.91802 0 0.129548)
(13.6028 0 9.09602)
(13.3115 0 8.09665)
(12.6848 0 7.05333)
(11.8251 0 6.05046)
(10.8122 0 5.13264)
(9.71336 0 4.31732)
(8.58166 0 3.60489)
(7.44142 0 2.98164)
(6.32731 0 2.44336)
(5.26399 0 1.98622)
(4.26407 0 1.60203)
(3.33338 0 1.27821)
(2.50561 0 1.00727)
(1.7932 0 0.78599)
(1.19669 0 0.620337)
(0.741634 0 0.516784)
(0.450048 0 0.465847)
(0.294207 0 0.442792)
(0.216267 0 0.430909)
(0.170251 0 0.425683)
(0.126522 0 0.423324)
(0.0681018 0 0.420307)
(-0.0101788 0 0.416183)
(-0.121931 0 0.410317)
(-0.285211 0 0.399076)
(-0.458321 0 0.370178)
(-0.703469 0 0.322145)
(-1.0217 0 0.268361)
(-1.30398 0 0.227565)
(-1.47328 0 0.232346)
(14.2295 0 8.92389)
(14.3035 0 8.31046)
(14.1256 0 7.56749)
(13.7157 0 6.78107)
(13.1184 0 6.00287)
(12.3843 0 5.26389)
(11.5583 0 4.5814)
(10.6741 0 3.96184)
(9.75956 0 3.40809)
(8.83698 0 2.91819)
(7.92244 0 2.48764)
(7.02788 0 2.10938)
(6.16644 0 1.77824)
(5.34916 0 1.49078)
(4.58151 0 1.24335)
(3.87073 0 1.0311)
(3.22736 0 0.850117)
(2.65968 0 0.699961)
(2.17434 0 0.584322)
(1.78115 0 0.506774)
(1.48408 0 0.464893)
(1.26982 0 0.450386)
(1.11152 0 0.454598)
(0.978425 0 0.469876)
(0.837024 0 0.486128)
(0.684365 0 0.494457)
(0.485858 0 0.490725)
(0.215372 0 0.470055)
(-0.0544964 0 0.40007)
(-0.467604 0 0.371358)
(14.5387 0 8.4994)
(14.8145 0 8.16398)
(14.9332 0 7.68228)
(14.8616 0 7.11394)
(14.6104 0 6.50385)
(14.2111 0 5.88564)
(13.6961 0 5.28345)
(13.0936 0 4.71234)
(12.4274 0 4.18082)
(11.7174 0 3.69272)
(10.9806 0 3.24931)
(10.2312 0 2.8495)
(9.48045 0 2.49097)
(8.73746 0 2.17075)
(8.00864 0 1.8859)
(7.29965 0 1.63332)
(6.61588 0 1.41007)
(5.96157 0 1.21407)
(5.34001 0 1.04417)
(4.75557 0 0.899697)
(4.21451 0 0.781066)
(3.72428 0 0.690314)
(3.29203 0 0.630008)
(2.92152 0 0.600192)
(2.60748 0 0.594444)
(2.33777 0 0.603015)
(2.08673 0 0.616048)
(1.82256 0 0.619395)
(1.55921 0 0.593987)
(1.11214 0 0.574936)
(14.6753 0 7.96371)
(15.0396 0 7.80338)
(15.3276 0 7.51654)
(15.4817 0 7.13414)
(15.4883 0 6.68733)
(15.3607 0 6.20389)
(15.1178 0 5.70678)
(14.7778 0 5.2132)
(14.3582 0 4.73514)
(13.8755 0 4.28064)
(13.3446 0 3.85472)
(12.7788 0 3.45979)
(12.189 0 3.0964)
(11.584 0 2.76408)
(10.9711 0 2.46208)
(10.3562 0 2.18922)
(9.74406 0 1.94397)
(9.13823 0 1.72479)
(8.54122 0 1.53054)
(7.95541 0 1.36039)
(7.38347 0 1.21377)
(6.8287 0 1.09048)
(6.29538 0 0.990689)
(5.78918 0 0.914535)
(5.31664 0 0.861045)
(4.88287 0 0.827963)
(4.48725 0 0.811013)
(4.12105 0 0.80091)
(3.78271 0 0.788827)
(3.32089 0 0.792196)
(14.7236 0 7.40268)
(15.1081 0 7.33956)
(15.473 0 7.18122)
(15.7566 0 6.93857)
(15.9335 0 6.62891)
(16.0035 0 6.27083)
(15.9738 0 5.88198)
(15.8531 0 5.47772)
(15.6514 0 5.07048)
(15.3799 0 4.66982)
(15.0501 0 4.28271)
(14.6727 0 3.91384)
(14.2571 0 3.56609)
(13.8117 0 3.24119)
(13.3435 0 2.94012)
(12.8586 0 2.6632)
(12.3617 0 2.41023)
(11.8569 0 2.18087)
(11.347 0 1.97482)
(10.8347 0 1.79183)
(10.322 0 1.63148)
(9.81114 0 1.49328)
(9.30454 0 1.3766)
(8.8053 0 1.28048)
(8.3175 0 1.2033)
(7.84575 0 1.14289)
(7.39413 0 1.09653)
(6.96458 0 1.06009)
(6.56223 0 1.03155)
(6.06312 0 1.02329)
(14.7266 0 6.85959)
(15.0973 0 6.84436)
(15.4812 0 6.76214)
(15.8238 0 6.61377)
(16.097 0 6.40684)
(16.2941 0 6.15167)
(16.4145 0 5.85968)
(16.4592 0 5.54234)
(16.4319 0 5.21016)
(16.3383 0 4.87216)
(16.1854 0 4.53569)
(15.9806 0 4.20648)
(15.7313 0 3.8888)
(15.4442 0 3.58579)
(15.1254 0 3.2997)
(14.7805 0 3.03209)
(14.4141 0 2.78394)
(14.0304 0 2.55593)
(13.6327 0 2.34852)
(13.2239 0 2.16198)
(12.8065 0 1.99633)
(12.3828 0 1.85132)
(11.9552 0 1.72633)
(11.526 0 1.62024)
(11.0978 0 1.53124)
(10.6734 0 1.45695)
(10.2558 0 1.3947)
(9.84699 0 1.34168)
(9.45355 0 1.29725)
(8.96872 0 1.26723)
(14.7044 0 6.34969)
(15.0483 0 6.3557)
(15.421 0 6.31502)
(15.7779 0 6.22508)
(16.0939 0 6.08841)
(16.3605 0 5.90986)
(16.5737 0 5.69582)
(16.7304 0 5.45367)
(16.8294 0 5.19107)
(16.872 0 4.91533)
(16.8612 0 4.63299)
(16.8011 0 4.34968)
(16.6963 0 4.07008)
(16.5517 0 3.79796)
(16.3718 0 3.53636)
(16.1611 0 3.28765)
(15.9239 0 3.05368)
(15.6639 0 2.83586)
(15.3843 0 2.63529)
(15.0883 0 2.45275)
(14.7786 0 2.28867)
(14.4578 0 2.14312)
(14.1284 0 2.01569)
(13.7926 0 1.9054)
(13.4527 0 1.81062)
(13.1106 0 1.7292)
(12.7683 0 1.65869)
(12.427 0 1.59679)
(12.0918 0 1.54246)
(11.6715 0 1.49591)
(14.666 0 5.87493)
(14.9809 0 5.88956)
(15.33 0 5.8706)
(15.6775 0 5.81507)
(16.0025 0 5.72353)
(16.298 0 5.59804)
(16.5594 0 5.44181)
(16.7822 0 5.25913)
(16.9628 0 5.05501)
(17.0997 0 4.83474)
(17.1929 0 4.60349)
(17.2437 0 4.36608)
(17.2544 0 4.12685)
(17.2276 0 3.88959)
(17.1664 0 3.65757)
(17.074 0 3.43355)
(16.9535 0 3.21982)
(16.8081 0 3.01827)
(16.6407 0 2.83045)
(16.4542 0 2.65753)
(16.2512 0 2.50029)
(16.0345 0 2.35911)
(15.8063 0 2.23383)
(15.5691 0 2.12378)
(15.3247 0 2.02765)
(15.075 0 1.94367)
(14.8212 0 1.86979)
(14.5639 0 1.80402)
(14.3068 0 1.7449)
(13.9756 0 1.68986)
(14.6156 0 5.43237)
(14.9034 0 5.4502)
(15.2262 0 5.4427)
(15.5541 0 5.40735)
(15.8704 0 5.34413)
(16.17 0 5.25395)
(16.4494 0 5.13838)
(16.7042 0 4.99984)
(16.9304 0 4.84144)
(17.1251 0 4.66677)
(17.2868 0 4.4796)
(17.415 0 4.28372)
(17.5101 0 4.08276)
(17.5731 0 3.8801)
(17.6054 0 3.67884)
(17.6091 0 3.48174)
(17.5862 0 3.29121)
(17.539 0 3.10935)
(17.4699 0 2.9379)
(17.3813 0 2.7783)
(17.2755 0 2.63158)
(17.1548 0 2.49834)
(17.0216 0 2.37873)
(16.8778 0 2.27237)
(16.7254 0 2.17836)
(16.5657 0 2.09536)
(16.3997 0 2.02177)
(16.2277 0 1.95596)
(16.0517 0 1.89648)
(15.8164 0 1.8401)
(14.5552 0 5.01785)
(14.8194 0 5.03667)
(15.117 0 5.0356)
(15.4229 0 5.01259)
(15.723 0 4.96751)
(16.0139 0 4.90081)
(16.2935 0 4.81336)
(16.5583 0 4.70657)
(16.8046 0 4.5824)
(17.0296 0 4.44326)
(17.2311 0 4.29184)
(17.4077 0 4.13097)
(17.5588 0 3.96353)
(17.6842 0 3.79234)
(17.7844 0 3.6201)
(17.8603 0 3.44932)
(17.9129 0 3.2823)
(17.9438 0 3.12112)
(17.9547 0 2.96757)
(17.9474 0 2.82315)
(17.9237 0 2.68904)
(17.8855 0 2.56603)
(17.8349 0 2.45448)
(17.7736 0 2.35431)
(17.703 0 2.265)
(17.6244 0 2.18565)
(17.5384 0 2.11514)
(17.4449 0 2.05227)
(17.345 0 1.99598)
(17.2023 0 1.9435)
(14.4865 0 4.62737)
(14.7302 0 4.64626)
(15.0054 0 4.64909)
(15.29 0 4.63418)
(15.5719 0 4.60134)
(15.849 0 4.55084)
(16.1199 0 4.4832)
(16.3824 0 4.39931)
(16.6333 0 4.30049)
(16.8701 0 4.18841)
(17.0909 0 4.06502)
(17.294 0 3.93244)
(17.4783 0 3.7929)
(17.6431 0 3.64869)
(17.7884 0 3.50206)
(17.914 0 3.35519)
(18.0208 0 3.21015)
(18.1093 0 3.06885)
(18.1807 0 2.93299)
(18.2362 0 2.80407)
(18.2773 0 2.68328)
(18.3054 0 2.57151)
(18.322 0 2.46931)
(18.3285 0 2.37684)
(18.3262 0 2.29391)
(18.316 0 2.22003)
(18.2982 0 2.15454)
(18.2726 0 2.09674)
(18.2394 0 2.04609)
(18.1802 0 2.00071)
(14.411 0 4.25752)
(14.6369 0 4.27602)
(14.8924 0 4.28137)
(15.1576 0 4.27211)
(15.422 0 4.24805)
(15.6839 0 4.20931)
(15.9428 0 4.15621)
(16.197 0 4.08933)
(16.4442 0 4.00962)
(16.6822 0 3.91828)
(16.9094 0 3.81676)
(17.1243 0 3.70671)
(17.3257 0 3.58986)
(17.5128 0 3.46807)
(17.6851 0 3.34319)
(17.8424 0 3.21708)
(17.9848 0 3.09153)
(18.1127 0 2.96826)
(18.2266 0 2.84881)
(18.3275 0 2.73459)
(18.4163 0 2.62677)
(18.4941 0 2.52629)
(18.562 0 2.4338)
(18.621 0 2.34965)
(18.6722 0 2.27393)
(18.7162 0 2.20651)
(18.7532 0 2.14715)
(18.783 0 2.0956)
(18.8051 0 2.0519)
(18.8171 0 2.01512)
(14.3301 0 3.90543)
(14.5406 0 3.92329)
(14.7787 0 3.93028)
(15.0267 0 3.92514)
(15.2749 0 3.90763)
(15.5222 0 3.87781)
(15.7684 0 3.83584)
(16.0122 0 3.78209)
(16.2518 0 3.71725)
(16.4856 0 3.6422)
(16.7121 0 3.55807)
(16.93 0 3.46612)
(17.1384 0 3.36775)
(17.3363 0 3.26448)
(17.5232 0 3.15784)
(17.6989 0 3.0494)
(17.8631 0 2.94072)
(18.016 0 2.83329)
(18.1579 0 2.72851)
(18.2894 0 2.62767)
(18.4111 0 2.53188)
(18.5239 0 2.44209)
(18.6286 0 2.35902)
(18.7259 0 2.28316)
(18.8166 0 2.21483)
(18.9012 0 2.15417)
(18.9798 0 2.1013)
(19.0523 0 2.05639)
(19.1179 0 2.01993)
(19.1877 0 1.99187)
(14.2453 0 3.56871)
(14.4422 0 3.58576)
(14.6651 0 3.59377)
(14.8978 0 3.59165)
(15.1315 0 3.57916)
(15.3652 0 3.55629)
(15.5991 0 3.5231)
(15.8322 0 3.47981)
(16.063 0 3.42689)
(16.2902 0 3.36502)
(16.5125 0 3.29504)
(16.7289 0 3.21796)
(16.9384 0 3.13491)
(17.1403 0 3.04711)
(17.3341 0 2.95587)
(17.5194 0 2.86252)
(17.696 0 2.76838)
(17.8638 0 2.67477)
(18.0231 0 2.58294)
(18.1741 0 2.49407)
(18.3175 0 2.4092)
(18.4537 0 2.32926)
(18.5833 0 2.25501)
(18.7071 0 2.18704)
(18.8255 0 2.12585)
(18.939 0 2.0718)
(19.0477 0 2.02527)
(19.1516 0 1.98677)
(19.2499 0 1.95713)
(19.3645 0 1.93698)
(14.1582 0 3.24534)
(14.3431 0 3.26143)
(14.5527 0 3.26999)
(14.7718 0 3.27007)
(14.9925 0 3.26145)
(15.2139 0 3.24407)
(15.4362 0 3.21791)
(15.659 0 3.18309)
(15.8808 0 3.13994)
(16.1006 0 3.08894)
(16.3172 0 3.03074)
(16.5298 0 2.96613)
(16.7376 0 2.89602)
(16.9399 0 2.82141)
(17.1361 0 2.74338)
(17.3258 0 2.66306)
(17.5089 0 2.58161)
(17.6852 0 2.50016)
(17.8549 0 2.41983)
(18.018 0 2.34169)
(18.1751 0 2.26672)
(18.3264 0 2.1958)
(18.4726 0 2.12972)
(18.614 0 2.06914)
(18.7513 0 2.01467)
(18.8846 0 1.96684)
(19.0145 0 1.92624)
(19.1407 0 1.89358)
(19.2628 0 1.86992)
(19.4109 0 1.85635)
(14.0702 0 2.93355)
(14.2447 0 2.94856)
(14.4424 0 2.95731)
(14.6495 0 2.95896)
(14.8586 0 2.9533)
(15.0688 0 2.94025)
(15.2807 0 2.91976)
(15.4937 0 2.89187)
(15.7069 0 2.85679)
(15.9192 0 2.81488)
(16.1297 0 2.76661)
(16.3376 0 2.7126)
(16.5422 0 2.65359)
(16.7428 0 2.59037)
(16.939 0 2.52385)
(17.1304 0 2.45499)
(17.3166 0 2.38475)
(17.4975 0 2.31415)
(17.6733 0 2.24416)
(17.8439 0 2.17575)
(18.0096 0 2.10983)
(18.1708 0 2.04724)
(18.3278 0 1.98876)
(18.4811 0 1.93511)
(18.6311 0 1.88693)
(18.7781 0 1.8449)
(18.9226 0 1.80971)
(19.0647 0 1.78223)
(19.2039 0 1.76359)
(19.3767 0 1.75513)
(13.9832 0 2.63174)
(14.1484 0 2.64559)
(14.3356 0 2.65422)
(14.5321 0 2.65693)
(14.7307 0 2.65351)
(14.9309 0 2.64388)
(15.1333 0 2.62795)
(15.3374 0 2.60574)
(15.5425 0 2.57736)
(15.7476 0 2.54307)
(15.9519 0 2.50323)
(16.1548 0 2.45831)
(16.3556 0 2.40888)
(16.5536 0 2.35559)
(16.7485 0 2.2992)
(16.9398 0 2.24048)
(17.1272 0 2.18029)
(17.3106 0 2.11946)
(17.49 0 2.05888)
(17.6652 0 1.9994)
(17.8366 0 1.94185)
(18.0043 0 1.88703)
(18.1687 0 1.83569)
(18.3302 0 1.78854)
(18.4891 0 1.7463)
(18.6458 0 1.70966)
(18.8007 0 1.6794)
(18.9543 0 1.65643)
(19.1062 0 1.6419)
(19.2972 0 1.63723)
(13.8985 0 2.3385)
(14.0555 0 2.35111)
(14.2336 0 2.35939)
(14.4206 0 2.36274)
(14.61 0 2.36097)
(14.8013 0 2.35401)
(14.9951 0 2.34175)
(15.1911 0 2.32419)
(15.3887 0 2.30138)
(15.587 0 2.27351)
(15.7854 0 2.24083)
(15.9832 0 2.20371)
(16.1799 0 2.16259)
(16.3749 0 2.11801)
(16.5678 0 2.07056)
(16.7582 0 2.02089)
(16.9458 0 1.96972)
(17.1303 0 1.91777)
(17.3116 0 1.8658)
(17.4899 0 1.81457)
(17.6651 0 1.76481)
(17.8374 0 1.71728)
(18.0071 0 1.67267)
(18.1744 0 1.6317)
(18.3399 0 1.59505)
(18.5038 0 1.56345)
(18.6667 0 1.53769)
(18.829 0 1.51868)
(18.9906 0 1.5075)
(19.1956 0 1.50553)
(13.8178 0 2.05233)
(13.9677 0 2.06364)
(14.1376 0 2.07138)
(14.3164 0 2.07503)
(14.4977 0 2.07444)
(14.6811 0 2.06953)
(14.8672 0 2.06022)
(15.056 0 2.04645)
(15.2467 0 2.02827)
(15.4387 0 2.00579)
(15.6315 0 1.97922)
(15.8245 0 1.94881)
(16.0171 0 1.91492)
(16.2089 0 1.87796)
(16.3995 0 1.83843)
(16.5884 0 1.79685)
(16.7754 0 1.75381)
(16.9602 0 1.70993)
(17.1427 0 1.66586)
(17.3228 0 1.62224)
(17.5006 0 1.57976)
(17.6762 0 1.53907)
(17.8498 0 1.50082)
(18.0217 0 1.46568)
(18.1922 0 1.43432)
(18.3618 0 1.40743)
(18.531 0 1.38578)
(18.7003 0 1.37023)
(18.8697 0 1.36177)
(19.0857 0 1.36169)
(13.7425 0 1.77214)
(13.8863 0 1.7821)
(14.0492 0 1.78913)
(14.2208 0 1.79281)
(14.395 0 1.79301)
(14.5714 0 1.78967)
(14.7508 0 1.78269)
(14.933 0 1.77203)
(15.1177 0 1.75771)
(15.304 0 1.73979)
(15.4917 0 1.71842)
(15.6801 0 1.6938)
(15.8689 0 1.66621)
(16.0575 0 1.63596)
(16.2456 0 1.60345)
(16.4327 0 1.56911)
(16.6187 0 1.53342)
(16.8033 0 1.4969)
(16.9862 0 1.46008)
(17.1675 0 1.42353)
(17.3471 0 1.38783)
(17.5252 0 1.35357)
(17.7017 0 1.32132)
(17.8772 0 1.2917)
(18.0517 0 1.26533)
(18.2259 0 1.24284)
(18.4002 0 1.22496)
(18.5752 0 1.21245)
(18.7511 0 1.20621)
(18.976 0 1.20739)
(13.6742 0 1.49603)
(13.8126 0 1.50457)
(13.9695 0 1.51076)
(14.1349 0 1.51424)
(14.3031 0 1.51492)
(14.4736 0 1.51273)
(14.6471 0 1.50759)
(14.8236 0 1.49946)
(15.0029 0 1.48834)
(15.1842 0 1.47427)
(15.3673 0 1.45735)
(15.5516 0 1.43775)
(15.7367 0 1.41565)
(15.9223 0 1.39132)
(16.1079 0 1.36506)
(16.2933 0 1.33721)
(16.4781 0 1.30817)
(16.662 0 1.27834)
(16.845 0 1.24818)
(17.027 0 1.21816)
(17.2078 0 1.18878)
(17.3875 0 1.16052)
(17.5664 0 1.1339)
(17.7446 0 1.10947)
(17.9224 0 1.08776)
(18.1002 0 1.06936)
(18.2787 0 1.0549)
(18.4584 0 1.04506)
(18.6397 0 1.04062)
(18.8719 0 1.04259)
(13.614 0 1.22379)
(13.748 0 1.23089)
(13.8999 0 1.23614)
(14.0601 0 1.23927)
(14.2231 0 1.24018)
(14.3886 0 1.23883)
(14.5571 0 1.23515)
(14.7289 0 1.22911)
(14.9036 0 1.22068)
(15.0806 0 1.20991)
(15.2596 0 1.19686)
(15.4403 0 1.18165)
(15.6222 0 1.16442)
(15.805 0 1.14537)
(15.9883 0 1.12473)
(16.1719 0 1.10277)
(16.3554 0 1.0798)
(16.5387 0 1.05614)
(16.7214 0 1.03215)
(16.9036 0 1.00823)
(17.0852 0 0.984761)
(17.2662 0 0.962168)
(17.4467 0 0.94088)
(17.627 0 0.921347)
(17.8073 0 0.904038)
(17.9882 0 0.889454)
(18.1701 0 0.87813)
(18.3537 0 0.870654)
(18.5393 0 0.867661)
(18.7775 0 0.870034)
(13.5636 0 0.951599)
(13.694 0 0.957185)
(13.8418 0 0.961373)
(13.9978 0 0.963949)
(14.1566 0 0.964857)
(14.3179 0 0.964056)
(14.4824 0 0.961492)
(14.6503 0 0.957128)
(14.8211 0 0.950952)
(14.9945 0 0.942985)
(15.1702 0 0.933275)
(15.3478 0 0.921899)
(15.527 0 0.908968)
(15.7073 0 0.894622)
(15.8887 0 0.879034)
(16.0706 0 0.862404)
(16.2529 0 0.844961)
(16.4353 0 0.826959)
(16.6177 0 0.808674)
(16.7999 0 0.790402)
(16.9819 0 0.772455)
(17.1637 0 0.755161)
(17.3454 0 0.738865)
(17.5273 0 0.723925)
(17.7096 0 0.710723)
(17.8927 0 0.699665)
(18.0772 0 0.69119)
(18.2639 0 0.685778)
(18.453 0 0.683951)
(18.6956 0 0.686476)
(13.5238 0 0.682667)
(13.6514 0 0.686773)
(13.7961 0 0.689905)
(13.9488 0 0.691899)
(14.1045 0 0.69272)
(14.2626 0 0.692343)
(14.4239 0 0.69073)
(14.5887 0 0.687851)
(14.7566 0 0.683694)
(14.9272 0 0.678272)
(15.1002 0 0.671615)
(15.2753 0 0.663775)
(15.4523 0 0.654826)
(15.6307 0 0.644863)
(15.8104 0 0.634004)
(15.9909 0 0.622389)
(16.1722 0 0.610177)
(16.3538 0 0.597548)
(16.5358 0 0.584696)
(16.7179 0 0.571831)
(16.9001 0 0.559179)
(17.0824 0 0.546977)
(17.2649 0 0.535476)
(17.4479 0 0.52494)
(17.6315 0 0.515652)
(17.8164 0 0.507916)
(18.0029 0 0.502068)
(18.1918 0 0.498481)
(18.3837 0 0.497564)
(18.63 0 0.499939)
(13.4962 0 0.40645)
(13.6218 0 0.408928)
(13.7642 0 0.41083)
(13.9146 0 0.412015)
(14.068 0 0.412481)
(14.2238 0 0.412229)
(14.3829 0 0.411237)
(14.5454 0 0.409485)
(14.7111 0 0.406967)
(14.8797 0 0.403691)
(15.0507 0 0.399676)
(15.2241 0 0.394952)
(15.3993 0 0.389563)
(15.5763 0 0.383566)
(15.7546 0 0.377032)
(15.934 0 0.370045)
(16.1144 0 0.362699)
(16.2953 0 0.355102)
(16.4768 0 0.347373)
(16.6586 0 0.339638)
(16.8407 0 0.332035)
(17.0232 0 0.324708)
(17.206 0 0.317812)
(17.3896 0 0.31151)
(17.574 0 0.30598)
(17.7598 0 0.301416)
(17.9476 0 0.298043)
(18.138 0 0.296132)
(18.3316 0 0.296051)
(18.5794 0 0.298585)
(13.2613 0 0.137354)
(13.3833 0 0.138426)
(13.5218 0 0.139295)
(13.6682 0 0.139895)
(13.8175 0 0.140238)
(13.9694 0 0.140327)
(14.1243 0 0.140154)
(14.2827 0 0.139709)
(14.4442 0 0.13899)
(14.6085 0 0.137996)
(14.7753 0 0.136735)
(14.9442 0 0.135214)
(15.1151 0 0.133449)
(15.2875 0 0.131458)
(15.4612 0 0.129265)
(15.636 0 0.126898)
(15.8116 0 0.124391)
(15.9877 0 0.121781)
(16.1642 0 0.119109)
(16.341 0 0.11642)
(16.518 0 0.113762)
(16.6952 0 0.111188)
(16.8727 0 0.108753)
(17.0507 0 0.106515)
(17.2295 0 0.10454)
(17.4096 0 0.102902)
(17.5916 0 0.101687)
(17.7763 0 0.10102)
(17.9649 0 0.101096)
(18.2079 0 0.102543)
)
;

boundaryField
{
    inlet
    {
        type            fixedValue;
        value           uniform (10 0 0);
    }
    outlet
    {
        type            zeroGradient;
    }
    flap
    {
        type            movingWallVelocity;
        value           nonuniform List<vector> 
33
(
(0 0 6.93889e-16)
(0 0 0)
(0 0 0)
(0 0 0)
(0 0 0)
(0 0 0)
(0 0 0)
(0 0 0)
(0 0 0)
(0 0 0)
(0 0 0)
(0 0 -1.11022e-14)
(0 0 -1.11022e-14)
(0 0 -1.11022e-14)
(0 0 -2.22045e-14)
(6.93889e-16 -2.77556e-15 0)
(0 -2.77556e-15 0)
(0 0 0)
(0 0 6.93889e-16)
(0 0 0)
(0 0 0)
(0 0 0)
(0 0 0)
(0 0 0)
(0 0 -5.55112e-15)
(0 0 0)
(0 0 -1.11022e-14)
(0 0 0)
(0 0 0)
(0 0 0)
(0 0 0)
(0 -2.77556e-15 -1.11022e-14)
(0 0 -1.11022e-14)
)
;
    }
    upperWall
    {
        type            noSlip;
    }
    lowerWall
    {
        type            noSlip;
    }
    frontAndBack
    {
        type            empty;
    }
}


// ************************************************************************* //
