/*--------------------------------*- C++ -*----------------------------------*\
  =========                 |
  \\      /  F ield         | OpenFOAM: The Open Source CFD Toolbox
   \\    /   O peration     | Website:  https://openfoam.org
    \\  /    A nd           | Version:  dev
     \\/     M anipulation  |
\*---------------------------------------------------------------------------*/
FoamFile
{
    version     2.0;
    format      ascii;
    class       volVectorField;
    location    "3.7";
    object      U;
}
// * * * * * * * * * * * * * * * * * * * * * * * * * * * * * * * * * * * * * //

dimensions      [0 1 -1 0 0 0 0];

internalField   nonuniform List<vector> 
2790
(
(9.94399 0 0.0205233)
(9.87572 0 0.0295878)
(9.77521 0 0.0359897)
(9.64943 0 0.0425563)
(9.50409 0 0.0493855)
(9.34007 0 0.0564283)
(9.15654 0 0.0638157)
(8.95263 0 0.0717113)
(8.72747 0 0.0802547)
(8.48009 0 0.0895728)
(8.20928 0 0.0997925)
(7.91366 0 0.111044)
(7.59171 0 0.123459)
(7.24181 0 0.137163)
(6.86237 0 0.152271)
(6.45184 0 0.168869)
(6.00894 0 0.186996)
(5.53275 0 0.206618)
(5.02304 0 0.22759)
(4.48053 0 0.249611)
(3.90725 0 0.272177)
(3.30693 0 0.294527)
(2.68539 0 0.315622)
(2.05073 0 0.334292)
(1.4119 0 0.35061)
(0.798131 0 0.372887)
(0.110849 0 0.325113)
(-0.469552 0 -0.114833)
(-0.453761 0 -0.297169)
(-0.23116 0 -0.423862)
(9.9985 0 0.0407033)
(9.98145 0 0.0623832)
(9.93574 0 0.0791406)
(9.86416 0 0.0966252)
(9.77097 0 0.115124)
(9.65715 0 0.134488)
(9.52206 0 0.154974)
(9.36485 0 0.176942)
(9.18472 0 0.200706)
(8.98068 0 0.226547)
(8.75154 0 0.254741)
(8.4959 0 0.285556)
(8.21223 0 0.319245)
(7.89886 0 0.356018)
(7.55408 0 0.396014)
(7.17625 0 0.439257)
(6.76385 0 0.485587)
(6.31574 0 0.534582)
(5.83134 0 0.585457)
(5.31098 0 0.636951)
(4.75626 0 0.687202)
(4.17053 0 0.733647)
(3.55942 0 0.772957)
(2.93168 0 0.801101)
(2.30007 0 0.813762)
(1.69306 0 0.807271)
(1.10726 0 0.747287)
(0.658963 0 0.547973)
(0.186558 0 0.224678)
(-0.00819926 0 -0.453702)
(9.99559 0 0.0432074)
(9.97556 0 0.0752724)
(9.9318 0 0.103347)
(9.86489 0 0.132372)
(9.77778 0 0.16306)
(9.67155 0 0.195398)
(9.54588 0 0.229741)
(9.40014 0 0.2666)
(9.23366 0 0.306467)
(9.04564 0 0.349802)
(8.8351 0 0.397065)
(8.60083 0 0.448714)
(8.34147 0 0.505182)
(8.05553 0 0.566852)
(7.74142 0 0.633998)
(7.39749 0 0.706716)
(7.02217 0 0.784821)
(6.61403 0 0.867708)
(6.17202 0 0.954179)
(5.69573 0 1.04224)
(5.18574 0 1.12887)
(4.64407 0 1.20978)
(4.07492 0 1.27916)
(3.4855 0 1.32934)
(2.88697 0 1.35011)
(2.29958 0 1.32646)
(1.73194 0 1.22083)
(1.21633 0 0.97307)
(0.701199 0 0.570221)
(0.358074 0 -0.156456)
(9.99403 0 0.0494998)
(9.97181 0 0.0932073)
(9.92788 0 0.133573)
(9.86224 0 0.17421)
(9.77693 0 0.216434)
(9.67298 0 0.260661)
(9.55031 0 0.307428)
(9.40849 0 0.357412)
(9.24702 0 0.411286)
(9.06534 0 0.469698)
(8.86269 0 0.533292)
(8.63821 0 0.602711)
(8.39087 0 0.678577)
(8.11955 0 0.761456)
(7.82303 0 0.851799)
(7.50005 0 0.949851)
(7.1493 0 1.05552)
(6.76951 0 1.16821)
(6.35957 0 1.28658)
(5.91869 0 1.40824)
(5.44663 0 1.52945)
(4.94411 0 1.64467)
(4.41329 0 1.74614)
(3.85839 0 1.82323)
(3.28594 0 1.86139)
(2.70652 0 1.84037)
(2.12575 0 1.72607)
(1.55434 0 1.47795)
(0.957999 0 1.0838)
(0.509443 0 0.502433)
(9.99331 0 0.0572144)
(9.96994 0 0.11096)
(9.92593 0 0.162106)
(9.86145 0 0.213349)
(9.77798 0 0.266358)
(9.67635 0 0.321914)
(9.55654 0 0.3807)
(9.41821 0 0.443485)
(9.26097 0 0.51105)
(9.08433 0 0.584161)
(8.88771 0 0.663575)
(8.67039 0 0.750047)
(8.4316 0 0.844314)
(8.17048 0 0.947059)
(7.88611 0 1.05885)
(7.57752 0 1.18004)
(7.24371 0 1.31065)
(6.88367 0 1.45014)
(6.49636 0 1.59718)
(6.08082 0 1.74929)
(5.63626 0 1.90238)
(5.16223 0 2.05029)
(4.6589 0 2.18416)
(4.12734 0 2.29175)
(3.56953 0 2.35659)
(2.98901 0 2.35737)
(2.38694 0 2.26504)
(1.76647 0 2.04776)
(1.09004 0 1.69154)
(0.536675 0 1.15429)
(9.99302 0 0.0655397)
(9.96923 0 0.128703)
(9.92556 0 0.190116)
(9.86253 0 0.251845)
(9.78128 0 0.31558)
(9.68244 0 0.382319)
(9.566 0 0.452873)
(9.43171 0 0.528097)
(9.2792 0 0.608873)
(9.10806 0 0.696074)
(8.91777 0 0.790564)
(8.70774 0 0.893204)
(8.47729 0 1.00483)
(8.22569 0 1.12623)
(7.95217 0 1.25805)
(7.65592 0 1.40077)
(7.33607 0 1.5545)
(6.9917 0 1.71881)
(6.62176 0 1.8925)
(6.22509 0 2.07317)
(5.80038 0 2.2568)
(5.34616 0 2.43717)
(4.86083 0 2.60518)
(4.34283 0 2.74822)
(3.79053 0 2.84958)
(3.20271 0 2.88826)
(2.57669 0 2.83833)
(1.91356 0 2.67175)
(1.17281 0 2.37417)
(0.549995 0 1.89458)
(9.99297 0 0.0740761)
(9.96926 0 0.146316)
(9.92637 0 0.217486)
(9.86508 0 0.289295)
(9.78642 0 0.363357)
(9.69084 0 0.440828)
(9.57834 0 0.522659)
(9.44871 0 0.609807)
(9.30164 0 0.703248)
(9.13677 0 0.803953)
(8.95364 0 0.912883)
(8.7517 0 1.03099)
(8.53034 0 1.15919)
(8.28889 0 1.29836)
(8.02661 0 1.44926)
(7.74272 0 1.61243)
(7.43634 0 1.78813)
(7.10646 0 1.9761)
(6.75187 0 2.17534)
(6.37109 0 2.38375)
(5.96221 0 2.59768)
(5.52276 0 2.81133)
(5.04966 0 3.01612)
(4.53915 0 3.19996)
(3.98681 0 3.34671)
(3.38806 0 3.43604)
(2.73739 0 3.44343)
(2.03635 0 3.34166)
(1.24182 0 3.11378)
(0.563547 0 2.69337)
(9.99306 0 0.0825896)
(9.96981 0 0.163609)
(9.92807 0 0.244053)
(9.86884 0 0.325483)
(9.79312 0 0.409449)
(9.70125 0 0.497208)
(9.59322 0 0.589838)
(9.46887 0 0.688392)
(9.32795 0 0.793931)
(9.17013 0 0.907516)
(8.99502 0 1.0302)
(8.8021 0 1.16301)
(8.59081 0 1.30697)
(8.36051 0 1.46305)
(8.11046 0 1.6321)
(7.83983 0 1.81481)
(7.54764 0 2.0116)
(7.23272 0 2.22244)
(6.89357 0 2.44666)
(6.52825 0 2.68261)
(6.1342 0 2.92728)
(5.70798 0 3.17571)
(5.24512 0 3.42032)
(4.73995 0 3.65018)
(4.18566 0 3.85026)
(3.57493 0 4.00097)
(2.89968 0 4.07804)
(2.16224 0 4.05257)
(1.31621 0 3.90194)
(0.58326 0 3.54043)
(9.99326 0 0.0909302)
(9.97072 0 0.180412)
(9.93046 0 0.269672)
(9.87362 0 0.360246)
(9.80117 0 0.45365)
(9.71343 0 0.551212)
(9.61037 0 0.654111)
(9.49187 0 0.763492)
(9.35775 0 0.880496)
(9.20772 0 1.00627)
(9.04144 0 1.14194)
(8.85847 0 1.28864)
(8.65827 0 1.44748)
(8.44021 0 1.61954)
(8.20358 0 1.80581)
(7.94747 0 2.00714)
(7.67081 0 2.22417)
(7.37221 0 2.45719)
(7.04986 0 2.70596)
(6.70136 0 2.96947)
(6.32346 0 3.24557)
(5.91179 0 3.53045)
(5.46053 0 3.818)
(4.9622 0 4.09896)
(4.40762 0 4.35988)
(3.78661 0 4.58218)
(3.08777 0 4.74123)
(2.31288 0 4.80469)
(1.41076 0 4.74138)
(0.614361 0 4.44227)
(9.99352 0 0.0989944)
(9.9719 0 0.196583)
(9.9334 0 0.2942)
(9.87924 0 0.393422)
(9.81039 0 0.49576)
(9.72716 0 0.602591)
(9.62952 0 0.715183)
(9.5174 0 0.834758)
(9.39067 0 0.962536)
(9.24911 0 1.09973)
(9.09244 0 1.24757)
(8.92026 0 1.40726)
(8.73212 0 1.58003)
(8.52741 0 1.76705)
(8.30543 0 1.96949)
(8.06526 0 2.18841)
(7.80574 0 2.4247)
(7.52533 0 2.67907)
(7.22197 0 2.95181)
(6.89285 0 3.24271)
(6.53414 0 3.55068)
(6.14062 0 3.87339)
(5.70523 0 4.20662)
(5.21869 0 4.54333)
(4.66923 0 4.87243)
(4.04312 0 5.17704)
(3.32394 0 5.43247)
(2.50999 0 5.60223)
(1.54202 0 5.64386)
(0.664128 0 5.41847)
(9.99384 0 0.106707)
(9.9733 0 0.212005)
(9.93679 0 0.317508)
(9.88557 0 0.424862)
(9.82063 0 0.535594)
(9.74224 0 0.651125)
(9.65043 0 0.772789)
(9.54516 0 0.901882)
(9.42636 0 1.03969)
(9.29388 0 1.1875)
(9.1475 0 1.34661)
(8.98692 0 1.51832)
(8.81173 0 1.70395)
(8.62141 0 1.90482)
(8.4153 0 2.12224)
(8.19252 0 2.35751)
(7.95189 0 2.61187)
(7.69181 0 2.88643)
(7.41009 0 3.18216)
(7.10371 0 3.49973)
(6.76845 0 3.83933)
(6.39848 0 4.20041)
(5.98575 0 4.58106)
(5.51932 0 4.97724)
(4.98466 0 5.38129)
(4.36358 0 5.77961)
(3.63222 0 6.14931)
(2.78042 0 6.45098)
(1.73367 0 6.62897)
(0.744937 0 6.50366)
(9.9942 0 0.114009)
(9.97487 0 0.22658)
(9.94055 0 0.33948)
(9.89251 0 0.454431)
(9.83172 0 0.57299)
(9.7585 0 0.696615)
(9.67287 0 0.826696)
(9.57486 0 0.964592)
(9.46446 0 1.11164)
(9.3416 0 1.2692)
(9.20613 0 1.43863)
(9.05784 0 1.6213)
(8.89641 0 1.81864)
(8.72144 0 2.0321)
(8.53235 0 2.26316)
(8.32835 0 2.51335)
(8.10834 0 2.78424)
(7.87082 0 3.07744)
(7.61364 0 3.39458)
(7.33379 0 3.73733)
(7.02701 0 4.10728)
(6.68728 0 4.50585)
(6.30607 0 4.93395)
(5.87133 0 5.39131)
(5.36609 0 5.87528)
(4.76727 0 6.37826)
(4.04113 0 6.88338)
(3.16187 0 7.35386)
(2.02507 0 7.72379)
(0.880898 0 7.75787)
(9.99459 0 0.120857)
(9.97657 0 0.240231)
(9.94461 0 0.360016)
(9.89995 0 0.482009)
(9.84355 0 0.607804)
(9.77574 0 0.73889)
(9.6966 0 0.876702)
(9.60621 0 1.02265)
(9.50461 0 1.17811)
(9.39182 0 1.3445)
(9.26778 0 1.52323)
(9.13238 0 1.71575)
(8.98544 0 1.92356)
(8.82665 0 2.14823)
(8.65559 0 2.3914)
(8.47164 0 2.65483)
(8.2739 0 2.94041)
(8.06107 0 3.2502)
(7.83127 0 3.58652)
(7.58182 0 3.95199)
(7.30885 0 4.34963)
(7.00676 0 4.78294)
(6.66739 0 5.25588)
(6.27872 0 5.77275)
(5.8228 0 6.33754)
(5.27292 0 6.95236)
(4.58506 0 7.61375)
(3.71054 0 8.3013)
(2.48869 0 8.95897)
(1.12476 0 9.29436)
(9.99501 0 0.127215)
(9.97837 0 0.252892)
(9.9489 0 0.37903)
(9.90779 0 0.507497)
(9.85597 0 0.639919)
(9.7938 0 0.777811)
(9.7214 0 0.922645)
(9.63891 0 1.07586)
(9.54644 0 1.23889)
(9.44409 0 1.41316)
(9.33191 0 1.60014)
(9.2099 0 1.80133)
(9.07801 0 2.01829)
(8.93609 0 2.25269)
(8.78393 0 2.50631)
(8.62111 0 2.78108)
(8.44704 0 3.07916)
(8.26077 0 3.40304)
(8.06093 0 3.75559)
(7.84545 0 4.14029)
(7.61134 0 4.56144)
(7.35416 0 5.02445)
(7.06728 0 5.53625)
(6.74064 0 6.10587)
(6.35827 0 6.745)
(5.89457 0 7.46876)
(5.30146 0 8.29633)
(4.50971 0 9.24831)
(3.2697 0 10.3428)
(1.60558 0 11.361)
(9.99544 0 0.133055)
(9.98026 0 0.264512)
(9.95339 0 0.396453)
(9.91595 0 0.530801)
(9.86887 0 0.669212)
(9.81251 0 0.813224)
(9.74705 0 0.964332)
(9.67268 0 1.124)
(9.5896 0 1.29368)
(9.49798 0 1.47483)
(9.39797 0 1.66894)
(9.28972 0 1.87754)
(9.17331 0 2.10225)
(9.0488 0 2.34478)
(8.91617 0 2.60701)
(8.77531 0 2.89101)
(8.62599 0 3.19914)
(8.46776 0 3.53415)
(8.29989 0 3.89935)
(8.12125 0 4.29883)
(7.93013 0 4.73782)
(7.72398 0 5.22315)
(7.49898 0 5.76406)
(7.24924 0 6.37337)
(6.96527 0 7.06954)
(6.63158 0 7.88041)
(6.21539 0 8.85147)
(5.66727 0 10.0658)
(4.69202 0 11.7319)
(2.68885 0 14.5958)
(0.135641 0 -0.139277)
(0.313327 0 -0.124781)
(0.497074 0 -0.0997824)
(0.654486 0 -0.077362)
(0.781134 0 -0.0594594)
(0.882484 0 -0.0455646)
(0.964802 0 -0.0349273)
(1.03291 0 -0.0269107)
(1.09038 0 -0.0209606)
(1.13994 0 -0.0165844)
(1.1837 0 -0.0133503)
(1.22314 0 -0.0108807)
(1.25913 0 -0.00885116)
(1.29198 0 -0.00700891)
(1.3216 0 -0.00520493)
(1.34768 0 -0.0034025)
(1.36995 0 -0.00161254)
(1.38818 0 0.000241708)
(1.40192 0 0.00240486)
(1.41003 0 0.00508249)
(1.41124 0 0.00792716)
(1.40506 0 0.0101172)
(1.39288 0 0.0109988)
(1.37852 0 0.0103293)
(1.36574 0 0.00856323)
(1.35626 0 0.00631871)
(1.35022 0 0.00382489)
(1.34815 0 0.00101864)
(1.35152 0 -0.0015073)
(1.3633 0 -0.00353341)
(0.109661 0 -0.310518)
(0.280135 0 -0.28942)
(0.447791 0 -0.238215)
(0.593894 0 -0.190635)
(0.715254 0 -0.152386)
(0.816575 0 -0.122651)
(0.902876 0 -0.0998784)
(0.977938 0 -0.082708)
(1.04454 0 -0.0699442)
(1.10482 0 -0.0605268)
(1.16043 0 -0.0535266)
(1.21256 0 -0.0481251)
(1.26199 0 -0.0436081)
(1.30904 0 -0.0394091)
(1.35374 0 -0.0351922)
(1.39587 0 -0.0308993)
(1.43529 0 -0.0266345)
(1.47208 0 -0.0223583)
(1.50646 0 -0.0176304)
(1.53824 0 -0.0119062)
(1.56614 0 -0.00543229)
(1.58845 0 0.00030914)
(1.60534 0 0.00377795)
(1.61936 0 0.00458538)
(1.63371 0 0.00381161)
(1.64985 0 0.00257403)
(1.66763 0 0.00106863)
(1.68619 0 -0.00113629)
(1.70415 0 -0.0038286)
(1.7249 0 -0.00575618)
(0.0826982 0 -0.482431)
(0.225159 0 -0.452214)
(0.354269 0 -0.375357)
(0.466748 0 -0.303997)
(0.559701 0 -0.246714)
(0.637669 0 -0.202021)
(0.704366 0 -0.167581)
(0.762503 0 -0.141355)
(0.814118 0 -0.121588)
(0.860802 0 -0.106762)
(0.903802 0 -0.0955568)
(0.944053 0 -0.0867995)
(0.982179 0 -0.079447)
(1.01848 0 -0.0726423)
(1.05293 0 -0.0658534)
(1.08526 0 -0.0590008)
(1.11518 0 -0.0523611)
(1.14275 0 -0.0461003)
(1.16856 0 -0.0396186)
(1.19326 0 -0.0315165)
(1.21653 0 -0.0210776)
(1.23653 0 -0.0109456)
(1.25136 0 -0.00579406)
(1.26232 0 -0.00630466)
(1.27245 0 -0.00981777)
(1.28292 0 -0.0137913)
(1.29319 0 -0.0171794)
(1.30205 0 -0.0196304)
(1.30868 0 -0.0214432)
(1.31433 0 -0.0206737)
(0.0576473 0 -0.611257)
(0.164342 0 -0.566214)
(0.246602 0 -0.46665)
(0.319353 0 -0.377333)
(0.376981 0 -0.306667)
(0.424883 0 -0.251714)
(0.465133 0 -0.209399)
(0.499328 0 -0.177107)
(0.52876 0 -0.152672)
(0.554461 0 -0.134272)
(0.577257 0 -0.120333)
(0.597807 0 -0.10945)
(0.616641 0 -0.100353)
(0.634126 0 -0.0919487)
(0.650367 0 -0.0834962)
(0.6651 0 -0.0748168)
(0.677556 0 -0.0663283)
(0.687245 0 -0.058623)
(0.69465 0 -0.0516804)
(0.701952 0 -0.0445477)
(0.711032 0 -0.0356923)
(0.7193 0 -0.0244188)
(0.713446 0 -0.0135547)
(0.690519 0 -0.00732087)
(0.66439 0 -0.00589394)
(0.639487 0 -0.00502492)
(0.617036 0 -0.0042398)
(0.596108 0 -0.0048988)
(0.578525 0 -0.006602)
(0.564608 0 -0.00910615)
(0.0321699 0 -0.699588)
(0.0964689 0 -0.634704)
(0.125902 0 -0.515808)
(0.155763 0 -0.414691)
(0.173183 0 -0.335658)
(0.186047 0 -0.274289)
(0.194267 0 -0.227002)
(0.198675 0 -0.190812)
(0.199987 0 -0.163315)
(0.198793 0 -0.142532)
(0.195545 0 -0.126788)
(0.190669 0 -0.11459)
(0.18469 0 -0.104551)
(0.178147 0 -0.0954013)
(0.171463 0 -0.0861531)
(0.164671 0 -0.0763376)
(0.156344 0 -0.066166)
(0.145423 0 -0.0561877)
(0.128678 0 -0.0462593)
(0.10802 0 -0.0348523)
(0.0820763 0 -0.0196821)
(0.0570747 0 -0.0016675)
(0.0373914 0 0.0126814)
(0.0243677 0 0.017053)
(0.0105303 0 0.0136476)
(-0.00271038 0 0.00757607)
(-0.00773238 0 0.00215564)
(-0.0106272 0 -0.00302837)
(-0.0131475 0 -0.00852832)
(-0.019236 0 -0.017638)
(0.00499016 0 -0.740596)
(0.0211441 0 -0.652074)
(-0.00477025 0 -0.517209)
(-0.0207419 0 -0.409618)
(-0.0467725 0 -0.326051)
(-0.0730011 0 -0.26175)
(-0.101189 0 -0.212527)
(-0.130494 0 -0.175133)
(-0.160432 0 -0.146881)
(-0.190608 0 -0.125593)
(-0.220749 0 -0.109506)
(-0.250561 0 -0.097106)
(-0.279658 0 -0.0870189)
(-0.307598 0 -0.0780217)
(-0.333944 0 -0.0691637)
(-0.358315 0 -0.0599027)
(-0.38048 0 -0.0501633)
(-0.400449 0 -0.040218)
(-0.41844 0 -0.0303265)
(-0.434099 0 -0.0203234)
(-0.446539 0 -0.0100853)
(-0.455506 0 -0.000269634)
(-0.458812 0 0.00813369)
(-0.46319 0 0.0126633)
(-0.468973 0 0.0121976)
(-0.47628 0 0.00792213)
(-0.482853 0 0.00369773)
(-0.487699 0 0.000264517)
(-0.495364 0 -0.00456705)
(-0.502556 0 -0.0109135)
(-0.0264931 0 -0.726817)
(-0.0634169 0 -0.611359)
(-0.141997 0 -0.471656)
(-0.207375 0 -0.36431)
(-0.276089 0 -0.281399)
(-0.341883 0 -0.218866)
(-0.404419 0 -0.171963)
(-0.46286 0 -0.137215)
(-0.516681 0 -0.111827)
(-0.565645 0 -0.0935128)
(-0.609847 0 -0.0804012)
(-0.649599 0 -0.0709289)
(-0.685279 0 -0.0637096)
(-0.717226 0 -0.0575267)
(-0.745692 0 -0.0514555)
(-0.770804 0 -0.0449544)
(-0.792629 0 -0.037845)
(-0.811283 0 -0.0301723)
(-0.826945 0 -0.0219638)
(-0.839741 0 -0.0130618)
(-0.849483 0 -0.00344217)
(-0.856081 0 0.00584648)
(-0.8593 0 0.0127225)
(-0.862261 0 0.0159759)
(-0.866292 0 0.0151372)
(-0.87209 0 0.0114839)
(-0.878937 0 0.00717835)
(-0.8861 0 0.00260326)
(-0.893109 0 -0.003541)
(-0.898813 0 -0.010504)
(-0.0640773 0 -0.655177)
(-0.153359 0 -0.520854)
(-0.282714 0 -0.382262)
(-0.394911 0 -0.27898)
(-0.502057 0 -0.203087)
(-0.598838 0 -0.148729)
(-0.684626 0 -0.11031)
(-0.759597 0 -0.0836231)
(-0.824654 0 -0.0655881)
(-0.880995 0 -0.0538371)
(-0.929869 0 -0.0464133)
(-0.972442 0 -0.0417688)
(-1.00969 0 -0.0386198)
(-1.04238 0 -0.0358992)
(-1.07112 0 -0.0328736)
(-1.09632 0 -0.029186)
(-1.11821 0 -0.0247607)
(-1.13691 0 -0.019634)
(-1.15254 0 -0.0137611)
(-1.16528 0 -0.00701801)
(-1.17536 0 0.000529769)
(-1.18157 0 0.00816715)
(-1.18623 0 0.0144696)
(-1.19028 0 0.0179649)
(-1.19492 0 0.0179529)
(-1.20085 0 0.0152599)
(-1.20792 0 0.0113532)
(-1.21576 0 0.00655716)
(-1.2233 0 0.00021766)
(-1.22819 0 -0.00612689)
(-0.108013 0 -0.524203)
(-0.251376 0 -0.37964)
(-0.431371 0 -0.252162)
(-0.583769 0 -0.164033)
(-0.720726 0 -0.102984)
(-0.838985 0 -0.0626282)
(-0.939271 0 -0.0374306)
(-1.0228 0 -0.0229541)
(-1.09122 0 -0.0156175)
(-1.14809 0 -0.0124398)
(-1.19619 0 -0.0116734)
(-1.23769 0 -0.0122135)
(-1.27413 0 -0.0132375)
(-1.30644 0 -0.0140368)
(-1.33492 0 -0.0140545)
(-1.3601 0 -0.013007)
(-1.38228 0 -0.0109635)
(-1.40154 0 -0.00807336)
(-1.41787 0 -0.0043259)
(-1.43116 0 0.000393386)
(-1.441 0 0.00599009)
(-1.44858 0 0.0119525)
(-1.45486 0 0.0172806)
(-1.46062 0 0.0205006)
(-1.4667 0 0.0208245)
(-1.47362 0 0.0186777)
(-1.48158 0 0.0150557)
(-1.4906 0 0.0102925)
(-1.49931 0 0.00423996)
(-1.5035 0 -0.00120042)
(-0.163663 0 -0.335812)
(-0.373748 0 -0.194732)
(-0.617507 0 -0.0769659)
(-0.808273 0 -0.00856145)
(-0.961284 0 0.0247361)
(-1.0832 0 0.0388691)
(-1.18036 0 0.0421542)
(-1.25887 0 0.0396088)
(-1.32396 0 0.0344544)
(-1.37835 0 0.0283611)
(-1.42441 0 0.0222102)
(-1.46386 0 0.0163706)
(-1.49788 0 0.0111055)
(-1.52752 0 0.00683573)
(-1.55401 0 0.00401033)
(-1.57793 0 0.00268903)
(-1.59944 0 0.00254876)
(-1.61834 0 0.00325727)
(-1.63428 0 0.00482394)
(-1.64726 0 0.00756172)
(-1.65793 0 0.0116579)
(-1.66695 0 0.01665)
(-1.67506 0 0.0213802)
(-1.68292 0 0.0244171)
(-1.69101 0 0.0249137)
(-1.69959 0 0.0230492)
(-1.70897 0 0.0195676)
(-1.71933 0 0.0148563)
(-1.72915 0 0.00911266)
(-1.73421 0 0.00430803)
(-0.238709 0 -0.050926)
(-0.498523 0 0.0991046)
(-0.756628 0 0.143216)
(-0.952356 0 0.152177)
(-1.1104 0 0.146242)
(-1.2371 0 0.132636)
(-1.33897 0 0.116037)
(-1.42134 0 0.0988534)
(-1.48849 0 0.0823729)
(-1.54401 0 0.0675376)
(-1.59091 0 0.0547533)
(-1.63129 0 0.0437928)
(-1.66635 0 0.0344382)
(-1.69695 0 0.0269188)
(-1.72403 0 0.0215538)
(-1.74848 0 0.0181905)
(-1.77075 0 0.0161688)
(-1.7906 0 0.0148839)
(-1.80757 0 0.0143688)
(-1.82159 0 0.0152366)
(-1.83325 0 0.017959)
(-1.84358 0 0.022158)
(-1.85353 0 0.0265502)
(-1.86367 0 0.0295493)
(-1.87408 0 0.0301346)
(-1.88472 0 0.0283195)
(-1.89582 0 0.024803)
(-1.90764 0 0.020149)
(-1.91846 0 0.0147797)
(-1.92381 0 0.0104593)
(-0.282608 0 0.328718)
(-0.571553 0 0.381335)
(-0.863238 0 0.362091)
(-1.08056 0 0.322711)
(-1.24897 0 0.278068)
(-1.37909 0 0.234432)
(-1.48092 0 0.195172)
(-1.56191 0 0.161061)
(-1.62718 0 0.131824)
(-1.68078 0 0.107612)
(-1.72627 0 0.0881942)
(-1.76595 0 0.072292)
(-1.80073 0 0.0587586)
(-1.83109 0 0.0476548)
(-1.85805 0 0.0395721)
(-1.8829 0 0.0343075)
(-1.90622 0 0.0306546)
(-1.92746 0 0.0274606)
(-1.94563 0 0.0247159)
(-1.96043 0 0.0235153)
(-1.97274 0 0.0248665)
(-1.98409 0 0.02852)
(-1.99576 0 0.0329124)
(-2.00819 0 0.0360699)
(-2.021 0 0.0366721)
(-2.03365 0 0.0346201)
(-2.0462 0 0.0307559)
(-2.05898 0 0.025974)
(-2.07032 0 0.0209091)
(-2.07574 0 0.0170468)
(-0.334909 0 0.735096)
(-0.680187 0 0.722792)
(-1.0088 0 0.612036)
(-1.23301 0 0.502643)
(-1.39717 0 0.410485)
(-1.5194 0 0.332821)
(-1.61276 0 0.269806)
(-1.68645 0 0.219345)
(-1.74562 0 0.177998)
(-1.79397 0 0.144956)
(-1.8356 0 0.119869)
(-1.87323 0 0.100048)
(-1.90697 0 0.0827615)
(-1.93633 0 0.0680361)
(-1.96233 0 0.0573359)
(-1.98698 0 0.0506461)
(-2.01124 0 0.0458933)
(-2.034 0 0.0409527)
(-2.05332 0 0.0357063)
(-2.06846 0 0.0320838)
(-2.08074 0 0.0320389)
(-2.09254 0 0.0355029)
(-2.10563 0 0.04036)
(-2.1203 0 0.0439424)
(-2.13557 0 0.0444883)
(-2.15024 0 0.0418514)
(-2.16408 0 0.0372458)
(-2.17755 0 0.0321243)
(-2.18921 0 0.0273449)
(-2.19465 0 0.0239654)
(-0.437481 0 1.23509)
(-0.866871 0 1.12229)
(-1.22254 0 0.874962)
(-1.42452 0 0.671056)
(-1.56201 0 0.529614)
(-1.66237 0 0.417633)
(-1.73704 0 0.333144)
(-1.79694 0 0.270695)
(-1.84616 0 0.219572)
(-1.88606 0 0.177928)
(-1.92136 0 0.148132)
(-1.95596 0 0.125993)
(-1.98852 0 0.105597)
(-2.01627 0 0.0870797)
(-2.04012 0 0.0739466)
(-2.06367 0 0.0668459)
(-2.08873 0 0.0621057)
(-2.11334 0 0.0557581)
(-2.13384 0 0.0474696)
(-2.14864 0 0.0406696)
(-2.1598 0 0.0390527)
(-2.17117 0 0.0428183)
(-2.18533 0 0.0488095)
(-2.20232 0 0.0532162)
(-2.22029 0 0.0536647)
(-2.23712 0 0.0500318)
(-2.25209 0 0.0441695)
(-2.2659 0 0.0384096)
(-2.27757 0 0.0338903)
(-2.28295 0 0.0310095)
(-0.645703 0 2.16214)
(-1.17293 0 1.75413)
(-1.54524 0 1.16505)
(-1.67068 0 0.770705)
(-1.74371 0 0.610397)
(-1.80707 0 0.483311)
(-1.85079 0 0.384991)
(-1.89107 0 0.315442)
(-1.92967 0 0.253651)
(-1.95903 0 0.200169)
(-1.98459 0 0.168537)
(-2.01513 0 0.15015)
(-2.04708 0 0.129501)
(-2.07274 0 0.106752)
(-2.09264 0 0.0902423)
(-2.11371 0 0.0833987)
(-2.13978 0 0.0796904)
(-2.16729 0 0.0718568)
(-2.18944 0 0.0592563)
(-2.20306 0 0.047903)
(-2.21155 0 0.0444961)
(-2.22133 0 0.0495505)
(-2.23629 0 0.0578926)
(-2.25596 0 0.0638523)
(-2.27717 0 0.0642726)
(-2.29645 0 0.0591694)
(-2.31235 0 0.0513689)
(-2.32593 0 0.0445765)
(-2.33718 0 0.0403735)
(-2.34239 0 0.0380745)
(9.9959 0 0.138451)
(9.98225 0 0.275248)
(9.9581 0 0.412537)
(9.92452 0 0.552288)
(9.88241 0 0.696176)
(9.83214 0 0.845754)
(9.77396 0 1.00253)
(9.70811 0 1.16798)
(9.63488 0 1.34356)
(9.55453 0 1.53074)
(9.46734 0 1.73101)
(9.37356 0 1.94593)
(9.27348 0 2.1771)
(9.16734 0 2.42629)
(9.05539 0 2.6954)
(8.93786 0 2.98657)
(8.81494 0 3.30225)
(8.68676 0 3.64532)
(8.5534 0 4.01931)
(8.41487 0 4.42858)
(8.27108 0 4.87879)
(8.12195 0 5.37738)
(7.96741 0 5.93454)
(7.80776 0 6.56462)
(7.64422 0 7.28869)
(7.48181 0 8.13936)
(7.33388 0 9.17062)
(7.29072 0 10.4761)
(7.75127 0 12.2007)
(7.93781 0 14.9205)
(9.99638 0 0.143411)
(9.98433 0 0.285104)
(9.96305 0 0.427267)
(9.9335 0 0.5719)
(9.89655 0 0.720694)
(9.8526 0 0.875206)
(9.80194 0 1.03695)
(9.74488 0 1.20739)
(9.68179 0 1.38799)
(9.61303 0 1.5802)
(9.539 0 1.78551)
(9.4601 0 2.00544)
(9.37678 0 2.2416)
(9.28952 0 2.49572)
(9.19884 0 2.76969)
(9.10532 0 3.06561)
(9.00961 0 3.38592)
(8.91246 0 3.73346)
(8.81479 0 4.11168)
(8.71778 0 4.52485)
(8.62304 0 4.97837)
(8.53295 0 5.47927)
(8.45122 0 6.03687)
(8.38413 0 6.66376)
(8.34289 0 7.37714)
(8.3496 0 8.2004)
(8.4432 0 9.16366)
(8.67968 0 10.3001)
(9.32804 0 11.5541)
(9.82032 0 12.6398)
(9.99688 0 0.147849)
(9.9865 0 0.293917)
(9.96818 0 0.44042)
(9.94281 0 0.589373)
(9.91119 0 0.742471)
(9.87375 0 0.901265)
(9.83082 0 1.06725)
(9.78278 0 1.24189)
(9.73007 0 1.42661)
(9.67316 0 1.62284)
(9.61254 0 1.83203)
(9.54878 0 2.05565)
(9.4825 0 2.29527)
(9.41439 0 2.55253)
(9.34525 0 2.82924)
(9.276 0 3.1274)
(9.20775 0 3.44928)
(9.14183 0 3.79751)
(9.07993 0 4.17521)
(9.02426 0 4.58614)
(8.97785 0 5.03489)
(8.94498 0 5.52714)
(8.93195 0 6.06985)
(8.94829 0 6.67142)
(9.00849 0 7.34125)
(9.13471 0 8.08795)
(9.35798 0 8.91332)
(9.68773 0 9.80611)
(10.2536 0 10.7147)
(10.9412 0 11.4285)
(9.9974 0 0.151711)
(9.98873 0 0.30158)
(9.97346 0 0.451829)
(9.95237 0 0.604476)
(9.92621 0 0.761206)
(9.89541 0 0.923555)
(9.86037 0 1.09299)
(9.82152 0 1.27095)
(9.77935 0 1.45882)
(9.73443 0 1.65798)
(9.68737 0 1.86981)
(9.63886 0 2.09571)
(9.58969 0 2.33716)
(9.54075 0 2.59568)
(9.4931 0 2.87293)
(9.44796 0 3.17072)
(9.40683 0 3.49104)
(9.37153 0 3.83615)
(9.34435 0 4.20864)
(9.32828 0 4.61147)
(9.32725 0 5.04804)
(9.34655 0 5.52219)
(9.39343 0 6.03802)
(9.4778 0 6.5995)
(9.61287 0 7.20938)
(9.81545 0 7.86727)
(10.1083 0 8.56604)
(10.5 0 9.29096)
(11.0573 0 10.0318)
(11.85 0 10.6755)
(9.99792 0 0.154952)
(9.991 0 0.308001)
(9.97883 0 0.461359)
(9.9621 0 0.61703)
(9.94148 0 0.77668)
(9.91742 0 0.941815)
(9.89035 0 1.11387)
(9.86075 0 1.29423)
(9.8292 0 1.48422)
(9.79631 0 1.68516)
(9.7628 0 1.89835)
(9.72949 0 2.12508)
(9.6973 0 2.3667)
(9.66729 0 2.62458)
(9.64073 0 2.90016)
(9.61909 0 3.19498)
(9.60417 0 3.5107)
(9.59813 0 3.84909)
(9.60366 0 4.21206)
(9.62417 0 4.60165)
(9.66395 0 5.01997)
(9.72855 0 5.46903)
(9.82503 0 5.95042)
(9.96234 0 6.46483)
(10.1515 0 7.01117)
(10.4057 0 7.58554)
(10.742 0 8.17979)
(11.1722 0 8.77922)
(11.7191 0 9.37226)
(12.4716 0 9.88404)
(9.99845 0 0.157527)
(9.9933 0 0.313094)
(9.98426 0 0.468884)
(9.97192 0 0.626872)
(9.95687 0 0.788691)
(9.93958 0 0.955807)
(9.92049 0 1.1296)
(9.90015 0 1.31141)
(9.87916 0 1.50248)
(9.85822 0 1.70404)
(9.83812 0 1.91729)
(9.81976 0 2.14339)
(9.80419 0 2.38353)
(9.7926 0 2.63889)
(9.78641 0 2.91067)
(9.78726 0 3.20009)
(9.79712 0 3.50839)
(9.81836 0 3.83682)
(9.85383 0 4.1866)
(9.90704 0 4.55885)
(9.98226 0 4.95446)
(10.0847 0 5.3739)
(10.2207 0 5.81691)
(10.3978 0 6.28201)
(10.6249 0 6.76595)
(10.9115 0 7.26294)
(11.2688 0 7.76375)
(11.7049 0 8.25283)
(12.2205 0 8.71348)
(12.8956 0 9.10422)
(9.99898 0 0.159397)
(9.9956 0 0.316782)
(9.9897 0 0.47429)
(9.98174 0 0.633852)
(9.97226 0 0.797057)
(9.96169 0 0.965318)
(9.95053 0 1.13996)
(9.93934 0 1.32223)
(9.92877 0 1.51331)
(9.91956 0 1.71433)
(9.91256 0 1.92633)
(9.90875 0 2.15037)
(9.90923 0 2.38744)
(9.91529 0 2.6385)
(9.92844 0 2.90448)
(9.95039 0 3.18627)
(9.98321 0 3.48468)
(10.0293 0 3.80045)
(10.0914 0 4.13412)
(10.173 0 4.48598)
(10.278 0 4.85595)
(10.4109 0 5.24331)
(10.5772 0 5.64648)
(10.7826 0 6.06265)
(11.0336 0 6.48734)
(11.3367 0 6.91384)
(11.6978 0 7.33281)
(12.1212 0 7.73083)
(12.6006 0 8.09335)
(13.2053 0 8.39989)
(9.99951 0 0.16053)
(9.99788 0 0.318999)
(9.99509 0 0.47748)
(9.99149 0 0.637845)
(9.9875 0 0.801628)
(9.98357 0 0.970179)
(9.98021 0 1.14475)
(9.97798 0 1.32651)
(9.97757 0 1.51653)
(9.97975 0 1.71583)
(9.98541 0 1.92534)
(9.99554 0 2.14593)
(10.0113 0 2.37841)
(10.034 0 2.62351)
(10.0652 0 2.8819)
(10.1066 0 3.15411)
(10.1602 0 3.44058)
(10.2284 0 3.74152)
(10.3137 0 4.05693)
(10.4192 0 4.38642)
(10.5483 0 4.72914)
(10.7049 0 5.08355)
(10.8931 0 5.44726)
(11.1171 0 5.81677)
(11.3814 0 6.18715)
(11.6895 0 6.55187)
(12.0445 0 6.90264)
(12.4477 0 7.22915)
(12.8915 0 7.52028)
(13.4339 0 7.76474)
(10 0 0.160896)
(10.0001 0 0.319689)
(10.0004 0 0.478373)
(10.0011 0 0.638751)
(10.0025 0 0.802286)
(10.005 0 0.970258)
(10.0092 0 1.14384)
(10.0157 0 1.3241)
(10.0251 0 1.51201)
(10.0382 0 1.70847)
(10.0559 0 1.91427)
(10.0793 0 2.1301)
(10.1094 0 2.3566)
(10.1476 0 2.59426)
(10.1953 0 2.84349)
(10.2543 0 3.10451)
(10.3264 0 3.37738)
(10.4137 0 3.66193)
(10.5186 0 3.95766)
(10.6436 0 4.26369)
(10.7917 0 4.57864)
(10.9658 0 4.90048)
(11.1689 0 5.22643)
(11.4039 0 5.55278)
(11.6734 0 5.87477)
(11.9793 0 6.18656)
(12.3224 0 6.48129)
(12.7025 0 6.75113)
(13.1118 0 6.98776)
(13.599 0 7.18433)
(10.0005 0 0.160474)
(10.0023 0 0.318811)
(10.0056 0 0.476912)
(10.0104 0 0.636495)
(10.017 0 0.798948)
(10.0259 0 0.965471)
(10.0374 0 1.13714)
(10.0522 0 1.31494)
(10.071 0 1.49973)
(10.0944 0 1.69227)
(10.1235 0 1.89321)
(10.1592 0 2.1031)
(10.2025 0 2.32236)
(10.2548 0 2.55129)
(10.3175 0 2.79004)
(10.392 0 3.03857)
(10.4801 0 3.29665)
(10.5837 0 3.56374)
(10.7047 0 3.83903)
(10.8453 0 4.12128)
(11.0076 0 4.40881)
(11.1939 0 4.69935)
(11.4062 0 4.99003)
(11.6463 0 5.27728)
(11.9154 0 5.5568)
(12.2143 0 5.82361)
(12.5424 0 6.0722)
(12.8984 0 6.29668)
(13.2753 0 6.49101)
(13.7148 0 6.65105)
(10.001 0 0.15925)
(10.0044 0 0.316335)
(10.0106 0 0.473054)
(10.0194 0 0.631031)
(10.031 0 0.791569)
(10.0459 0 0.955779)
(10.0644 0 1.12465)
(10.0871 0 1.29905)
(10.1147 0 1.47974)
(10.1479 0 1.66735)
(10.1875 0 1.86239)
(10.2345 0 2.06524)
(10.2899 0 2.27618)
(10.3549 0 2.49529)
(10.4307 0 2.72252)
(10.5188 0 2.95761)
(10.6205 0 3.20007)
(10.7375 0 3.44914)
(10.8714 0 3.70377)
(11.0237 0 3.96253)
(11.1962 0 4.22358)
(11.3903 0 4.48465)
(11.6073 0 4.74295)
(11.8481 0 4.99525)
(12.113 0 5.23782)
(12.4019 0 5.46657)
(12.7135 0 5.67718)
(13.0461 0 5.8653)
(13.3933 0 6.0267)
(13.7918 0 6.15887)
(10.0015 0 0.157215)
(10.0065 0 0.312248)
(10.0154 0 0.466783)
(10.028 0 0.622343)
(10.0444 0 0.780139)
(10.065 0 0.941191)
(10.09 0 1.10639)
(10.1202 0 1.27651)
(10.156 0 1.45218)
(10.1981 0 1.63392)
(10.2474 0 1.82211)
(10.3047 0 2.017)
(10.3709 0 2.21868)
(10.4471 0 2.4271)
(10.5344 0 2.64202)
(10.6339 0 2.86301)
(10.7469 0 3.08941)
(10.8747 0 3.3203)
(11.0184 0 3.55449)
(11.1793 0 3.79047)
(11.3585 0 4.02642)
(11.5569 0 4.26013)
(11.7751 0 4.48908)
(12.0134 0 4.71042)
(12.2715 0 4.92104)
(12.5487 0 5.11767)
(12.8435 0 5.29698)
(13.1539 0 5.45583)
(13.4745 0 5.5913)
(13.8377 0 5.70189)
(10.0019 0 0.154369)
(10.0084 0 0.306548)
(10.0199 0 0.458102)
(10.0361 0 0.610443)
(10.0571 0 0.764687)
(10.0829 0 0.921762)
(10.1141 0 1.08246)
(10.1512 0 1.24745)
(10.1945 0 1.41726)
(10.2449 0 1.59229)
(10.3029 0 1.7728)
(10.3694 0 1.95891)
(10.4451 0 2.15059)
(10.531 0 2.34765)
(10.628 0 2.54972)
(10.737 0 2.75623)
(10.8591 0 2.96642)
(10.9952 0 3.17929)
(11.1461 0 3.39359)
(11.3128 0 3.60784)
(11.4958 0 3.82027)
(11.6957 0 4.02888)
(11.9124 0 4.23144)
(12.146 0 4.42553)
(12.3957 0 4.6086)
(12.6605 0 4.7781)
(12.9388 0 4.93152)
(13.2286 0 5.06661)
(13.5254 0 5.18138)
(13.8582 0 5.27498)
(10.0024 0 0.150717)
(10.0102 0 0.299249)
(10.0241 0 0.447034)
(10.0438 0 0.595371)
(10.0689 0 0.745278)
(10.0997 0 0.897589)
(10.1366 0 1.053)
(10.1799 0 1.21208)
(10.2301 0 1.37525)
(10.2878 0 1.54282)
(10.3536 0 1.71494)
(10.4281 0 1.89161)
(10.5121 0 2.07271)
(10.6062 0 2.25793)
(10.7113 0 2.44681)
(10.828 0 2.63872)
(10.9571 0 2.83281)
(11.0994 0 3.02807)
(11.2553 0 3.22328)
(11.4254 0 3.417)
(11.6099 0 3.60763)
(11.809 0 3.79339)
(12.0224 0 3.97236)
(12.2497 0 4.14252)
(12.4901 0 4.30186)
(12.7423 0 4.44838)
(13.0048 0 4.58025)
(13.2757 0 4.69586)
(13.5513 0 4.79388)
(13.8578 0 4.87389)
(10.0027 0 0.146271)
(10.0119 0 0.290376)
(10.0281 0 0.433622)
(10.0508 0 0.577193)
(10.0798 0 0.722009)
(10.1152 0 0.86881)
(10.1572 0 1.0182)
(10.2062 0 1.17065)
(10.2626 0 1.3265)
(10.3268 0 1.48596)
(10.3994 0 1.64908)
(10.4809 0 1.81579)
(10.5718 0 1.98587)
(10.6728 0 2.15895)
(10.7843 0 2.33451)
(10.9071 0 2.51187)
(11.0414 0 2.69018)
(11.1879 0 2.86844)
(11.3469 0 3.04548)
(11.5184 0 3.22)
(11.7026 0 3.39056)
(11.8993 0 3.55562)
(12.108 0 3.71356)
(12.3282 0 3.86275)
(12.5588 0 4.00159)
(12.7987 0 4.12858)
(13.0463 0 4.24237)
(13.3 0 4.34184)
(13.5566 0 4.42613)
(13.8402 0 4.49507)
(10.0031 0 0.141051)
(10.0134 0 0.279968)
(10.0317 0 0.417928)
(10.0573 0 0.556)
(10.0898 0 0.695006)
(10.1293 0 0.835597)
(10.1759 0 0.978286)
(10.23 0 1.12346)
(10.2918 0 1.27138)
(10.3618 0 1.42216)
(10.4402 0 1.5758)
(10.5276 0 1.73214)
(10.6243 0 1.89092)
(10.7308 0 2.05171)
(10.8474 0 2.21397)
(10.9746 0 2.377)
(11.1127 0 2.53999)
(11.2618 0 2.70197)
(11.4221 0 2.86188)
(11.5936 0 3.01855)
(11.776 0 3.17072)
(11.9691 0 3.31708)
(12.1723 0 3.45631)
(12.3847 0 3.58709)
(12.6055 0 3.70819)
(12.8335 0 3.81848)
(13.0672 0 3.91698)
(13.3053 0 4.00294)
(13.545 0 4.0758)
(13.8085 0 4.13557)
(10.0034 0 0.13508)
(10.0148 0 0.268072)
(10.035 0 0.400028)
(10.0631 0 0.531901)
(10.0988 0 0.66442)
(10.142 0 0.798148)
(10.1927 0 0.933518)
(10.2513 0 1.07084)
(10.3178 0 1.21029)
(10.3927 0 1.35194)
(10.4761 0 1.49571)
(10.5683 0 1.6414)
(10.6697 0 1.78871)
(10.7805 0 1.9372)
(10.901 0 2.0863)
(11.0313 0 2.23534)
(11.1717 0 2.38356)
(11.3221 0 2.53007)
(11.4825 0 2.6739)
(11.6527 0 2.81404)
(11.8323 0 2.94941)
(12.021 0 3.07891)
(12.218 0 3.20148)
(12.4225 0 3.31608)
(12.6337 0 3.42175)
(12.8503 0 3.51766)
(13.0712 0 3.60314)
(13.295 0 3.67765)
(13.5196 0 3.74089)
(13.7655 0 3.79294)
(10.0037 0 0.128386)
(10.0161 0 0.254746)
(10.0379 0 0.38001)
(10.0684 0 0.505023)
(10.1069 0 0.630421)
(10.1533 0 0.756685)
(10.2076 0 0.884175)
(10.27 0 1.01313)
(10.3406 0 1.14367)
(10.4196 0 1.2758)
(10.5071 0 1.40941)
(10.6033 0 1.54427)
(10.7083 0 1.68005)
(10.8224 0 1.8163)
(10.9456 0 1.95249)
(11.078 0 2.08798)
(11.2195 0 2.22205)
(11.3701 0 2.35392)
(11.5295 0 2.48273)
(11.6975 0 2.60761)
(11.8736 0 2.72764)
(12.0573 0 2.84195)
(12.2478 0 2.94966)
(12.4445 0 3.04997)
(12.6463 0 3.14215)
(12.8523 0 3.22562)
(13.0613 0 3.29987)
(13.2723 0 3.36459)
(13.4834 0 3.4196)
(13.7137 0 3.46506)
(10.004 0 0.120999)
(10.0172 0 0.240053)
(10.0405 0 0.357974)
(10.0731 0 0.475503)
(10.114 0 0.593189)
(10.1632 0 0.711441)
(10.2207 0 0.830548)
(10.2864 0 0.950692)
(10.3604 0 1.07194)
(10.4428 0 1.19426)
(10.5336 0 1.3175)
(10.6328 0 1.44143)
(10.7407 0 1.56569)
(10.8571 0 1.68988)
(10.982 0 1.81346)
(11.1154 0 1.93587)
(11.2572 0 2.05645)
(11.4071 0 2.17451)
(11.5648 0 2.28931)
(11.7299 0 2.40011)
(11.902 0 2.50616)
(12.0804 0 2.60674)
(12.2645 0 2.70116)
(12.4534 0 2.7888)
(12.6464 0 2.86913)
(12.8424 0 2.94172)
(13.0406 0 3.00624)
(13.24 0 3.06248)
(13.4389 0 3.11038)
(13.6553 0 3.15011)
(10.0042 0 0.112953)
(10.0182 0 0.224059)
(10.0428 0 0.334022)
(10.0771 0 0.443484)
(10.1202 0 0.552917)
(10.1718 0 0.662657)
(10.2319 0 0.772935)
(10.3004 0 0.88388)
(10.3772 0 0.995522)
(10.4624 0 1.10779)
(10.5557 0 1.22053)
(10.6574 0 1.33349)
(10.7672 0 1.44633)
(10.8851 0 1.55866)
(11.011 0 1.67)
(11.1447 0 1.77983)
(11.286 0 1.88758)
(11.4345 0 1.99264)
(11.5899 0 2.09438)
(11.7518 0 2.19219)
(11.9195 0 2.28546)
(12.0926 0 2.3736)
(12.2702 0 2.45609)
(12.4518 0 2.53245)
(12.6364 0 2.60229)
(12.8233 0 2.66531)
(13.0116 0 2.72128)
(13.2004 0 2.77011)
(13.3886 0 2.81178)
(13.5927 0 2.84647)
(10.0044 0 0.10428)
(10.019 0 0.206831)
(10.0448 0 0.308258)
(10.0807 0 0.409113)
(10.1256 0 0.509792)
(10.1793 0 0.610569)
(10.2415 0 0.711623)
(10.3123 0 0.813039)
(10.3914 0 0.914815)
(10.4787 0 1.01686)
(10.5741 0 1.11901)
(10.6774 0 1.22102)
(10.7885 0 1.32257)
(10.9073 0 1.4233)
(11.0335 0 1.52277)
(11.1669 0 1.62053)
(11.3071 0 1.71608)
(11.4538 0 1.8089)
(11.6066 0 1.89847)
(11.7649 0 1.98428)
(11.9282 0 2.06583)
(12.096 0 2.14267)
(12.2674 0 2.21439)
(12.442 0 2.28063)
(12.6189 0 2.34112)
(12.7973 0 2.39563)
(12.9767 0 2.44405)
(13.1561 0 2.48632)
(13.3346 0 2.52246)
(13.5278 0 2.55267)
(10.0046 0 0.0950131)
(10.0198 0 0.188435)
(10.0466 0 0.280784)
(10.0837 0 0.37253)
(10.1302 0 0.463999)
(10.1856 0 0.555409)
(10.2497 0 0.64689)
(10.3222 0 0.738494)
(10.4031 0 0.830193)
(10.4921 0 0.921888)
(10.5889 0 1.01341)
(10.6934 0 1.10453)
(10.8053 0 1.19495)
(10.9244 0 1.28434)
(11.0504 0 1.37233)
(11.183 0 1.45851)
(11.3218 0 1.54246)
(11.4664 0 1.62375)
(11.6163 0 1.70194)
(11.771 0 1.77662)
(11.9299 0 1.8474)
(12.0925 0 1.91391)
(12.2582 0 1.97586)
(12.4262 0 2.03297)
(12.596 0 2.08505)
(12.7668 0 2.13195)
(12.9381 0 2.17361)
(13.1091 0 2.21001)
(13.2789 0 2.2412)
(13.4625 0 2.26736)
(10.0047 0 0.0851796)
(10.0204 0 0.168928)
(10.0481 0 0.251693)
(10.0863 0 0.333867)
(10.1341 0 0.415713)
(10.1909 0 0.497391)
(10.2564 0 0.57899)
(10.3305 0 0.660534)
(10.4127 0 0.74198)
(10.5029 0 0.823223)
(10.6007 0 0.9041)
(10.7059 0 0.984395)
(10.8182 0 1.06385)
(10.9372 0 1.14218)
(11.0627 0 1.21904)
(11.1942 0 1.2941)
(11.3313 0 1.367)
(11.4735 0 1.43739)
(11.6205 0 1.50491)
(11.7716 0 1.56922)
(11.9263 0 1.63003)
(12.0841 0 1.68706)
(12.2443 0 1.74007)
(12.4064 0 1.78887)
(12.5698 0 1.83332)
(12.7337 0 1.87334)
(12.8978 0 1.90888)
(13.0614 0 1.93997)
(13.2236 0 1.96667)
(13.3988 0 1.98914)
(10.0049 0 0.0748001)
(10.021 0 0.148357)
(10.0494 0 0.221063)
(10.0886 0 0.293243)
(10.1374 0 0.365089)
(10.1954 0 0.436711)
(10.2621 0 0.508163)
(10.3372 0 0.579445)
(10.4205 0 0.650505)
(10.5115 0 0.721235)
(10.61 0 0.791483)
(10.7155 0 0.861057)
(10.8278 0 0.92973)
(10.9465 0 0.997246)
(11.0711 0 1.06333)
(11.2013 0 1.1277)
(11.3366 0 1.19005)
(11.4766 0 1.2501)
(11.6207 0 1.30756)
(11.7684 0 1.36218)
(11.9192 0 1.41371)
(12.0725 0 1.46194)
(12.2278 0 1.50671)
(12.3845 0 1.54788)
(12.5421 0 1.58535)
(12.7 0 1.61908)
(12.8577 0 1.64904)
(13.0147 0 1.67528)
(13.1704 0 1.69785)
(13.3381 0 1.71691)
(10.005 0 0.0638813)
(10.0216 0 0.126744)
(10.0506 0 0.188952)
(10.0906 0 0.250751)
(10.1403 0 0.31225)
(10.1992 0 0.373503)
(10.2668 0 0.434536)
(10.3428 0 0.495338)
(10.4268 0 0.555851)
(10.5184 0 0.615974)
(10.6172 0 0.675572)
(10.7229 0 0.734476)
(10.835 0 0.792493)
(10.953 0 0.849409)
(11.0767 0 0.904995)
(11.2056 0 0.959016)
(11.3391 0 1.01123)
(11.4768 0 1.06142)
(11.6181 0 1.10935)
(11.7627 0 1.15481)
(11.9099 0 1.19764)
(12.0592 0 1.23767)
(12.2101 0 1.27478)
(12.3621 0 1.30887)
(12.5146 0 1.33988)
(12.6672 0 1.36778)
(12.8195 0 1.39258)
(12.9709 0 1.41431)
(13.1208 0 1.43304)
(13.2823 0 1.44889)
(10.0051 0 0.0524028)
(10.0221 0 0.104078)
(10.0518 0 0.155404)
(10.0925 0 0.20652)
(10.143 0 0.257426)
(10.2026 0 0.308115)
(10.2709 0 0.358587)
(10.3475 0 0.408815)
(10.432 0 0.458735)
(10.5239 0 0.508253)
(10.6229 0 0.55725)
(10.7284 0 0.605585)
(10.8401 0 0.6531)
(10.9576 0 0.699621)
(11.0803 0 0.744965)
(11.2078 0 0.788946)
(11.3396 0 0.831379)
(11.4752 0 0.872086)
(11.6141 0 0.910898)
(11.7559 0 0.947661)
(11.8999 0 0.982241)
(12.0457 0 1.01453)
(12.1928 0 1.04442)
(12.3407 0 1.07187)
(12.4889 0 1.09683)
(12.637 0 1.1193)
(12.7846 0 1.13927)
(12.9312 0 1.15679)
(13.0764 0 1.17192)
(13.2325 0 1.18476)
(10.0053 0 0.0402815)
(10.0228 0 0.0802513)
(10.0533 0 0.120261)
(10.0947 0 0.160247)
(10.1458 0 0.200101)
(10.206 0 0.239805)
(10.2748 0 0.279355)
(10.3519 0 0.318716)
(10.4367 0 0.357821)
(10.5288 0 0.396587)
(10.6277 0 0.434912)
(10.7331 0 0.47268)
(10.8443 0 0.509762)
(10.9611 0 0.546021)
(11.0828 0 0.581314)
(11.2091 0 0.615497)
(11.3393 0 0.648431)
(11.4731 0 0.679979)
(11.6099 0 0.710017)
(11.7492 0 0.738433)
(11.8906 0 0.765129)
(12.0335 0 0.790025)
(12.1774 0 0.81306)
(12.3219 0 0.834192)
(12.4666 0 0.853398)
(12.611 0 0.870674)
(12.7548 0 0.886035)
(12.8975 0 0.899511)
(13.0388 0 0.911149)
(13.1907 0 0.921037)
(10.0056 0 0.0273352)
(10.0239 0 0.0556077)
(10.0551 0 0.0846101)
(10.0971 0 0.113677)
(10.1487 0 0.14258)
(10.2093 0 0.171338)
(10.2785 0 0.199965)
(10.3558 0 0.228427)
(10.4409 0 0.256668)
(10.5331 0 0.284626)
(10.6319 0 0.31223)
(10.7371 0 0.339399)
(10.8479 0 0.366044)
(10.9641 0 0.392068)
(11.085 0 0.417374)
(11.2101 0 0.44186)
(11.3391 0 0.465431)
(11.4714 0 0.487993)
(11.6065 0 0.509461)
(11.7438 0 0.52976)
(11.883 0 0.548823)
(12.0235 0 0.566597)
(12.1649 0 0.583043)
(12.3068 0 0.598134)
(12.4487 0 0.611857)
(12.5902 0 0.624212)
(12.7309 0 0.635213)
(12.8706 0 0.644883)
(13.0088 0 0.653257)
(13.1573 0 0.660405)
(10.0068 0 0.0112514)
(10.0271 0 0.0265909)
(10.0594 0 0.0438218)
(10.1017 0 0.061338)
(10.1535 0 0.0788204)
(10.2142 0 0.0963113)
(10.2836 0 0.113805)
(10.361 0 0.131243)
(10.446 0 0.148564)
(10.538 0 0.165714)
(10.6367 0 0.182639)
(10.7415 0 0.199284)
(10.8519 0 0.215588)
(10.9675 0 0.231491)
(11.0876 0 0.246929)
(11.212 0 0.261842)
(11.3399 0 0.27617)
(11.471 0 0.28986)
(11.6048 0 0.302861)
(11.7407 0 0.31513)
(11.8783 0 0.32663)
(12.0171 0 0.337332)
(12.1567 0 0.347215)
(12.2967 0 0.356268)
(12.4366 0 0.364485)
(12.5761 0 0.371872)
(12.7147 0 0.37844)
(12.8523 0 0.384208)
(12.9885 0 0.389204)
(13.1346 0 0.393488)
(9.99589 0 0.000924575)
(10.007 0 0.00495789)
(10.0277 0 0.0102674)
(10.0577 0 0.0158107)
(10.0974 0 0.0214259)
(10.1467 0 0.02714)
(10.2051 0 0.0329434)
(10.272 0 0.0388016)
(10.347 0 0.0446823)
(10.4296 0 0.0505592)
(10.5192 0 0.0564081)
(10.6155 0 0.062204)
(10.7178 0 0.0679211)
(10.8256 0 0.073533)
(10.9385 0 0.0790134)
(11.0559 0 0.0843364)
(11.1773 0 0.0894772)
(11.3021 0 0.0944124)
(11.4299 0 0.0991209)
(11.5601 0 0.103584)
(11.6923 0 0.107784)
(11.8259 0 0.11171)
(11.9605 0 0.115351)
(12.0956 0 0.1187)
(12.2309 0 0.121753)
(12.3659 0 0.124511)
(12.5003 0 0.126975)
(12.6337 0 0.129151)
(12.7658 0 0.131043)
(12.9078 0 0.132681)
(9.45143 0 13.0849)
(6.23541 0 10.757)
(-1.00062 0 5.41572)
(10.3687 0 11.2085)
(9.80878 0 9.89718)
(8.21832 0 8.08611)
(11.4621 0 11.1214)
(11.676 0 10.5642)
(11.4175 0 9.65255)
(12.3509 0 10.7296)
(12.6955 0 10.5616)
(12.8009 0 10.1445)
(12.9162 0 9.99509)
(13.2854 0 9.98751)
(13.5276 0 9.84875)
(13.2904 0 9.22129)
(13.6515 0 9.27842)
(13.9341 0 9.26806)
(13.5567 0 8.50604)
(13.889 0 8.57864)
(14.1629 0 8.61419)
(13.7456 0 7.85321)
(14.0431 0 7.92008)
(14.2922 0 7.96498)
(13.8761 0 7.25655)
(14.1411 0 7.31318)
(14.3637 0 7.35516)
(13.9625 0 6.71049)
(14.1994 0 6.75785)
(14.3983 0 6.79436)
(14.0149 0 6.20844)
(14.2279 0 6.2483)
(14.4065 0 6.27964)
(14.04 0 5.74375)
(14.2327 0 5.77769)
(14.3944 0 5.80476)
(14.0427 0 5.31074)
(14.2184 0 5.33998)
(14.3657 0 5.3636)
(14.0272 0 4.90474)
(14.1883 0 4.93017)
(14.3234 0 4.95098)
(13.9965 0 4.52189)
(14.145 0 4.54419)
(14.2697 0 4.56265)
(13.9534 0 4.15904)
(14.0911 0 4.17869)
(14.2066 0 4.19513)
(13.9004 0 3.81354)
(14.0286 0 3.83092)
(14.1362 0 3.84561)
(13.8398 0 3.48319)
(13.9597 0 3.49858)
(14.0603 0 3.51171)
(13.7738 0 3.16606)
(13.8862 0 3.1797)
(13.9807 0 3.19142)
(13.7043 0 2.8605)
(13.8102 0 2.87255)
(13.8993 0 2.88299)
(13.6333 0 2.56495)
(13.7335 0 2.57557)
(13.8178 0 2.58482)
(13.5627 0 2.27806)
(13.6579 0 2.28735)
(13.738 0 2.29549)
(13.4943 0 1.99837)
(13.585 0 2.00641)
(13.6614 0 2.0135)
(13.4296 0 1.72477)
(13.5165 0 1.73165)
(13.5896 0 1.73774)
(13.3703 0 1.45544)
(13.4539 0 1.4612)
(13.5243 0 1.46631)
(13.3176 0 1.1901)
(13.3984 0 1.1948)
(13.4665 0 1.19898)
(13.2734 0 0.925139)
(13.352 0 0.928749)
(13.4181 0 0.931975)
(13.2381 0 0.663382)
(13.3149 0 0.666)
(13.3798 0 0.668338)
(13.2141 0 0.395205)
(13.2897 0 0.39665)
(13.3533 0 0.397919)
(12.9851 0 0.133291)
(13.0586 0 0.133771)
(13.1206 0 0.134198)
(-2.60739 0 1.53878)
(-1.89702 0 1.28822)
(-2.20266 0 0.777941)
(-2.03371 0 0.710712)
(-1.90522 0 0.758889)
(-1.9374 0 0.581256)
(-1.95129 0 0.390697)
(-1.97153 0 0.312509)
(-2.00213 0 0.261176)
(-2.01464 0 0.211359)
(-2.02024 0 0.192148)
(-2.04562 0 0.184323)
(-2.08167 0 0.158731)
(-2.10716 0 0.121835)
(-2.12079 0 0.0962638)
(-2.13684 0 0.0925828)
(-2.16427 0 0.0949693)
(-2.19655 0 0.0885535)
(-2.22118 0 0.0718469)
(-2.23217 0 0.0548248)
(-2.23534 0 0.0492754)
(-2.24179 0 0.0570731)
(-2.25745 0 0.0693999)
(-2.28067 0 0.0776248)
(-2.30609 0 0.0777152)
(-2.32832 0 0.070088)
(-2.34483 0 0.0590284)
(-2.35728 0 0.0504371)
(-2.36742 0 0.0467262)
(-2.3723 0 0.0452688)
(6.07304 0 5.45336)
(3.60561 0 3.52619)
(1.47947 0 2.06853)
(-1.21212 0 0.592601)
(-1.85854 0 0.41787)
(-2.14331 0 0.218016)
(-2.10297 0 0.250295)
(-2.01298 0 0.424804)
(-2.02207 0 0.414483)
(-2.02187 0 0.276154)
(-2.01013 0 0.180138)
(-2.04433 0 0.177201)
(-2.09802 0 0.157856)
(-2.1231 0 0.11913)
(-2.11836 0 0.101683)
(-2.11959 0 0.117793)
(-2.14868 0 0.132747)
(-2.1904 0 0.125254)
(-2.22063 0 0.0949694)
(-2.22817 0 0.0604018)
(-2.22239 0 0.0460552)
(-2.22294 0 0.0588239)
(-2.23958 0 0.0787757)
(-2.26799 0 0.0910209)
(-2.29921 0 0.0910659)
(-2.32511 0 0.0803277)
(-2.3416 0 0.0650397)
(-2.35122 0 0.0542977)
(-2.35902 0 0.0521376)
(-2.36336 0 0.0525657)
(10.3458 0 7.61699)
(8.59973 0 5.82897)
(6.67985 0 4.38271)
(4.75874 0 3.15929)
(2.99777 0 2.18326)
(1.57083 0 1.3706)
(-0.584209 0 0.455185)
(-1.65921 0 0.252492)
(-2.03318 0 0.0898143)
(-2.12937 0 -0.0639506)
(-2.03089 0 0.0782878)
(-1.98754 0 0.321901)
(-2.05038 0 0.324805)
(-2.07203 0 0.221013)
(-2.04196 0 0.119267)
(-2.03392 0 0.0983898)
(-2.08031 0 0.123358)
(-2.14513 0 0.117314)
(-2.18774 0 0.075934)
(-2.18739 0 0.0328345)
(-2.15965 0 0.0330324)
(-2.14546 0 0.0688321)
(-2.16355 0 0.102826)
(-2.20021 0 0.120256)
(-2.23941 0 0.118955)
(-2.26974 0 0.102154)
(-2.28508 0 0.0781033)
(-2.2892 0 0.060705)
(-2.29275 0 0.0589526)
(-2.29657 0 0.0620344)
(12.4841 0 8.78128)
(11.6049 0 7.33547)
(10.3735 0 6.02592)
(8.97839 0 4.84972)
(7.49848 0 3.8382)
(6.06206 0 3.01385)
(4.60771 0 2.31399)
(3.23712 0 1.72371)
(1.98885 0 1.19015)
(1.03529 0 0.656396)
(-1.09361 0 0.126593)
(-1.54484 0 0.209117)
(-1.93914 0 0.0946024)
(-2.05573 0 -0.0618464)
(-1.99023 0 -0.0808243)
(-1.9208 0 0.101223)
(-1.93906 0 0.257847)
(-2.0284 0 0.272403)
(-2.08157 0 0.205205)
(-2.0568 0 0.1023)
(-1.99599 0 0.0274824)
(-1.98163 0 0.0537046)
(-2.01501 0 0.104904)
(-2.06744 0 0.127096)
(-2.11886 0 0.121531)
(-2.15592 0 0.0954299)
(-2.16966 0 0.0606256)
(-2.164 0 0.0392511)
(-2.15913 0 0.050346)
(-2.16197 0 0.0666141)
(13.6537 0 9.0995)
(13.3664 0 8.09397)
(12.7433 0 7.04546)
(11.8836 0 6.03129)
(10.8619 0 5.1047)
(9.75823 0 4.29519)
(8.61006 0 3.57355)
(7.43707 0 2.92687)
(6.26687 0 2.3635)
(5.16306 0 1.91644)
(4.00357 0 1.54751)
(2.97026 0 1.20451)
(2.01792 0 0.876038)
(1.21694 0 0.551306)
(0.0298303 0 0.144464)
(-1.10575 0 0.123522)
(-1.45926 0 0.18633)
(-1.73076 0 0.131176)
(-1.86178 0 -0.00122715)
(-1.86094 0 -0.139957)
(-1.74555 0 -0.0974524)
(-1.75025 0 0.0814667)
(-1.77627 0 0.185797)
(-1.85068 0 0.214957)
(-1.91608 0 0.20422)
(-1.95713 0 0.169366)
(-1.9607 0 0.120379)
(-1.92917 0 0.0780589)
(-1.90572 0 0.0774168)
(-1.91188 0 0.106961)
(14.2785 0 8.92006)
(14.3578 0 8.30212)
(14.1853 0 7.55445)
(13.78 0 6.76204)
(13.1846 0 5.97862)
(12.452 0 5.2381)
(11.6253 0 4.54785)
(10.7343 0 3.91669)
(9.80377 0 3.35553)
(8.86591 0 2.8804)
(7.92591 0 2.45705)
(6.99895 0 2.06398)
(6.09371 0 1.70629)
(5.21256 0 1.4104)
(4.34433 0 1.18248)
(3.46547 0 0.989699)
(2.69288 0 0.801511)
(1.98812 0 0.623438)
(1.33306 0 0.441358)
(0.84699 0 0.206003)
(-0.403699 0 0.011442)
(-0.9838 0 0.105235)
(-1.27274 0 0.154772)
(-1.44612 0 0.160911)
(-1.55627 0 0.130283)
(-1.62639 0 0.0708121)
(-1.6493 0 -0.00562966)
(-1.61688 0 -0.0654348)
(-1.58932 0 -0.0162329)
(-1.60269 0 0.10934)
(14.5841 0 8.48787)
(14.8651 0 8.14878)
(14.9895 0 7.66314)
(14.9236 0 7.09046)
(14.6771 0 6.47602)
(14.282 0 5.85456)
(13.7713 0 5.24809)
(13.1715 0 4.67217)
(12.5046 0 4.13804)
(11.793 0 3.65427)
(11.0551 0 3.21256)
(10.3035 0 2.80739)
(9.54463 0 2.43955)
(8.78289 0 2.12196)
(8.03006 0 1.85253)
(7.2874 0 1.61557)
(6.57718 0 1.39324)
(5.89461 0 1.18185)
(5.22532 0 0.987464)
(4.57504 0 0.844553)
(3.90504 0 0.747337)
(3.26027 0 0.6421)
(2.6777 0 0.540242)
(2.14378 0 0.452035)
(1.65006 0 0.372603)
(1.18717 0 0.292671)
(0.723045 0 0.205803)
(0.321534 0 0.0837807)
(-0.452869 0 0.0648521)
(-0.829388 0 0.290526)
(14.7163 0 7.94557)
(15.085 0 7.7817)
(15.3782 0 7.49103)
(15.5375 0 7.10456)
(15.5493 0 6.65374)
(15.4269 0 6.16695)
(15.1895 0 5.66671)
(14.8549 0 5.17016)
(14.4399 0 4.6903)
(13.9617 0 4.23677)
(13.4373 0 3.81218)
(12.879 0 3.41624)
(12.2946 0 3.05046)
(11.6912 0 2.72036)
(11.0795 0 2.42646)
(10.4694 0 2.16367)
(9.86836 0 1.92083)
(9.27385 0 1.69306)
(8.68016 0 1.48664)
(8.08925 0 1.31787)
(7.50857 0 1.17854)
(6.94432 0 1.05484)
(6.40558 0 0.940368)
(5.88515 0 0.834241)
(5.37804 0 0.734708)
(4.88094 0 0.641313)
(4.38464 0 0.560003)
(3.89188 0 0.508755)
(3.38876 0 0.47871)
(2.67586 0 0.512955)
(14.7598 0 7.37927)
(15.1479 0 7.31248)
(15.5168 0 7.15017)
(15.8048 0 6.90338)
(15.9862 0 6.58967)
(16.061 0 6.22793)
(16.0366 0 5.83579)
(15.9215 0 5.42864)
(15.7257 0 5.01941)
(15.4611 0 4.61835)
(15.1398 0 4.23159)
(14.7723 0 3.86234)
(14.3667 0 3.51393)
(13.9311 0 3.19058)
(13.4746 0 2.89431)
(13.0061 0 2.62291)
(12.531 0 2.37082)
(12.0498 0 2.13579)
(11.5617 0 1.92166)
(11.0694 0 1.73496)
(10.5805 0 1.57407)
(10.1016 0 1.43285)
(9.63423 0 1.30338)
(9.17405 0 1.18273)
(8.71679 0 1.07051)
(8.2591 0 0.968319)
(7.79699 0 0.881453)
(7.32834 0 0.819887)
(6.86362 0 0.789652)
(6.25679 0 0.798242)
(14.758 0 6.83207)
(15.1313 0 6.81306)
(15.5183 0 6.72675)
(15.8642 0 6.57409)
(16.1409 0 6.36287)
(16.3418 0 6.10362)
(16.4663 0 5.80787)
(16.5159 0 5.48719)
(16.4941 0 5.15236)
(16.4071 0 4.81266)
(16.2622 0 4.4751)
(16.0671 0 4.14478)
(15.8285 0 3.82613)
(15.5534 0 3.5233)
(15.2493 0 3.23888)
(14.9229 0 2.97279)
(14.5795 0 2.72325)
(14.2212 0 2.48989)
(13.8497 0 2.27512)
(13.4683 0 2.08236)
(13.0827 0 1.91156)
(12.6979 0 1.75865)
(12.315 0 1.61853)
(11.9319 0 1.48906)
(11.5458 0 1.37047)
(11.1542 0 1.26469)
(10.7551 0 1.17587)
(10.3485 0 1.11015)
(9.9446 0 1.07233)
(9.43505 0 1.0573)
(14.7311 0 6.31901)
(15.0769 0 6.32125)
(15.4517 0 6.27644)
(15.811 0 6.18211)
(16.1293 0 6.04094)
(16.3985 0 5.85794)
(16.6147 0 5.63965)
(16.7749 0 5.39356)
(16.8781 0 5.12748)
(16.9259 0 4.84882)
(16.9216 0 4.564)
(16.8694 0 4.2784)
(16.7741 0 3.99671)
(16.6406 0 3.72299)
(16.4742 0 3.46023)
(16.2803 0 3.20988)
(16.0632 0 2.97232)
(15.8257 0 2.7483)
(15.5704 0 2.5397)
(15.3006 0 2.34871)
(15.0205 0 2.1757)
(14.7338 0 2.01857)
(14.4421 0 1.87461)
(14.1447 0 1.74254)
(13.84 0 1.62276)
(13.5268 0 1.51703)
(13.2043 0 1.42843)
(12.874 0 1.36059)
(12.544 0 1.31471)
(12.1261 0 1.28256)
(14.6881 0 5.84188)
(15.0042 0 5.85282)
(15.3548 0 5.82981)
(15.7038 0 5.76991)
(16.0302 0 5.67378)
(16.3272 0 5.54363)
(16.5904 0 5.38276)
(16.8153 0 5.19559)
(16.9986 0 4.98722)
(17.1389 0 4.763)
(17.2366 0 4.52807)
(17.2931 0 4.28713)
(17.3108 0 4.04445)
(17.2927 0 3.80385)
(17.2421 0 3.56842)
(17.1627 0 3.34036)
(17.0578 0 3.12116)
(16.9301 0 2.91223)
(16.7819 0 2.71534)
(16.6163 0 2.53224)
(16.4365 0 2.36366)
(16.2453 0 2.20895)
(16.0444 0 2.06693)
(15.8339 0 1.93705)
(15.6133 0 1.81984)
(15.3822 0 1.71681)
(15.1408 0 1.63012)
(14.8907 0 1.5617)
(14.6382 0 1.51097)
(14.3122 0 1.47038)
(14.633 0 5.39761)
(14.9218 0 5.41189)
(15.2454 0 5.40048)
(15.5742 0 5.36088)
(15.8913 0 5.29313)
(16.1915 0 5.19821)
(16.4716 0 5.07782)
(16.7274 0 4.93442)
(16.9548 0 4.77121)
(17.1512 0 4.59182)
(17.3154 0 4.40002)
(17.4469 0 4.19953)
(17.5463 0 3.9939)
(17.6149 0 3.78645)
(17.6543 0 3.58008)
(17.6667 0 3.37719)
(17.6544 0 3.17971)
(17.6192 0 2.9894)
(17.5632 0 2.80802)
(17.4888 0 2.63721)
(17.3982 0 2.47798)
(17.2939 0 2.33058)
(17.1771 0 2.19479)
(17.0486 0 2.07069)
(16.9084 0 1.95896)
(16.7568 0 1.86088)
(16.5943 0 1.77799)
(16.4225 0 1.71127)
(16.2455 0 1.65973)
(16.01 0 1.61737)
(14.5682 0 4.98196)
(14.8329 0 4.99738)
(15.131 0 4.99258)
(15.4372 0 4.9655)
(15.7375 0 4.91604)
(16.0285 0 4.8447)
(16.3081 0 4.75241)
(16.5728 0 4.64061)
(16.8193 0 4.51133)
(17.0445 0 4.36701)
(17.2467 0 4.21032)
(17.4245 0 4.04406)
(17.5774 0 3.87105)
(17.7055 0 3.694)
(17.8093 0 3.51547)
(17.8897 0 3.33772)
(17.9481 0 3.16275)
(17.9855 0 2.9924)
(18.0035 0 2.82841)
(18.0037 0 2.67237)
(17.9877 0 2.52548)
(17.9573 0 2.38849)
(17.9136 0 2.26183)
(17.8574 0 2.146)
(17.7893 0 2.04183)
(17.7096 0 1.95046)
(17.6191 0 1.87306)
(17.519 0 1.81025)
(17.4119 0 1.76125)
(17.2619 0 1.72169)
(14.4952 0 4.59086)
(14.7391 0 4.60651)
(15.0144 0 4.60581)
(15.2989 0 4.58704)
(15.5807 0 4.55003)
(15.8573 0 4.49508)
(16.1277 0 4.42271)
(16.3894 0 4.33386)
(16.6396 0 4.22986)
(16.8757 0 4.11241)
(17.0957 0 3.98343)
(17.2983 0 3.84503)
(17.4824 0 3.69939)
(17.6475 0 3.5487)
(17.7933 0 3.39509)
(17.92 0 3.24059)
(18.0283 0 3.08707)
(18.1186 0 2.93628)
(18.1919 0 2.78989)
(18.2491 0 2.64943)
(18.2914 0 2.51619)
(18.32 0 2.39117)
(18.3358 0 2.27519)
(18.3397 0 2.16903)
(18.332 0 2.07363)
(18.3136 0 1.99006)
(18.2849 0 1.91935)
(18.247 0 1.86206)
(18.2013 0 1.81788)
(18.1284 0 1.78397)
(14.4156 0 4.22086)
(14.6414 0 4.2363)
(14.8966 0 4.23831)
(15.1614 0 4.22541)
(15.4253 0 4.19741)
(15.6864 0 4.15444)
(15.9443 0 4.09682)
(16.1973 0 4.02516)
(16.4432 0 3.94038)
(16.6797 0 3.8437)
(16.9052 0 3.73656)
(17.1184 0 3.62057)
(17.3181 0 3.49743)
(17.5035 0 3.36893)
(17.6741 0 3.23682)
(17.8298 0 3.10287)
(17.9705 0 2.96875)
(18.0965 0 2.83606)
(18.2082 0 2.70636)
(18.3062 0 2.58109)
(18.3912 0 2.46154)
(18.4641 0 2.34885)
(18.5254 0 2.24401)
(18.576 0 2.14799)
(18.6162 0 2.06179)
(18.6469 0 1.98647)
(18.6685 0 1.92301)
(18.6817 0 1.87212)
(18.6873 0 1.83399)
(18.6805 0 1.80709)
(14.3307 0 3.86906)
(14.5408 0 3.88403)
(14.7784 0 3.88787)
(15.0257 0 3.87931)
(15.2731 0 3.85812)
(15.5192 0 3.82432)
(15.7641 0 3.77809)
(16.0063 0 3.7198)
(16.2442 0 3.65011)
(16.4759 0 3.56991)
(16.7001 0 3.48031)
(16.9155 0 3.38255)
(17.1211 0 3.27799)
(17.316 0 3.16808)
(17.4997 0 3.05431)
(17.6718 0 2.93818)
(17.832 0 2.82117)
(17.9805 0 2.70473)
(18.1172 0 2.59027)
(18.2426 0 2.47914)
(18.3571 0 2.3726)
(18.4612 0 2.27182)
(18.5554 0 2.17786)
(18.6404 0 2.09178)
(18.7166 0 2.01461)
(18.7845 0 1.94744)
(18.8448 0 1.89128)
(18.8981 0 1.84699)
(18.9446 0 1.81522)
(18.9919 0 1.79553)
(14.2421 0 3.53305)
(14.4384 0 3.54738)
(14.6605 0 3.55244)
(14.8923 0 3.54713)
(15.1248 0 3.5312)
(15.3572 0 3.50462)
(15.5894 0 3.46744)
(15.8206 0 3.41988)
(16.0493 0 3.36241)
(16.274 0 3.29567)
(16.4936 0 3.2205)
(16.7068 0 3.13789)
(16.9129 0 3.04892)
(17.111 0 2.9548)
(17.3005 0 2.85676)
(17.481 0 2.75612)
(17.6521 0 2.65415)
(17.8138 0 2.55216)
(17.9661 0 2.45144)
(18.109 0 2.35321)
(18.2429 0 2.2587)
(18.3681 0 2.16904)
(18.4851 0 2.08533)
(18.5943 0 2.00863)
(18.6962 0 1.94001)
(18.7914 0 1.88057)
(18.8804 0 1.83135)
(18.9637 0 1.79337)
(19.0415 0 1.76762)
(19.1314 0 1.75447)
(14.1514 0 3.21078)
(14.3356 0 3.22433)
(14.5441 0 3.23015)
(14.762 0 3.22727)
(14.9812 0 3.21545)
(15.201 0 3.19463)
(15.4215 0 3.16477)
(15.6421 0 3.12599)
(15.8615 0 3.0786)
(16.0785 0 3.02307)
(16.292 0 2.96003)
(16.5011 0 2.89026)
(16.705 0 2.81462)
(16.9028 0 2.73411)
(17.094 0 2.64978)
(17.2782 0 2.56273)
(17.455 0 2.47409)
(17.6242 0 2.38502)
(17.7857 0 2.29668)
(17.9396 0 2.21022)
(18.086 0 2.12675)
(18.2253 0 2.04737)
(18.3577 0 1.97317)
(18.4837 0 1.9052)
(18.6037 0 1.84452)
(18.7182 0 1.79223)
(18.8279 0 1.74942)
(18.9333 0 1.7172)
(19.0345 0 1.69677)
(19.1571 0 1.68907)
(14.0601 0 2.90047)
(14.2336 0 2.91313)
(14.43 0 2.91934)
(14.6357 0 2.91826)
(14.8431 0 2.90965)
(15.0515 0 2.89344)
(15.2613 0 2.86954)
(15.4719 0 2.83801)
(15.6824 0 2.79904)
(15.8917 0 2.75296)
(16.0988 0 2.70024)
(16.3029 0 2.64149)
(16.5032 0 2.5774)
(16.699 0 2.50879)
(16.8898 0 2.43652)
(17.0751 0 2.36155)
(17.2545 0 2.28485)
(17.4278 0 2.20744)
(17.5948 0 2.13036)
(17.7556 0 2.05465)
(17.9102 0 1.98135)
(18.0589 0 1.91151)
(18.2019 0 1.84613)
(18.3396 0 1.78627)
(18.4724 0 1.73295)
(18.6009 0 1.68725)
(18.7257 0 1.65028)
(18.8473 0 1.62318)
(18.9661 0 1.60726)
(19.1134 0 1.60376)
(13.97 0 2.6005)
(14.134 0 2.61219)
(14.3198 0 2.6185)
(14.5146 0 2.6187)
(14.7114 0 2.61259)
(14.9095 0 2.60007)
(15.1096 0 2.58105)
(15.3111 0 2.55552)
(15.5133 0 2.5236)
(15.7151 0 2.48552)
(15.9158 0 2.44164)
(16.1146 0 2.39242)
(16.3108 0 2.3384)
(16.5038 0 2.28026)
(16.693 0 2.2187)
(16.8779 0 2.15453)
(17.0583 0 2.0886)
(17.2337 0 2.02178)
(17.4041 0 1.95501)
(17.5693 0 1.88921)
(17.7295 0 1.82533)
(17.8848 0 1.76434)
(18.0353 0 1.7072)
(18.1815 0 1.6549)
(18.3238 0 1.60842)
(18.4626 0 1.5688)
(18.5987 0 1.53712)
(18.7328 0 1.51455)
(18.865 0 1.50236)
(19.0313 0 1.50192)
(13.8824 0 2.30943)
(14.0382 0 2.32009)
(14.2146 0 2.32626)
(14.3998 0 2.32735)
(14.5872 0 2.32315)
(14.7762 0 2.31358)
(14.9675 0 2.29854)
(15.1607 0 2.27799)
(15.3552 0 2.252)
(15.55 0 2.22073)
(15.7445 0 2.18443)
(15.9381 0 2.14346)
(16.13 0 2.09826)
(16.3198 0 2.04935)
(16.5068 0 1.99733)
(16.6906 0 1.94287)
(16.8709 0 1.88667)
(17.0473 0 1.82952)
(17.2197 0 1.7722)
(17.3879 0 1.71556)
(17.552 0 1.66044)
(17.7121 0 1.60771)
(17.8683 0 1.55828)
(18.0209 0 1.51305)
(18.1705 0 1.47295)
(18.3175 0 1.43896)
(18.4625 0 1.41211)
(18.6063 0 1.39351)
(18.7492 0 1.38437)
(18.9307 0 1.38608)
(13.7992 0 2.02575)
(13.9476 0 2.03531)
(14.1158 0 2.04117)
(14.2926 0 2.0428)
(14.4717 0 2.04005)
(14.6527 0 2.03283)
(14.8361 0 2.02104)
(15.0219 0 2.00463)
(15.2093 0 1.98363)
(15.3977 0 1.95815)
(15.5865 0 1.92837)
(15.775 0 1.89458)
(15.9628 0 1.8571)
(16.1491 0 1.81636)
(16.3337 0 1.77284)
(16.5159 0 1.72709)
(16.6956 0 1.67972)
(16.8722 0 1.63137)
(17.0457 0 1.58274)
(17.216 0 1.53456)
(17.3829 0 1.48757)
(17.5465 0 1.44256)
(17.7071 0 1.40033)
(17.8649 0 1.36171)
(18.0203 0 1.32756)
(18.1738 0 1.29878)
(18.3261 0 1.27632)
(18.4779 0 1.26121)
(18.6297 0 1.25456)
(18.8235 0 1.25768)
(13.7216 0 1.74835)
(13.8637 0 1.75676)
(14.0248 0 1.76215)
(14.1942 0 1.76406)
(14.3661 0 1.76238)
(14.54 0 1.75701)
(14.7166 0 1.74788)
(14.8957 0 1.73492)
(15.0769 0 1.71814)
(15.2595 0 1.69761)
(15.443 0 1.67347)
(15.6269 0 1.64592)
(15.8106 0 1.61524)
(15.9936 0 1.58174)
(16.1756 0 1.54582)
(16.3561 0 1.50792)
(16.5347 0 1.46856)
(16.7111 0 1.42826)
(16.8852 0 1.38762)
(17.0567 0 1.34726)
(17.2256 0 1.30783)
(17.392 0 1.27001)
(17.556 0 1.23452)
(17.7179 0 1.20209)
(17.8781 0 1.17349)
(18.037 0 1.14953)
(18.1953 0 1.13107)
(18.3539 0 1.11902)
(18.5131 0 1.11439)
(18.7171 0 1.11835)
(13.6512 0 1.47529)
(13.788 0 1.48251)
(13.9429 0 1.4873)
(14.1061 0 1.48927)
(14.2718 0 1.48834)
(14.4396 0 1.48442)
(14.6101 0 1.47745)
(14.7835 0 1.46736)
(14.9592 0 1.45415)
(15.1367 0 1.43787)
(15.3155 0 1.41861)
(15.4951 0 1.39653)
(15.6751 0 1.37183)
(15.855 0 1.34477)
(16.0345 0 1.31565)
(16.2131 0 1.28483)
(16.3905 0 1.25273)
(16.5664 0 1.21979)
(16.7406 0 1.18648)
(16.9129 0 1.15335)
(17.0833 0 1.12092)
(17.2517 0 1.0898)
(17.4184 0 1.06059)
(17.5836 0 1.03392)
(17.7476 0 1.01046)
(17.911 0 0.990934)
(18.0743 0 0.976077)
(18.2385 0 0.966697)
(18.404 0 0.963652)
(18.6164 0 0.968008)
(13.5894 0 1.20636)
(13.7216 0 1.21237)
(13.8714 0 1.21645)
(14.0293 0 1.21833)
(14.1898 0 1.21791)
(14.3524 0 1.21514)
(14.518 0 1.20995)
(14.6864 0 1.2023)
(14.8574 0 1.19216)
(15.0305 0 1.17957)
(15.2052 0 1.16461)
(15.3811 0 1.14737)
(15.5578 0 1.12802)
(15.7349 0 1.10674)
(15.9121 0 1.08378)
(16.0889 0 1.05943)
(16.265 0 1.03399)
(16.4402 0 1.00782)
(16.6143 0 0.981328)
(16.787 0 0.954921)
(16.9583 0 0.929056)
(17.1283 0 0.90421)
(17.2971 0 0.880889)
(17.4648 0 0.859627)
(17.6319 0 0.840986)
(17.7989 0 0.825561)
(17.9663 0 0.813985)
(18.1351 0 0.806935)
(18.3058 0 0.805127)
(18.5252 0 0.809476)
(13.5376 0 0.937715)
(13.6661 0 0.942441)
(13.8118 0 0.945713)
(13.9654 0 0.947311)
(14.1216 0 0.947174)
(14.28 0 0.945258)
(14.4414 0 0.941508)
(14.6059 0 0.935883)
(14.773 0 0.92837)
(14.9424 0 0.918987)
(15.1137 0 0.907781)
(15.2865 0 0.89483)
(15.4604 0 0.880247)
(15.6351 0 0.864176)
(15.8102 0 0.846794)
(15.9853 0 0.828314)
(16.1603 0 0.808977)
(16.3347 0 0.789056)
(16.5085 0 0.768852)
(16.6813 0 0.748693)
(16.8533 0 0.72893)
(17.0244 0 0.70994)
(17.1946 0 0.692121)
(17.3643 0 0.675897)
(17.5338 0 0.661718)
(17.7036 0 0.650061)
(17.8742 0 0.641438)
(18.0467 0 0.636398)
(18.2215 0 0.635523)
(18.4462 0 0.639604)
(13.4967 0 0.672497)
(13.6225 0 0.675979)
(13.7649 0 0.678448)
(13.9152 0 0.679733)
(14.0681 0 0.679797)
(14.2233 0 0.678614)
(14.3815 0 0.676144)
(14.5429 0 0.672354)
(14.707 0 0.667233)
(14.8735 0 0.66079)
(15.0421 0 0.653057)
(15.2124 0 0.644085)
(15.384 0 0.63395)
(15.5568 0 0.622751)
(15.7302 0 0.610611)
(15.904 0 0.597676)
(16.0779 0 0.584117)
(16.2516 0 0.570127)
(16.425 0 0.555917)
(16.5979 0 0.541723)
(16.7703 0 0.527797)
(16.942 0 0.51441)
(17.1133 0 0.501852)
(17.2844 0 0.490431)
(17.4557 0 0.480479)
(17.6275 0 0.472349)
(17.8006 0 0.466426)
(17.9758 0 0.463131)
(18.1538 0 0.462916)
(18.3828 0 0.466415)
(13.4683 0 0.400264)
(13.5921 0 0.402365)
(13.7323 0 0.403867)
(13.8802 0 0.404625)
(14.0308 0 0.404635)
(14.1837 0 0.403897)
(14.3396 0 0.402389)
(14.4986 0 0.40009)
(14.6605 0 0.396992)
(14.825 0 0.393103)
(14.9916 0 0.388441)
(15.16 0 0.383038)
(15.33 0 0.376938)
(15.5012 0 0.370202)
(15.6733 0 0.362901)
(15.846 0 0.355125)
(16.019 0 0.346976)
(16.1921 0 0.33857)
(16.365 0 0.330035)
(16.5377 0 0.321513)
(16.7101 0 0.313159)
(16.8822 0 0.305136)
(17.054 0 0.297623)
(17.2259 0 0.29081)
(17.3981 0 0.284902)
(17.5712 0 0.280124)
(17.7458 0 0.276728)
(17.9227 0 0.275013)
(18.1028 0 0.275365)
(18.3339 0 0.278553)
(13.2324 0 0.135107)
(13.3525 0 0.136041)
(13.4887 0 0.136764)
(13.6325 0 0.137209)
(13.779 0 0.137385)
(13.9278 0 0.137297)
(14.0796 0 0.136937)
(14.2344 0 0.136293)
(14.392 0 0.135363)
(14.5521 0 0.134148)
(14.7142 0 0.132653)
(14.8782 0 0.130887)
(15.0436 0 0.128867)
(15.2102 0 0.126611)
(15.3776 0 0.124144)
(15.5455 0 0.121497)
(15.7136 0 0.118706)
(15.8817 0 0.115811)
(16.0497 0 0.112858)
(16.2172 0 0.109896)
(16.3843 0 0.106981)
(16.551 0 0.104171)
(16.7174 0 0.101531)
(16.8837 0 0.0991289)
(17.0502 0 0.0970399)
(17.2176 0 0.0953474)
(17.3866 0 0.0941496)
(17.558 0 0.0935765)
(17.733 0 0.0938293)
(17.9596 0 0.0955095)
)
;

boundaryField
{
    inlet
    {
        type            fixedValue;
        value           uniform (10 0 0);
    }
    outlet
    {
        type            zeroGradient;
    }
    flap
    {
        type            movingWallVelocity;
        value           nonuniform List<vector> 
33
(
(0 0 6.93889e-16)
(0 0 0)
(0 0 0)
(0 0 0)
(0 0 0)
(0 0 0)
(0 0 0)
(0 0 0)
(0 0 0)
(0 0 0)
(0 0 0)
(0 0 -1.11022e-14)
(0 0 -1.11022e-14)
(0 0 -1.11022e-14)
(0 0 -2.22045e-14)
(6.93889e-16 -2.77556e-15 0)
(0 -2.77556e-15 0)
(0 0 0)
(0 0 6.93889e-16)
(0 0 0)
(0 0 0)
(0 0 0)
(0 0 0)
(0 0 0)
(0 0 -5.55112e-15)
(0 0 0)
(0 0 -1.11022e-14)
(0 0 0)
(0 0 0)
(0 0 0)
(0 0 0)
(0 -2.77556e-15 -1.11022e-14)
(0 0 -1.11022e-14)
)
;
    }
    upperWall
    {
        type            noSlip;
    }
    lowerWall
    {
        type            noSlip;
    }
    frontAndBack
    {
        type            empty;
    }
}


// ************************************************************************* //
