/*--------------------------------*- C++ -*----------------------------------*\
  =========                 |
  \\      /  F ield         | OpenFOAM: The Open Source CFD Toolbox
   \\    /   O peration     | Website:  https://openfoam.org
    \\  /    A nd           | Version:  dev
     \\/     M anipulation  |
\*---------------------------------------------------------------------------*/
FoamFile
{
    version     2.0;
    format      ascii;
    class       surfaceScalarField;
    location    "4.3";
    object      phi;
}
// * * * * * * * * * * * * * * * * * * * * * * * * * * * * * * * * * * * * * //

dimensions      [0 3 -1 0 0 0 0];

internalField   nonuniform List<scalar> 
5457
(
0.198418
0.00158236
0.19648
0.00193733
0.194192
0.00228803
0.191509
0.00268351
0.188428
0.0030811
0.184951
0.00347665
0.181073
0.00387844
0.176779
0.00429386
0.172051
0.00472805
0.166866
0.00518503
0.161197
0.0056683
0.155017
0.0061808
0.148292
0.00672472
0.140991
0.00730107
0.133082
0.00790923
0.124535
0.00854617
0.11533
0.00920561
0.105453
0.00987691
0.094909
0.0105438
0.0837257
0.0111833
0.0719612
0.0117645
0.059713
0.0122482
0.0471243
0.0125887
0.034384
0.0127403
0.0216888
0.0126952
0.00903843
0.0126503
-0.00291571
0.0119541
-0.00847204
0.00555633
-0.00804301
-0.00042903
-0.00804301
0.199928
0.00165419
0.199176
0.00268974
0.197965
0.00349891
0.196332
0.00431662
0.194272
0.00514107
0.191782
0.00596662
0.188855
0.0068053
0.185478
0.00767058
0.181634
0.0085728
0.177298
0.00952025
0.172446
0.0105202
0.167048
0.0115789
0.161072
0.0127012
0.154483
0.0138898
0.147248
0.015144
0.139335
0.016459
0.130718
0.0178233
0.121378
0.0192168
0.111313
0.0206084
0.100544
0.021953
0.0891193
0.0231888
0.0771318
0.0242358
0.0647258
0.0249947
0.0521182
0.0253479
0.0396577
0.0251558
0.0281072
0.0242008
0.0185965
0.0214649
0.00879851
0.0153543
0.00118414
0.00718533
-0.00685887
0.199781
0.00187361
0.199087
0.00338355
0.197946
0.00463979
0.196409
0.00585317
0.194483
0.00706712
0.192164
0.00828557
0.189447
0.00952262
0.186322
0.0107959
0.182774
0.0121206
0.178785
0.013509
0.174333
0.0149722
0.169392
0.0165198
0.163934
0.0181596
0.157927
0.0198967
0.151339
0.021732
0.144138
0.0236605
0.136292
0.0256685
0.127779
0.0277304
0.118582
0.0298051
0.108704
0.0318307
0.0981727
0.0337205
0.0870505
0.035358
0.0754538
0.0365914
0.0635765
0.0372251
0.0517344
0.0369978
0.0403989
0.0355364
0.0297403
0.0321234
0.019167
0.0259276
0.00959821
0.0167541
0.00273935
0.199703
0.00217052
0.199008
0.00407882
0.197887
0.00576027
0.196376
0.00736402
0.194488
0.00895516
0.192223
0.0105515
0.189575
0.0121702
0.186539
0.0138318
0.183105
0.0155549
0.179258
0.0173553
0.174984
0.019247
0.170261
0.0212422
0.16507
0.0233511
0.159386
0.0255807
0.153184
0.0279335
0.146439
0.0304054
0.139125
0.0329826
0.131218
0.0356375
0.122699
0.038324
0.113558
0.0409714
0.103802
0.0434773
0.0934592
0.0457005
0.0825979
0.0474527
0.071335
0.048488
0.0598429
0.04849
0.0483186
0.0470607
0.0368123
0.0436297
0.0251888
0.0375511
0.013336
0.0286069
0.0160753
0.199667
0.0025031
0.198964
0.00478206
0.197863
0.00686155
0.196381
0.00884564
0.194533
0.0108039
0.192318
0.012766
0.189734
0.0147539
0.186776
0.0167903
0.183434
0.0188964
0.179699
0.0210909
0.175556
0.0233897
0.170991
0.0258071
0.165987
0.0283546
0.160527
0.0310407
0.154592
0.0338688
0.148162
0.0368357
0.141216
0.0399282
0.133735
0.0431188
0.125698
0.0463607
0.117089
0.0495806
0.107896
0.0526706
0.0981169
0.0554795
0.0877669
0.0578026
0.0768808
0.0593741
0.0655106
0.0598601
0.0537096
0.0588617
0.0414553
0.055884
0.0285886
0.0504178
0.0148528
0.0423427
0.0309281
0.199653
0.00285029
0.198949
0.00548609
0.197871
0.00793945
0.196427
0.0102898
0.194627
0.0126038
0.192473
0.0149194
0.189964
0.0172634
0.187093
0.019661
0.183854
0.0221356
0.180237
0.024708
0.17623
0.0273961
0.171822
0.0302156
0.166997
0.0331792
0.161742
0.0362964
0.156039
0.0395715
0.149873
0.0430021
0.143225
0.0465762
0.136076
0.050268
0.128403
0.0540328
0.120184
0.0578
0.11139
0.0614649
0.101991
0.0648782
0.0919568
0.0678368
0.081256
0.070075
0.069856
0.0712601
0.0577184
0.0709993
0.0447619
0.0688406
0.03085
0.0643297
0.0158736
0.0573191
0.0468017
0.19965
0.00320022
0.198954
0.00618205
0.197905
0.00898904
0.196505
0.0116894
0.194763
0.014346
0.192681
0.0170014
0.190257
0.019687
0.187488
0.0224305
0.184366
0.0252575
0.180883
0.0281907
0.177029
0.0312499
0.172793
0.034452
0.168161
0.0378112
0.163119
0.0413378
0.157653
0.0450375
0.151746
0.0489094
0.145379
0.0529435
0.13853
0.0571172
0.131171
0.0613908
0.123271
0.0657007
0.114784
0.0699514
0.105657
0.0740059
0.0958188
0.0776746
0.0851882
0.0807056
0.0736701
0.0827782
0.0611631
0.0835063
0.0475565
0.0824471
0.0327595
0.0791267
0.0167833
0.0732953
0.063585
0.199655
0.00354556
0.198975
0.00686215
0.197959
0.0100048
0.19661
0.0130381
0.194934
0.016022
0.192934
0.0190019
0.190608
0.022013
0.187953
0.0250856
0.184963
0.0282474
0.181631
0.0315227
0.177947
0.0349331
0.173902
0.0384972
0.169483
0.0422305
0.164676
0.046145
0.159465
0.0502482
0.153833
0.0545415
0.147758
0.0590185
0.141213
0.0636617
0.134165
0.0684388
0.126569
0.0732972
0.118364
0.0781564
0.109471
0.0828986
0.0997886
0.0873573
0.0891894
0.0913048
0.0775271
0.0944405
0.0646492
0.0963842
0.0504189
0.0966774
0.0347692
0.0947764
0.0177904
0.0902741
0.0813754
0.199664
0.00388138
0.199006
0.00751993
0.19803
0.010981
0.196739
0.0143295
0.195137
0.0176239
0.193227
0.0209116
0.191009
0.0242308
0.188481
0.0276142
0.185637
0.0310913
0.182471
0.0346883
0.178976
0.0384284
0.175141
0.042332
0.170956
0.0464162
0.166405
0.0506952
0.161475
0.055179
0.156143
0.0598726
0.150387
0.0647745
0.144175
0.0698743
0.137464
0.0751501
0.130197
0.0805635
0.1223
0.0860539
0.113669
0.0915295
0.10417
0.0968556
0.0936362
0.101839
0.0818669
0.10621
0.0686515
0.1096
0.0538038
0.111525
0.0372379
0.111342
0.0190841
0.108428
0.10046
0.199677
0.00420415
0.199047
0.00815016
0.198116
0.0119123
0.196887
0.0155577
0.195367
0.0191448
0.193556
0.0227222
0.191456
0.0263305
0.189066
0.0300049
0.18638
0.0337764
0.183396
0.037673
0.180105
0.0417195
0.176499
0.045938
0.172567
0.0503477
0.168297
0.0549651
0.163673
0.0598036
0.158673
0.0648726
0.15327
0.0701768
0.14743
0.0757149
0.141102
0.0814774
0.134222
0.0874439
0.126698
0.0935779
0.118407
0.0998202
0.109186
0.106077
0.098822
0.112203
0.0870551
0.117977
0.0735924
0.123062
0.0581508
0.126967
0.0405537
0.128939
0.0209024
0.128079
0.121362
0.199693
0.00451122
0.199095
0.00874853
0.198213
0.0127939
0.197053
0.0167174
0.19562
0.0205781
0.193916
0.024426
0.191943
0.0283035
0.1897
0.0322477
0.187185
0.0362913
0.184395
0.0404638
0.181323
0.0447916
0.177962
0.0492983
0.174304
0.0540055
0.170337
0.0589322
0.166046
0.0640954
0.161408
0.0695097
0.156398
0.0751869
0.150978
0.0811357
0.145094
0.0873611
0.138675
0.0938627
0.131621
0.100632
0.123792
0.107649
0.114998
0.11487
0.104986
0.122216
0.0934221
0.12954
0.0799013
0.136583
0.063971
0.142897
0.0452374
0.147673
0.0236131
0.149703
0.144975
0.199711
0.00480052
0.199148
0.00931154
0.19832
0.0136215
0.197234
0.0178037
0.195894
0.0219183
0.194303
0.0260163
0.192465
0.0301419
0.190379
0.0343338
0.188044
0.038626
0.185459
0.0430493
0.182619
0.0476315
0.179519
0.0523979
0.176153
0.057372
0.172509
0.0625756
0.168576
0.0680292
0.164333
0.0737527
0.159754
0.0797651
0.154804
0.0860858
0.149431
0.0927345
0.143561
0.0997321
0.137093
0.107101
0.129881
0.114862
0.121719
0.123033
0.112318
0.131617
0.101277
0.140581
0.0880495
0.149811
0.0719273
0.159019
0.05209
0.16751
0.027888
0.173906
0.172863
0.19973
0.00507045
0.199205
0.00983631
0.198435
0.0143915
0.197427
0.0188123
0.196185
0.0231603
0.194713
0.0274875
0.193016
0.0318393
0.191094
0.0362556
0.188948
0.0407718
0.186578
0.0454196
0.183982
0.050228
0.181156
0.0552236
0.178096
0.0604318
0.174795
0.0658766
0.171242
0.071582
0.167422
0.0775725
0.163313
0.083874
0.158884
0.0905156
0.154087
0.0975309
0.148859
0.104961
0.143103
0.112856
0.136682
0.121282
0.129396
0.130319
0.120946
0.140066
0.110888
0.150639
0.0985486
0.16215
0.0829072
0.174661
0.0624414
0.187976
0.0351288
0.201218
0.207992
0.199751
0.00531974
0.199266
0.0103206
0.198557
0.0151009
0.19763
0.0197398
0.19649
0.0243001
0.195142
0.0288348
0.193592
0.0333901
0.19184
0.0380071
0.18989
0.0427218
0.187743
0.0475668
0.185399
0.0525719
0.182858
0.0577649
0.180117
0.0631722
0.177174
0.0688199
0.174021
0.0747346
0.17065
0.0809444
0.167043
0.0874809
0.163177
0.0943808
0.159019
0.101689
0.154517
0.109463
0.149596
0.117778
0.144145
0.126733
0.137996
0.136468
0.13089
0.147172
0.122412
0.159117
0.111867
0.172694
0.0980257
0.188502
0.0785461
0.207456
0.0486714
0.231093
0.256663
0.199772
0.00554744
0.19933
0.0107625
0.198684
0.0157473
0.19784
0.0205834
0.196806
0.0253345
0.195586
0.0300544
0.194186
0.0347902
0.19261
0.0395833
0.190861
0.0444705
0.188943
0.0494848
0.186859
0.0546564
0.18461
0.0600136
0.182199
0.0655837
0.179625
0.0713938
0.176887
0.0774721
0.173982
0.0838493
0.170903
0.0905602
0.167637
0.0976466
0.164166
0.10516
0.16046
0.113169
0.156476
0.121762
0.152147
0.131062
0.147375
0.141241
0.141999
0.152548
0.135757
0.165359
0.128179
0.180273
0.118323
0.198358
0.103938
0.221841
0.0777067
0.257324
0.33437
0.00388438
-0.00388438
0.0076059
-0.00372152
0.0107166
-0.00311067
0.0132205
-0.00250391
0.0152181
-0.00199765
0.0168125
-0.00159437
0.0180917
-0.00127915
0.0191289
-0.00103727
0.0199844
-0.000855499
0.0207065
-0.000722067
0.0213332
-0.000626685
0.0218934
-0.000560189
0.0224073
-0.000513907
0.0228865
-0.000479267
0.0233344
-0.000447907
0.0237468
-0.000412406
0.0241144
-0.000367563
0.0244261
-0.000311679
0.0246727
-0.00024664
0.0248485
-0.00017578
0.0249493
-0.000100778
0.0249727
-2.34213e-05
0.0249082
6.447e-05
0.0247543
0.000153958
0.0245204
0.000233843
0.0242365
0.000283966
0.0239454
0.000291104
0.0236939
0.000251507
0.0235196
0.000174289
5.73857e-05
0.00350109
-0.00738547
0.00690466
-0.00712508
0.00980354
-0.00600955
0.0122013
-0.00490165
0.0141909
-0.00398723
0.0158617
-0.00326516
0.0172862
-0.00270366
0.0185221
-0.00227319
0.0196153
-0.00194869
0.020602
-0.00170881
0.0215107
-0.00153542
0.0223633
-0.00141275
0.0231757
-0.00132627
0.0239584
-0.00126196
0.0247167
-0.0012062
0.0254509
-0.00114665
0.0261574
-0.0010741
0.0268307
-0.000984901
0.0274661
-0.000882087
0.0280628
-0.000772485
0.0286217
-0.000659646
0.0291358
-0.000537518
0.0295947
-0.000394455
0.0299855
-0.000236852
0.0303041
-8.47134e-05
0.0305612
2.68128e-05
0.0307857
6.66372e-05
0.0310109
2.62718e-05
0.0312541
-6.8886e-05
-0.000148998
0.00287689
-0.0102624
0.00557798
-0.00982617
0.00783231
-0.00826387
0.00968015
-0.0067495
0.0112127
-0.00551976
0.0125052
-0.00455771
0.0136144
-0.00381281
0.0145827
-0.0032415
0.0154432
-0.00280916
0.016222
-0.00248764
0.01694
-0.00225345
0.0176136
-0.00208627
0.0182548
-0.00196751
0.0188723
-0.00187945
0.019471
-0.00180489
0.0200521
-0.00172774
0.0206132
-0.00163524
0.0211497
-0.00152137
0.0216573
-0.00138971
0.0221363
-0.00125145
0.022592
-0.00111543
0.0230315
-0.000976958
0.0234571
-0.000820082
0.0238604
-0.000640153
0.0242305
-0.000454777
0.0245509
-0.000293578
0.0248039
-0.000186444
0.0249962
-0.000166021
0.0251574
-0.000230032
-0.000277452
0.00219952
-0.0124619
0.00408046
-0.0117071
0.00556079
-0.0097442
0.00673736
-0.00792607
0.00769457
-0.00647697
0.0084921
-0.00535523
0.00916729
-0.00448801
0.00974597
-0.00382018
0.0102481
-0.00331128
0.0106899
-0.00292943
0.0110845
-0.00264812
0.0114427
-0.00244446
0.0117729
-0.00229772
0.012082
-0.00218847
0.012375
-0.00209795
0.0126554
-0.0020081
0.0129232
-0.00190311
0.0131748
-0.00177292
0.0134033
-0.00161821
0.0136045
-0.0014526
0.0137831
-0.00129404
0.0139522
-0.00114605
0.014121
-0.000988915
0.0142854
-0.00080451
0.0144241
-0.000593485
0.0144998
-0.000369353
0.0144685
-0.000155075
0.0143231
-2.06457e-05
0.0140777
1.53424e-05
-0.000140697
0.00142199
-0.0138839
0.00239975
-0.0126849
0.00303952
-0.010384
0.00347615
-0.00836271
0.00378097
-0.00678179
0.00399741
-0.00557167
0.00414448
-0.00463508
0.00423466
-0.00391036
0.00427883
-0.00335545
0.00428596
-0.00293655
0.00426331
-0.00262547
0.00421705
-0.0023982
0.00415262
-0.0022333
0.00407505
-0.0021109
0.0039896
-0.00201251
0.00390202
-0.00192051
0.00381688
-0.00181797
0.00373431
-0.00169035
0.00364546
-0.00152937
0.00352986
-0.001337
0.00336317
-0.00112736
0.00313454
-0.000917418
0.00286038
-0.000714753
0.00257562
-0.000519753
0.00231687
-0.000334728
0.00211601
-0.000168496
0.00196443
-3.49553e-06
0.00184938
9.44024e-05
0.00173883
0.000125895
-4.89561e-05
0.000530784
-0.0144147
0.00054578
-0.0126999
0.00029044
-0.0101286
-4.00702e-05
-0.0080322
-0.000439616
-0.00638224
-0.000875051
-0.00513624
-0.00133257
-0.00417756
-0.00179941
-0.00344352
-0.00226761
-0.00288724
-0.00273178
-0.00247239
-0.00318826
-0.00216899
-0.00363417
-0.00195229
-0.00406721
-0.00180025
-0.0044854
-0.00169271
-0.00488614
-0.00161177
-0.00526473
-0.00154192
-0.00561424
-0.00146846
-0.00592754
-0.00137705
-0.00620108
-0.00125583
-0.00643811
-0.00109997
-0.00665037
-0.000915104
-0.00685262
-0.00071517
-0.00705343
-0.000513938
-0.0072522
-0.000320984
-0.00744112
-0.000145808
-0.00761091
1.29199e-06
-0.00774883
0.000134427
-0.00786646
0.000212029
-0.0079385
0.000197932
5.4429e-05
-0.000470807
-0.0139439
-0.00144032
-0.0117304
-0.00255966
-0.00900928
-0.00372018
-0.00687168
-0.00486138
-0.00524105
-0.00596219
-0.00403543
-0.00699645
-0.0031433
-0.00795465
-0.00248532
-0.00883255
-0.00200935
-0.00963031
-0.00167462
-0.0103522
-0.00144711
-0.011005
-0.00129952
-0.0115963
-0.00120891
-0.0121334
-0.00115558
-0.0126222
-0.001123
-0.0130649
-0.00109917
-0.0134604
-0.00107299
-0.0138064
-0.00103108
-0.0141034
-0.000958766
-0.0143582
-0.000845232
-0.0145836
-0.000689719
-0.0147949
-0.000503807
-0.0150021
-0.000306767
-0.0152079
-0.000115162
-0.0154015
4.77991e-05
-0.0155736
0.000173343
-0.0157173
0.000278164
-0.0158444
0.000339076
-0.0159536
0.000307153
0.000187455
-0.00154676
-0.0123971
-0.00353099
-0.00974613
-0.00552871
-0.00701156
-0.0074666
-0.00493379
-0.00927021
-0.00343744
-0.0109042
-0.00240142
-0.0123506
-0.00169687
-0.0136167
-0.00121928
-0.0147192
-0.000906853
-0.0156796
-0.000714203
-0.0165199
-0.000606815
-0.0172598
-0.000559588
-0.0179161
-0.000552628
-0.0185021
-0.000569601
-0.0190295
-0.000595597
-0.0195046
-0.000624029
-0.0199284
-0.000649249
-0.0202998
-0.0006597
-0.0206207
-0.000637793
-0.0208992
-0.000566773
-0.0211482
-0.000440737
-0.0213811
-0.000270915
-0.0216074
-8.04105e-05
-0.0218209
9.83535e-05
-0.0220148
0.000241653
-0.0221956
0.000354104
-0.0223613
0.000443943
-0.0225123
0.000490072
-0.0226591
0.000453912
0.000360485
-0.002766
-0.00963109
-0.00585295
-0.00665918
-0.00873448
-0.00413003
-0.0113472
-0.00232111
-0.013646
-0.00113863
-0.0156475
-0.000399882
-0.017367
2.26404e-05
-0.0188104
0.00022416
-0.0200071
0.000289826
-0.0210104
0.00028903
-0.0218682
0.000251051
-0.0226169
0.000189065
-0.0232825
0.000112961
-0.0238826
3.05333e-05
-0.024429
-4.91544e-05
-0.024924
-0.000129072
-0.0253669
-0.000206375
-0.0257553
-0.000271238
-0.0260908
-0.000302305
-0.0263825
-0.00027507
-0.026647
-0.000176263
-0.0268996
-1.83053e-05
-0.0271403
0.000160268
-0.0273651
0.000323194
-0.0275782
0.00045472
-0.0277763
0.000552167
-0.0279544
0.000622083
-0.0281168
0.00065242
-0.0282806
0.00061777
0.000550765
-0.00431344
-0.00531766
-0.00892967
-0.00204295
-0.0130457
-1.40222e-05
-0.0163724
0.00100566
-0.0189966
0.00148556
-0.0210448
0.00164829
-0.0226575
0.00163537
-0.0239611
0.00152772
-0.0250489
0.0013776
-0.0259719
0.00121208
-0.0267678
0.00104693
-0.0274632
0.000884505
-0.0280767
0.000726438
-0.0286254
0.000579191
-0.0291238
0.000449311
-0.029584
0.00033108
-0.0300051
0.000214715
-0.030381
0.000104664
-0.0307101
2.68554e-05
-0.031
1.47958e-05
-0.0312649
8.85845e-05
-0.031515
0.000231846
-0.0317612
0.000406464
-0.0320064
0.000568406
-0.0322396
0.000687894
-0.0324505
0.000763127
-0.0326364
0.000807897
-0.0328064
0.000822459
-0.0329818
0.000793186
0.000749567
-0.00642401
0.00110635
-0.0120441
0.00357712
-0.0164064
0.00434827
-0.0197896
0.00438891
-0.0224589
0.00415478
-0.0245808
0.00377027
-0.0262829
0.00333746
-0.0276629
0.00290765
-0.0287941
0.00250883
-0.0297424
0.00216038
-0.0305592
0.00186371
-0.031276
0.00160132
-0.0319101
0.00136052
-0.0324773
0.00114641
-0.0329936
0.000965656
-0.0334683
0.000805787
-0.0338968
0.000643138
-0.0342662
0.000474154
-0.0345729
0.0003335
-0.0348332
0.000275081
-0.0350749
0.00033033
-0.0353234
0.00048034
-0.0355866
0.000669616
-0.0358541
0.000835909
-0.0361071
0.000940958
-0.0363305
0.000986475
-0.0365225
0.000999877
-0.0366978
0.000997842
-0.0368803
0.000975671
0.000953329
-0.00777457
0.00888093
-0.0141358
0.00993831
-0.0190289
0.00924144
-0.0227796
0.00813954
-0.0256274
0.00700262
-0.0278075
0.0059504
-0.0295126
0.0050425
-0.0308742
0.00426932
-0.0319766
0.00361119
-0.0328938
0.00307758
-0.0336897
0.00265959
-0.0343977
0.00230936
-0.0350268
0.00198958
-0.0355876
0.00170727
-0.0361019
0.00147993
-0.0365846
0.00128844
-0.0370263
0.00108491
-0.037402
0.000849827
-0.0376997
0.000631155
-0.0379411
0.000516554
-0.038169
0.000558212
-0.0384187
0.000729987
-0.0386986
0.000949508
-0.0389914
0.00112872
-0.0392676
0.00121718
-0.0395041
0.00122296
-0.0396998
0.00119563
-0.0398766
0.00117462
-0.0400617
0.00116081
0.0011586
-0.00932612
0.018207
-0.016972
0.0175842
-0.0223428
0.0146122
-0.0261313
0.0119281
-0.0288966
0.00976787
-0.0309376
0.00799145
-0.0325014
0.00660629
-0.033749
0.00551696
-0.0347494
0.00461153
-0.0355747
0.00390295
-0.036309
0.00339383
-0.0369879
0.00298824
-0.0375977
0.00259946
-0.0381353
0.00224486
-0.0386318
0.00197644
-0.0391156
0.00177219
-0.0395716
0.00154095
-0.0399524
0.00123062
-0.0402295
0.000908199
-0.0404327
0.000719738
-0.04063
0.000755507
-0.0408739
0.000973942
-0.0411728
0.0012484
-0.0414975
0.00145344
-0.0418026
0.00152228
-0.0420531
0.00147339
-0.042248
0.00139057
-0.04242
0.00134662
-0.0426032
0.00134405
0.00136225
-0.0122619
0.0304689
-0.0214654
0.0267878
-0.0267821
0.0199289
-0.0300251
0.0151711
-0.0323907
0.0121334
-0.0340491
0.00964986
-0.035286
0.00784318
-0.0363213
0.00655228
-0.0371559
0.00544619
-0.0378239
0.00457094
-0.038453
0.00402292
-0.0390924
0.00362763
-0.0396772
0.0031842
-0.0401707
0.00273845
-0.0406254
0.00243109
-0.0411018
0.00224862
-0.0415798
0.00201891
-0.0419717
0.00162259
-0.0422162
0.00115268
-0.0423545
0.00085803
-0.0424989
0.000899884
-0.0427309
0.00120592
-0.0430551
0.00157264
-0.0434229
0.00182124
-0.0437658
0.00186513
-0.044031
0.00173863
-0.0442173
0.00157683
-0.044375
0.00150436
-0.0445517
0.00152079
0.0015616
-0.0174062
0.0478751
-0.0285144
0.037896
-0.0330325
0.0244469
-0.0344941
0.0166327
-0.0361282
0.0137675
-0.0371067
0.0106283
-0.0377674
0.00850388
-0.0385478
0.00733272
-0.0392263
0.00612463
-0.0396579
0.00500255
-0.0401103
0.00447538
-0.0407105
0.00422785
-0.0412814
0.00375507
-0.0417099
0.00316693
-0.042088
0.00280923
-0.0425526
0.00271315
-0.0430785
0.00254486
-0.043505
0.00204908
-0.0437067
0.00135435
-0.0437376
0.000888963
-0.0437952
0.00095746
-0.0440087
0.00141943
-0.0443701
0.00193403
-0.044798
0.00224915
-0.0451915
0.00225865
-0.0454727
0.00201982
-0.0456376
0.00174171
-0.045766
0.00163279
-0.0459322
0.00168696
0.00175606
0.207447
0.00576021
0.207034
0.0111751
0.206432
0.0163499
0.205647
0.0213679
0.204688
0.0262938
0.203561
0.0311819
0.202271
0.0360797
0.200825
0.0410291
0.199229
0.0460668
0.197488
0.0512261
0.195607
0.0565372
0.193592
0.0620284
0.191449
0.0677271
0.189182
0.0736607
0.186796
0.0798576
0.184296
0.0863493
0.181685
0.0931716
0.178964
0.100367
0.176133
0.107991
0.173192
0.116111
0.170135
0.124818
0.166959
0.134238
0.163658
0.144542
0.160233
0.155972
0.156709
0.168883
0.153179
0.183803
0.15001
0.201527
0.14888
0.22297
0.160592
0.245612
0.258755
0.236207
0.21249
0.00595264
0.212118
0.0115479
0.211574
0.0168935
0.210868
0.0220738
0.210008
0.0271543
0.209
0.0321894
0.207853
0.0372269
0.206574
0.0423083
0.20517
0.0474705
0.20365
0.0527462
0.202022
0.0581653
0.200295
0.0637554
0.198479
0.0695432
0.196584
0.0755553
0.194623
0.0818193
0.192607
0.0883651
0.190552
0.0952268
0.188474
0.102445
0.186396
0.110069
0.184346
0.118161
0.182364
0.126801
0.180511
0.136091
0.178886
0.146167
0.177662
0.157197
0.177159
0.169386
0.178033
0.182929
0.1817
0.19786
0.190766
0.213904
0.206239
0.230139
0.245636
0.219359
0.217658
0.00612258
0.217329
0.0118769
0.21685
0.0173722
0.21623
0.0226935
0.215478
0.0279067
0.214601
0.0330661
0.213609
0.0382191
0.21251
0.043407
0.211315
0.0486659
0.210033
0.0540278
0.208677
0.0595215
0.207259
0.0651735
0.205793
0.0710089
0.204296
0.0770524
0.202786
0.0833292
0.201285
0.0898659
0.19982
0.0966923
0.198422
0.103843
0.197134
0.111357
0.196012
0.119283
0.195134
0.127678
0.194614
0.136612
0.194621
0.14616
0.195418
0.156399
0.197418
0.167386
0.201229
0.179117
0.207623
0.191466
0.217259
0.204268
0.229856
0.217542
0.228709
0.246783
0.222951
0.00626805
0.22267
0.0121583
0.222262
0.0177804
0.221735
0.0232199
0.2211
0.0285423
0.220364
0.0338017
0.219538
0.0390448
0.218633
0.0443121
0.217661
0.0496387
0.216633
0.0550553
0.215566
0.0605891
0.214474
0.0662648
0.213378
0.0721051
0.212299
0.0781319
0.211261
0.0843666
0.210296
0.0908311
0.20944
0.0975486
0.208738
0.104544
0.20825
0.111845
0.208051
0.119481
0.208245
0.127485
0.208972
0.135885
0.210424
0.144707
0.212866
0.153957
0.216644
0.163609
0.222176
0.173584
0.229913
0.183729
0.240424
0.193757
0.254627
0.20334
0.210223
0.273113
0.228374
0.00638718
0.228144
0.0123883
0.227812
0.018113
0.227385
0.0236462
0.226874
0.0290531
0.226289
0.034387
0.22564
0.0396935
0.224941
0.0450119
0.224203
0.0503761
0.223443
0.055815
0.222679
0.0613538
0.221929
0.0670146
0.221217
0.0728173
0.220569
0.0787799
0.220016
0.0849192
0.219596
0.0912511
0.219354
0.0977909
0.219345
0.104553
0.219638
0.111551
0.220323
0.118797
0.22151
0.126297
0.223347
0.134049
0.226016
0.142038
0.22975
0.150224
0.234827
0.158531
0.241577
0.166835
0.250377
0.174929
0.261673
0.182461
0.275938
0.189075
0.193686
0.292475
0.233929
0.0064783
0.233754
0.0125638
0.233502
0.0183652
0.233181
0.0239666
0.232802
0.029432
0.232376
0.0348137
0.231913
0.0401559
0.231428
0.0454967
0.230937
0.0508678
0.230456
0.0562963
0.230004
0.0618048
0.229606
0.0674127
0.229287
0.0731363
0.229078
0.0789893
0.229014
0.0849832
0.229138
0.0911273
0.2295
0.0974287
0.230162
0.103891
0.231198
0.110515
0.232699
0.117296
0.234777
0.124218
0.237568
0.131258
0.241236
0.13837
0.245974
0.145487
0.252
0.152505
0.259557
0.159277
0.268888
0.165599
0.280169
0.17118
0.293497
0.175747
0.178789
0.308393
0.23962
0.0065399
0.239502
0.012682
0.239334
0.0185331
0.239125
0.0241758
0.238884
0.0296728
0.238623
0.0350748
0.238354
0.0404247
0.238092
0.0457584
0.237854
0.0511057
0.237659
0.0564913
0.237529
0.0619352
0.237488
0.0674535
0.237566
0.0730586
0.237795
0.0787599
0.238215
0.0845633
0.238871
0.0904717
0.239815
0.096484
0.241112
0.102595
0.242835
0.108793
0.245071
0.115059
0.247925
0.121365
0.251515
0.127668
0.255977
0.133908
0.26146
0.140004
0.26812
0.145845
0.276108
0.15129
0.285542
0.156165
0.296467
0.160254
0.308874
0.163341
0.165161
0.322502
0.245448
0.00657072
0.24539
0.0127403
0.24531
0.018613
0.245216
0.0242695
0.245119
0.0297705
0.245028
0.0351651
0.244959
0.040494
0.244926
0.0457914
0.244947
0.0510846
0.245043
0.0563958
0.245236
0.061742
0.245553
0.0671361
0.246025
0.0725866
0.246687
0.0780984
0.247578
0.0836725
0.248744
0.0893054
0.250239
0.0949891
0.252123
0.10071
0.254468
0.106449
0.257351
0.112176
0.260862
0.117853
0.265101
0.123429
0.27017
0.128838
0.276177
0.133996
0.283222
0.1388
0.291385
0.143127
0.300713
0.146837
0.311194
0.149772
0.322763
0.151773
0.152709
0.335214
0.251418
0.00656975
0.251422
0.0127368
0.251432
0.0186024
0.251457
0.0242443
0.251506
0.0297214
0.251591
0.0350804
0.251725
0.0403602
0.251924
0.0455924
0.252207
0.050802
0.252594
0.0560086
0.25311
0.0612262
0.253781
0.0664643
0.25464
0.0717281
0.25572
0.077018
0.257062
0.0823305
0.258711
0.087657
0.260716
0.092984
0.263134
0.0982918
0.266028
0.103554
0.269467
0.108737
0.273523
0.113797
0.278272
0.11868
0.28379
0.123321
0.290145
0.127641
0.297396
0.13155
0.305574
0.134949
0.314683
0.137729
0.324675
0.139779
0.335453
0.140995
0.141318
0.346844
0.257532
0.00653625
0.257599
0.0126702
0.257702
0.0184992
0.257848
0.0240981
0.258047
0.029523
0.258308
0.0348187
0.258647
0.0400214
0.259079
0.0451604
0.259623
0.0502584
0.260299
0.0553321
0.261133
0.0603927
0.26215
0.0654467
0.263383
0.0704958
0.264864
0.0755371
0.266631
0.0805631
0.268727
0.0855612
0.271197
0.0905138
0.274091
0.0953975
0.277463
0.100182
0.281368
0.104832
0.285864
0.109302
0.291004
0.11354
0.296838
0.117486
0.303408
0.121071
0.310736
0.124222
0.318824
0.12686
0.327646
0.128907
0.337138
0.130288
0.347194
0.130939
0.13084
0.357672
0.263794
0.00646973
0.263925
0.0125396
0.264122
0.0183024
0.26439
0.0238295
0.264739
0.0291744
0.265178
0.0343793
0.265722
0.0394779
0.266385
0.0444971
0.267186
0.0494571
0.268147
0.0543718
0.269289
0.0592501
0.27064
0.0640955
0.272229
0.068907
0.274087
0.0736788
0.27625
0.0784004
0.278755
0.0830565
0.281642
0.0876269
0.284953
0.0920862
0.288732
0.0964036
0.293022
0.100543
0.297863
0.104461
0.303292
0.108111
0.309338
0.11144
0.316017
0.114392
0.323332
0.116907
0.331264
0.118929
0.339768
0.120402
0.348777
0.12128
0.35819
0.121526
0.121141
0.367889
0.270207
0.00637002
0.270402
0.0123446
0.270693
0.0180116
0.271084
0.0234385
0.271582
0.028676
0.272198
0.0337634
0.272944
0.0387321
0.273835
0.0436063
0.274888
0.0484038
0.276123
0.0531363
0.277563
0.0578101
0.279232
0.0624267
0.281157
0.0669824
0.283366
0.0714695
0.285891
0.0758755
0.288764
0.0801835
0.292019
0.0843722
0.295689
0.0884158
0.299808
0.0922844
0.304407
0.0959435
0.309513
0.099355
0.315147
0.102477
0.32132
0.105267
0.328034
0.107678
0.335274
0.109667
0.343009
0.111193
0.35119
0.112221
0.359747
0.112723
0.368592
0.112682
0.112109
0.377624
0.276774
0.00623722
0.277033
0.0120855
0.277417
0.0176273
0.277929
0.0229262
0.278576
0.0280294
0.279365
0.0329738
0.28031
0.037788
0.281422
0.0424938
0.282719
0.0471069
0.284219
0.0516366
0.285941
0.0560874
0.287909
0.0604587
0.290146
0.0647453
0.292678
0.068938
0.29553
0.0730232
0.29873
0.0769835
0.302304
0.0807978
0.306279
0.0844413
0.310677
0.087886
0.31552
0.091101
0.320822
0.0940532
0.326591
0.096708
0.332827
0.0990301
0.33952
0.100986
0.346645
0.102542
0.354165
0.103673
0.362028
0.104357
0.370171
0.10458
0.378514
0.104339
0.103649
0.386974
0.283498
0.00607172
0.283821
0.0117631
0.284297
0.0171509
0.284929
0.0222945
0.28572
0.0272378
0.286679
0.0320147
0.287816
0.0366515
0.289142
0.0411677
0.290672
0.0455767
0.292423
0.049886
0.294412
0.0540985
0.296658
0.0582122
0.299183
0.0622208
0.302006
0.0661142
0.305151
0.0698788
0.308637
0.0734974
0.312485
0.0769499
0.316713
0.0802135
0.321336
0.0832632
0.326364
0.0860724
0.331804
0.0886132
0.337654
0.090858
0.343905
0.0927796
0.350537
0.0943534
0.357522
0.0955576
0.36482
0.0963755
0.372381
0.096796
0.380146
0.0968154
0.388047
0.0964372
0.0956819
0.396015
0.290384
0.00587415
0.290768
0.0113786
0.291335
0.0165844
0.292083
0.0215464
0.293016
0.0263051
0.294138
0.0308918
0.29546
0.0353301
0.29699
0.0396374
0.298742
0.0438252
0.300728
0.0478995
0.302965
0.0518618
0.305468
0.0557091
0.308254
0.0594347
0.31134
0.0630284
0.314742
0.0664767
0.318475
0.0697637
0.322554
0.072871
0.326989
0.0757783
0.331789
0.0784641
0.336955
0.0809061
0.342486
0.083082
0.348374
0.0849703
0.354602
0.0865513
0.361148
0.0878078
0.367979
0.0887263
0.375057
0.0892979
0.382334
0.0895191
0.389757
0.0893922
0.397269
0.0889254
0.0881402
0.40481
0.297435
0.00564538
0.297879
0.0109338
0.298533
0.0159305
0.299394
0.0206857
0.300462
0.0252367
0.301742
0.0296118
0.30324
0.0338324
0.304964
0.0379137
0.306923
0.0418657
0.30913
0.0456931
0.311595
0.0493964
0.314332
0.052972
0.317354
0.0564132
0.320672
0.0597101
0.324299
0.0628501
0.328244
0.0658189
0.332514
0.0686001
0.337116
0.0711764
0.342051
0.0735299
0.347314
0.0756426
0.352899
0.0774972
0.358791
0.0790779
0.364972
0.0803709
0.371414
0.0813654
0.378086
0.0820542
0.38495
0.0824339
0.391963
0.082506
0.399078
0.082277
0.406246
0.0817577
0.0809688
0.413418
0.304654
0.00538646
0.305157
0.0104309
0.305895
0.0151925
0.306864
0.0197169
0.308062
0.0240384
0.309492
0.0281823
0.311156
0.0321678
0.313062
0.0360083
0.315215
0.0397123
0.317625
0.0432835
0.320299
0.0467217
0.323248
0.0500232
0.32648
0.0531815
0.330003
0.0561874
0.333823
0.0590298
0.337946
0.0616958
0.342374
0.0641717
0.347108
0.066443
0.352143
0.0684952
0.357471
0.0703146
0.36308
0.0718882
0.368952
0.0732049
0.375067
0.0742561
0.381397
0.0750357
0.38791
0.075541
0.394571
0.0757729
0.401341
0.075736
0.408179
0.0754391
0.415043
0.0748942
0.0741209
0.42189
0.312046
0.00509862
0.312605
0.00987213
0.313423
0.0143738
0.314495
0.0186451
0.315817
0.0227167
0.317388
0.0266115
0.319209
0.0303464
0.321284
0.0339334
0.323617
0.0373793
0.326213
0.0406874
0.329078
0.0438569
0.332217
0.0468844
0.335634
0.0497637
0.339335
0.0524867
0.343321
0.0550437
0.347593
0.0574238
0.35215
0.0596156
0.356985
0.0616075
0.362092
0.0633884
0.367458
0.0649479
0.37307
0.066277
0.378906
0.0673686
0.384944
0.0682178
0.391158
0.0688222
0.397516
0.0691825
0.403987
0.0693022
0.410535
0.0691881
0.417124
0.0688498
0.423718
0.0682999
0.0675563
0.430283
0.319615
0.00478316
0.320227
0.00926016
0.321122
0.0134786
0.322292
0.0174756
0.32373
0.0212786
0.325433
0.0249081
0.327401
0.0283788
0.329633
0.0317012
0.332131
0.0348812
0.334897
0.0379212
0.337934
0.0408205
0.341242
0.0435759
0.344824
0.0461819
0.348679
0.0486315
0.352806
0.0509165
0.357202
0.0530281
0.361861
0.054957
0.366774
0.0566943
0.37193
0.0582318
0.377316
0.0595621
0.382914
0.0606794
0.388703
0.0615798
0.394659
0.0622611
0.400758
0.0627239
0.406969
0.0629709
0.413264
0.0630075
0.419611
0.0628413
0.425978
0.0624826
0.432335
0.0619433
0.0612398
0.438651
0.327365
0.00444147
0.328027
0.00859767
0.328995
0.0125108
0.330257
0.0162139
0.331804
0.0197312
0.333632
0.0230807
0.335735
0.0262753
0.338113
0.0293239
0.340762
0.0322317
0.343683
0.0350006
0.346873
0.0376298
0.350333
0.0401165
0.354059
0.0424561
0.358047
0.0446427
0.362294
0.0466697
0.366792
0.0485299
0.371533
0.0502163
0.376505
0.0517224
0.381695
0.0530422
0.387086
0.054171
0.39266
0.0551055
0.398395
0.055844
0.40427
0.0563868
0.410258
0.056736
0.416333
0.056896
0.422467
0.0568729
0.428634
0.0566749
0.434804
0.056312
0.440952
0.0557954
0.0551399
0.447052
0.3353
0.00407488
0.336011
0.00788732
0.337047
0.0114745
0.338396
0.0148654
0.340045
0.0180813
0.341988
0.0211377
0.344218
0.0240458
0.346729
0.0268131
0.349516
0.0294439
0.352577
0.0319399
0.355907
0.0343003
0.3595
0.0365229
0.363353
0.0386037
0.367457
0.0405381
0.371806
0.0423208
0.37639
0.0439463
0.381197
0.0454096
0.386213
0.0467059
0.391424
0.0478313
0.396812
0.0487833
0.402357
0.0495602
0.408039
0.0501624
0.413834
0.0505913
0.419719
0.0508506
0.42567
0.050945
0.431662
0.0508814
0.437669
0.0506678
0.443667
0.0503135
0.449634
0.0498291
0.0492274
0.455546
0.343426
0.00368464
0.344182
0.00713157
0.345283
0.0103734
0.346713
0.0134354
0.348458
0.0163357
0.350509
0.0190874
0.352855
0.0216999
0.355488
0.0241794
0.358403
0.0265297
0.361591
0.028752
0.365045
0.0308459
0.368759
0.0328093
0.372723
0.0346392
0.376929
0.0363321
0.381366
0.0378838
0.386022
0.0392904
0.390883
0.0405482
0.395935
0.0416542
0.40116
0.0426062
0.406541
0.0434029
0.412057
0.0440443
0.417687
0.0445317
0.423411
0.0448678
0.429205
0.0450566
0.435046
0.0451034
0.440913
0.0450149
0.446782
0.0447986
0.452632
0.0444632
0.458443
0.0440182
0.0434748
0.464196
0.351746
0.00327179
0.352546
0.00633252
0.353708
0.00921092
0.355215
0.0119286
0.35705
0.0145004
0.359201
0.016937
0.361654
0.019246
0.364401
0.0214325
0.367432
0.0234995
0.370735
0.0254482
0.374303
0.027278
0.378125
0.0289875
0.38219
0.0305744
0.386486
0.0320358
0.391001
0.0333689
0.39572
0.0345709
0.400629
0.0356394
0.405711
0.0365725
0.410948
0.0373693
0.416321
0.0380295
0.421811
0.0385542
0.427398
0.0389454
0.433059
0.0392061
0.438775
0.0393407
0.444524
0.0393545
0.450285
0.0392536
0.456039
0.0390451
0.461765
0.0387368
0.467447
0.0383369
0.037855
0.473066
0.360267
0.00283696
0.361108
0.00549159
0.362329
0.00798963
0.363909
0.010349
0.365828
0.0125809
0.368072
0.0146932
0.370626
0.0166917
0.373478
0.0185807
0.376615
0.0203624
0.380026
0.0220377
0.383698
0.0236062
0.387618
0.0250669
0.391775
0.0264179
0.396153
0.0276572
0.400739
0.0287829
0.405517
0.0297931
0.41047
0.0306864
0.415581
0.0314617
0.420831
0.032119
0.426202
0.0326589
0.431673
0.0330828
0.437225
0.0333931
0.442839
0.0335931
0.448492
0.0336869
0.454167
0.0336796
0.459844
0.0335766
0.465505
0.0333844
0.471132
0.0331097
0.476709
0.0327595
0.0323421
0.482222
0.368993
0.00238006
0.369876
0.00460901
0.371154
0.00671117
0.372803
0.00869993
0.374803
0.0105817
0.377134
0.0123613
0.379783
0.0140433
0.382733
0.0156308
0.38597
0.0171254
0.38948
0.0185278
0.393248
0.0198375
0.397261
0.0210538
0.401504
0.0221754
0.40596
0.0232009
0.410614
0.024129
0.415449
0.0249584
0.420447
0.0256885
0.42559
0.026319
0.430858
0.0268502
0.436234
0.0272831
0.441698
0.0276194
0.447229
0.0278616
0.452809
0.0280128
0.45842
0.0280768
0.464041
0.0280579
0.469657
0.0279612
0.475249
0.027792
0.480803
0.0275559
0.486303
0.0272588
0.0269076
0.491738
0.377932
0.00189951
0.378858
0.00368284
0.380193
0.00537617
0.381908
0.00698453
0.383983
0.00850724
0.386397
0.00994672
0.389134
0.0113065
0.392176
0.0125887
0.395507
0.0137944
0.399111
0.0149238
0.402972
0.0159767
0.407074
0.0169522
0.411399
0.0178497
0.415932
0.0186681
0.420655
0.0194065
0.425549
0.0200644
0.430596
0.0206413
0.435777
0.0211375
0.441074
0.0215535
0.446467
0.0218904
0.451936
0.02215
0.457463
0.0223344
0.46303
0.0224464
0.468617
0.0224893
0.474208
0.0224669
0.479786
0.0223831
0.485336
0.0222424
0.490843
0.0220494
0.496293
0.0218088
0.0215263
0.501674
0.387091
0.00139009
0.388068
0.00270585
0.389462
0.00398214
0.391243
0.00520304
0.393392
0.00635905
0.395886
0.00745199
0.398708
0.00848479
0.401838
0.00945858
0.405259
0.0103736
0.408953
0.0112297
0.412903
0.0120267
0.417091
0.0127641
0.421499
0.0134413
0.42611
0.0140577
0.430904
0.0146126
0.435862
0.0151059
0.440966
0.0155375
0.446196
0.0159075
0.451533
0.0162167
0.456957
0.0164661
0.46245
0.0166572
0.467993
0.0167917
0.473567
0.0168721
0.479156
0.0169007
0.484742
0.0168806
0.49031
0.0168149
0.495846
0.0167068
0.501335
0.0165599
0.506766
0.0163776
0.0161639
0.512129
0.396484
0.000838767
0.397517
0.00167246
0.398966
0.00253324
0.40081
0.00335928
0.403029
0.00414006
0.405601
0.00488005
0.408505
0.005581
0.411721
0.00624256
0.41523
0.00686428
0.419014
0.00744589
0.423054
0.00798712
0.42733
0.00848759
0.431825
0.00894687
0.436518
0.00936455
0.44139
0.00974032
0.446422
0.010074
0.451594
0.0103657
0.456886
0.0106155
0.462278
0.0108241
0.467752
0.0109923
0.473288
0.011121
0.478868
0.0112117
0.484474
0.011266
0.49009
0.0112856
0.495698
0.0112725
0.501284
0.011229
0.506833
0.0111573
0.512333
0.01106
0.517771
0.0109394
0.0107986
0.523137
0.406193
0.000155639
0.40729
0.000575566
0.40879
0.00103363
0.410692
0.00145661
0.412976
0.00185667
0.415617
0.00223926
0.418594
0.00260364
0.421888
0.00294849
0.425479
0.00327318
0.429348
0.00357743
0.433474
0.00386098
0.437838
0.00412353
0.44242
0.0043648
0.4472
0.00458452
0.452158
0.0047825
0.457273
0.00495866
0.462526
0.00511302
0.467896
0.00524571
0.473363
0.00535704
0.478907
0.00544744
0.484511
0.00551748
0.490155
0.00556788
0.495821
0.00559948
0.501494
0.00561325
0.507156
0.00561023
0.512793
0.00559156
0.518392
0.00555845
0.52394
0.00551211
0.529426
0.00545378
0.00538531
0.534839
0.415475
0.416051
0.417084
0.418541
0.420397
0.422637
0.42524
0.428189
0.431462
0.435039
0.4389
0.443024
0.447389
0.451973
0.456756
0.461714
0.466827
0.472073
0.47743
0.482878
0.488395
0.493963
0.499562
0.505176
0.510786
0.516378
0.521936
0.527448
0.532902
0.538287
0.128544
0.107663
0.0388824
0.0896615
0.0574019
-0.0185195
0.210799
0.116223
0.194632
0.105829
0.0898655
0.162168
0.252512
0.110493
0.25189
0.106451
0.0994981
0.242258
0.280105
0.103501
0.284014
0.102541
0.0998389
0.283674
0.299902
0.096074
0.306096
0.0963474
0.0956191
0.310316
0.315748
0.0887193
0.322717
0.0893782
0.0894956
0.32884
0.329364
0.0818573
0.336187
0.0825549
0.0829534
0.342729
0.341483
0.0755889
0.34783
0.0762079
0.0766429
0.35414
0.352566
0.0698673
0.358384
0.0703891
0.0707825
0.364245
0.362918
0.0646213
0.368249
0.0650585
0.0653983
0.373633
0.372727
0.0597826
0.377634
0.0601522
0.0604445
0.382588
0.382116
0.0552901
0.386662
0.0556062
0.0558598
0.391247
0.391172
0.0510919
0.395413
0.0513653
0.0515874
0.399685
0.399961
0.0471452
0.403943
0.0473838
0.0475799
0.40795
0.408541
0.0434148
0.4123
0.0436244
0.0437986
0.416081
0.416961
0.0398717
0.420528
0.0400566
0.040212
0.424115
0.425271
0.0364915
0.428672
0.0366551
0.0367939
0.43209
0.433521
0.0332535
0.436778
0.0333984
0.0335223
0.440049
0.441765
0.0301397
0.444895
0.0302679
0.0303784
0.448039
0.450058
0.0271341
0.453078
0.0272473
0.0273454
0.456111
0.458458
0.0242221
0.461384
0.0243214
0.0244081
0.464321
0.467028
0.0213896
0.469873
0.0214761
0.021552
0.47273
0.475832
0.0186235
0.478611
0.018698
0.0187637
0.481399
0.484936
0.0159102
0.487661
0.0159732
0.016029
0.490395
0.494411
0.0132367
0.497096
0.0132889
0.0133353
0.49979
0.504322
0.0105881
0.506982
0.0106296
0.0106664
0.50965
0.514764
0.00795236
0.51741
0.0079835
0.00801148
0.520065
0.525779
0.00530965
0.528433
0.00533015
0.00534797
0.531096
0.537497
0.00265195
0.540166
0.0026611
0.00266968
0.542844
0.540939
0.5436
0.54627
-0.0367211
0.0660767
-0.0459225
0.0470974
-0.0463639
0.0248883
-0.0401711
0.0104399
-0.0410121
0.0146085
-0.0415169
0.0111332
-0.0414555
0.00844248
-0.0420902
0.00796736
-0.0426948
0.0067293
-0.0426196
0.00492726
-0.0427254
0.00458119
-0.0433919
0.00489436
-0.0440749
0.00443808
-0.0444565
0.00354858
-0.0446919
0.00304464
-0.0451432
0.00316442
-0.0457791
0.0031807
-0.0462956
0.00256564
-0.0464406
0.00149931
-0.0462795
0.000727878
-0.0461892
0.000867141
-0.0463908
0.00162102
-0.0468317
0.002375
-0.0473687
0.00278608
-0.0478514
0.00274144
-0.0481631
0.00233144
-0.0482909
0.0018696
-0.0483665
0.00170836
-0.0485247
0.00184515
0.00196521
0.0978185
0.130426
0.0487067
0.0962092
0.00223459
0.0713604
-0.0318302
0.0445047
-0.0461491
0.0289274
-0.0486106
0.0135947
-0.0444393
0.00427116
-0.0439375
0.00746554
-0.0447161
0.00750797
-0.0440476
0.00425872
-0.0439723
0.00450586
-0.0450585
0.00598057
-0.046031
0.00541061
-0.0462056
0.0037232
-0.0459515
0.00279049
-0.0463298
0.00354273
-0.0471868
0.00403767
-0.0479141
0.00329296
-0.0480253
0.00161051
-0.0475477
0.000250297
-0.0472075
0.000527005
-0.0474011
0.00181459
-0.0479695
0.0029434
-0.0486595
0.00347602
-0.0492575
0.00333952
-0.0495966
0.00267054
-0.0496423
0.00191529
-0.0496052
0.00167119
-0.0497472
0.00198721
0.00221443
0.205112
0.167572
0.164499
0.136823
0.125471
0.110387
0.0840545
0.0859218
0.0464856
0.0664962
0.00774815
0.0523322
-0.0242765
0.0362958
-0.0422654
0.0254544
-0.0488048
0.0140474
-0.0481803
0.00363421
-0.044438
0.000763571
-0.0452688
0.00681129
-0.0467179
0.00685976
-0.0465724
0.00357774
-0.0458123
0.00203035
-0.0464116
0.00414198
-0.0478217
0.00544777
-0.0490069
0.00447821
-0.0490559
0.00165948
-0.0478703
-0.00093531
-0.0469331
-0.000410176
-0.0471802
0.00206172
-0.0479852
0.00374836
-0.0488992
0.00439004
-0.0496498
0.00409009
-0.0500187
0.00303951
-0.0499249
0.00182144
-0.0496759
0.00142223
-0.0497848
0.00209612
0.00263059
0.268821
0.182425
0.244786
0.160858
0.216043
0.139131
0.183567
0.118398
0.150397
0.0996661
0.119245
0.0834843
0.0873832
0.0681577
0.057961
0.0548766
0.0285083
0.0435001
-0.00305659
0.0351991
-0.0282211
0.0259281
-0.0413286
0.0199188
-0.0470324
0.0125635
-0.0478152
0.00436053
-0.0451794
-0.000605389
-0.0442639
0.00322647
-0.0462271
0.00741091
-0.048186
0.00643715
-0.0476902
0.00116366
-0.0458162
-0.00280931
-0.0446028
-0.00162353
-0.0453371
0.00279601
-0.046621
0.00503224
-0.0478871
0.00565615
-0.0488599
0.00506292
-0.0492888
0.00346834
-0.0489677
0.00150039
-0.0482526
0.000707127
-0.0482424
0.00208589
0.00340052
0.308759
0.183982
0.298337
0.17128
0.281427
0.156041
0.259869
0.139955
0.235511
0.124024
0.209992
0.109004
0.183249
0.0949006
0.156246
0.0818796
0.129504
0.0702419
0.104451
0.0602524
0.0793558
0.0510233
0.0566046
0.0426701
0.0346191
0.0345489
0.0103474
0.0286323
-0.0127227
0.0224647
-0.0287378
0.0192416
-0.0370458
0.0157189
-0.0412309
0.0106223
-0.0427806
0.00271331
-0.0406644
-0.0049255
-0.0392917
-0.00299624
-0.0409363
0.00444069
-0.0430117
0.00710762
-0.0446773
0.00732179
-0.0457682
0.00615374
-0.0461475
0.00384763
-0.0451659
0.000518798
-0.0437192
-0.000739567
-0.0436828
0.00204948
0.00514388
0.334959
0.177863
0.334199
0.17204
0.327368
0.162871
0.315594
0.15173
0.300027
0.139591
0.2818
0.12723
0.261664
0.115036
0.240279
0.103265
0.218306
0.0922151
0.1964
0.0821578
0.174499
0.0729246
0.152973
0.0641962
0.131499
0.0560229
0.11111
0.0490216
0.0906795
0.042895
0.0720588
0.0378623
0.0552471
0.0325305
0.0392961
0.0265733
0.0205259
0.0214835
-0.00246964
0.0180701
-0.0209328
0.015467
-0.0300107
0.0135186
-0.0345988
0.0116957
-0.0371849
0.00990794
-0.0388026
0.00777134
-0.0394081
0.00445318
-0.0391081
0.000218795
-0.0370489
-0.00279878
-0.0368974
0.00189799
0.00827865
0.352688
0.167904
0.358075
0.166653
0.358671
0.162276
0.354816
0.155584
0.347104
0.147303
0.336268
0.138066
0.32297
0.128335
0.30777
0.118465
0.291209
0.108776
0.273835
0.0995317
0.256005
0.0907547
0.237854
0.0823476
0.219483
0.0743938
0.20133
0.067174
0.183458
0.0607676
0.166383
0.0549365
0.149801
0.0491126
0.133131
0.043244
0.116563
0.0380513
0.100483
0.0341502
0.084798
0.0311517
0.0700899
0.0282267
0.0565536
0.0252321
0.0441123
0.0223492
0.0324965
0.0193872
0.0206226
0.016327
0.00660077
0.0142406
-0.00856175
0.0123637
-0.0186283
0.0119645
0.0156182
0.365477
0.156567
0.374208
0.157922
0.37965
0.156834
0.381621
0.153613
0.380247
0.148678
0.375856
0.142457
0.36885
0.135341
0.359643
0.127672
0.348667
0.119752
0.336372
0.111826
0.323108
0.104019
0.309074
0.0963812
0.294457
0.0890115
0.279547
0.082083
0.264644
0.0756714
0.249933
0.0696476
0.235263
0.063782
0.220439
0.0580679
0.205621
0.0528695
0.19118
0.0485909
0.177281
0.0450512
0.16382
0.0416876
0.150696
0.0383563
0.137912
0.0351324
0.125304
0.0319961
0.112554
0.0290763
0.099942
0.026853
0.0868241
0.0254817
0.0734072
0.0253814
0.027391
0.375627
0.145184
0.385758
0.147792
0.393918
0.148673
0.399689
0.147843
0.402893
0.145474
0.403549
0.1418
0.401808
0.137082
0.397902
0.131578
0.392116
0.125538
0.384765
0.119178
0.376126
0.112657
0.366419
0.106088
0.355847
0.0995832
0.344658
0.093272
0.333099
0.0872309
0.321311
0.0814357
0.309283
0.0758103
0.296971
0.070379
0.284492
0.0653491
0.272138
0.0609445
0.260094
0.0570954
0.248264
0.053517
0.236545
0.0500762
0.224886
0.0467906
0.213178
0.0437042
0.201302
0.0409522
0.189322
0.0388329
0.177204
0.0376004
0.165155
0.0374298
0.0382473
0.384475
0.134342
0.394852
0.137415
0.404207
0.139318
0.412098
0.139952
0.418227
0.139345
0.422436
0.137592
0.42469
0.134827
0.425053
0.131216
0.423657
0.126933
0.420684
0.122151
0.416324
0.117017
0.410757
0.111655
0.404161
0.10618
0.396731
0.100702
0.388656
0.0953059
0.380069
0.0900221
0.371027
0.084853
0.361561
0.0798449
0.351782
0.0751274
0.341894
0.0708329
0.332035
0.0669549
0.322188
0.0633639
0.312294
0.0599701
0.302304
0.0567799
0.292154
0.0538549
0.281787
0.0513188
0.271244
0.0493759
0.26064
0.0482043
0.250218
0.047852
0.0480244
0.392713
0.124217
0.402769
0.127359
0.412381
0.129705
0.421198
0.131135
0.428923
0.13162
0.435339
0.131176
0.440312
0.129854
0.44379
0.127738
0.445786
0.124937
0.446369
0.121568
0.445639
0.117748
0.44371
0.113584
0.440709
0.10918
0.436776
0.104635
0.432051
0.100031
0.426649
0.0954241
0.420647
0.0908557
0.414108
0.0863837
0.407134
0.0821014
0.399866
0.078101
0.392413
0.0744073
0.384803
0.0709746
0.377012
0.0677608
0.369012
0.0647797
0.360772
0.0620947
0.35228
0.0598116
0.343583
0.0580721
0.334801
0.0569867
0.32611
0.0565434
0.0564337
0.400666
0.114798
0.410188
0.117837
0.419578
0.120315
0.428589
0.122125
0.436985
0.123224
0.444563
0.123598
0.451164
0.123253
0.456679
0.122223
0.461051
0.120564
0.464271
0.118348
0.466362
0.115656
0.467376
0.11257
0.467383
0.109174
0.466469
0.105549
0.464727
0.101772
0.462245
0.0979064
0.459093
0.0940073
0.45534
0.090137
0.45107
0.0863715
0.446386
0.0827846
0.441377
0.0794168
0.436083
0.0762686
0.430508
0.073336
0.424643
0.0706442
0.418483
0.0682543
0.41204
0.0662549
0.405364
0.064748
0.398548
0.0638033
0.3917
0.0633912
0.0632521
0.408474
0.106009
0.417429
0.108882
0.426404
0.11134
0.435233
0.113296
0.443746
0.11471
0.451784
0.11556
0.459202
0.115834
0.465886
0.11554
0.471748
0.114701
0.476738
0.113358
0.480832
0.111562
0.484032
0.10937
0.486362
0.106844
0.487862
0.10405
0.488584
0.10105
0.488583
0.0979068
0.487914
0.0946762
0.486632
0.0914188
0.484803
0.0882006
0.482502
0.0850857
0.479797
0.0821216
0.476732
0.0793345
0.473322
0.0767453
0.469576
0.0743899
0.465504
0.0723267
0.461127
0.0706315
0.456493
0.0693828
0.451665
0.0686309
0.446702
0.0683541
0.0683596
0.416194
0.097765
0.424623
0.100453
0.433141
0.102822
0.441635
0.104802
0.449986
0.106359
0.458076
0.10747
0.465792
0.108118
0.473033
0.108299
0.479713
0.108021
0.485767
0.107304
0.49115
0.106179
0.495836
0.104684
0.499818
0.102863
0.503102
0.100765
0.50571
0.0984427
0.507669
0.0959475
0.509013
0.0933323
0.50978
0.0906523
0.510015
0.0879654
0.509772
0.085329
0.5091
0.0827929
0.508039
0.0803963
0.506609
0.0781745
0.504828
0.076171
0.502712
0.0744425
0.500288
0.0730562
0.497592
0.0720786
0.494668
0.0715545
0.49154
0.071482
0.0717361
0.423857
0.0899892
0.431821
0.0924894
0.439905
0.0947385
0.448027
0.0966793
0.456104
0.0982825
0.464047
0.0995265
0.471772
0.100394
0.479196
0.100875
0.486247
0.10097
0.492862
0.100689
0.498992
0.100049
0.5046
0.099076
0.509662
0.0978007
0.514167
0.09626
0.518115
0.0944946
0.521515
0.092548
0.524381
0.090466
0.526736
0.0882972
0.528609
0.0860926
0.530034
0.083904
0.531047
0.0817802
0.531677
0.0797655
0.531949
0.0779032
0.531879
0.0762405
0.531489
0.0748332
0.530801
0.0737435
0.529847
0.0730325
0.528654
0.0727477
0.527226
0.07291
0.0734561
0.431488
0.0826159
0.439047
0.0849307
0.44674
0.0870457
0.454506
0.088913
0.462282
0.0905068
0.470001
0.0918075
0.477597
0.0927977
0.485006
0.093466
0.492168
0.0938082
0.499029
0.0938278
0.505544
0.093535
0.511673
0.0929465
0.517389
0.0920845
0.522673
0.0909768
0.527512
0.0896554
0.531904
0.0881561
0.535852
0.0865178
0.539366
0.0847827
0.542463
0.0829957
0.545164
0.0812031
0.547493
0.0794515
0.549472
0.0777863
0.551122
0.0762534
0.552461
0.0749018
0.553507
0.0737862
0.554285
0.072966
0.554816
0.0725009
0.55512
0.0724441
0.555192
0.0728375
0.0736699
0.439115
0.0755909
0.446322
0.0777242
0.45367
0.0796977
0.461112
0.0814708
0.468598
0.0830209
0.476076
0.0843299
0.483492
0.0853812
0.490796
0.0861625
0.497936
0.0866673
0.504869
0.086895
0.511553
0.0868511
0.517953
0.0865463
0.524041
0.0859968
0.529794
0.0852235
0.535198
0.0842519
0.540242
0.0831115
0.544925
0.0818353
0.549248
0.0804597
0.553219
0.0790242
0.556852
0.0775704
0.560162
0.0761418
0.563166
0.0747825
0.56588
0.0735386
0.568323
0.072459
0.570512
0.071597
0.572468
0.0710105
0.57421
0.0707591
0.575752
0.070902
0.577092
0.0714975
0.0725751
0.446772
0.0688684
0.453672
0.0708242
0.460717
0.0726522
0.467871
0.0743174
0.475091
0.0758003
0.482337
0.0770846
0.489563
0.0781546
0.496728
0.0789977
0.503789
0.0796061
0.510708
0.0799768
0.517447
0.0801116
0.523976
0.0800173
0.530268
0.0797053
0.536299
0.0791916
0.542055
0.0784963
0.547523
0.0776439
0.552696
0.0766623
0.557573
0.0755829
0.562156
0.0744404
0.566454
0.0732723
0.570478
0.0721186
0.574239
0.0710212
0.577753
0.0700245
0.581036
0.0691764
0.584104
0.0685287
0.586977
0.0681374
0.589674
0.0680626
0.592208
0.0683678
0.594584
0.0691218
0.070383
0.454499
0.062409
0.461132
0.0641913
0.467913
0.0658712
0.474811
0.067419
0.481793
0.0688178
0.488825
0.070053
0.495869
0.0711102
0.50289
0.0719773
0.50985
0.0726456
0.516716
0.0731106
0.523456
0.0733718
0.530041
0.0734329
0.536444
0.0733017
0.542646
0.0729902
0.548628
0.0725144
0.554377
0.0718942
0.559886
0.0711533
0.56515
0.0703187
0.57017
0.0694208
0.574949
0.0684933
0.579495
0.0675725
0.583819
0.0666975
0.587933
0.0659106
0.591852
0.0652574
0.595593
0.0647875
0.599175
0.0645555
0.602617
0.0646207
0.605936
0.0650484
0.609145
0.0659129
0.0672895
0.462342
0.0561779
0.468743
0.0577902
0.475294
0.0593207
0.481969
0.0607442
0.48874
0.062046
0.49558
0.0632135
0.502457
0.0642336
0.509339
0.0650949
0.516196
0.0657889
0.522996
0.06631
0.529712
0.0666562
0.536316
0.066829
0.542784
0.0668335
0.549096
0.0666784
0.555234
0.0663764
0.561184
0.0659435
0.566938
0.0653996
0.572489
0.0647678
0.577835
0.0640748
0.582978
0.0633502
0.587924
0.0626269
0.59268
0.0619409
0.597259
0.0613316
0.601675
0.0608417
0.605944
0.0605185
0.610085
0.060414
0.61412
0.0605858
0.61807
0.0610988
0.621955
0.0620278
0.0634553
0.470356
0.0501437
0.476557
0.0515892
0.482908
0.0529695
0.489389
0.0542634
0.495976
0.0554583
0.502647
0.0565433
0.509373
0.057507
0.516129
0.0583388
0.522888
0.0590306
0.529621
0.0595765
0.536304
0.0599737
0.542911
0.0602221
0.549419
0.0603247
0.55581
0.0602878
0.562065
0.0601212
0.568171
0.0598378
0.574117
0.059454
0.579895
0.0589895
0.585502
0.0584672
0.590939
0.0579133
0.596209
0.0573571
0.601319
0.0568313
0.606279
0.0563717
0.611102
0.0560182
0.615806
0.0558147
0.62041
0.0558102
0.624936
0.0560594
0.629411
0.0566243
0.633861
0.0575769
0.0590003
0.478596
0.0442767
0.484628
0.0455581
0.490809
0.046788
0.497124
0.0479482
0.503554
0.0490284
0.510078
0.0500193
0.516674
0.0509108
0.523319
0.0516937
0.52999
0.0523604
0.536661
0.0529052
0.54331
0.0533248
0.549914
0.0536181
0.556452
0.0537867
0.562905
0.0538351
0.569255
0.0537706
0.575489
0.0536036
0.581596
0.0533476
0.587566
0.0530189
0.593396
0.0526373
0.599084
0.0522255
0.604632
0.0518092
0.610046
0.0514175
0.615334
0.051083
0.620511
0.0508416
0.625592
0.0507338
0.630598
0.0508047
0.635552
0.0511049
0.640484
0.0516923
0.645427
0.0526335
0.0540074
0.487127
0.0385487
0.493017
0.0396683
0.499057
0.0407474
0.505235
0.0417708
0.511533
0.0427301
0.517935
0.0436173
0.524422
0.0444239
0.530974
0.0451419
0.53757
0.0457645
0.544189
0.0462864
0.550809
0.0467042
0.557411
0.0470163
0.563974
0.0472233
0.570481
0.0473283
0.576915
0.0473368
0.583262
0.047257
0.58951
0.0470997
0.59565
0.0468787
0.601677
0.0466104
0.607588
0.0463143
0.613384
0.0460129
0.61907
0.0457314
0.624654
0.0454988
0.630149
0.0453471
0.63557
0.0453127
0.640939
0.0454362
0.64628
0.0457635
0.651625
0.046347
0.657012
0.0472466
0.0485351
0.496012
0.0329315
0.50179
0.033891
0.507718
0.034819
0.513786
0.0357031
0.51998
0.0365363
0.526285
0.037312
0.532685
0.0380233
0.539164
0.0386632
0.545703
0.0392259
0.552282
0.0397066
0.558884
0.0401022
0.56549
0.0404109
0.57208
0.0406326
0.578639
0.0407693
0.585151
0.0408253
0.591601
0.0408067
0.597979
0.0407224
0.604274
0.0405835
0.610481
0.0404036
0.616596
0.0401993
0.622619
0.0399894
0.628555
0.0397958
0.63441
0.0396434
0.640197
0.0395602
0.645932
0.0395781
0.651635
0.0397327
0.657334
0.0400648
0.663061
0.0406203
0.668856
0.0414516
0.0426233
0.505324
0.0273971
0.511017
0.0281977
0.516862
0.0289741
0.522849
0.0297164
0.528966
0.0304192
0.535201
0.031077
0.54154
0.0316842
0.547968
0.032235
0.55447
0.0327247
0.561027
0.033149
0.567624
0.0335053
0.574243
0.0337916
0.580868
0.0340077
0.587483
0.0341549
0.594072
0.0342361
0.600622
0.0342562
0.607123
0.0342221
0.613563
0.0341426
0.619938
0.0340289
0.626243
0.0338944
0.632478
0.0337548
0.638645
0.0336284
0.644752
0.0335361
0.650811
0.0335016
0.656837
0.0335519
0.662852
0.0337178
0.668883
0.0340337
0.674964
0.0345393
0.681136
0.0352792
0.0363109
0.515131
0.0219161
0.520771
0.0225581
0.526563
0.0231823
0.532498
0.0237808
0.538568
0.0243493
0.544762
0.0248837
0.551066
0.0253795
0.557469
0.0258322
0.563956
0.0262378
0.570512
0.0265932
0.577121
0.0268958
0.583769
0.0271441
0.590439
0.0273376
0.597117
0.0274771
0.603788
0.0275648
0.61044
0.0276043
0.617061
0.0276007
0.623643
0.027561
0.630178
0.0274939
0.636663
0.02741
0.643096
0.0273218
0.64948
0.0272439
0.655823
0.0271934
0.662135
0.0271894
0.668433
0.0272542
0.674738
0.0274127
0.681078
0.0276935
0.687488
0.0281291
0.694011
0.0287559
0.0296204
0.525523
0.0164585
0.531139
0.016942
0.536909
0.0174127
0.542824
0.017865
0.548878
0.0182958
0.55506
0.0187019
0.561359
0.0190801
0.567764
0.019427
0.574263
0.0197396
0.58084
0.0200155
0.587483
0.0202527
0.594177
0.0204501
0.600908
0.0206071
0.607661
0.0207242
0.614423
0.0208028
0.621181
0.0208456
0.627926
0.0208562
0.634647
0.0208398
0.641338
0.0208029
0.647995
0.0207531
0.654616
0.0207002
0.661205
0.0206549
0.667769
0.0206303
0.674317
0.0206411
0.680867
0.0207042
0.687441
0.020839
0.694066
0.0210678
0.700779
0.0214161
0.707622
0.021913
0.0226
0.536564
0.0109911
0.542191
0.0113144
0.547973
0.0116309
0.553903
0.011935
0.559974
0.0122247
0.566178
0.0124983
0.572504
0.0127536
0.578943
0.0129884
0.585482
0.0132006
0.592109
0.0133887
0.59881
0.0135512
0.605573
0.0136874
0.612383
0.0137968
0.619228
0.0138798
0.626093
0.0139371
0.632968
0.0139706
0.639842
0.0139825
0.646705
0.0139764
0.653552
0.0139564
0.660377
0.0139279
0.66718
0.0138971
0.673964
0.0138716
0.680734
0.01386
0.687503
0.0138724
0.694286
0.0139205
0.701108
0.0140176
0.707996
0.0141796
0.714987
0.0144246
0.722126
0.014774
0.0152566
0.548358
0.00547743
0.554028
0.00564415
0.559855
0.00580387
0.565834
0.00595615
0.571957
0.00610132
0.578217
0.00623859
0.584604
0.00636662
0.591108
0.00648421
0.597718
0.00659034
0.604423
0.0066842
0.611209
0.00676513
0.618064
0.00683266
0.624974
0.00688661
0.631927
0.00692707
0.638909
0.0069545
0.64591
0.00696972
0.652919
0.00697398
0.659926
0.00696896
0.666926
0.00695683
0.673913
0.0069403
0.680888
0.00692258
0.687852
0.00690751
0.694812
0.00689959
0.701781
0.00690403
0.708774
0.00692691
0.715816
0.00697542
0.722938
0.00705833
0.730175
0.00718725
0.737569
0.00737988
0.00768079
0.551747
0.557391
0.563195
0.569152
0.575253
0.581491
0.587858
0.594342
0.600933
0.607617
0.614382
0.621215
0.628101
0.635028
0.641983
0.648952
0.655926
0.662895
0.669852
0.676793
0.683715
0.690623
0.697522
0.704426
0.711353
0.718329
0.725387
0.732574
0.739954
)
;

boundaryField
{
    inlet
    {
        type            calculated;
        value           nonuniform List<scalar> 
45
(
-0.2
-0.2
-0.2
-0.2
-0.2
-0.2
-0.2
-0.2
-0.2
-0.2
-0.2
-0.2
-0.2
-0.2
-0.2
-0.20766
-0.212683
-0.217828
-0.223097
-0.228493
-0.23402
-0.239681
-0.245479
-0.251417
-0.257499
-0.263728
-0.270107
-0.276641
-0.283333
-0.290186
-0.297206
-0.304395
-0.311758
-0.3193
-0.327023
-0.334934
-0.343036
-0.351334
-0.359832
-0.368536
-0.377451
-0.386582
-0.395933
-0.40551
-0.415319
)
;
    }
    outlet
    {
        type            calculated;
        value           nonuniform List<scalar> 
45
(
0.0234622
0.0314605
0.0252858
0.013941
0.00164709
-0.00804188
-0.0160866
-0.0228321
-0.0284709
-0.0331806
-0.0370841
-0.040267
-0.0428069
-0.0447511
-0.0461267
-0.0487338
-0.0499964
-0.050201
-0.0490123
-0.0454261
-0.0400322
-0.0259678
0.0616343
0.154299
0.240441
0.3177
0.384881
0.441595
0.488164
0.525506
0.554979
0.578187
0.596776
0.612239
0.625789
0.638316
0.65042
0.662484
0.674767
0.687449
0.700702
0.714643
0.72947
0.745145
0.747635
)
;
    }
    flap
    {
        type            calculated;
        value           uniform 0;
    }
    upperWall
    {
        type            calculated;
        value           uniform 0;
    }
    lowerWall
    {
        type            calculated;
        value           uniform 0;
    }
    frontAndBack
    {
        type            empty;
        value           nonuniform 0();
    }
}


// ************************************************************************* //
