/*--------------------------------*- C++ -*----------------------------------*\
  =========                 |
  \\      /  F ield         | OpenFOAM: The Open Source CFD Toolbox
   \\    /   O peration     | Website:  https://openfoam.org
    \\  /    A nd           | Version:  dev
     \\/     M anipulation  |
\*---------------------------------------------------------------------------*/
FoamFile
{
    version     2.0;
    format      ascii;
    class       surfaceScalarField;
    location    "9.8";
    object      phi;
}
// * * * * * * * * * * * * * * * * * * * * * * * * * * * * * * * * * * * * * //

dimensions      [0 3 -1 0 0 0 0];

internalField   nonuniform List<scalar> 
5457
(
0.198418
0.0015824
0.19648
0.00193741
0.194192
0.00228815
0.191508
0.00268366
0.188427
0.0030813
0.18495
0.0034769
0.181071
0.00387873
0.176777
0.0042942
0.172049
0.00472843
0.166863
0.00518547
0.161195
0.00566878
0.155013
0.00618133
0.148288
0.00672529
0.140986
0.00730168
0.133076
0.00790986
0.12453
0.0085468
0.115323
0.00920624
0.105446
0.0098775
0.0949015
0.0105443
0.0837178
0.0111837
0.071953
0.0117647
0.0597047
0.0122483
0.0471161
0.0125886
0.0343762
0.0127399
0.0216815
0.0126947
0.00903163
0.0126499
-0.00291987
0.0119515
-0.00847347
0.00555361
-0.00804344
-0.000430029
-0.00804344
0.199928
0.00165427
0.199176
0.0026899
0.197965
0.00349915
0.196331
0.00431693
0.194271
0.00514147
0.191781
0.0059671
0.188854
0.00680587
0.185477
0.00767125
0.181632
0.00857357
0.177296
0.00952112
0.172444
0.0105212
0.167045
0.01158
0.161068
0.0127024
0.154479
0.013891
0.147243
0.0151453
0.13933
0.0164603
0.130711
0.0178245
0.121371
0.019218
0.111306
0.0206095
0.100536
0.0219538
0.0891109
0.0231894
0.0771233
0.024236
0.0647174
0.0249945
0.0521101
0.0253472
0.0396503
0.0251546
0.0281011
0.024199
0.0185908
0.0214618
0.00879311
0.0153513
0.00118149
0.00718159
-0.00686196
0.199781
0.00187373
0.199087
0.00338378
0.197946
0.00464014
0.196409
0.00585364
0.194483
0.00706771
0.192164
0.00828629
0.189446
0.00952347
0.18632
0.0107969
0.182772
0.0121217
0.178783
0.0135102
0.174331
0.0149736
0.169389
0.0165213
0.16393
0.0181613
0.157923
0.0198985
0.151334
0.0217339
0.144132
0.0236624
0.136286
0.0256704
0.127772
0.0277323
0.118575
0.0298067
0.108697
0.031832
0.0981645
0.0337214
0.0870421
0.0353584
0.0754455
0.0365911
0.0635685
0.0372241
0.0517271
0.036996
0.0403926
0.0355336
0.0297349
0.0321195
0.0191631
0.025923
0.00959586
0.0167489
0.00273391
0.199703
0.00217068
0.199008
0.00407913
0.197887
0.00576074
0.196376
0.00736463
0.194488
0.00895593
0.192222
0.0105524
0.189574
0.0121713
0.186538
0.0138331
0.183103
0.0155563
0.179256
0.017357
0.174981
0.0192489
0.170258
0.0212443
0.165066
0.0233533
0.159382
0.0255831
0.15318
0.027936
0.146434
0.030408
0.139119
0.0329851
0.131212
0.0356399
0.122692
0.0383262
0.113551
0.0409732
0.103794
0.0434786
0.0934509
0.0457011
0.0825897
0.0474524
0.0713271
0.0484867
0.0598355
0.0484875
0.0483121
0.047057
0.036807
0.0436246
0.0251851
0.037545
0.0133342
0.0285998
0.0160681
0.199667
0.00250329
0.198964
0.00478244
0.197863
0.00686212
0.196381
0.0088464
0.194532
0.0108048
0.192317
0.0127672
0.189733
0.0147553
0.186775
0.0167919
0.183433
0.0188982
0.179697
0.0210929
0.175554
0.023392
0.170988
0.0258097
0.165984
0.0283574
0.160523
0.0310436
0.154588
0.0338719
0.148157
0.0368389
0.14121
0.0399314
0.133728
0.0431219
0.125691
0.0463635
0.117081
0.0495829
0.107888
0.0526724
0.0981085
0.0554803
0.0877585
0.0578024
0.0768726
0.0593726
0.0655029
0.0598571
0.0537028
0.058857
0.0414497
0.0558777
0.0285847
0.05041
0.0148507
0.0423337
0.0309188
0.199653
0.00285052
0.198949
0.00548654
0.197871
0.00794012
0.196426
0.0102907
0.194626
0.0126049
0.192473
0.0149208
0.189963
0.0172651
0.187092
0.0196629
0.183852
0.0221377
0.180235
0.0247104
0.176228
0.0273988
0.171819
0.0302186
0.166994
0.0331825
0.161738
0.0362999
0.156034
0.0395752
0.149867
0.043006
0.143219
0.04658
0.136069
0.0502717
0.128396
0.0540362
0.120176
0.057803
0.111381
0.0614671
0.101982
0.0648794
0.0919479
0.0678368
0.0812471
0.0700734
0.0698476
0.0712566
0.0577109
0.0709937
0.0447557
0.068833
0.0308455
0.0643202
0.0158713
0.057308
0.0467901
0.19965
0.00320048
0.198954
0.00618257
0.197904
0.0089898
0.196505
0.0116904
0.194762
0.0143472
0.19268
0.0170029
0.190256
0.0196888
0.187487
0.0224326
0.184364
0.02526
0.180881
0.0281935
0.177027
0.031253
0.17279
0.0344555
0.168158
0.037815
0.163116
0.0413419
0.157649
0.0450419
0.151741
0.0489139
0.145373
0.0529481
0.138523
0.0571217
0.131164
0.061395
0.123263
0.0657044
0.114775
0.0699544
0.105647
0.0740077
0.095809
0.0776749
0.0851784
0.080704
0.0736606
0.0827744
0.0611545
0.0834999
0.0475493
0.0824381
0.0327543
0.0791152
0.0167806
0.0732818
0.0635706
0.199655
0.00354585
0.198974
0.00686272
0.197959
0.0100056
0.19661
0.0130392
0.194934
0.0160234
0.192933
0.0190036
0.190607
0.022015
0.187951
0.025088
0.184961
0.0282502
0.181629
0.0315259
0.177945
0.0349367
0.1739
0.0385012
0.16948
0.0422348
0.164672
0.0461497
0.159461
0.0502532
0.153828
0.0545468
0.147752
0.0590239
0.141207
0.0636671
0.134158
0.068444
0.12656
0.0733019
0.118354
0.0781602
0.109461
0.0829012
0.0997778
0.0873582
0.0891783
0.0913035
0.0775161
0.0944365
0.0646389
0.0963771
0.0504101
0.0966669
0.0347627
0.0947626
0.0177869
0.0902576
0.0813575
0.199664
0.00388169
0.199006
0.00752055
0.19803
0.0109819
0.196739
0.0143307
0.195136
0.0176255
0.193226
0.0209135
0.191009
0.024233
0.18848
0.0276168
0.185636
0.0310943
0.18247
0.0346918
0.178974
0.0384324
0.175139
0.0423363
0.170953
0.0464211
0.166402
0.0507005
0.16147
0.0551847
0.156138
0.0598787
0.150382
0.0647808
0.144168
0.0698807
0.137456
0.0751563
0.130188
0.0805692
0.12229
0.0860588
0.113658
0.0915332
0.104158
0.0968575
0.0936233
0.101839
0.0818538
0.106206
0.0686389
0.109592
0.0537927
0.111513
0.0372295
0.111326
0.0190795
0.108408
0.100437
0.199677
0.00420449
0.199047
0.00815083
0.198116
0.0119133
0.196887
0.0155591
0.195366
0.0191465
0.193556
0.0227242
0.191456
0.0263329
0.189065
0.0300077
0.186379
0.0337797
0.183394
0.0376768
0.180103
0.0417238
0.176496
0.0459428
0.172564
0.050353
0.168294
0.054971
0.163669
0.05981
0.158668
0.0648795
0.153265
0.070184
0.147423
0.0757223
0.141094
0.0814848
0.134213
0.087451
0.126687
0.0935843
0.118395
0.0998254
0.109172
0.10608
0.098807
0.112204
0.0870393
0.117974
0.0735767
0.123055
0.0581364
0.126953
0.0405424
0.12892
0.020896
0.128054
0.121333
0.199693
0.00451157
0.199095
0.00874924
0.198213
0.0127949
0.197053
0.0167188
0.19562
0.0205799
0.193916
0.0244281
0.191943
0.0283061
0.1897
0.0322507
0.187185
0.0362949
0.184393
0.0404679
0.181321
0.0447962
0.17796
0.0493035
0.174302
0.0540113
0.170334
0.0589387
0.166042
0.0641025
0.161404
0.0695174
0.156393
0.0751951
0.150971
0.0811443
0.145086
0.0873698
0.138665
0.0938714
0.131609
0.100641
0.123778
0.107656
0.114983
0.114876
0.104968
0.122219
0.0934029
0.129539
0.0798813
0.136576
0.0639519
0.142883
0.0452216
0.14765
0.0236039
0.149672
0.144937
0.199711
0.0048009
0.199148
0.00931227
0.19832
0.0136225
0.197234
0.0178051
0.195893
0.0219201
0.194303
0.0260186
0.192464
0.0301447
0.190378
0.034337
0.188043
0.0386297
0.185458
0.0430536
0.182617
0.0476364
0.179517
0.0524035
0.176151
0.0573783
0.172507
0.0625826
0.168572
0.068037
0.164328
0.0737612
0.159749
0.0797743
0.154798
0.0860956
0.149423
0.0927448
0.143551
0.0997427
0.137081
0.107111
0.129866
0.114871
0.121701
0.123041
0.112297
0.131622
0.101253
0.140582
0.0880239
0.149806
0.0719013
0.159005
0.0520671
0.167484
0.0278735
0.173865
0.17281
0.19973
0.00507084
0.199205
0.00983706
0.198435
0.0143926
0.197427
0.0188138
0.196184
0.0231622
0.194713
0.0274898
0.193016
0.0318421
0.191094
0.0362589
0.188948
0.0407757
0.186577
0.0454241
0.183981
0.0502332
0.181154
0.0552296
0.178094
0.0604385
0.174793
0.0658842
0.171239
0.0715905
0.167418
0.0775819
0.163308
0.0838843
0.158877
0.0905267
0.154079
0.0975428
0.148849
0.104973
0.14309
0.112869
0.136666
0.121295
0.129376
0.130331
0.120922
0.140076
0.110859
0.150645
0.0985157
0.162149
0.0828712
0.17465
0.0624067
0.187949
0.0351045
0.201167
0.207915
0.199751
0.00532014
0.199266
0.0103213
0.198557
0.015102
0.197629
0.0197414
0.19649
0.0243021
0.195142
0.0288372
0.193591
0.033393
0.19184
0.0380105
0.18989
0.0427258
0.187742
0.0475715
0.185398
0.0525773
0.182857
0.0577711
0.180116
0.0631793
0.177172
0.068828
0.174019
0.0747436
0.170646
0.0809546
0.167038
0.0874922
0.163172
0.0943933
0.159012
0.101703
0.154507
0.109478
0.149583
0.117793
0.144128
0.12675
0.137975
0.136485
0.130863
0.147188
0.122378
0.15913
0.111825
0.172702
0.0979758
0.188499
0.0784918
0.207433
0.0486261
0.231033
0.256541
0.199772
0.00554784
0.19933
0.0107632
0.198684
0.0157485
0.19784
0.0205849
0.196806
0.0253365
0.195586
0.0300569
0.194186
0.0347931
0.19261
0.0395868
0.190861
0.0444746
0.188943
0.0494896
0.186858
0.0546619
0.184609
0.06002
0.182198
0.0655911
0.179623
0.0714022
0.176885
0.0774817
0.17398
0.0838602
0.170899
0.0905725
0.167632
0.0976603
0.164159
0.105176
0.160451
0.113186
0.156464
0.121781
0.152132
0.131082
0.147353
0.141263
0.14197
0.152571
0.135719
0.165382
0.128127
0.180294
0.118255
0.198372
0.10385
0.221837
0.0776104
0.257273
0.334151
0.00387201
-0.00387201
0.00755821
-0.0036862
0.0105854
-0.00302718
0.012929
-0.00234356
0.014662
-0.00173307
0.0158638
-0.00120177
0.0166016
-0.000737773
0.0169328
-0.000331183
0.0169254
7.37163e-06
0.0166039
0.000321508
0.0160477
0.000556184
0.0153065
0.000741199
0.0144339
0.000872631
0.0134849
0.000949003
0.0125133
0.000971564
0.0115686
0.000944736
0.0106921
0.000876412
0.0099145
0.000777651
0.00925238
0.000662113
0.00870756
0.000544826
0.00826824
0.000439315
0.00791439
0.000353855
0.00762493
0.000289451
0.00738368
0.000241252
0.00718062
0.00020306
0.00700947
0.000171155
0.00686489
0.000144577
0.00674101
0.000123885
0.00663205
0.00010896
8.84165e-05
0.0035979
-0.00746991
0.00704993
-0.00713823
0.00995034
-0.00592759
0.0122866
-0.00467985
0.014132
-0.00357845
0.0155601
-0.00262983
0.0166316
-0.00180927
0.0173924
-0.00109204
0.0178544
-0.000454583
0.0180586
0.000117247
0.0179941
0.000620688
0.0177211
0.0010142
0.0172931
0.00130072
0.0167649
0.00147721
0.0161908
0.00154561
0.0156207
0.00151481
0.0150966
0.00140053
0.0146485
0.00122581
0.0142921
0.00101847
0.0140281
0.000808851
0.013844
0.000623438
0.0137205
0.000477268
0.0136393
0.000370716
0.0135873
0.000293239
0.0135575
0.000232875
0.0135454
0.000183258
0.0135466
0.000143316
0.0135558
0.000114677
0.013566
9.8769e-05
9.7078e-05
0.0030687
-0.0105386
0.00592525
-0.00999478
0.00828947
-0.00829182
0.0101922
-0.00658254
0.0117094
-0.00509572
0.0129024
-0.00382284
0.0138195
-0.00272628
0.0144992
-0.00177176
0.0149773
-0.000932711
0.0152806
-0.000186025
0.0154115
0.000489803
0.0153854
0.00104021
0.0152421
0.00144411
0.0150243
0.00169501
0.014773
0.00179682
0.0145253
0.00176254
0.0143109
0.00161491
0.0141511
0.00138569
0.0140553
0.00111427
0.0140202
0.0008439
0.0140318
0.000611819
0.0140715
0.000437572
0.0141234
0.000318868
0.0141786
0.000238019
0.0142338
0.000177627
0.0142872
0.000129908
0.0143363
9.42201e-05
0.0143771
7.38384e-05
0.0144031
7.27762e-05
0.000101236
0.00248855
-0.0130272
0.00464365
-0.0121499
0.00635447
-0.0100026
0.0077196
-0.00794768
0.0088146
-0.00619072
0.00968387
-0.00469212
0.0103601
-0.00340254
0.0108679
-0.00227951
0.0112276
-0.00129245
0.0114652
-0.000423635
0.0115985
0.000356576
0.0116228
0.0010159
0.011575
0.00149191
0.0114927
0.0017773
0.0114056
0.00188387
0.0113367
0.00183151
0.0113014
0.00165014
0.0113081
0.00137906
0.0113554
0.0010669
0.0114316
0.000767759
0.011516
0.000527404
0.011587
0.000366525
0.0116299
0.00027603
0.0116412
0.000226649
0.0116242
0.000194697
0.0115818
0.000172258
0.0115168
0.000159191
0.0114316
0.00015905
0.0113295
0.000174864
0.000204925
0.00181665
-0.0148438
0.00319204
-0.0135253
0.00418093
-0.0109915
0.00494993
-0.00871668
0.00556324
-0.00680402
0.00604947
-0.00517835
0.00642812
-0.00378119
0.00671182
-0.00256321
0.00690868
-0.00148932
0.00703852
-0.000553469
0.00709992
0.000295173
0.00708058
0.00103524
0.00703846
0.00153404
0.00700455
0.00181121
0.00699491
0.00189351
0.00701453
0.00181189
0.00705972
0.00160495
0.00711988
0.0013189
0.00717899
0.00100779
0.00721308
0.00073366
0.00719593
0.000544562
0.00710883
0.000453626
0.00694706
0.000437795
0.00672779
0.000445924
0.00647036
0.000452127
0.00619107
0.000451548
0.00589863
0.00045163
0.00559754
0.000460133
0.00529935
0.000473062
0.000443057
0.00105238
-0.0158962
0.00156355
-0.0140364
0.00178801
-0.011216
0.00191576
-0.00884443
0.00198554
-0.00687379
0.00202035
-0.00521316
0.00203098
-0.00379182
0.00202505
-0.00255728
0.00200884
-0.00147311
0.00196537
-0.00051
0.00187759
0.000382952
0.00179227
0.00112056
0.00173883
0.00158748
0.00172133
0.00182871
0.00172421
0.00189062
0.00171936
0.00181675
0.0016723
0.00165201
0.00154612
0.00144507
0.0013158
0.00123812
0.00098706
0.0010624
0.000589458
0.000942163
0.000162978
0.000880105
-0.000248617
0.000849391
-0.000635662
0.000832968
-0.000993046
0.000809511
-0.00132283
0.00078133
-0.00163213
0.000760928
-0.00192929
0.000757302
-0.0022061
0.000749871
0.000674683
0.00012938
-0.0160256
-0.000252007
-0.013655
-0.000819137
-0.0106489
-0.00138544
-0.00827812
-0.00193479
-0.00632445
-0.00243671
-0.00471124
-0.00288106
-0.00334747
-0.00326541
-0.00217293
-0.00361096
-0.00112756
-0.00396514
-0.00015582
-0.0042274
0.000645216
-0.00435761
0.00125077
-0.00445106
0.00168092
-0.00455242
0.00193008
-0.00469268
0.00203088
-0.00489438
0.00201844
-0.00516811
0.00192574
-0.00550905
0.00178601
-0.00590218
0.00163125
-0.00632796
0.00148818
-0.00676275
0.00137695
-0.00718334
0.00130069
-0.00757551
0.00124156
-0.0079243
0.00118176
-0.00822673
0.00111194
-0.00848561
0.00104021
-0.00870851
0.000983829
-0.00890097
0.000949761
-0.00906469
0.000913591
0.000854536
-0.000839964
-0.0151856
-0.00220906
-0.0122859
-0.0036132
-0.00924473
-0.00497228
-0.00691904
-0.00621241
-0.00508433
-0.0073126
-0.00361104
-0.00827176
-0.00238831
-0.00909802
-0.00134667
-0.00980436
-0.000421224
-0.0103222
0.000362063
-0.0106607
0.000983665
-0.0108963
0.00148643
-0.0110849
0.00186947
-0.011274
0.00211915
-0.0114922
0.00224908
-0.0117517
0.00227795
-0.012052
0.00222612
-0.0123849
0.00211891
-0.0127402
0.00198654
-0.0131095
0.00185748
-0.0134823
0.0017497
-0.0138437
0.00166209
-0.0141786
0.00157651
-0.014472
0.00147512
-0.0147157
0.00135568
-0.0149115
0.00123601
-0.0150681
0.00114039
-0.0151951
0.00107677
-0.0153088
0.00102725
0.000990499
-0.00194935
-0.0132363
-0.0043361
-0.00989919
-0.00669197
-0.00688887
-0.00887207
-0.00473893
-0.0107931
-0.00316334
-0.0124326
-0.00197154
-0.0138096
-0.00101131
-0.0149437
-0.000212491
-0.0157953
0.000430356
-0.016384
0.000950714
-0.0168031
0.00140283
-0.017115
0.00179832
-0.0173575
0.0021119
-0.0175718
0.00233347
-0.0177885
0.00246581
-0.0180241
0.00251356
-0.0182823
0.00248431
-0.0185594
0.002396
-0.0188508
0.00227795
-0.019154
0.00216071
-0.0194651
0.00206079
-0.0197743
0.00197128
-0.0200658
0.00186794
-0.0203209
0.00173022
-0.0205266
0.00156146
-0.0206823
0.00139164
-0.0207979
0.00125606
-0.0208885
0.00116729
-0.0209748
0.00111357
0.00109501
-0.00325826
-0.009978
-0.00682789
-0.00632956
-0.0101866
-0.00353015
-0.0131429
-0.00178266
-0.0156412
-0.000664973
-0.0176834
7.0651e-05
-0.0192623
0.000567581
-0.0204097
0.000934865
-0.0212372
0.00125787
-0.0218612
0.0015747
-0.0223382
0.00187982
-0.0226935
0.00215361
-0.0229602
0.00237868
-0.0231771
0.00255029
-0.0233785
0.00266726
-0.0235866
0.0027216
-0.0238078
0.00270556
-0.0240395
0.00262766
-0.0242791
0.00251756
-0.0245291
0.00241071
-0.0247923
0.00232406
-0.0250643
0.00224319
-0.0253286
0.0021323
-0.0255615
0.00196313
-0.0257432
0.00174313
-0.0258698
0.00151827
-0.0259549
0.00134113
-0.0260194
0.0012318
-0.0260846
0.00117881
0.00117359
-0.00501143
-0.00496658
-0.0103567
-0.000984294
-0.0147915
0.000904617
-0.0182398
0.00166572
-0.0208163
0.00191152
-0.0227162
0.0019705
-0.0241436
0.00199495
-0.0252488
0.00204007
-0.026106
0.0021151
-0.0267649
0.0022336
-0.0272666
0.00238157
-0.0276404
0.00252734
-0.0279141
0.00265245
-0.0281247
0.00276084
-0.0283116
0.0028542
-0.0285017
0.00291169
-0.0287007
0.00290459
-0.0289018
0.00282875
-0.0291016
0.00271731
-0.0293081
0.00261726
-0.0295337
0.00254964
-0.0297803
0.00248976
-0.0300309
0.00238287
-0.0302537
0.00218594
-0.0304192
0.00190868
-0.0305201
0.00161914
-0.0305758
0.00139686
-0.0306162
0.00127219
-0.030662
0.00122463
0.00122941
-0.00793238
0.0029658
-0.0144637
0.00554702
-0.0191578
0.00559875
-0.0225993
0.00510716
-0.0251679
0.0044801
-0.0270934
0.00389607
-0.0285573
0.00345885
-0.0296742
0.00315696
-0.030522
0.00296294
-0.0311667
0.00287825
-0.0316611
0.00287597
-0.0320323
0.00289855
-0.0322972
0.00291733
-0.0324895
0.00295311
-0.0326575
0.00302228
-0.0328352
0.00308939
-0.0330239
0.00309327
-0.0332057
0.00301054
-0.033372
0.00288363
-0.0335382
0.00278346
-0.0337305
0.0027419
-0.0339602
0.0027195
-0.0342089
0.0026315
-0.0344328
0.00240989
-0.0345881
0.00206396
-0.0346619
0.00169293
-0.0346837
0.00141864
-0.0346975
0.00128603
-0.0347248
0.00125195
0.00126528
-0.0101715
0.0131373
-0.0179414
0.0133169
-0.0232866
0.0109439
-0.0269586
0.00877919
-0.029543
0.00706454
-0.0313756
0.00572861
-0.0327331
0.00481636
-0.0337699
0.00419376
-0.0345419
0.00373491
-0.0351186
0.00345504
-0.0355723
0.00332963
-0.0359244
0.00325064
-0.0361654
0.00315831
-0.0363205
0.00310821
-0.0364567
0.00315851
-0.036623
0.00325568
-0.0368121
0.00328239
-0.0369841
0.00318252
-0.0371179
0.00301749
-0.0372392
0.00290473
-0.0373964
0.0028991
-0.0376154
0.00293849
-0.0378745
0.00289064
-0.0381125
0.00264784
-0.0382632
0.00221471
-0.0383048
0.00173455
-0.0382821
0.00139594
-0.0382636
0.00126746
-0.0382744
0.0012628
0.00128547
-0.0134633
0.0266007
-0.0231359
0.0229895
-0.0285656
0.0163736
-0.031841
0.0120546
-0.0341322
0.00935578
-0.035615
0.0072114
-0.0366748
0.00587618
-0.0375413
0.00506028
-0.0381779
0.00437152
-0.0386286
0.00390575
-0.0390088
0.00370979
-0.0393369
0.00357868
-0.0395433
0.00336477
-0.0396316
0.00319649
-0.03971
0.00323695
-0.0398625
0.00340815
-0.040067
0.00348688
-0.0402413
0.00335683
-0.0403388
0.00311503
-0.0404007
0.0029666
-0.0405135
0.00301187
-0.040726
0.00315099
-0.0410105
0.00317518
-0.0412791
0.00291637
-0.0414323
0.00236796
-0.0414323
0.00173454
-0.0413465
0.0013101
-0.0412852
0.00120621
-0.0412849
0.00126249
0.0012992
-0.019157
0.0457577
-0.0308905
0.0347229
-0.0357012
0.0211844
-0.037367
0.0137204
-0.0390229
0.0110117
-0.0397493
0.00793774
-0.0402234
0.00635029
-0.0409227
0.00575956
-0.0414436
0.00489242
-0.0416884
0.00415063
-0.0419383
0.00395965
-0.0422455
0.00388589
-0.0424142
0.0035335
-0.0423928
0.00317509
-0.0423687
0.00321282
-0.0425064
0.00354587
-0.0427548
0.00373521
-0.0429524
0.00355451
-0.0430032
0.00316578
-0.0429744
0.00293779
-0.0430207
0.00305821
-0.0432284
0.00335873
-0.0435568
0.00350353
-0.0438778
0.00323733
-0.0440429
0.00253307
-0.0439859
0.00167759
-0.0438054
0.00112959
-0.0436837
0.00108449
-0.0436839
0.00126266
0.00132803
0.207447
0.0057606
0.207034
0.0111758
0.206432
0.016351
0.205647
0.0213694
0.204688
0.0262957
0.203561
0.0311843
0.202271
0.0360827
0.200825
0.0410325
0.199229
0.0460709
0.197488
0.051231
0.195607
0.0565429
0.193592
0.062035
0.191448
0.0677347
0.189181
0.0736694
0.186795
0.0798677
0.184294
0.0863608
0.181682
0.0931847
0.17896
0.100382
0.176128
0.108008
0.173184
0.11613
0.170124
0.12484
0.166943
0.134263
0.163636
0.14457
0.160204
0.156004
0.156667
0.168918
0.153118
0.183842
0.14992
0.201571
0.148738
0.223019
0.16033
0.245681
0.258923
0.235558
0.21249
0.00595302
0.212118
0.0115487
0.211574
0.0168946
0.210868
0.0220753
0.210008
0.0271562
0.209
0.0321918
0.207853
0.0372297
0.206574
0.0423117
0.20517
0.0474746
0.20365
0.052751
0.202022
0.0581709
0.200295
0.063762
0.198479
0.0695509
0.196584
0.0755642
0.194622
0.0818296
0.192606
0.088377
0.19055
0.0952406
0.188472
0.102461
0.186392
0.110087
0.18434
0.118182
0.182355
0.126825
0.180498
0.13612
0.178868
0.146201
0.177635
0.157237
0.177119
0.169434
0.177973
0.182988
0.181608
0.197936
0.190617
0.21401
0.206004
0.230294
0.245877
0.219051
0.217658
0.00612295
0.217329
0.0118777
0.21685
0.0173733
0.21623
0.022695
0.215478
0.0279086
0.214601
0.0330684
0.213609
0.0382219
0.212511
0.0434104
0.211315
0.0486699
0.210034
0.0540326
0.208677
0.0595271
0.207259
0.0651801
0.205794
0.0710166
0.204297
0.0770614
0.202787
0.0833396
0.201286
0.0898781
0.19982
0.0967065
0.198421
0.103859
0.197133
0.111376
0.196009
0.119305
0.195129
0.127705
0.194605
0.136644
0.194608
0.146198
0.195399
0.156446
0.197389
0.167443
0.201188
0.17919
0.207564
0.19156
0.217181
0.204393
0.229768
0.217707
0.228928
0.246717
0.222951
0.0062684
0.22267
0.0121589
0.222262
0.0177814
0.221736
0.0232213
0.2211
0.0285441
0.220365
0.0338039
0.219539
0.0390475
0.218634
0.0443153
0.217661
0.0496425
0.216634
0.0550598
0.215567
0.0605945
0.214476
0.0662711
0.21338
0.0721126
0.2123
0.0781407
0.211263
0.084377
0.210298
0.0908433
0.209441
0.0975629
0.20874
0.104561
0.208251
0.111865
0.208052
0.119505
0.208245
0.127513
0.20897
0.135919
0.21042
0.144748
0.212858
0.154007
0.216632
0.16367
0.222161
0.173661
0.229896
0.183825
0.24041
0.193879
0.254624
0.203493
0.210419
0.273133
0.228374
0.00638751
0.228144
0.0123889
0.227812
0.0181139
0.227385
0.0236475
0.226875
0.0290548
0.22629
0.034389
0.225641
0.0396959
0.224942
0.0450149
0.224204
0.0503797
0.223445
0.0558193
0.222681
0.0613589
0.221931
0.0670206
0.221219
0.0728244
0.220572
0.0787884
0.220019
0.0849292
0.2196
0.0912629
0.219358
0.0978048
0.219349
0.10457
0.219643
0.111571
0.220327
0.11882
0.221515
0.126325
0.223352
0.134083
0.226021
0.142078
0.229755
0.150273
0.234834
0.158591
0.241587
0.166908
0.250393
0.175019
0.261701
0.182571
0.275986
0.189209
0.193847
0.292558
0.233929
0.00647858
0.233754
0.0125644
0.233502
0.0183661
0.233182
0.0239678
0.232803
0.0294335
0.232376
0.0348155
0.231914
0.0401582
0.23143
0.0454994
0.230938
0.0508711
0.230457
0.0563002
0.230007
0.0618095
0.229609
0.0674183
0.229291
0.0731429
0.229082
0.0789971
0.229019
0.0849925
0.229143
0.0911384
0.229506
0.0974418
0.230169
0.103907
0.231206
0.110534
0.232708
0.117318
0.234788
0.124245
0.237581
0.131289
0.241252
0.138408
0.245992
0.145532
0.252024
0.15256
0.259589
0.159343
0.268931
0.165677
0.28023
0.171272
0.293584
0.175855
0.178911
0.308519
0.23962
0.00654015
0.239502
0.0126824
0.239334
0.0185338
0.239125
0.0241768
0.238884
0.0296741
0.238623
0.0350764
0.238355
0.0404266
0.238094
0.0457607
0.237856
0.0511086
0.237661
0.0564948
0.237532
0.0619394
0.237491
0.0674584
0.23757
0.0730645
0.2378
0.0787669
0.238221
0.0845717
0.238878
0.0904817
0.239824
0.0964959
0.241122
0.102609
0.242846
0.108809
0.245085
0.115079
0.247942
0.121388
0.251535
0.127696
0.256002
0.133941
0.26149
0.140043
0.268159
0.145892
0.276157
0.151344
0.285606
0.156228
0.296552
0.160325
0.308986
0.163421
0.165247
0.32265
0.245448
0.00657092
0.24539
0.0127407
0.24531
0.0186136
0.245217
0.0242703
0.245119
0.0297715
0.245029
0.0351664
0.24496
0.0404956
0.244928
0.0457933
0.244949
0.051087
0.245045
0.0563987
0.245239
0.0617455
0.245558
0.0671402
0.246031
0.0725916
0.246693
0.0781044
0.247585
0.0836796
0.248753
0.0893138
0.25025
0.0949992
0.252136
0.100722
0.254483
0.106463
0.257369
0.112193
0.260884
0.117873
0.265127
0.123453
0.270203
0.128866
0.276218
0.134028
0.283272
0.138837
0.291448
0.143169
0.300792
0.146884
0.311294
0.149823
0.322888
0.151827
0.152764
0.335371
0.251418
0.00656991
0.251422
0.0127371
0.251432
0.0186028
0.251458
0.0242449
0.251507
0.0297221
0.251592
0.0350814
0.251726
0.0403614
0.251926
0.0455938
0.252209
0.0508038
0.252597
0.0560108
0.253114
0.0612289
0.253786
0.0664676
0.254646
0.0717319
0.255728
0.0770227
0.257071
0.0823361
0.258721
0.0876637
0.260728
0.0929919
0.263149
0.0983013
0.266047
0.103566
0.269489
0.108751
0.273549
0.113813
0.278304
0.118698
0.283829
0.123341
0.290193
0.127664
0.297454
0.131576
0.305646
0.134977
0.31477
0.137759
0.324782
0.139811
0.335583
0.141026
0.141346
0.347001
0.257532
0.00653634
0.257599
0.0126704
0.257702
0.0184995
0.257849
0.0240984
0.258048
0.0295235
0.25831
0.0348193
0.258649
0.0400222
0.259081
0.0451614
0.259626
0.0502596
0.260303
0.0553335
0.261137
0.0603944
0.262156
0.0654488
0.263389
0.0704984
0.264872
0.0755403
0.266641
0.0805669
0.268739
0.0855658
0.271211
0.0905193
0.274109
0.095404
0.277484
0.10019
0.281394
0.104841
0.285894
0.109312
0.29104
0.113552
0.296882
0.117499
0.303461
0.121086
0.310799
0.124237
0.318901
0.126876
0.327738
0.128922
0.337247
0.130302
0.347323
0.13095
0.130846
0.357824
0.263794
0.00646976
0.263925
0.0125396
0.264122
0.0183025
0.264391
0.0238296
0.26474
0.0291746
0.265179
0.0343795
0.265723
0.0394782
0.266387
0.0444975
0.267189
0.0494575
0.26815
0.0543724
0.269294
0.0592508
0.270646
0.0640965
0.272237
0.0689083
0.274097
0.0736804
0.276261
0.0784023
0.278768
0.0830588
0.281658
0.0876297
0.284972
0.0920895
0.288755
0.0964075
0.293049
0.100547
0.297896
0.104466
0.303331
0.108116
0.309385
0.111446
0.316073
0.114397
0.323398
0.116912
0.331342
0.118932
0.33986
0.120403
0.348884
0.121278
0.358314
0.12152
0.121129
0.368031
0.270207
0.00636999
0.270402
0.0123445
0.270693
0.0180115
0.271084
0.0234384
0.271583
0.0286758
0.272199
0.0337632
0.272946
0.0387318
0.273837
0.043606
0.274891
0.0484035
0.276128
0.053136
0.277569
0.0578098
0.279239
0.0624264
0.281165
0.0669822
0.283376
0.0714693
0.285903
0.0758754
0.288778
0.0801834
0.292036
0.0843721
0.295709
0.0884158
0.299833
0.0922844
0.304436
0.0959433
0.309548
0.0993545
0.315188
0.102476
0.321368
0.105265
0.32809
0.107675
0.33534
0.109663
0.343086
0.111186
0.351279
0.11221
0.359849
0.112708
0.368707
0.112662
0.112082
0.377754
0.276774
0.00623712
0.277033
0.0120853
0.277417
0.017627
0.27793
0.0229258
0.278577
0.0280289
0.279367
0.0329732
0.280312
0.0377872
0.281425
0.0424929
0.282722
0.0471058
0.284223
0.0516354
0.285947
0.056086
0.287916
0.0604571
0.290155
0.0647436
0.292688
0.068936
0.295542
0.073021
0.298745
0.076981
0.302322
0.0807949
0.3063
0.084438
0.310702
0.0878821
0.315549
0.0910964
0.320856
0.0940476
0.326631
0.0967011
0.332874
0.0990216
0.339574
0.100975
0.346708
0.102529
0.354237
0.103657
0.362111
0.104337
0.370264
0.104555
0.378619
0.104307
0.103611
0.38709
0.283498
0.00607156
0.283821
0.0117627
0.284297
0.0171504
0.284929
0.0222938
0.285721
0.0272369
0.286681
0.0320137
0.287818
0.0366502
0.289145
0.0411662
0.290676
0.0455748
0.292427
0.0498839
0.294417
0.0540961
0.296665
0.0582093
0.299191
0.0622175
0.302016
0.0661105
0.305163
0.0698745
0.308651
0.0734924
0.312502
0.0769442
0.316733
0.0802069
0.32136
0.0832556
0.326393
0.0860634
0.331838
0.0886028
0.337693
0.0908456
0.34395
0.0927651
0.350588
0.0943361
0.357581
0.0955371
0.364886
0.0963511
0.372456
0.0967671
0.380229
0.0967813
0.388139
0.0963972
0.0956351
0.396116
0.290384
0.00587392
0.290769
0.0113781
0.291335
0.0165837
0.292084
0.0215454
0.293017
0.0263039
0.29414
0.0308903
0.295462
0.0353283
0.296993
0.0396353
0.298745
0.0438226
0.300732
0.0478965
0.30297
0.0518583
0.305474
0.0557051
0.308262
0.05943
0.311349
0.0630229
0.314753
0.0664705
0.318489
0.0697565
0.322571
0.0728627
0.327009
0.0757687
0.331812
0.0784531
0.336982
0.0808933
0.342517
0.0830672
0.34841
0.0849532
0.354643
0.0865315
0.361195
0.0877848
0.368032
0.0886997
0.375116
0.0892672
0.382399
0.0894836
0.389829
0.0893514
0.397348
0.0888788
0.0880871
0.404896
0.297435
0.00564508
0.29788
0.0109333
0.298534
0.0159297
0.299395
0.0206845
0.300463
0.0252352
0.301744
0.0296099
0.303242
0.0338301
0.304966
0.037911
0.306926
0.0418624
0.309134
0.0456892
0.3116
0.0493919
0.314338
0.0529668
0.317361
0.0564071
0.320681
0.059703
0.32431
0.062842
0.328257
0.0658096
0.33253
0.0685894
0.337134
0.0711642
0.342072
0.0735159
0.347338
0.0756265
0.352927
0.0774787
0.358823
0.0790568
0.365008
0.0803468
0.371455
0.0813379
0.378132
0.0820228
0.385001
0.0823982
0.392019
0.0824656
0.399139
0.0822314
0.406311
0.0817065
0.0809116
0.413487
0.304654
0.00538611
0.305157
0.0104302
0.305895
0.0151914
0.306864
0.0197155
0.308063
0.0240365
0.309493
0.02818
0.311158
0.032165
0.313064
0.036005
0.315218
0.0397084
0.317628
0.0432788
0.320304
0.0467162
0.323254
0.0500169
0.326487
0.0531742
0.330011
0.056179
0.333833
0.0590201
0.337958
0.0616847
0.342388
0.064159
0.347124
0.0664284
0.352161
0.0684787
0.357492
0.0702957
0.363104
0.0718667
0.36898
0.0731806
0.375098
0.0742286
0.381431
0.0750047
0.387948
0.0755061
0.394612
0.0757337
0.401386
0.0756922
0.408227
0.0753903
0.415093
0.0748401
0.0740613
0.421943
0.312046
0.00509822
0.312605
0.00987134
0.313424
0.0143727
0.314496
0.0186435
0.315818
0.0227146
0.317389
0.0266089
0.319211
0.0303433
0.321286
0.0339296
0.323619
0.0373748
0.326216
0.0406821
0.329082
0.0438507
0.332221
0.0468772
0.33564
0.0497554
0.339342
0.0524771
0.34333
0.0550327
0.347603
0.0574112
0.352161
0.0596012
0.356998
0.0615912
0.362107
0.0633699
0.367476
0.0649269
0.373089
0.0662533
0.378928
0.067342
0.384969
0.0681879
0.391184
0.0687888
0.397545
0.0691452
0.404018
0.0692608
0.410568
0.0691423
0.417159
0.0687994
0.423755
0.0682446
0.0674959
0.43032
0.319615
0.00478272
0.320227
0.00925929
0.321122
0.0134773
0.322292
0.0174738
0.32373
0.0212763
0.325434
0.0249052
0.327402
0.0283754
0.329635
0.031697
0.332133
0.0348762
0.3349
0.0379154
0.337937
0.0408138
0.341246
0.043568
0.344829
0.0461728
0.348685
0.048621
0.352813
0.0509045
0.35721
0.0530144
0.361869
0.0549414
0.366784
0.0566767
0.371942
0.0582119
0.377329
0.0595397
0.382928
0.0606543
0.388719
0.0615516
0.394677
0.0622298
0.400776
0.0626891
0.406989
0.0629324
0.413285
0.0629651
0.419632
0.0627948
0.426
0.0624318
0.432356
0.061888
0.06118
0.438672
0.327365
0.004441
0.328028
0.00859675
0.328995
0.0125094
0.330257
0.016212
0.331805
0.0197288
0.333632
0.0230776
0.335736
0.0262716
0.338114
0.0293195
0.340764
0.0322265
0.343685
0.0349944
0.346876
0.0376226
0.350336
0.0401082
0.354062
0.0424465
0.358051
0.0446317
0.362299
0.046657
0.366798
0.0485155
0.371539
0.0502
0.376512
0.051704
0.381702
0.0530215
0.387094
0.0541478
0.392669
0.0550796
0.398405
0.0558152
0.40428
0.0563549
0.410268
0.0567009
0.416343
0.0568573
0.422478
0.0568306
0.428644
0.0566288
0.434813
0.056262
0.44096
0.0557414
0.0550819
0.447058
0.3353
0.00407439
0.336011
0.00788636
0.337047
0.0114731
0.338396
0.0148635
0.340046
0.0180788
0.341989
0.0211346
0.344218
0.024042
0.346729
0.0268085
0.349517
0.0294385
0.352578
0.0319335
0.355908
0.0342929
0.359502
0.0365143
0.363354
0.0385938
0.367459
0.0405267
0.371808
0.0423078
0.376392
0.0439317
0.381199
0.045393
0.386216
0.0466873
0.391427
0.0478105
0.396815
0.04876
0.40236
0.0495344
0.408042
0.0501337
0.413837
0.0505598
0.419722
0.050816
0.425672
0.0509072
0.431662
0.0508403
0.437668
0.0506232
0.443664
0.0502654
0.449628
0.0497774
0.0491722
0.455538
0.343426
0.00368415
0.344182
0.00713061
0.345283
0.010372
0.346713
0.0134334
0.348458
0.0163332
0.350509
0.0190843
0.352855
0.021696
0.355489
0.0241748
0.358403
0.0265243
0.361591
0.0287456
0.365045
0.0308385
0.368759
0.0328007
0.372723
0.0346294
0.376929
0.0363208
0.381366
0.037871
0.386022
0.0392759
0.390883
0.0405319
0.395934
0.0416359
0.401159
0.0425857
0.406539
0.0433802
0.412054
0.0440192
0.417684
0.044504
0.423406
0.0448375
0.429199
0.0450234
0.435038
0.0450673
0.440903
0.0449758
0.44677
0.0447564
0.452617
0.044418
0.458425
0.0439698
0.0434233
0.464174
0.351746
0.00327131
0.352545
0.00633158
0.353708
0.0092095
0.355215
0.0119266
0.35705
0.0144979
0.3592
0.0169339
0.361654
0.0192422
0.364401
0.021428
0.367431
0.0234942
0.370735
0.025442
0.374302
0.0272708
0.378124
0.0289792
0.382188
0.0305649
0.386484
0.032025
0.390998
0.0333566
0.395717
0.034557
0.400625
0.0356238
0.405706
0.0365551
0.410942
0.0373498
0.416314
0.038008
0.421803
0.0385305
0.427388
0.0389193
0.433047
0.0391777
0.438761
0.0393098
0.444507
0.0393209
0.450266
0.0392174
0.456016
0.0390062
0.461739
0.0386952
0.467416
0.0382926
0.037808
0.473031
0.360267
0.00283651
0.361108
0.0054907
0.362329
0.0079883
0.363909
0.0103472
0.365828
0.0125786
0.368072
0.0146903
0.370626
0.0166882
0.373477
0.0185765
0.376614
0.0203574
0.380024
0.0220319
0.383695
0.0235995
0.387615
0.0250591
0.391771
0.026409
0.396149
0.0276471
0.400734
0.0287715
0.405511
0.0297802
0.410463
0.0306719
0.415572
0.0314456
0.420821
0.0321012
0.42619
0.0326391
0.431659
0.0330611
0.437209
0.0333693
0.44282
0.0335672
0.448471
0.0336589
0.454142
0.0336492
0.459816
0.033544
0.465472
0.0333495
0.471095
0.0330725
0.476668
0.0327199
0.0323003
0.482175
0.368993
0.00237966
0.369876
0.00460821
0.371154
0.00670996
0.372803
0.0086983
0.374802
0.0105796
0.377134
0.0123587
0.379782
0.0140401
0.382731
0.015627
0.385968
0.017121
0.389477
0.0185226
0.393245
0.0198315
0.397257
0.0210469
0.401499
0.0221675
0.405954
0.0231919
0.410607
0.0241187
0.41544
0.0249469
0.420436
0.0256757
0.425577
0.0263047
0.430844
0.0268343
0.436218
0.0272656
0.441678
0.0276003
0.447207
0.0278407
0.452784
0.0279901
0.458391
0.0280522
0.464009
0.0280315
0.46962
0.0279329
0.475208
0.0277617
0.480756
0.0275237
0.486251
0.0272247
0.0268716
0.49168
0.377932
0.00189916
0.378858
0.00368216
0.380193
0.00537514
0.381908
0.00698313
0.383982
0.00850545
0.386396
0.0099445
0.389132
0.0113038
0.392174
0.0125855
0.395504
0.0137906
0.399107
0.0149194
0.402967
0.0159715
0.407068
0.0169463
0.411393
0.0178429
0.415924
0.0186604
0.420645
0.0193978
0.425537
0.0200546
0.430582
0.0206305
0.435762
0.0211255
0.441056
0.0215402
0.446446
0.0218758
0.451912
0.0221339
0.457436
0.0223169
0.462998
0.0224274
0.468582
0.0224689
0.474168
0.0224449
0.479742
0.0223595
0.485286
0.0222173
0.490787
0.0220228
0.496231
0.0217807
0.0214967
0.501606
0.387091
0.00138981
0.388068
0.0027053
0.389462
0.00398132
0.391243
0.00520193
0.393391
0.00635763
0.395885
0.00745023
0.398706
0.00848265
0.401835
0.00945603
0.405255
0.0103706
0.408949
0.0112262
0.412897
0.0120227
0.417084
0.0127595
0.421491
0.013436
0.4261
0.0140516
0.430892
0.0146058
0.435848
0.0150983
0.44095
0.0155289
0.446177
0.015898
0.451511
0.0162063
0.456932
0.0164546
0.462422
0.0166446
0.46796
0.0167781
0.473531
0.0168573
0.479115
0.0168848
0.484696
0.0168636
0.490259
0.0167967
0.495789
0.0166875
0.501272
0.0165394
0.506697
0.016356
0.0161412
0.512052
0.396484
0.000838576
0.397517
0.00167208
0.398966
0.00253266
0.400809
0.00335851
0.403028
0.00413907
0.405599
0.00487882
0.408502
0.00557951
0.411718
0.00624078
0.415226
0.00686218
0.419009
0.00744344
0.423047
0.00798428
0.427322
0.00848433
0.431815
0.00894315
0.436506
0.00936034
0.441377
0.00973557
0.446406
0.0100687
0.451575
0.0103597
0.456864
0.010609
0.462254
0.0108169
0.467724
0.0109844
0.473256
0.0111124
0.478832
0.0112023
0.484434
0.0112558
0.490044
0.0112746
0.495647
0.0112608
0.501227
0.0112165
0.50677
0.0111441
0.512264
0.0110459
0.517695
0.0109246
0.0107831
0.523053
0.406193
0.000155548
0.40729
0.000575368
0.408789
0.00103333
0.410692
0.00145621
0.412974
0.00185615
0.415615
0.00223863
0.418591
0.00260287
0.421885
0.00294757
0.425475
0.00327209
0.429342
0.00357616
0.433467
0.0038595
0.437829
0.00412184
0.442409
0.00436286
0.447187
0.00458233
0.452143
0.00478004
0.457256
0.0049559
0.462506
0.00510994
0.467872
0.00524231
0.473336
0.0053533
0.478877
0.00544333
0.484476
0.005513
0.490116
0.00556302
0.495777
0.00559423
0.501444
0.0056076
0.507101
0.00560419
0.512732
0.00558512
0.518325
0.00555161
0.523866
0.00550489
0.529344
0.00544617
0.00537733
0.53475
0.415475
0.41605
0.417084
0.41854
0.420396
0.422635
0.425237
0.428185
0.431457
0.435033
0.438893
0.443015
0.447377
0.45196
0.45674
0.461696
0.466806
0.472048
0.477401
0.482845
0.488358
0.493921
0.499515
0.505122
0.510727
0.516312
0.521863
0.527368
0.532814
0.538192
0.127641
0.107917
0.0374371
0.0902041
0.0571844
-0.0197474
0.210564
0.116404
0.194656
0.106111
0.0899689
0.161872
0.25249
0.110631
0.251967
0.106634
0.0996564
0.242279
0.280152
0.103612
0.284115
0.102671
0.0999659
0.283806
0.300011
0.0961592
0.306242
0.0964392
0.0957114
0.310497
0.315897
0.0887817
0.322893
0.0894426
0.0895598
0.329045
0.329532
0.0819003
0.336377
0.0825977
0.0829948
0.342942
0.341656
0.0756152
0.348021
0.0762329
0.0766657
0.35435
0.352737
0.0698797
0.35857
0.0703996
0.0707904
0.364445
0.363081
0.0646224
0.368423
0.0650573
0.0653944
0.373819
0.372879
0.0597746
0.377794
0.0601417
0.0604313
0.382757
0.382253
0.0552748
0.386807
0.0555885
0.0558393
0.391399
0.391293
0.0510711
0.39554
0.0513421
0.0515615
0.399818
0.400067
0.0471202
0.404052
0.0473565
0.0475501
0.408064
0.408629
0.0433868
0.412391
0.0435943
0.0437662
0.416175
0.417032
0.0398418
0.420601
0.0400247
0.0401779
0.42419
0.425325
0.0364605
0.428727
0.0366223
0.0367591
0.432146
0.433558
0.0332223
0.436815
0.0333655
0.0334876
0.440087
0.441786
0.0301089
0.444916
0.0302356
0.0303445
0.448059
0.450063
0.0271043
0.453082
0.0272161
0.0273128
0.456114
0.458448
0.0241938
0.461373
0.0242919
0.0243773
0.464308
0.467004
0.0213633
0.469847
0.0214487
0.0215235
0.472701
0.475795
0.0185996
0.478571
0.0186731
0.0187378
0.481356
0.484886
0.0158889
0.487608
0.0159511
0.0160061
0.49034
0.494351
0.0132184
0.497032
0.0132699
0.0133156
0.499722
0.504251
0.0105731
0.506907
0.010614
0.0106503
0.509573
0.514685
0.00794081
0.517327
0.00797155
0.0079991
0.519978
0.525692
0.00530177
0.528342
0.005322
0.00533954
0.531001
0.537404
0.0026479
0.540069
0.00265691
0.00266534
0.542743
0.54084
0.543497
0.546162
-0.0395862
0.0655965
-0.0500602
0.045197
-0.0505883
0.0217124
-0.0441198
0.00725192
-0.0451102
0.0120021
-0.0451781
0.00800564
-0.0449704
0.00614255
-0.0457735
0.00656267
-0.0462005
0.00531937
-0.0458874
0.00383758
-0.0458705
0.00394274
-0.0462588
0.00427416
-0.0464844
0.00375913
-0.0463209
0.00301159
-0.0460839
0.00297586
-0.0461987
0.00366058
-0.0465461
0.00408262
-0.0468071
0.00381549
-0.0467859
0.00314462
-0.0465974
0.00274927
-0.0465309
0.00299172
-0.0467435
0.00357131
-0.0471586
0.00391864
-0.0475788
0.00365752
-0.0477766
0.00273087
-0.0476322
0.00153326
-0.0472886
0.000786
-0.0470654
0.000861212
-0.0470884
0.00128573
0.00142666
0.0971379
0.13033
0.0464099
0.095925
-0.00273214
0.0708545
-0.0382857
0.0428055
-0.0525914
0.0263078
-0.0543272
0.00974148
-0.0486268
0.000442162
-0.0487935
0.00672931
-0.0492147
0.00574065
-0.0483025
0.00292529
-0.0483935
0.00403376
-0.0492738
0.00515447
-0.0497187
0.00420406
-0.0491204
0.00241328
-0.0482045
0.00205999
-0.0482934
0.00374949
-0.0488767
0.00466592
-0.0493071
0.0042459
-0.0492103
0.00304775
-0.0487368
0.00227576
-0.0484622
0.00271712
-0.0486826
0.00379177
-0.0492287
0.00446472
-0.0497938
0.00422264
-0.0500406
0.00297763
-0.0497589
0.0012516
-0.0491387
0.000165789
-0.048745
0.000467449
-0.0488298
0.00137054
0.00170285
0.204911
0.167699
0.164008
0.136828
0.124762
0.1101
0.0824362
0.0851315
0.0433133
0.0654307
0.000907571
0.0521472
-0.0328911
0.0342409
-0.0497121
0.0235503
-0.0550097
0.0110382
-0.0532626
0.00117816
-0.0497975
0.000568724
-0.0505327
0.00588968
-0.051268
0.00493936
-0.04973
0.000875179
-0.0484079
0.0007379
-0.0489795
0.00432114
-0.0501392
0.00582558
-0.0509111
0.00501783
-0.0506282
0.00276487
-0.0494706
0.0011181
-0.0487316
0.00197816
-0.0489974
0.00405755
-0.0497582
0.00522554
-0.0505433
0.00500776
-0.0508727
0.00330698
-0.050402
0.000780943
-0.0493574
-0.000878859
-0.0487007
-0.000189187
-0.0489159
0.00158569
0.00232875
0.268919
0.182585
0.244845
0.160903
0.215935
0.13901
0.182987
0.11808
0.149185
0.0992326
0.118213
0.0831193
0.08513
0.0673234
0.0547858
0.0538946
0.0227849
0.0430391
-0.00968631
0.0336493
-0.0343596
0.0252421
-0.0469902
0.0185203
-0.0517706
0.00971972
-0.0512453
0.000349902
-0.046841
-0.00366637
-0.047048
0.0045281
-0.0490063
0.00778386
-0.0502976
0.00630913
-0.0496165
0.00208376
-0.0474882
-0.00101023
-0.0465053
0.000995302
-0.0471127
0.00466499
-0.0483018
0.0064146
-0.0494774
0.00618337
-0.0499289
0.00375843
-0.0493154
0.000167455
-0.0473675
-0.00282672
-0.0463614
-0.00119535
-0.0468463
0.00207062
0.00355119
0.308965
0.184117
0.298529
0.171339
0.281534
0.156005
0.259812
0.139802
0.235283
0.123762
0.209698
0.108704
0.182514
0.0945079
0.155017
0.081391
0.128215
0.0698419
0.102291
0.0595731
0.077196
0.0503369
0.0542293
0.0414869
0.0309742
0.0329749
0.00355461
0.0277695
-0.0214029
0.0212912
-0.0351893
0.0183144
-0.041948
0.0145425
-0.0450023
0.00936351
-0.0453872
0.00246859
-0.042755
-0.00364242
-0.0413687
-0.000390982
-0.0422895
0.00558577
-0.0441322
0.00825738
-0.0457543
0.00780542
-0.0465735
0.00457761
-0.0450254
-0.00138061
-0.0428631
-0.00498896
-0.0416077
-0.00245077
-0.0425829
0.00304581
0.00570028
0.335198
0.177963
0.334446
0.172092
0.327594
0.162856
0.315765
0.151631
0.300115
0.139412
0.281806
0.127013
0.261546
0.114768
0.240014
0.102923
0.218004
0.0918516
0.195863
0.0817143
0.173848
0.0723522
0.151955
0.0633798
0.12987
0.0550591
0.109367
0.0482725
0.0883465
0.042312
0.0694222
0.0372388
0.0522619
0.0317028
0.0357097
0.0259158
0.0168229
0.0213553
-0.00436366
0.0175442
-0.0201297
0.015375
-0.0283255
0.0137816
-0.0323821
0.012314
-0.0349648
0.0103882
-0.0362507
0.00586349
-0.0365926
-0.00103874
-0.0344522
-0.00712934
-0.0345591
-0.00234392
-0.0364105
0.00489723
0.00922655
0.352937
0.167968
0.358346
0.166682
0.358946
0.162256
0.355072
0.155505
0.34732
0.147164
0.33645
0.137883
0.323117
0.128102
0.307866
0.118175
0.291271
0.108446
0.273842
0.0991429
0.25593
0.0902642
0.237588
0.0817226
0.218965
0.0736815
0.20068
0.0665575
0.182688
0.0603037
0.165472
0.0544554
0.14861
0.0485647
0.131732
0.0427939
0.115291
0.037796
0.0989792
0.0338561
0.0834186
0.0309356
0.0690272
0.0281729
0.0560658
0.0252754
0.0444678
0.0219861
0.0323324
0.0179989
0.0163432
0.0149505
-0.00378817
0.013002
-0.0186441
0.012512
-0.0249856
0.0112387
0.0151324
0.365721
0.156597
0.374478
0.157926
0.379934
0.1568
0.381905
0.153534
0.380519
0.14855
0.376119
0.142283
0.3691
0.13512
0.359874
0.127402
0.348884
0.119436
0.336572
0.111454
0.323264
0.103573
0.309134
0.0958524
0.294383
0.088433
0.27939
0.0815501
0.264472
0.0752218
0.249711
0.069216
0.23493
0.0633455
0.220034
0.0576904
0.205231
0.052599
0.190728
0.0483593
0.176824
0.0448393
0.163474
0.0415235
0.150603
0.0381464
0.138004
0.0345848
0.12507
0.0309324
0.112029
0.0279921
0.0987104
0.0263204
0.0856448
0.0255777
0.0717794
0.025104
0.0269889
0.375857
0.145185
0.386012
0.147771
0.39419
0.148622
0.399969
0.147755
0.403175
0.145344
0.403831
0.141627
0.402086
0.136864
0.398174
0.131315
0.392382
0.125227
0.385021
0.118816
0.376355
0.112238
0.366595
0.105613
0.355952
0.0990754
0.344722
0.0927802
0.333163
0.0867816
0.321366
0.0810127
0.309308
0.0754034
0.296984
0.070014
0.284533
0.0650499
0.27221
0.0606824
0.260208
0.0568413
0.248475
0.0532569
0.23689
0.0497313
0.225268
0.0462068
0.213375
0.0428259
0.20131
0.0400564
0.189314
0.0383168
0.177451
0.0374401
0.165376
0.0371796
0.0378735
0.384685
0.13432
0.395083
0.137373
0.404455
0.13925
0.412357
0.139852
0.418492
0.139209
0.422703
0.137416
0.424957
0.13461
0.425317
0.130955
0.423916
0.126628
0.420934
0.121799
0.416554
0.116618
0.410954
0.111213
0.40432
0.10571
0.396867
0.100232
0.388793
0.0948558
0.380214
0.0895923
0.371176
0.0844411
0.361728
0.0794616
0.351996
0.0747826
0.342166
0.0705117
0.332375
0.0666324
0.322619
0.0630127
0.312817
0.0595338
0.302844
0.0561792
0.292591
0.0530796
0.282116
0.0505314
0.271635
0.0487979
0.261234
0.0478407
0.250917
0.0474967
0.0476031
0.392901
0.124176
0.402974
0.1273
0.412601
0.129623
0.421427
0.131025
0.429158
0.131478
0.435577
0.130998
0.440549
0.129638
0.444023
0.127482
0.446012
0.124638
0.446584
0.121227
0.445836
0.117366
0.443883
0.113165
0.440858
0.108736
0.436909
0.104181
0.432184
0.0995809
0.426792
0.0949844
0.420806
0.0904277
0.414295
0.0859719
0.407369
0.0817088
0.400163
0.0777179
0.392781
0.0740139
0.385249
0.0705446
0.377527
0.0672564
0.369545
0.0641608
0.361259
0.0613662
0.352722
0.0590676
0.344083
0.0574369
0.335443
0.0564811
0.32687
0.0560698
0.0559307
0.400832
0.114743
0.410366
0.117766
0.419768
0.120222
0.428786
0.122007
0.437186
0.123078
0.444765
0.123419
0.451363
0.12304
0.456871
0.121973
0.461234
0.120276
0.46444
0.118021
0.466514
0.115292
0.467507
0.112172
0.467493
0.10875
0.466564
0.105109
0.464819
0.101326
0.462343
0.0974606
0.459206
0.0935643
0.455479
0.089699
0.451249
0.0859383
0.446618
0.082349
0.441669
0.0789636
0.436436
0.0757772
0.43091
0.0727818
0.425064
0.070007
0.418889
0.0675419
0.412434
0.0655223
0.405803
0.0640674
0.399088
0.0631967
0.392344
0.0628139
0.062663
0.408617
0.105944
0.417581
0.108801
0.426564
0.11124
0.435397
0.113173
0.443913
0.114562
0.451949
0.115383
0.459362
0.115626
0.466036
0.115298
0.471887
0.114425
0.476861
0.113047
0.480936
0.111217
0.484116
0.108993
0.486425
0.10644
0.487908
0.103626
0.488621
0.100614
0.48862
0.0974616
0.487959
0.0942253
0.486694
0.0909634
0.484893
0.0877394
0.48263
0.0846128
0.479967
0.0816258
0.476944
0.0788011
0.473567
0.0761586
0.469834
0.0737393
0.465757
0.0716192
0.46138
0.0698997
0.456777
0.0686696
0.452019
0.0679547
0.447137
0.0676959
0.0676955
0.416314
0.0976928
0.42475
0.100366
0.433272
0.102717
0.441768
0.104677
0.450119
0.106211
0.458205
0.107297
0.465915
0.107917
0.473145
0.108068
0.479811
0.107759
0.485848
0.10701
0.491211
0.105854
0.495875
0.104329
0.499834
0.102481
0.5031
0.100361
0.505693
0.0980202
0.507644
0.0955104
0.508987
0.0928828
0.509759
0.0901906
0.510009
0.0874901
0.509786
0.0848355
0.509138
0.0822732
0.5081
0.0798401
0.506686
0.0775718
0.504909
0.0755161
0.502788
0.0737406
0.500361
0.0723268
0.497683
0.0713474
0.494802
0.0708355
0.49173
0.0707685
0.0710156
0.423956
0.0899123
0.431923
0.0923988
0.440008
0.0946319
0.448131
0.0965546
0.456205
0.0981373
0.464143
0.0993585
0.47186
0.100201
0.479272
0.100656
0.486308
0.100723
0.492905
0.100413
0.499014
0.0997446
0.5046
0.0987434
0.509638
0.097442
0.514122
0.0958776
0.518051
0.0940913
0.521435
0.092126
0.524291
0.0900266
0.526641
0.0878404
0.528514
0.085617
0.529944
0.0834058
0.530964
0.0812538
0.5316
0.0792041
0.531871
0.0773
0.531795
0.0755924
0.531392
0.0741437
0.530695
0.0730242
0.529743
0.0722989
0.528569
0.0720098
0.527171
0.0721665
0.0727009
0.431565
0.0825367
0.439125
0.0848387
0.446818
0.0869393
0.454582
0.0887901
0.462354
0.0903656
0.470067
0.0916461
0.477653
0.0926143
0.48505
0.0932589
0.492197
0.0935763
0.49904
0.0935701
0.505533
0.0932513
0.51164
0.0926368
0.517332
0.0917499
0.522591
0.0906185
0.527408
0.0892748
0.531779
0.0877545
0.53571
0.0860958
0.53921
0.0843401
0.542296
0.082531
0.544988
0.0807136
0.547309
0.0789331
0.549279
0.0772343
0.550915
0.0756633
0.552236
0.0742717
0.553262
0.0731182
0.554019
0.0722669
0.554538
0.0717799
0.55484
0.0717081
0.554919
0.072087
0.0729022
0.439171
0.0755111
0.446377
0.0776327
0.453724
0.0795931
0.461162
0.0813514
0.468643
0.082885
0.476113
0.084176
0.48352
0.0852078
0.49081
0.0859682
0.497936
0.0864508
0.50485
0.0866555
0.511514
0.086588
0.517891
0.0862595
0.523954
0.0856864
0.529683
0.0848901
0.535061
0.0838962
0.540082
0.0827339
0.544742
0.081436
0.549044
0.0800383
0.552995
0.0785792
0.556609
0.0770999
0.5599
0.0756426
0.562883
0.0742514
0.565574
0.0729725
0.567989
0.0718565
0.570148
0.0709592
0.572074
0.0703412
0.57379
0.0700638
0.575313
0.070185
0.57664
0.0707596
0.071815
0.446808
0.0687896
0.453706
0.0707347
0.460748
0.0725508
0.467897
0.0742027
0.475111
0.075671
0.482348
0.0769392
0.489564
0.0779918
0.496716
0.0788164
0.503761
0.0794051
0.510662
0.0797552
0.517381
0.0798687
0.523888
0.0797528
0.530155
0.079419
0.536162
0.0788835
0.541891
0.0781666
0.547333
0.0772925
0.55248
0.0762891
0.557331
0.0751872
0.561889
0.0740211
0.566161
0.0728277
0.570157
0.0716464
0.57389
0.070519
0.577372
0.0694902
0.58062
0.0686088
0.583651
0.0679281
0.586486
0.0675059
0.589147
0.0674033
0.591649
0.067683
0.593996
0.0684121
0.0696475
0.454516
0.0623325
0.461146
0.0641051
0.467922
0.0657743
0.474815
0.0673102
0.48179
0.0686959
0.488812
0.0699169
0.495845
0.0709587
0.502852
0.0718092
0.509797
0.07246
0.516646
0.0729067
0.523366
0.0731488
0.529928
0.0731903
0.536308
0.0730391
0.542484
0.0727074
0.54844
0.0722111
0.554162
0.0715702
0.559643
0.0708081
0.564878
0.0699517
0.569869
0.069031
0.574617
0.0680792
0.579131
0.0671323
0.583421
0.0662296
0.587497
0.0654133
0.591377
0.0647296
0.595076
0.0642292
0.598614
0.0639676
0.602013
0.0640046
0.60529
0.0644054
0.608459
0.065243
0.0665916
0.462342
0.0561049
0.468738
0.0577085
0.475283
0.0592294
0.481951
0.0606422
0.488715
0.0619324
0.495544
0.0630872
0.502409
0.0640937
0.509278
0.0649404
0.516119
0.0656189
0.522902
0.0661237
0.529598
0.0664529
0.53618
0.0666081
0.542625
0.0665944
0.548912
0.0664207
0.555023
0.0660997
0.560946
0.0656475
0.56667
0.0650836
0.572191
0.0644312
0.577505
0.0637166
0.582615
0.0629693
0.587526
0.0622219
0.592245
0.0615105
0.596784
0.0608744
0.601156
0.0603569
0.60538
0.0600056
0.609474
0.0598733
0.613461
0.0600179
0.617362
0.0605039
0.6212
0.0614055
0.0628045
0.470338
0.0500751
0.476534
0.0515128
0.482878
0.0528846
0.489352
0.054169
0.49593
0.0553537
0.50259
0.0564276
0.509304
0.0573792
0.516047
0.0581982
0.522789
0.0588762
0.529505
0.0594078
0.536168
0.0597899
0.542754
0.0600225
0.549239
0.0601088
0.555605
0.0600551
0.561833
0.0598712
0.567911
0.05957
0.573827
0.0591678
0.579574
0.0586842
0.585148
0.0581421
0.59055
0.0575673
0.595783
0.0569892
0.600853
0.0564402
0.605771
0.0559566
0.61055
0.0555781
0.615206
0.0553492
0.61976
0.055319
0.624236
0.0555424
0.628658
0.0560815
0.633056
0.0570076
0.0584031
0.478563
0.0442135
0.484588
0.045488
0.490762
0.0467103
0.497069
0.0478622
0.503489
0.0489335
0.510002
0.0499146
0.516586
0.0507956
0.523216
0.0515672
0.529871
0.0522219
0.536524
0.0527541
0.543154
0.0531604
0.549737
0.0534398
0.556251
0.053594
0.562679
0.0536274
0.569003
0.0535474
0.575209
0.0533643
0.581285
0.0530916
0.587223
0.0527457
0.593019
0.0523461
0.598671
0.0519154
0.604181
0.0514794
0.609554
0.0510671
0.6148
0.050711
0.619931
0.0504474
0.624963
0.0503167
0.629918
0.0503643
0.634819
0.0506409
0.639697
0.0512043
0.644584
0.0521206
0.0534681
0.487078
0.0384915
0.492961
0.0396051
0.498994
0.0406776
0.505162
0.0416939
0.51145
0.0426453
0.517841
0.0435241
0.524315
0.0443216
0.530852
0.0450299
0.537432
0.0456422
0.544033
0.0461531
0.550634
0.0465594
0.557214
0.0468594
0.563755
0.0470538
0.570236
0.0471456
0.576643
0.0471404
0.582961
0.0470464
0.589179
0.0468743
0.595286
0.0466379
0.601279
0.0463537
0.607153
0.0460409
0.612911
0.045722
0.618555
0.0454224
0.624096
0.0451708
0.629544
0.0449995
0.634915
0.0449449
0.640232
0.0450476
0.645519
0.0453537
0.650808
0.0459154
0.656136
0.0467924
0.0480568
0.49595
0.0328811
0.50172
0.0338354
0.50764
0.0347578
0.513698
0.0356358
0.519881
0.0364623
0.526174
0.0372309
0.532561
0.0379344
0.539025
0.0385661
0.545547
0.03912
0.552109
0.0395914
0.558691
0.0399772
0.565275
0.0402754
0.571843
0.0404863
0.578376
0.0406117
0.584861
0.0406558
0.591282
0.040625
0.597629
0.0405279
0.603891
0.0403756
0.610063
0.0401819
0.616141
0.0399631
0.622125
0.0397381
0.628018
0.0395288
0.633829
0.03936
0.639569
0.0392599
0.645253
0.0392602
0.650904
0.0393968
0.656548
0.0397102
0.662217
0.0402465
0.667951
0.0410578
0.0422082
0.505249
0.0273539
0.510935
0.0281503
0.51677
0.028922
0.522747
0.0296592
0.528853
0.0303564
0.535075
0.0310083
0.541401
0.0316091
0.547814
0.0321531
0.554298
0.0326355
0.560837
0.0330521
0.567414
0.0334001
0.574012
0.0336779
0.580613
0.0338849
0.587203
0.0340226
0.593765
0.0340939
0.600286
0.0341037
0.606755
0.0340588
0.613162
0.0339681
0.619502
0.0338427
0.625769
0.033696
0.631963
0.0335437
0.638088
0.033404
0.64415
0.0332979
0.650161
0.0332491
0.656136
0.0332847
0.662098
0.0334352
0.668073
0.0337354
0.674095
0.0342245
0.680205
0.0349473
0.0359607
0.515046
0.0218808
0.520677
0.0225193
0.526459
0.0231398
0.532384
0.0237342
0.538442
0.0242983
0.544622
0.0248279
0.550913
0.0253186
0.5573
0.0257658
0.56377
0.0261656
0.570307
0.0265148
0.576897
0.0268108
0.583522
0.0270522
0.590169
0.0272385
0.596821
0.0273704
0.603465
0.0274501
0.610087
0.0274812
0.616677
0.0274689
0.623225
0.0274201
0.629724
0.0273436
0.63617
0.0272498
0.642563
0.0271513
0.648904
0.0270628
0.655201
0.0270011
0.661464
0.0269856
0.667711
0.0270383
0.673962
0.0271844
0.680245
0.0274523
0.686595
0.0278745
0.693055
0.0284871
0.0293366
0.525428
0.0164314
0.531035
0.0169124
0.536794
0.0173802
0.542699
0.0178295
0.54874
0.0182569
0.554909
0.0186594
0.561194
0.0190338
0.567583
0.0193766
0.574064
0.0196848
0.580623
0.019956
0.587245
0.0201883
0.593917
0.0203805
0.600623
0.020532
0.60735
0.0206433
0.614085
0.0207159
0.620813
0.0207523
0.627526
0.0207564
0.634213
0.0207331
0.640868
0.0206889
0.647486
0.0206317
0.654066
0.0205709
0.660611
0.0205176
0.667128
0.0204845
0.673627
0.0204865
0.680124
0.0205405
0.686643
0.0206658
0.693211
0.0208847
0.699862
0.0212227
0.706641
0.0217088
0.0223841
0.53646
0.0109726
0.542078
0.0112942
0.54785
0.0116088
0.553768
0.0119109
0.559827
0.0121983
0.566017
0.0124695
0.572328
0.0127222
0.578751
0.0129543
0.585272
0.0131636
0.591879
0.0133485
0.59856
0.0135077
0.6053
0.0136404
0.612086
0.0137461
0.618904
0.0138251
0.625742
0.0138784
0.632587
0.0139076
0.639428
0.0139151
0.646257
0.0139043
0.653066
0.0138795
0.659852
0.0138459
0.666613
0.0138098
0.673352
0.0137788
0.680075
0.0137615
0.686794
0.0137679
0.693524
0.0138098
0.70029
0.0139005
0.707119
0.0140557
0.714048
0.0142938
0.721121
0.0146357
0.0151102
0.548248
0.00546796
0.553908
0.00563379
0.559724
0.00579254
0.565691
0.00594377
0.571802
0.00608781
0.578047
0.00622385
0.584419
0.00635058
0.590907
0.00646675
0.597499
0.00657138
0.604184
0.00666365
0.610948
0.00674288
0.61778
0.00680863
0.624666
0.00686068
0.631592
0.00689916
0.638546
0.0069245
0.645516
0.00693754
0.652491
0.00693951
0.659463
0.00693211
0.666425
0.00691749
0.673373
0.00689835
0.680305
0.00687793
0.687224
0.00686004
0.694136
0.00684918
0.701053
0.00685056
0.707993
0.00687027
0.714978
0.00691547
0.722039
0.00699493
0.729212
0.00712022
0.736539
0.00730898
0.00760552
0.55163
0.557264
0.563056
0.569
0.575088
0.581312
0.587662
0.594129
0.6007
0.607364
0.614107
0.620915
0.627776
0.634675
0.6416
0.648537
0.655477
0.662409
0.669326
0.676225
0.683103
0.689963
0.696812
0.703663
0.710533
0.717448
0.724443
0.731563
0.738872
)
;

boundaryField
{
    inlet
    {
        type            calculated;
        value           nonuniform List<scalar> 
45
(
-0.2
-0.2
-0.2
-0.2
-0.2
-0.2
-0.2
-0.2
-0.2
-0.2
-0.2
-0.2
-0.2
-0.2
-0.2
-0.20766
-0.212683
-0.217828
-0.223097
-0.228493
-0.23402
-0.239681
-0.245479
-0.251417
-0.257499
-0.263728
-0.270107
-0.276641
-0.283333
-0.290186
-0.297206
-0.304395
-0.311758
-0.3193
-0.327023
-0.334934
-0.343036
-0.351334
-0.359832
-0.368536
-0.377451
-0.386582
-0.395933
-0.40551
-0.415319
)
;
    }
    outlet
    {
        type            calculated;
        value           nonuniform List<scalar> 
45
(
0.00654363
0.0135574
0.014399
0.0112259
0.00506122
-0.00243773
-0.00924454
-0.0154447
-0.0210793
-0.0261632
-0.0307179
-0.0347607
-0.0382946
-0.0412986
-0.0437127
-0.0471871
-0.049106
-0.0495418
-0.0480687
-0.044732
-0.0399368
-0.0308914
0.0599229
0.154491
0.241187
0.318542
0.385611
0.442105
0.48841
0.525486
0.554718
0.577727
0.596164
0.611515
0.624987
0.637458
0.649519
0.661548
0.6738
0.686453
0.699679
0.713593
0.728395
0.744044
0.746478
)
;
    }
    flap
    {
        type            calculated;
        value           uniform 0;
    }
    upperWall
    {
        type            calculated;
        value           uniform 0;
    }
    lowerWall
    {
        type            calculated;
        value           uniform 0;
    }
    frontAndBack
    {
        type            empty;
        value           nonuniform 0();
    }
}


// ************************************************************************* //
