/*--------------------------------*- C++ -*----------------------------------*\
  =========                 |
  \\      /  F ield         | OpenFOAM: The Open Source CFD Toolbox
   \\    /   O peration     | Website:  https://openfoam.org
    \\  /    A nd           | Version:  dev
     \\/     M anipulation  |
\*---------------------------------------------------------------------------*/
FoamFile
{
    version     2.0;
    format      ascii;
    class       volVectorField;
    location    "0.2";
    object      U;
}
// * * * * * * * * * * * * * * * * * * * * * * * * * * * * * * * * * * * * * //

dimensions      [0 1 -1 0 0 0 0];

internalField   nonuniform List<vector> 
2790
(
(9.94458 0 0.0201759)
(9.87831 0 0.0288559)
(9.78139 0 0.0348481)
(9.66074 0 0.0409738)
(9.52196 0 0.047312)
(9.36596 0 0.0537839)
(9.19201 0 0.0604785)
(8.99938 0 0.0675008)
(8.78753 0 0.0749159)
(8.55595 0 0.0827614)
(8.30408 0 0.0910652)
(8.0314 0 0.0998535)
(7.73743 0 0.109155)
(7.42177 0 0.119003)
(7.08411 0 0.129433)
(6.72423 0 0.140476)
(6.34205 0 0.152151)
(5.9377 0 0.16445)
(5.51157 0 0.177318)
(5.0645 0 0.190637)
(4.59784 0 0.204206)
(4.11371 0 0.217724)
(3.6151 0 0.230787)
(3.10604 0 0.2429)
(2.5917 0 0.253514)
(2.07832 0 0.262099)
(1.57315 0 0.268235)
(1.08443 0 0.271513)
(0.609048 0 0.272406)
(0.250399 0 0.253651)
(9.99909 0 0.0396302)
(9.98404 0 0.0601833)
(9.94192 0 0.0757763)
(9.87539 0 0.0920638)
(9.78855 0 0.109326)
(9.68222 0 0.127388)
(9.55566 0 0.146462)
(9.40792 0 0.166821)
(9.23812 0 0.188648)
(9.04538 0 0.21205)
(8.82876 0 0.237088)
(8.58732 0 0.263795)
(8.32021 0 0.292181)
(8.02664 0 0.322238)
(7.70599 0 0.353934)
(7.35774 0 0.387198)
(6.98159 0 0.421899)
(6.57743 0 0.457805)
(6.14549 0 0.494548)
(5.68638 0 0.531568)
(5.20128 0 0.568076)
(4.69202 0 0.603013)
(4.16128 0 0.635051)
(3.61269 0 0.66262)
(3.05092 0 0.684001)
(2.48163 0 0.697503)
(1.91134 0 0.701709)
(1.34767 0 0.695657)
(0.783753 0 0.680673)
(0.327028 0 0.630308)
(9.99617 0 0.0413967)
(9.97807 0 0.0715974)
(9.93779 0 0.0977631)
(9.87575 0 0.124857)
(9.79468 0 0.153614)
(9.69549 0 0.184027)
(9.57764 0 0.216419)
(9.44026 0 0.25121)
(9.28244 0 0.28872)
(9.10319 0 0.329158)
(8.90146 0 0.372655)
(8.67611 0 0.419288)
(8.42606 0 0.469088)
(8.15025 0 0.52205)
(7.84773 0 0.578128)
(7.51763 0 0.637217)
(7.15922 0 0.699112)
(6.77193 0 0.763463)
(6.35543 0 0.829698)
(5.90966 0 0.896951)
(5.435 0 0.96398)
(4.93239 0 1.02911)
(4.40346 0 1.0902)
(3.85072 0 1.14468)
(3.27765 0 1.18967)
(2.68882 0 1.22227)
(2.08968 0 1.23994)
(1.48782 0 1.24099)
(0.87303 0 1.22764)
(0.362 0 1.16614)
(9.99459 0 0.0469905)
(9.97429 0 0.088122)
(9.93379 0 0.125869)
(9.87294 0 0.163884)
(9.79355 0 0.203537)
(9.69645 0 0.245282)
(9.58133 0 0.289662)
(9.44745 0 0.337284)
(9.294 0 0.388659)
(9.1201 0 0.444162)
(8.92476 0 0.504063)
(8.70695 0 0.568546)
(8.46559 0 0.637729)
(8.19964 0 0.711677)
(7.90808 0 0.790394)
(7.58991 0 0.873806)
(7.24421 0 0.961724)
(6.8701 0 1.05377)
(6.46682 0 1.14929)
(6.03378 0 1.24727)
(5.57065 0 1.34619)
(5.07746 0 1.44395)
(4.55478 0 1.53781)
(4.00394 0 1.62439)
(3.42716 0 1.69979)
(2.82782 0 1.75992)
(2.21036 0 1.80105)
(1.58274 0 1.82033)
(0.931392 0 1.81993)
(0.382631 0 1.75734)
(9.99387 0 0.0540124)
(9.97238 0 0.104472)
(9.93175 0 0.15229)
(9.87198 0 0.200228)
(9.79432 0 0.250043)
(9.69939 0 0.302594)
(9.58694 0 0.358612)
(9.4563 0 0.418832)
(9.30672 0 0.483891)
(9.13737 0 0.55428)
(8.94734 0 0.630363)
(8.73564 0 0.712401)
(8.50127 0 0.800582)
(8.24321 0 0.895036)
(7.96045 0 0.995836)
(7.65195 0 1.10298)
(7.31665 0 1.21635)
(6.9535 0 1.33562)
(6.5614 0 1.46019)
(6.1393 0 1.58902)
(5.68625 0 1.7205)
(5.20148 0 1.85231)
(4.68458 0 1.9813)
(4.13573 0 2.10345)
(3.55597 0 2.21394)
(2.94756 0 2.30746)
(2.31399 0 2.3788)
(1.66401 0 2.42341)
(0.980874 0 2.44232)
(0.399496 0 2.38339)
(9.99357 0 0.0616557)
(9.97163 0 0.120838)
(9.93128 0 0.178231)
(9.87286 0 0.235992)
(9.79731 0 0.295931)
(9.70503 0 0.359165)
(9.59577 0 0.426597)
(9.46894 0 0.499082)
(9.32381 0 0.577382)
(9.15961 0 0.66211)
(8.97546 0 0.753735)
(8.77043 0 0.852616)
(8.54355 0 0.959029)
(8.29384 0 1.07319)
(8.02025 0 1.19529)
(7.7217 0 1.32541)
(7.39702 0 1.46359)
(7.04495 0 1.60963)
(6.66408 0 1.76307)
(6.25292 0 1.92299)
(5.8099 0 2.08784)
(5.33345 0 2.25527)
(4.82215 0 2.42193)
(4.27501 0 2.5833)
(3.69181 0 2.73372)
(3.07363 0 2.86655)
(2.4229 0 2.97473)
(1.74923 0 3.05122)
(1.03304 0 3.0947)
(0.417567 0 3.04229)
(9.9935 0 0.0695225)
(9.97162 0 0.137099)
(9.93197 0 0.203571)
(9.87521 0 0.270761)
(9.80212 0 0.340442)
(9.71296 0 0.413924)
(9.60745 0 0.492297)
(9.48507 0 0.576556)
(9.34515 0 0.667586)
(9.18695 0 0.766113)
(9.00963 0 0.872707)
(8.81232 0 0.987818)
(8.59407 0 1.11181)
(8.3539 0 1.24501)
(8.09076 0 1.3877)
(7.80351 0 1.54016)
(7.49084 0 1.70256)
(7.1513 0 1.87495)
(6.78316 0 2.05712)
(6.38446 0 2.24839)
(5.95298 0 2.44749)
(5.48628 0 2.65222)
(4.98186 0 2.85927)
(4.43734 0 3.06385)
(3.85098 0 3.2596)
(3.22231 0 3.43845)
(2.55229 0 3.59111)
(1.85108 0 3.70717)
(1.09637 0 3.78157)
(0.440415 0 3.73907)
(9.99359 0 0.0773799)
(9.97211 0 0.153067)
(9.93355 0 0.228151)
(9.87875 0 0.304327)
(9.80848 0 0.383341)
(9.72288 0 0.466645)
(9.62167 0 0.555497)
(9.50439 0 0.651029)
(9.37043 0 0.754238)
(9.21908 0 0.865956)
(9.04957 0 0.98685)
(8.86108 0 1.11746)
(8.6527 0 1.25825)
(8.42348 0 1.40967)
(8.17235 0 1.57214)
(7.89813 0 1.74612)
(7.59942 0 1.93203)
(7.27454 0 2.13022)
(6.92148 0 2.34082)
(6.53782 0 2.5636)
(6.12066 0 2.79772)
(5.66664 0 3.04143)
(5.17198 0 3.29173)
(4.63269 0 3.54392)
(4.045 0 3.79117)
(3.40627 0 4.02412)
(2.71504 0 4.2309)
(1.98112 0 4.39681)
(1.17908 0 4.51112)
(0.471625 0 4.48384)
(9.99377 0 0.0850789)
(9.97297 0 0.168576)
(9.93581 0 0.251826)
(9.88329 0 0.336527)
(9.81617 0 0.424423)
(9.73455 0 0.517074)
(9.63817 0 0.615885)
(9.52659 0 0.722115)
(9.39927 0 0.836869)
(9.25559 0 0.961077)
(9.09484 0 1.0955)
(8.91625 0 1.24077)
(8.71898 0 1.39747)
(8.50212 0 1.56614)
(8.26464 0 1.7474)
(8.00533 0 1.94192)
(7.72272 0 2.15041)
(7.415 0 2.37358)
(7.07992 0 2.61207)
(6.71462 0 2.86619)
(6.31559 0 3.13581)
(5.8785 0 3.41994)
(5.39819 0 3.7163)
(4.86876 0 4.02077)
(4.28382 0 4.32661)
(3.63754 0 4.62356)
(2.92454 0 4.8972)
(2.15246 0 5.12758)
(1.29118 0 5.29576)
(0.515827 0 5.29274)
(9.99402 0 0.092517)
(9.9741 0 0.183483)
(9.93862 0 0.274457)
(9.88868 0 0.367201)
(9.82503 0 0.463484)
(9.74779 0 0.564958)
(9.65668 0 0.673152)
(9.55136 0 0.789442)
(9.43134 0 0.915035)
(9.29608 0 1.05095)
(9.14495 0 1.19804)
(8.97727 0 1.35703)
(8.79228 0 1.52859)
(8.58916 0 1.71341)
(8.36692 0 1.91228)
(8.12441 0 2.12611)
(7.86015 0 2.35595)
(7.57228 0 2.60296)
(7.25838 0 2.86833)
(6.91533 0 3.15314)
(6.53907 0 3.45817)
(6.12442 0 3.78355)
(5.66485 0 4.12831)
(5.15231 0 4.48961)
(4.57724 0 4.86174)
(3.92933 0 5.23461)
(3.19711 0 5.59195)
(2.38267 0 5.90816)
(1.44735 0 6.15294)
(0.580336 0 6.19069)
(9.99433 0 0.0996192)
(9.97544 0 0.197674)
(9.94188 0 0.295916)
(9.89477 0 0.396198)
(9.8349 0 0.50034)
(9.76237 0 0.610068)
(9.67698 0 0.727022)
(9.5784 0 0.852681)
(9.46626 0 0.988344)
(9.3401 0 1.13512)
(9.19939 0 1.29392)
(9.04354 0 1.46556)
(8.87192 0 1.65082)
(8.68381 0 1.85052)
(8.47834 0 2.06561)
(8.25444 0 2.29727)
(8.01075 0 2.5469)
(7.74545 0 2.81613)
(7.45613 0 3.10682)
(7.13955 0 3.42093)
(6.79138 0 3.7604)
(6.40584 0 4.12687)
(5.97522 0 4.52126)
(5.48942 0 4.94303)
(4.93537 0 5.38897)
(4.29709 0 5.85115)
(3.55412 0 6.31375)
(2.69756 0 6.74692)
(1.67173 0 7.10642)
(0.678406 0 7.21713)
(9.99467 0 0.106328)
(9.97694 0 0.211051)
(9.9455 0 0.316086)
(9.90146 0 0.423385)
(9.84563 0 0.534824)
(9.77813 0 0.652202)
(9.69881 0 0.77725)
(9.60743 0 0.911537)
(9.50368 0 1.05644)
(9.38721 0 1.21314)
(9.2576 0 1.38263)
(9.11441 0 1.56577)
(8.95712 0 1.76343)
(8.78517 0 1.97656)
(8.59784 0 2.20628)
(8.39426 0 2.45401)
(8.17323 0 2.72149)
(7.93314 0 3.01085)
(7.67177 0 3.32464)
(7.38606 0 3.66577)
(7.07172 0 4.03751)
(6.72282 0 4.44335)
(6.33108 0 4.88671)
(5.88491 0 5.37049)
(5.36809 0 5.89593)
(4.75849 0 6.46053)
(4.0239 0 7.05387)
(3.13665 0 7.6479)
(2.007 0 8.18712)
(0.836711 0 8.439)
(9.99505 0 0.1126)
(9.97858 0 0.223537)
(9.94941 0 0.334869)
(9.90864 0 0.448642)
(9.85708 0 0.566792)
(9.79488 0 0.691184)
(9.72195 0 0.823623)
(9.63812 0 0.965756)
(9.5432 0 1.11903)
(9.43693 0 1.28467)
(9.31902 0 1.46372)
(9.18918 0 1.65711)
(9.04704 0 1.86577)
(8.89223 0 2.09074)
(8.72425 0 2.33329)
(8.54246 0 2.59505)
(8.34596 0 2.87808)
(8.1335 0 3.18496)
(7.90327 0 3.51889)
(7.65265 0 3.88373)
(7.37792 0 4.28412)
(7.07364 0 4.72555)
(6.73192 0 5.2144)
(6.34103 0 5.75795)
(5.88327 0 6.36405)
(5.33189 0 7.03991)
(4.64259 0 7.78897)
(3.76113 0 8.60034)
(2.53369 0 9.42922)
(1.11444 0 9.98251)
(9.99545 0 0.1184)
(9.98032 0 0.23507)
(9.95355 0 0.352182)
(9.91622 0 0.471869)
(9.86911 0 0.596126)
(9.81244 0 0.72687)
(9.74615 0 0.865972)
(9.67019 0 1.01514)
(9.58443 0 1.17586)
(9.48877 0 1.34942)
(9.38303 0 1.53687)
(9.26708 0 1.73919)
(9.14076 0 1.95735)
(9.00388 0 2.19245)
(8.85621 0 2.44586)
(8.69743 0 2.71938)
(8.52703 0 3.01531)
(8.34422 0 3.3366)
(8.14784 0 3.68699)
(7.93607 0 4.07116)
(7.70621 0 4.49497)
(7.4542 0 4.96577)
(7.1738 0 5.4929)
(6.85532 0 6.08837)
(6.48309 0 6.7679)
(6.03117 0 7.55234)
(5.45038 0 8.46941)
(4.66309 0 9.55303)
(3.41444 0 10.841)
(1.65723 0 12.1257)
(9.99587 0 0.123702)
(9.98214 0 0.245598)
(9.95788 0 0.367956)
(9.92411 0 0.492977)
(9.88161 0 0.622708)
(9.83063 0 0.759113)
(9.77119 0 0.904109)
(9.70331 0 1.05945)
(9.627 0 1.22666)
(9.54223 0 1.40704)
(9.44902 0 1.60166)
(9.34738 0 1.81151)
(9.23734 0 2.03756)
(9.11896 0 2.28095)
(8.99231 0 2.5431)
(8.85741 0 2.82589)
(8.71422 0 3.13178)
(8.56257 0 3.46394)
(8.40206 0 3.82648)
(8.23199 0 4.22463)
(8.05115 0 4.66511)
(7.85761 0 5.15662)
(7.64822 0 5.71072)
(7.41791 0 6.34324)
(7.15811 0 7.07682)
(6.85406 0 7.94567)
(6.4738 0 9.00587)
(5.96263 0 10.3602)
(5.01424 0 12.2606)
(2.87714 0 15.5961)
(-0.403531 0 0.410704)
(-1.03114 0 0.43607)
(-1.81839 0 0.444246)
(-2.65268 0 0.445512)
(-3.52441 0 0.436351)
(-4.41109 0 0.414963)
(-5.28394 0 0.380534)
(-6.10882 0 0.332996)
(-6.84773 0 0.272939)
(-7.46081 0 0.201688)
(-7.90893 0 0.121199)
(-8.15723 0 0.0337639)
(-8.18013 0 -0.0586556)
(-7.96023 0 -0.153444)
(-7.49828 0 -0.24255)
(-6.81432 0 -0.318727)
(-5.94363 0 -0.376954)
(-4.93173 0 -0.414625)
(-3.82857 0 -0.43166)
(-2.6807 0 -0.43081)
(-1.51258 0 -0.41326)
(-0.354354 0 -0.380754)
(0.702394 0 -0.343108)
(1.70588 0 -0.303838)
(2.63304 0 -0.266825)
(3.47595 0 -0.232469)
(4.23655 0 -0.201175)
(4.91951 0 -0.173455)
(5.53046 0 -0.149793)
(6.20539 0 -0.13628)
(-0.448496 0 1.01568)
(-1.13348 0 1.09007)
(-1.96766 0 1.13545)
(-2.83618 0 1.16742)
(-3.73532 0 1.17468)
(-4.64298 0 1.14949)
(-5.53047 0 1.08633)
(-6.3634 0 0.981918)
(-7.10312 0 0.83534)
(-7.70881 0 0.648631)
(-8.1404 0 0.427057)
(-8.36271 0 0.179141)
(-8.35004 0 -0.084377)
(-8.09073 0 -0.347315)
(-7.58922 0 -0.588197)
(-6.86774 0 -0.79021)
(-5.96292 0 -0.942902)
(-4.92042 0 -1.0423)
(-3.78899 0 -1.09033)
(-2.61103 0 -1.09372)
(-1.42345 0 -1.05908)
(-0.236254 0 -0.990815)
(0.834341 0 -0.907146)
(1.85862 0 -0.817512)
(2.80776 0 -0.730419)
(3.67553 0 -0.647608)
(4.46354 0 -0.570642)
(5.17595 0 -0.501152)
(5.81557 0 -0.440631)
(6.51758 0 -0.398312)
(-0.464212 0 1.75312)
(-1.17674 0 1.86359)
(-2.04057 0 1.93348)
(-2.93007 0 1.97926)
(-3.84586 0 1.98203)
(-4.76522 0 1.92917)
(-5.65947 0 1.81174)
(-6.49409 0 1.62452)
(-7.22999 0 1.36638)
(-7.82546 0 1.04115)
(-8.23912 0 0.658295)
(-8.43468 0 0.233661)
(-8.38706 0 -0.211617)
(-8.08895 0 -0.650447)
(-7.54798 0 -1.04767)
(-6.79106 0 -1.37632)
(-5.85818 0 -1.62049)
(-4.79657 0 -1.7755)
(-3.65501 0 -1.84599)
(-2.47434 0 -1.84245)
(-1.29404 0 -1.78062)
(-0.115983 0 -1.66578)
(0.941861 0 -1.52604)
(1.95541 0 -1.37983)
(2.89283 0 -1.23604)
(3.74977 0 -1.09832)
(4.52772 0 -0.969775)
(5.23069 0 -0.853149)
(5.85961 0 -0.750504)
(6.55308 0 -0.670011)
(-0.470278 0 2.52737)
(-1.19705 0 2.66624)
(-2.07923 0 2.75425)
(-2.98061 0 2.80868)
(-3.90616 0 2.80323)
(-4.83202 0 2.72044)
(-5.7293 0 2.54775)
(-6.56287 0 2.27759)
(-7.29234 0 1.90795)
(-7.87396 0 1.44358)
(-8.26374 0 0.897237)
(-8.42323 0 0.291233)
(-8.3272 0 -0.343395)
(-7.97881 0 -0.961701)
(-7.38949 0 -1.51472)
(-6.59173 0 -1.96678)
(-5.6292 0 -2.29808)
(-4.55056 0 -2.50437)
(-3.40416 0 -2.59346)
(-2.23171 0 -2.5811)
(-1.05622 0 -2.48804)
(0.0821471 0 -2.32468)
(1.12398 0 -2.12746)
(2.11606 0 -1.92449)
(3.03217 0 -1.72427)
(3.86922 0 -1.53232)
(4.62872 0 -1.35321)
(5.31466 0 -1.19057)
(5.92644 0 -1.04689)
(6.60345 0 -0.929338)
(-0.469228 0 3.30929)
(-1.19645 0 3.47469)
(-2.08169 0 3.57918)
(-2.98022 0 3.64018)
(-3.90183 0 3.62411)
(-4.82141 0 3.50856)
(-5.70991 0 3.27693)
(-6.53136 0 2.91878)
(-7.2438 0 2.43075)
(-7.80109 0 1.8186)
(-8.15623 0 1.09946)
(-8.26833 0 0.304427)
(-8.11396 0 -0.52251)
(-7.70978 0 -1.31738)
(-7.07006 0 -2.01904)
(-6.23333 0 -2.58451)
(-5.24656 0 -2.99183)
(-4.15934 0 -3.23867)
(-3.01908 0 -3.33736)
(-1.86659 0 -3.31103)
(-0.70676 0 -3.17807)
(0.373084 0 -2.96513)
(1.39 0 -2.71382)
(2.34912 0 -2.45561)
(3.23364 0 -2.20042)
(4.04129 0 -1.95569)
(4.77365 0 -1.72738)
(5.43482 0 -1.51991)
(6.02308 0 -1.33613)
(6.67637 0 -1.1821)
(-0.45795 0 4.08275)
(-1.16638 0 4.27361)
(-2.03308 0 4.39358)
(-2.90716 0 4.45984)
(-3.80414 0 4.43181)
(-4.69811 0 4.28214)
(-5.56043 0 3.98992)
(-6.35471 0 3.54139)
(-7.03754 0 2.93136)
(-7.5598 0 2.16621)
(-7.87016 0 1.26781)
(-7.92389 0 0.277292)
(-7.70822 0 -0.744633)
(-7.24723 0 -1.71251)
(-6.56114 0 -2.55442)
(-5.6938 0 -3.22213)
(-4.6943 0 -3.69348)
(-3.6123 0 -3.97006)
(-2.49377 0 -4.07003)
(-1.36708 0 -4.02073)
(-0.257749 0 -3.84231)
(0.765602 0 -3.57936)
(1.74274 0 -3.27733)
(2.65746 0 -2.9655)
(3.49982 0 -2.65688)
(4.26823 0 -2.36109)
(4.96451 0 -2.08533)
(5.59293 0 -1.83468)
(6.15105 0 -1.61233)
(6.77283 0 -1.42308)
(-0.432204 0 4.82683)
(-1.09608 0 5.04122)
(-1.91611 0 5.17543)
(-2.73815 0 5.24646)
(-3.58449 0 5.2068)
(-4.42913 0 5.02397)
(-5.24481 0 4.67221)
(-5.99532 0 4.13364)
(-6.63584 0 3.40028)
(-7.1132 0 2.47833)
(-7.36968 0 1.39502)
(-7.35482 0 0.203381)
(-7.07575 0 -1.01222)
(-6.56239 0 -2.14502)
(-5.84057 0 -3.11486)
(-4.95773 0 -3.87104)
(-3.96315 0 -4.39321)
(-2.90488 0 -4.68855)
(-1.82465 0 -4.78081)
(-0.739714 0 -4.69756)
(0.288746 0 -4.47276)
(1.2578 0 -4.16204)
(2.18042 0 -3.8115)
(3.03971 0 -3.44809)
(3.82951 0 -3.08826)
(4.54906 0 -2.74382)
(5.20058 0 -2.42309)
(5.78856 0 -2.13165)
(6.31018 0 -1.87294)
(6.89296 0 -1.65031)
(-0.388177 0 5.5128)
(-0.975947 0 5.74869)
(-1.71587 0 5.89651)
(-2.45358 0 5.97345)
(-3.21927 0 5.92503)
(-3.9874 0 5.7132)
(-4.73305 0 5.30649)
(-5.42072 0 4.68177)
(-6.00411 0 3.82676)
(-6.42486 0 2.74617)
(-6.61757 0 1.47327)
(-6.52591 0 0.0796259)
(-6.18597 0 -1.32386)
(-5.63096 0 -2.60749)
(-4.89145 0 -3.68871)
(-4.01531 0 -4.51797)
(-3.049 0 -5.07741)
(-2.03727 0 -5.38058)
(-1.01453 0 -5.45541)
(-0.00150467 0 -5.32986)
(0.937246 0 -5.0621)
(1.84387 0 -4.7075)
(2.69853 0 -4.30994)
(3.49141 0 -3.89725)
(4.21852 0 -3.48902)
(4.88009 0 -3.09898)
(5.47881 0 -2.73638)
(6.01927 0 -2.40713)
(6.49863 0 -2.11478)
(7.03561 0 -1.86118)
(-0.323403 0 6.10585)
(-0.799366 0 6.36236)
(-1.42234 0 6.52458)
(-2.04036 0 6.61085)
(-2.69239 0 6.55944)
(-3.35378 0 6.32619)
(-4.00292 0 5.87283)
(-4.606 0 5.16949)
(-5.11601 0 4.19768)
(-5.4682 0 2.95886)
(-5.58501 0 1.49499)
(-5.40297 0 -0.0965584)
(-5.0131 0 -1.67414)
(-4.43521 0 -3.08698)
(-3.70448 0 -4.25888)
(-2.86412 0 -5.14524)
(-1.95356 0 -5.72909)
(-1.01436 0 -6.02964)
(-0.0664688 0 -6.07453)
(0.824421 0 -5.91163)
(1.69037 0 -5.6043)
(2.51636 0 -5.20873)
(3.29033 0 -4.76598)
(4.00571 0 -4.30696)
(4.66038 0 -3.85392)
(5.25551 0 -3.4221)
(5.79418 0 -3.02142)
(6.28097 0 -2.65796)
(6.71314 0 -2.33522)
(7.19855 0 -2.0536)
(-0.237435 0 6.56784)
(-0.563852 0 6.84621)
(-1.03216 0 7.02536)
(-1.49377 0 7.1267)
(-1.99737 0 7.08077)
(-2.51893 0 6.83702)
(-3.04138 0 6.34935)
(-3.53419 0 5.57965)
(-3.95174 0 4.5014)
(-4.22199 0 3.11153)
(-4.24644 0 1.46275)
(-3.9595 0 -0.32405)
(-3.54263 0 -2.04881)
(-2.9708 0 -3.56274)
(-2.28309 0 -4.80471)
(-1.51056 0 -5.73304)
(-0.686571 0 -6.32868)
(0.156202 0 -6.61452)
(0.9682 0 -6.62804)
(1.76691 0 -6.43424)
(2.5372 0 -6.09284)
(3.26662 0 -5.65766)
(3.94682 0 -5.17259)
(4.57371 0 -4.67134)
(5.14676 0 -4.17808)
(5.66788 0 -3.70916)
(6.14031 0 -3.27495)
(6.56832 0 -2.88148)
(6.94935 0 -2.53209)
(7.37871 0 -2.22582)
(-0.132337 0 6.86043)
(-0.271717 0 7.16469)
(-0.550035 0 7.36479)
(-0.819915 0 7.48863)
(-1.14086 0 7.45795)
(-1.48822 0 7.2159)
(-1.85066 0 6.70699)
(-2.20262 0 5.88217)
(-2.50146 0 4.70387)
(-2.66025 0 3.16827)
(-2.54627 0 1.34316)
(-2.18582 0 -0.593893)
(-1.78054 0 -2.42506)
(-1.2553 0 -4.00814)
(-0.649318 0 -5.30331)
(0.0300704 0 -6.26389)
(0.721205 0 -6.84673)
(1.42459 0 -7.11572)
(2.12529 0 -7.11122)
(2.80999 0 -6.89133)
(3.46553 0 -6.51736)
(4.0828 0 -6.04565)
(4.65649 0 -5.52287)
(5.18464 0 -4.98482)
(5.66792 0 -4.45709)
(6.10863 0 -3.95673)
(6.50986 0 -3.49428)
(6.87521 0 -3.07559)
(7.20226 0 -2.70374)
(7.57245 0 -2.37658)
(-0.0128927 0 6.94774)
(0.0699223 0 7.2843)
(0.0103909 0 7.51578)
(-0.0377244 0 7.67251)
(-0.147084 0 7.67051)
(-0.289386 0 7.44724)
(-0.461229 0 6.93943)
(-0.644439 0 6.09119)
(-0.799895 0 4.86105)
(-0.798663 0 3.23046)
(-0.494251 0 1.24592)
(-0.106825 0 -0.874371)
(0.236495 0 -2.79182)
(0.667135 0 -4.41242)
(1.15425 0 -5.72095)
(1.68505 0 -6.67342)
(2.2455 0 -7.27129)
(2.81826 0 -7.53637)
(3.38561 0 -7.51517)
(3.93543 0 -7.27072)
(4.45859 0 -6.86756)
(4.94943 0 -6.36453)
(5.4053 0 -5.81042)
(5.826 0 -5.24252)
(6.21294 0 -4.68728)
(6.56842 0 -4.16209)
(6.89495 0 -3.67742)
(7.19517 0 -3.23885)
(7.46657 0 -2.84911)
(7.7759 0 -2.50513)
(0.124169 0 6.8026)
(0.454123 0 7.18036)
(0.637476 0 7.45555)
(0.822166 0 7.64935)
(0.944076 0 7.68481)
(1.02845 0 7.49407)
(1.07501 0 7.00577)
(1.10067 0 6.14977)
(1.159 0 4.85794)
(1.38744 0 3.10646)
(1.79642 0 1.04393)
(2.12603 0 -1.05055)
(2.37916 0 -2.98929)
(2.69702 0 -4.67469)
(3.06592 0 -6.02568)
(3.4662 0 -7.00487)
(3.88436 0 -7.60734)
(4.30672 0 -7.86388)
(4.72076 0 -7.82669)
(5.11834 0 -7.5612)
(5.49465 0 -7.13449)
(5.84756 0 -6.60738)
(6.17693 0 -6.03007)
(6.48388 0 -5.44067)
(6.77013 0 -4.866)
(7.03753 0 -4.32342)
(7.28763 0 -3.82317)
(7.52171 0 -3.37046)
(7.73703 0 -2.96769)
(7.98525 0 -2.61114)
(0.299482 0 6.38147)
(0.894394 0 6.8411)
(1.32706 0 7.17396)
(1.74134 0 7.40709)
(2.09914 0 7.48475)
(2.41682 0 7.33105)
(2.69652 0 6.86491)
(2.95915 0 6.006)
(3.25356 0 4.68947)
(3.63313 0 2.94051)
(4.06628 0 0.904357)
(4.36095 0 -1.21577)
(4.57511 0 -3.18472)
(4.80628 0 -4.88838)
(5.05917 0 -6.25366)
(5.32283 0 -7.23913)
(5.58816 0 -7.83977)
(5.84735 0 -8.08685)
(6.09472 0 -8.03576)
(6.32808 0 -7.75434)
(6.54775 0 -7.31153)
(6.75543 0 -6.7693)
(6.9533 0 -6.17841)
(7.14344 0 -5.57709)
(7.32746 0 -4.99196)
(7.50629 0 -4.44008)
(7.68015 0 -3.93129)
(7.8487 0 -3.47045)
(8.00874 0 -3.05963)
(8.19688 0 -2.69481)
(0.561542 0 5.51769)
(1.41894 0 6.28139)
(2.06932 0 6.69754)
(2.69994 0 6.96334)
(3.28693 0 7.08334)
(3.82827 0 6.96898)
(4.33126 0 6.52697)
(4.81655 0 5.67373)
(5.30458 0 4.36186)
(5.78614 0 2.64098)
(6.25684 0 0.652323)
(6.54272 0 -1.40329)
(6.73576 0 -3.33995)
(6.90407 0 -5.03368)
(7.05672 0 -6.39511)
(7.18971 0 -7.37412)
(7.30116 0 -7.96472)
(7.39222 0 -8.1996)
(7.46662 0 -8.13665)
(7.53013 0 -7.84531)
(7.5892 0 -7.39516)
(7.64954 0 -6.84813)
(7.7155 0 -6.25444)
(7.78969 0 -5.65163)
(7.87316 0 -5.06563)
(7.96553 0 -4.51289)
(8.06541 0 -4.00279)
(8.17064 0 -3.53989)
(8.2774 0 -3.12599)
(8.40763 0 -2.7571)
(9.99631 0 0.128568)
(9.98405 0 0.255259)
(9.96243 0 0.382412)
(9.9324 0 0.512286)
(9.89472 0 0.646968)
(9.8497 0 0.788458)
(9.79744 0 0.938708)
(9.73804 0 1.0995)
(9.67163 0 1.27237)
(9.59832 0 1.45862)
(9.51827 0 1.65932)
(9.43168 0 1.87544)
(9.3388 0 2.10791)
(9.23994 0 2.35787)
(9.13548 0 2.62671)
(9.02586 0 2.91633)
(8.91155 0 3.22919)
(8.79308 0 3.56856)
(8.67098 0 3.93863)
(8.54584 0 4.34483)
(8.41832 0 4.79416)
(8.28919 0 5.29579)
(8.15952 0 5.86204)
(8.03105 0 6.51001)
(7.90712 0 7.26463)
(7.79599 0 8.16436)
(7.71805 0 9.27312)
(7.77937 0 10.7023)
(8.47068 0 12.6279)
(8.95089 0 15.7222)
(9.99678 0 0.133004)
(9.98607 0 0.264052)
(9.9672 0 0.395529)
(9.94107 0 0.529737)
(9.90841 0 0.668791)
(9.86956 0 0.814715)
(9.8247 0 0.969481)
(9.77404 0 1.13488)
(9.71781 0 1.31245)
(9.65627 0 1.50348)
(9.58973 0 1.709)
(9.51857 0 1.92991)
(9.44326 0 2.16712)
(9.3644 0 2.42166)
(9.28268 0 2.69487)
(9.19896 0 2.98851)
(9.11425 0 3.30496)
(9.02976 0 3.64733)
(8.94701 0 4.01964)
(8.8679 0 4.42705)
(8.79494 0 4.87614)
(8.73165 0 5.37539)
(8.68323 0 5.93589)
(8.65799 0 6.57237)
(8.67017 0 7.30474)
(8.74681 0 8.15998)
(8.93596 0 9.17294)
(9.30279 0 10.382)
(10.1566 0 11.7289)
(10.9131 0 12.8543)
(9.99726 0 0.136929)
(9.98815 0 0.271822)
(9.97214 0 0.407095)
(9.95004 0 0.545073)
(9.92255 0 0.687889)
(9.89004 0 0.837573)
(9.85279 0 0.996101)
(9.81108 0 1.16526)
(9.76524 0 1.34656)
(9.71569 0 1.54124)
(9.66287 0 1.75028)
(9.60736 0 1.9745)
(9.54985 0 2.2147)
(9.49117 0 2.47178)
(9.43236 0 2.74692)
(9.37465 0 3.04169)
(9.31957 0 3.35821)
(9.26898 0 3.69925)
(9.22524 0 4.06836)
(9.1914 0 4.47)
(9.17151 0 4.90969)
(9.17113 0 5.39423)
(9.19821 0 5.93186)
(9.26444 0 6.53229)
(9.38723 0 7.20626)
(9.59258 0 7.96338)
(9.91691 0 8.80543)
(10.3719 0 9.71844)
(11.0912 0 10.6479)
(11.9961 0 11.3538)
(9.99775 0 0.140294)
(9.99029 0 0.278471)
(9.97721 0 0.416956)
(9.95923 0 0.558082)
(9.93701 0 0.703983)
(9.91097 0 0.856683)
(9.88144 0 1.01814)
(9.8488 0 1.19012)
(9.81349 0 1.3741)
(9.77602 0 1.57123)
(9.73701 0 1.78243)
(9.69719 0 2.00838)
(9.65744 0 2.24974)
(9.61885 0 2.50724)
(9.58272 0 2.78182)
(9.55063 0 3.07477)
(9.52452 0 3.38783)
(9.5068 0 3.72325)
(9.50047 0 4.08388)
(9.50939 0 4.47319)
(9.53856 0 4.89523)
(9.59458 0 5.35463)
(9.68629 0 5.85628)
(9.82554 0 6.40481)
(10.0278 0 7.00335)
(10.3126 0 7.65141)
(10.7056 0 8.34114)
(11.2184 0 9.05627)
(11.9181 0 9.78988)
(12.9145 0 10.4313)
(9.99825 0 0.143054)
(9.99247 0 0.283912)
(9.98235 0 0.424987)
(9.96855 0 0.568601)
(9.95167 0 0.716873)
(9.93215 0 0.871805)
(9.91039 0 1.03533)
(9.88685 0 1.20916)
(9.86207 0 1.39471)
(9.83666 0 1.59306)
(9.81137 0 1.80499)
(9.78707 0 2.03107)
(9.76482 0 2.27175)
(9.74589 0 2.52754)
(9.73181 0 2.7991)
(9.72442 0 3.08734)
(9.72599 0 3.39355)
(9.73925 0 3.71935)
(9.76764 0 4.06677)
(9.81539 0 4.43812)
(9.88787 0 4.83592)
(9.99185 0 5.26266)
(10.1358 0 5.72035)
(10.3304 0 6.20995)
(10.5886 0 6.73033)
(10.9253 0 7.27726)
(11.3604 0 7.84212)
(11.9085 0 8.40954)
(12.5922 0 8.96887)
(13.5312 0 9.44817)
(9.99876 0 0.145171)
(9.99465 0 0.288069)
(9.98753 0 0.431074)
(9.97792 0 0.57648)
(9.96638 0 0.726375)
(9.95337 0 0.882726)
(9.93936 0 1.04742)
(9.92486 0 1.2221)
(9.91048 0 1.40811)
(9.89696 0 1.60642)
(9.88512 0 1.81767)
(9.87597 0 2.04226)
(9.87069 0 2.28045)
(9.87069 0 2.53248)
(9.87765 0 2.79867)
(9.89359 0 3.07954)
(9.92094 0 3.37584)
(9.96262 0 3.68854)
(10.0222 0 4.01879)
(10.1039 0 4.3678)
(10.2131 0 4.73667)
(10.356 0 5.12609)
(10.5403 0 5.53595)
(10.7749 0 5.96477)
(11.0701 0 6.40905)
(11.4374 0 6.86247)
(11.8894 0 7.31501)
(12.4365 0 7.7501)
(13.0789 0 8.1496)
(13.9199 0 8.47412)
(9.99926 0 0.14661)
(9.99684 0 0.290873)
(9.99268 0 0.435118)
(9.98724 0 0.581592)
(9.981 0 0.732338)
(9.97444 0 0.889269)
(9.96805 0 1.05421)
(9.96242 0 1.22873)
(9.95823 0 1.41407)
(9.95627 0 1.61109)
(9.95746 0 1.82027)
(9.96287 0 2.04183)
(9.97378 0 2.27579)
(9.99168 0 2.52212)
(10.0183 0 2.7808)
(10.0558 0 3.05192)
(10.1066 0 3.33569)
(10.1736 0 3.63244)
(10.2603 0 3.94249)
(10.3707 0 4.26608)
(10.5097 0 4.60313)
(10.6828 0 4.95294)
(10.8963 0 5.31391)
(11.1573 0 5.68301)
(11.4735 0 6.05533)
(11.8525 0 6.42346)
(12.3014 0 6.77702)
(12.8257 0 7.10141)
(13.4195 0 7.38036)
(14.1703 0 7.59433)
(9.99976 0 0.147343)
(9.99899 0 0.292269)
(9.99777 0 0.43704)
(9.99643 0 0.583835)
(9.99539 0 0.734641)
(9.99513 0 0.891302)
(9.99618 0 1.05557)
(9.99917 0 1.22892)
(10.0048 0 1.41248)
(10.0139 0 1.60698)
(10.0276 0 1.81275)
(10.0468 0 2.0298)
(10.0729 0 2.25793)
(10.1074 0 2.49681)
(10.1521 0 2.74609)
(10.209 0 3.00544)
(10.2805 0 3.27457)
(10.3695 0 3.5532)
(10.4789 0 3.84098)
(10.6126 0 4.13731)
(10.7747 0 4.4412)
(10.9697 0 4.75101)
(11.2026 0 5.06415)
(11.4786 0 5.37678)
(11.8028 0 5.68347)
(12.1799 0 5.97689)
(12.6135 0 6.2477)
(13.1058 0 6.4844)
(13.6493 0 6.67421)
(14.3159 0 6.80551)
(10.0002 0 0.147347)
(10.0011 0 0.292215)
(10.0027 0 0.436778)
(10.0054 0 0.583137)
(10.0094 0 0.733203)
(10.0152 0 0.888742)
(10.0235 0 1.05142)
(10.0347 0 1.2226)
(10.0497 0 1.40331)
(10.0694 0 1.59412)
(10.0947 0 1.79521)
(10.1267 0 2.00639)
(10.1668 0 2.22724)
(10.2164 0 2.45714)
(10.2773 0 2.69543)
(10.3514 0 2.94139)
(10.4408 0 3.1943)
(10.5481 0 3.45336)
(10.6761 0 3.71766)
(10.8278 0 3.98598)
(11.0066 0 4.25671)
(11.2162 0 4.5276)
(11.46 0 4.79557)
(11.7418 0 5.05654)
(12.0646 0 5.3052)
(12.4308 0 5.53495)
(12.8417 0 5.73795)
(13.2971 0 5.9052)
(13.7896 0 6.02686)
(14.3774 0 6.09517)
(10.0007 0 0.146608)
(10.0031 0 0.290682)
(10.0075 0 0.434294)
(10.0141 0 0.579452)
(10.0229 0 0.72798)
(10.0346 0 0.881555)
(10.0496 0 1.04174)
(10.0687 0 1.2098)
(10.0925 0 1.38663)
(10.122 0 1.57265)
(10.1581 0 1.7679)
(10.2019 0 1.972)
(10.2546 0 2.18429)
(10.3178 0 2.40393)
(10.3928 0 2.62996)
(10.4816 0 2.86133)
(10.586 0 3.09696)
(10.7081 0 3.33565)
(10.8504 0 3.57605)
(11.0152 0 3.81655)
(11.2053 0 4.05514)
(11.4231 0 4.28927)
(11.6711 0 4.51575)
(11.9516 0 4.73062)
(12.2661 0 4.92905)
(12.6155 0 5.10541)
(12.9993 0 5.25332)
(13.4161 0 5.36587)
(13.8587 0 5.43581)
(14.375 0 5.45809)
(10.0012 0 0.145117)
(10.0051 0 0.287656)
(10.0121 0 0.429572)
(10.0223 0 0.572767)
(10.0358 0 0.718971)
(10.053 0 0.86976)
(10.0744 0 1.02659)
(10.1008 0 1.19062)
(10.1328 0 1.3626)
(10.1713 0 1.54284)
(10.2172 0 1.7312)
(10.2716 0 1.92715)
(10.3356 0 2.12983)
(10.4104 0 2.33819)
(10.4976 0 2.55101)
(10.5986 0 2.767)
(10.715 0 2.98478)
(10.8487 0 3.20287)
(11.0014 0 3.41964)
(11.175 0 3.63322)
(11.3714 0 3.84143)
(11.5924 0 4.04168)
(11.8393 0 4.23087)
(12.1133 0 4.4054)
(12.4149 0 4.56111)
(12.7437 0 4.69336)
(13.0984 0 4.79717)
(13.4769 0 4.8674)
(13.8726 0 4.89897)
(14.3253 0 4.88869)
(10.0016 0 0.142875)
(10.0069 0 0.283137)
(10.0165 0 0.422618)
(10.0301 0 0.563102)
(10.0479 0 0.706214)
(10.0703 0 0.853426)
(10.0977 0 1.00608)
(10.1308 0 1.16522)
(10.1702 0 1.33148)
(10.2169 0 1.50503)
(10.2716 0 1.68561)
(10.3352 0 1.87251)
(10.409 0 2.06473)
(10.4938 0 2.26104)
(10.5911 0 2.46004)
(10.7019 0 2.66023)
(10.8276 0 2.86003)
(10.9697 0 3.05779)
(11.1294 0 3.2517)
(11.308 0 3.43981)
(11.5068 0 3.61991)
(11.7267 0 3.78952)
(11.9685 0 3.94582)
(12.2324 0 4.08567)
(12.518 0 4.20562)
(12.8245 0 4.30201)
(13.1499 0 4.37107)
(13.4918 0 4.40913)
(13.8444 0 4.41274)
(14.241 0 4.38005)
(10.002 0 0.139887)
(10.0087 0 0.277143)
(10.0206 0 0.413461)
(10.0374 0 0.550505)
(10.0592 0 0.689788)
(10.0863 0 0.832671)
(10.1192 0 0.980388)
(10.1583 0 1.13386)
(10.2045 0 1.29361)
(10.2584 0 1.45969)
(10.3208 0 1.63171)
(10.3925 0 1.80885)
(10.4744 0 1.98998)
(10.5676 0 2.17373)
(10.6728 0 2.35857)
(10.7913 0 2.54287)
(10.9238 0 2.72494)
(11.0714 0 2.90301)
(11.2351 0 3.07524)
(11.4155 0 3.23969)
(11.6135 0 3.39424)
(11.8293 0 3.53661)
(12.063 0 3.66436)
(12.3144 0 3.77485)
(12.5826 0 3.86532)
(12.8662 0 3.93297)
(13.1631 0 3.97507)
(13.4709 0 3.9891)
(13.7846 0 3.97282)
(14.1323 0 3.92532)
(10.0024 0 0.13617)
(10.0103 0 0.269702)
(10.0243 0 0.402152)
(10.0441 0 0.535054)
(10.0696 0 0.669806)
(10.101 0 0.807658)
(10.1387 0 0.94973)
(10.1834 0 1.09683)
(10.2355 0 1.24938)
(10.2956 0 1.40732)
(10.3646 0 1.57017)
(10.4431 0 1.73701)
(10.5318 0 1.90661)
(10.6315 0 2.07752)
(10.743 0 2.24813)
(10.8669 0 2.41673)
(11.0039 0 2.58159)
(11.1547 0 2.74093)
(11.3198 0 2.89293)
(11.4996 0 3.03573)
(11.6942 0 3.1674)
(11.9035 0 3.28593)
(12.1274 0 3.38925)
(12.3649 0 3.47522)
(12.615 0 3.54173)
(12.8761 0 3.5867)
(13.1462 0 3.60824)
(13.4227 0 3.6047)
(13.7017 0 3.57475)
(14.007 0 3.51811)
(10.0027 0 0.131742)
(10.0117 0 0.260858)
(10.0277 0 0.38876)
(10.0502 0 0.516852)
(10.079 0 0.646416)
(10.1143 0 0.778588)
(10.1564 0 0.914378)
(10.2058 0 1.05449)
(10.263 0 1.19925)
(10.3285 0 1.34851)
(10.403 0 1.5017)
(10.487 0 1.65785)
(10.5811 0 1.81568)
(10.6858 0 1.97368)
(10.8017 0 2.1302)
(10.9293 0 2.28353)
(11.0689 0 2.43194)
(11.2208 0 2.57369)
(11.3853 0 2.70706)
(11.5623 0 2.83033)
(11.7517 0 2.94177)
(11.953 0 3.03969)
(12.1658 0 3.12237)
(12.3889 0 3.18815)
(12.6211 0 3.23545)
(12.8608 0 3.26282)
(13.1059 0 3.26899)
(13.3543 0 3.25299)
(13.6026 0 3.21413)
(13.8713 0 3.15255)
(10.003 0 0.126632)
(10.013 0 0.250666)
(10.0308 0 0.373375)
(10.0557 0 0.496028)
(10.0874 0 0.619792)
(10.1261 0 0.745694)
(10.1719 0 0.874637)
(10.2254 0 1.00723)
(10.287 0 1.1437)
(10.357 0 1.28385)
(10.436 0 1.42705)
(10.5243 0 1.57228)
(10.6225 0 1.71825)
(10.7308 0 1.86343)
(10.8497 0 2.00619)
(10.9792 0 2.14484)
(11.1197 0 2.27771)
(11.2711 0 2.40315)
(11.4333 0 2.51956)
(11.606 0 2.62539)
(11.789 0 2.71917)
(11.9814 0 2.79946)
(12.1825 0 2.86491)
(12.3912 0 2.91428)
(12.6061 0 2.94642)
(12.8257 0 2.96036)
(13.0482 0 2.95536)
(13.2715 0 2.9309)
(13.4929 0 2.88675)
(13.7302 0 2.82331)
(10.0033 0 0.120869)
(10.0142 0 0.239191)
(10.0335 0 0.356095)
(10.0605 0 0.472725)
(10.0948 0 0.590131)
(10.1364 0 0.709233)
(10.1855 0 0.830835)
(10.2424 0 0.955455)
(10.3076 0 1.08325)
(10.3812 0 1.21397)
(10.4637 0 1.34695)
(10.5553 0 1.48116)
(10.6564 0 1.61532)
(10.7671 0 1.74791)
(10.8875 0 1.87736)
(11.0177 0 2.00205)
(11.1577 0 2.12039)
(11.3072 0 2.23084)
(11.4659 0 2.33196)
(11.6334 0 2.42239)
(11.809 0 2.50088)
(11.992 0 2.56626)
(12.1815 0 2.61751)
(12.3762 0 2.65369)
(12.5748 0 2.67406)
(12.776 0 2.67801)
(12.978 0 2.66516)
(13.1791 0 2.63535)
(13.377 0 2.58864)
(13.5875 0 2.52559)
(10.0035 0 0.114491)
(10.0152 0 0.226503)
(10.0359 0 0.337035)
(10.0647 0 0.447102)
(10.1012 0 0.557644)
(10.1453 0 0.669479)
(10.1971 0 0.783315)
(10.2569 0 0.899593)
(10.3249 0 1.01841)
(10.4013 0 1.13948)
(10.4864 0 1.26212)
(10.5803 0 1.38532)
(10.6833 0 1.50782)
(10.7952 0 1.62818)
(10.9162 0 1.74488)
(11.0459 0 1.85639)
(11.1843 0 1.96124)
(11.3309 0 2.05803)
(11.4853 0 2.14547)
(11.6468 0 2.2224)
(11.8147 0 2.28777)
(11.9882 0 2.34066)
(12.1662 0 2.3803)
(12.3477 0 2.40606)
(12.5313 0 2.41747)
(12.7157 0 2.4142)
(12.8994 0 2.39614)
(13.0811 0 2.36337)
(13.2587 0 2.31614)
(13.4462 0 2.2551)
(10.0037 0 0.107533)
(10.0161 0 0.21268)
(10.0379 0 0.316311)
(10.0683 0 0.419323)
(10.1066 0 0.522548)
(10.1528 0 0.626708)
(10.2068 0 0.732423)
(10.2688 0 0.840064)
(10.339 0 0.94968)
(10.4175 0 1.06096)
(10.5045 0 1.17324)
(10.5999 0 1.28553)
(10.7038 0 1.39662)
(10.8161 0 1.50516)
(10.9366 0 1.60972)
(11.0651 0 1.70887)
(11.2011 0 1.80128)
(11.3441 0 1.88569)
(11.4936 0 1.96096)
(11.6488 0 2.02612)
(11.8089 0 2.08031)
(11.973 0 2.12283)
(12.1402 0 2.15311)
(12.3093 0 2.17075)
(12.4791 0 2.17549)
(12.6484 0 2.16724)
(12.8161 0 2.14604)
(12.9807 0 2.11214)
(13.1409 0 2.0659)
(13.3088 0 2.008)
(10.0039 0 0.100035)
(10.0169 0 0.197799)
(10.0397 0 0.294045)
(10.0713 0 0.389555)
(10.1112 0 0.485062)
(10.159 0 0.581196)
(10.2147 0 0.678496)
(10.2785 0 0.777271)
(10.3504 0 0.877534)
(10.4303 0 0.978966)
(10.5184 0 1.08092)
(10.6146 0 1.18247)
(10.7187 0 1.28246)
(10.8306 0 1.37964)
(10.95 0 1.47269)
(11.0765 0 1.56031)
(11.2095 0 1.64129)
(11.3485 0 1.71451)
(11.4928 0 1.77902)
(11.6416 0 1.83397)
(11.794 0 1.87869)
(11.9493 0 1.91265)
(12.1062 0 1.93547)
(12.264 0 1.9469)
(12.4214 0 1.94686)
(12.5774 0 1.93538)
(12.7309 0 1.91266)
(12.8808 0 1.87901)
(13.026 0 1.83487)
(13.1773 0 1.78091)
(10.0041 0 0.0920339)
(10.0175 0 0.181936)
(10.0411 0 0.270353)
(10.0738 0 0.357961)
(10.1149 0 0.445398)
(10.164 0 0.533207)
(10.2211 0 0.621853)
(10.2862 0 0.71159)
(10.3591 0 0.802407)
(10.44 0 0.893986)
(10.5286 0 0.985716)
(10.625 0 1.07673)
(10.7288 0 1.16597)
(10.8398 0 1.25227)
(10.9575 0 1.33444)
(11.0815 0 1.41132)
(11.2112 0 1.48182)
(11.3459 0 1.54497)
(11.485 0 1.59995)
(11.6275 0 1.64608)
(11.7726 0 1.68281)
(11.9194 0 1.70977)
(12.0671 0 1.7267)
(12.2145 0 1.7335)
(12.3608 0 1.73018)
(12.5051 0 1.71688)
(12.6463 0 1.69387)
(12.7835 0 1.66152)
(12.9159 0 1.62028)
(13.0533 0 1.57079)
(10.0042 0 0.0835647)
(10.018 0 0.165162)
(10.0423 0 0.245344)
(10.0759 0 0.324692)
(10.1179 0 0.403751)
(10.168 0 0.482984)
(10.2261 0 0.562785)
(10.292 0 0.643363)
(10.3657 0 0.724685)
(10.447 0 0.806451)
(10.5358 0 0.888092)
(10.6318 0 0.968811)
(10.7348 0 1.04765)
(10.8444 0 1.12356)
(10.9602 0 1.19547)
(11.0815 0 1.26235)
(11.2077 0 1.32324)
(11.3381 0 1.37732)
(11.472 0 1.42389)
(11.6084 0 1.46238)
(11.7467 0 1.4924)
(11.8858 0 1.51365)
(12.025 0 1.52601)
(12.1633 0 1.52944)
(12.2998 0 1.52405)
(12.4338 0 1.51004)
(12.5643 0 1.48769)
(12.6907 0 1.45741)
(12.8122 0 1.41963)
(12.9378 0 1.37496)
(10.0043 0 0.0746563)
(10.0184 0 0.147537)
(10.0433 0 0.219114)
(10.0776 0 0.289882)
(10.1203 0 0.360297)
(10.1712 0 0.430743)
(10.2299 0 0.501547)
(10.2964 0 0.572877)
(10.3704 0 0.644691)
(10.4518 0 0.716707)
(10.5403 0 0.788409)
(10.6358 0 0.859083)
(10.7377 0 0.927874)
(10.8457 0 0.993849)
(10.9592 0 1.05606)
(11.0776 0 1.11362)
(11.2004 0 1.16569)
(11.3266 0 1.21157)
(11.4555 0 1.25068)
(11.5864 0 1.28257)
(11.7183 0 1.30693)
(11.8505 0 1.32357)
(11.9821 0 1.33242)
(12.1123 0 1.33353)
(12.2403 0 1.32702)
(12.3654 0 1.31314)
(12.4868 0 1.29219)
(12.604 0 1.26454)
(12.7163 0 1.23063)
(12.8321 0 1.19099)
(10.0044 0 0.0653285)
(10.0188 0 0.129103)
(10.0441 0 0.191738)
(10.0789 0 0.253644)
(10.1223 0 0.315186)
(10.1737 0 0.37667)
(10.2328 0 0.438362)
(10.2996 0 0.500394)
(10.3737 0 0.562718)
(10.4549 0 0.625077)
(10.5429 0 0.687011)
(10.6375 0 0.747892)
(10.7381 0 0.806972)
(10.8444 0 0.86344)
(10.9556 0 0.916479)
(11.0713 0 0.965315)
(11.1906 0 1.00925)
(11.3128 0 1.04769)
(11.4372 0 1.08017)
(11.5629 0 1.10632)
(11.6892 0 1.12591)
(11.8152 0 1.13882)
(11.9402 0 1.14504)
(12.0633 0 1.14463)
(12.184 0 1.13776)
(12.3015 0 1.12467)
(12.4152 0 1.10566)
(12.5247 0 1.08107)
(12.6293 0 1.05129)
(12.7369 0 1.01681)
(10.0045 0 0.0555853)
(10.0192 0 0.10988)
(10.0448 0 0.163265)
(10.0802 0 0.216058)
(10.124 0 0.268519)
(10.1757 0 0.320871)
(10.2351 0 0.373328)
(10.302 0 0.425993)
(10.376 0 0.478818)
(10.4568 0 0.531577)
(10.5442 0 0.583874)
(10.6378 0 0.635171)
(10.737 0 0.684829)
(10.8415 0 0.732158)
(10.9505 0 0.776468)
(11.0635 0 0.817107)
(11.1796 0 0.853496)
(11.2983 0 0.885146)
(11.4185 0 0.911674)
(11.5397 0 0.932802)
(11.661 0 0.948356)
(11.7816 0 0.958263)
(11.9008 0 0.962536)
(12.018 0 0.96127)
(12.1324 0 0.95463)
(12.2435 0 0.942837)
(12.3509 0 0.926166)
(12.4539 0 0.904931)
(12.5522 0 0.879475)
(12.653 0 0.850203)
(10.0046 0 0.0454015)
(10.0195 0 0.0898441)
(10.0457 0 0.13372)
(10.0814 0 0.177233)
(10.1255 0 0.220502)
(10.1775 0 0.263664)
(10.237 0 0.306875)
(10.3038 0 0.350207)
(10.3776 0 0.393609)
(10.458 0 0.436886)
(10.5447 0 0.479707)
(10.6372 0 0.521628)
(10.7351 0 0.562122)
(10.8379 0 0.600624)
(10.9448 0 0.63657)
(11.0554 0 0.66943)
(11.1687 0 0.698736)
(11.2841 0 0.7241)
(11.4008 0 0.745219)
(11.518 0 0.761883)
(11.635 0 0.773967)
(11.751 0 0.781429)
(11.8655 0 0.7843)
(11.9776 0 0.782677)
(12.0869 0 0.776711)
(12.1928 0 0.766602)
(12.2948 0 0.752587)
(12.3926 0 0.734933)
(12.4858 0 0.713932)
(12.5811 0 0.689919)
(10.0047 0 0.0346885)
(10.0201 0 0.0688624)
(10.0468 0 0.102902)
(10.083 0 0.1368)
(10.1274 0 0.170546)
(10.1796 0 0.204229)
(10.2391 0 0.237976)
(10.3058 0 0.271831)
(10.3793 0 0.305743)
(10.4591 0 0.339549)
(10.5451 0 0.372982)
(10.6366 0 0.405686)
(10.7332 0 0.437242)
(10.8344 0 0.467204)
(10.9396 0 0.495124)
(11.0479 0 0.520589)
(11.1588 0 0.543234)
(11.2715 0 0.562759)
(11.3851 0 0.578936)
(11.499 0 0.591609)
(11.6125 0 0.60069)
(11.7248 0 0.60616)
(11.8353 0 0.608055)
(11.9434 0 0.606463)
(12.0486 0 0.601513)
(12.1503 0 0.593373)
(12.2482 0 0.582234)
(12.3418 0 0.568314)
(12.4309 0 0.551842)
(12.5221 0 0.533082)
(10.005 0 0.0232903)
(10.021 0 0.0473257)
(10.0484 0 0.0719526)
(10.0849 0 0.096554)
(10.1296 0 0.120973)
(10.1818 0 0.14531)
(10.2414 0 0.169677)
(10.308 0 0.194099)
(10.3812 0 0.218534)
(10.4606 0 0.242866)
(10.5459 0 0.266905)
(10.6366 0 0.290401)
(10.7322 0 0.313051)
(10.832 0 0.334537)
(10.9356 0 0.354538)
(11.0422 0 0.372755)
(11.1511 0 0.388928)
(11.2615 0 0.402844)
(11.3727 0 0.414339)
(11.4841 0 0.423306)
(11.5947 0 0.429687)
(11.7041 0 0.433471)
(11.8116 0 0.434691)
(11.9166 0 0.433415)
(12.0186 0 0.429741)
(12.1171 0 0.423794)
(12.2118 0 0.415717)
(12.3024 0 0.405669)
(12.3884 0 0.393819)
(12.4764 0 0.380357)
(10.0061 0 0.0086571)
(10.0241 0 0.0214169)
(10.0524 0 0.036009)
(10.0891 0 0.0508112)
(10.1337 0 0.0655596)
(10.1859 0 0.0803646)
(10.2454 0 0.0952889)
(10.3117 0 0.110318)
(10.3844 0 0.125399)
(10.4633 0 0.140445)
(10.5479 0 0.155327)
(10.6377 0 0.169877)
(10.7323 0 0.183901)
(10.8311 0 0.197193)
(10.9333 0 0.209552)
(11.0385 0 0.220792)
(11.1458 0 0.230753)
(11.2545 0 0.239306)
(11.364 0 0.246355)
(11.4734 0 0.251839)
(11.582 0 0.25573)
(11.6893 0 0.258027)
(11.7947 0 0.258756)
(11.8975 0 0.257965)
(11.9972 0 0.255719)
(12.0936 0 0.2521)
(12.1861 0 0.247198)
(12.2745 0 0.241116)
(12.3585 0 0.23396)
(12.4443 0 0.225854)
(9.99531 0 -5.33695e-05)
(10.0042 0 0.00311135)
(10.0209 0 0.00755409)
(10.0451 0 0.0121961)
(10.0776 0 0.0169007)
(10.1182 0 0.0217295)
(10.1666 0 0.0267053)
(10.2223 0 0.0318154)
(10.2851 0 0.0370346)
(10.3547 0 0.0423256)
(10.4306 0 0.0476346)
(10.5125 0 0.0528912)
(10.5997 0 0.0580137)
(10.6918 0 0.0629155)
(10.7879 0 0.0675117)
(10.8875 0 0.071724)
(10.9896 0 0.0754852)
(11.0937 0 0.078741)
(11.1987 0 0.0814514)
(11.304 0 0.0835907)
(11.4089 0 0.0851464)
(11.5126 0 0.0861177)
(11.6145 0 0.0865145)
(11.714 0 0.0863551)
(11.8105 0 0.0856652)
(11.9038 0 0.0844756)
(11.9933 0 0.0828216)
(12.0788 0 0.0807416)
(12.1599 0 0.0782741)
(12.2427 0 0.0754714)
(10.8758 0 13.5843)
(7.65792 0 10.8519)
(1.68232 0 7.53525)
(11.57 0 11.1195)
(10.9598 0 9.43245)
(9.50658 0 7.88848)
(12.6078 0 10.9836)
(12.8651 0 10.3437)
(12.6854 0 9.55125)
(13.5284 0 10.4844)
(13.9658 0 10.3164)
(14.1564 0 9.97067)
(14.0835 0 9.54442)
(14.5588 0 9.52837)
(14.8976 0 9.4104)
(14.4125 0 8.55766)
(14.8753 0 8.5843)
(15.2516 0 8.55517)
(14.6076 0 7.65124)
(15.0292 0 7.67306)
(15.384 0 7.65993)
(14.6996 0 6.83253)
(15.0708 0 6.83327)
(15.3853 0 6.80912)
(14.7118 0 6.09791)
(15.0344 0 6.0791)
(15.3075 0 6.04069)
(14.6657 0 5.44363)
(14.945 0 5.41104)
(15.1804 0 5.36224)
(14.5779 0 4.86263)
(14.8194 0 4.82125)
(15.0222 0 4.76632)
(14.4606 0 4.34655)
(14.6696 0 4.30015)
(14.8447 0 4.24243)
(14.3235 0 3.88747)
(14.5048 0 3.8388)
(14.6562 0 3.78066)
(14.1739 0 3.47819)
(14.3316 0 3.42919)
(14.463 0 3.37228)
(14.0175 0 3.1122)
(14.1551 0 3.06424)
(14.2696 0 3.00965)
(13.8587 0 2.78371)
(13.9793 0 2.73771)
(14.0795 0 2.68616)
(13.7009 0 2.48755)
(13.8072 0 2.44415)
(13.8954 0 2.39609)
(13.5469 0 2.21919)
(13.6411 0 2.17878)
(13.7191 0 2.13445)
(13.3988 0 1.97459)
(13.4828 0 1.93742)
(13.5523 0 1.89695)
(13.2582 0 1.75024)
(13.3336 0 1.71641)
(13.3959 0 1.67982)
(13.1265 0 1.543)
(13.1947 0 1.51256)
(13.251 0 1.47981)
(13.0046 0 1.35012)
(13.0668 0 1.32307)
(13.1181 0 1.29409)
(12.8935 0 1.16911)
(12.9507 0 1.14541)
(12.9978 0 1.1201)
(12.7939 0 0.997894)
(12.8469 0 0.977485)
(12.8907 0 0.955754)
(12.7064 0 0.834226)
(12.7561 0 0.817041)
(12.797 0 0.798787)
(12.6317 0 0.676865)
(12.6786 0 0.662858)
(12.7173 0 0.648004)
(12.5704 0 0.52291)
(12.6152 0 0.512016)
(12.6521 0 0.500483)
(12.5229 0 0.373071)
(12.5662 0 0.365272)
(12.6019 0 0.357018)
(12.4897 0 0.221434)
(12.5318 0 0.216675)
(12.5666 0 0.21164)
(12.2865 0 0.0739111)
(12.3271 0 0.0722124)
(12.3606 0 0.0704201)
(-1.4266 0 4.12933)
(1.83626 0 5.12096)
(2.81586 0 5.81964)
(3.68116 0 6.2475)
(4.50026 0 6.46391)
(5.25112 0 6.40832)
(5.95121 0 6.00197)
(6.61808 0 5.17641)
(7.24573 0 3.91012)
(7.80447 0 2.26956)
(8.28257 0 0.385242)
(8.58337 0 -1.58601)
(8.78466 0 -3.47181)
(8.92117 0 -5.1314)
(8.99483 0 -6.46364)
(9.00768 0 -7.41562)
(8.96887 0 -7.98306)
(8.89237 0 -8.20068)
(8.79386 0 -8.12755)
(8.68858 0 -7.8329)
(8.58952 0 -7.38512)
(8.50635 0 -6.84447)
(8.44509 0 -6.2594)
(8.40845 0 -5.66593)
(8.39644 0 -5.08879)
(8.40713 0 -4.54361)
(8.4373 0 -4.03932)
(8.48294 0 -3.58023)
(8.5395 0 -3.16802)
(8.61504 0 -2.79906)
(7.00915 0 5.85516)
(5.83313 0 4.97087)
(5.24533 0 4.99133)
(5.42535 0 5.33567)
(6.02454 0 5.61349)
(6.76427 0 5.63254)
(7.53627 0 5.29071)
(8.29472 0 4.53105)
(8.9966 0 3.35275)
(9.60251 0 1.82306)
(10.1403 0 0.0459852)
(10.5232 0 -1.82327)
(10.7751 0 -3.62083)
(10.9011 0 -5.20234)
(10.9024 0 -6.46593)
(10.7937 0 -7.36204)
(10.6009 0 -7.88952)
(10.3539 0 -8.08398)
(10.0818 0 -8.00311)
(9.80937 0 -7.71324)
(9.55591 0 -7.27913)
(9.33423 0 -6.75741)
(9.15133 0 -6.19344)
(9.00937 0 -5.62084)
(8.90698 0 -5.0627)
(8.84039 0 -4.53374)
(8.80453 0 -4.04243)
(8.79355 0 -3.59302)
(8.80219 0 -3.18721)
(8.8255 0 -2.82206)
(11.6786 0 7.93332)
(10.4718 0 6.58723)
(9.34098 0 5.74275)
(8.70895 0 5.33497)
(8.62681 0 5.15405)
(8.94091 0 4.95924)
(9.48948 0 4.55379)
(10.1472 0 3.81865)
(10.8173 0 2.71859)
(11.4548 0 1.28604)
(12.0562 0 -0.379747)
(12.4922 0 -2.12086)
(12.7509 0 -3.78391)
(12.8241 0 -5.23677)
(12.7208 0 -6.38995)
(12.4708 0 -7.20219)
(12.1159 0 -7.67553)
(11.6999 0 -7.84399)
(11.2624 0 -7.76062)
(10.8353 0 -7.48574)
(10.4417 0 -7.07793)
(10.0961 0 -6.58836)
(9.80512 0 -6.05808)
(9.56986 0 -5.51763)
(9.38723 0 -4.98827)
(9.2517 0 -4.48372)
(9.15647 0 -4.01217)
(9.09414 0 -3.57796)
(9.05885 0 -3.18305)
(9.03394 0 -2.8254)
(14.0189 0 8.88666)
(13.5224 0 7.71811)
(12.8536 0 6.7295)
(12.2797 0 5.96125)
(11.9614 0 5.35069)
(11.9406 0 4.78878)
(12.1845 0 4.14312)
(12.6179 0 3.29604)
(13.1496 0 2.17939)
(13.7184 0 0.787865)
(14.2398 0 -0.781487)
(14.5826 0 -2.38152)
(14.7221 0 -3.88136)
(14.6501 0 -5.17605)
(14.3849 0 -6.19725)
(13.9664 0 -6.91459)
(13.4447 0 -7.33225)
(12.8702 0 -7.48041)
(12.2866 0 -7.40494)
(11.7281 0 -7.15784)
(11.2182 0 -6.78975)
(10.7708 0 -6.3452)
(10.3912 0 -5.86022)
(10.079 0 -5.36204)
(9.82939 0 -4.87)
(9.63542 0 -4.39698)
(9.48901 0 -3.95108)
(9.38166 0 -3.53693)
(9.30718 0 -3.1569)
(9.23879 0 -2.81004)
(15.2464 0 8.80941)
(15.3186 0 7.98201)
(15.2104 0 7.13146)
(15.0351 0 6.32961)
(14.9072 0 5.56719)
(14.9061 0 4.79897)
(15.0633 0 3.95803)
(15.3636 0 2.973)
(15.7537 0 1.79381)
(16.1763 0 0.423232)
(16.4665 0 -1.04291)
(16.5817 0 -2.49037)
(16.4995 0 -3.82056)
(16.2189 0 -4.958)
(15.7643 0 -5.85382)
(15.1779 0 -6.48691)
(14.5094 0 -6.86202)
(13.8073 0 -7.00417)
(13.1131 0 -6.95097)
(12.4586 0 -6.74526)
(11.8652 0 -6.42926)
(11.3444 0 -6.04054)
(10.9 0 -5.61013)
(10.53 0 -5.16205)
(10.2286 0 -4.71389)
(9.98792 0 -4.27792)
(9.79937 0 -3.86229)
(9.65395 0 -3.4721)
(9.54549 0 -3.11027)
(9.43873 0 -2.77698)
(15.8147 0 8.23916)
(16.2255 0 7.68945)
(16.5226 0 7.01858)
(16.7204 0 6.28879)
(16.8746 0 5.51273)
(17.045 0 4.67554)
(17.2655 0 3.74724)
(17.5353 0 2.6952)
(17.8209 0 1.50396)
(18.0531 0 0.204954)
(18.132 0 -1.12575)
(18.0384 0 -2.40987)
(17.7614 0 -3.57851)
(17.3099 0 -4.57716)
(16.7129 0 -5.36956)
(16.0117 0 -5.93979)
(15.2515 0 -6.29144)
(14.4758 0 -6.44373)
(13.721 0 -6.42603)
(13.015 0 -6.27238)
(12.3759 0 -6.01695)
(11.813 0 -5.69091)
(11.3289 0 -5.32066)
(10.9209 0 -4.92734)
(10.5831 0 -4.52709)
(10.3077 0 -4.1317)
(10.0862 0 -3.7495)
(9.9097 0 -3.38608)
(9.77258 0 -3.045)
(9.63274 0 -2.72751)
(15.9901 0 7.47147)
(16.5454 0 7.09589)
(17.06 0 6.57362)
(17.493 0 5.94069)
(17.8543 0 5.21296)
(18.1742 0 4.39042)
(18.4701 0 3.46564)
(18.7363 0 2.43382)
(18.9466 0 1.30705)
(19.0497 0 0.125942)
(18.994 0 -1.05394)
(18.7734 0 -2.18097)
(18.3879 0 -3.2063)
(17.8523 0 -4.0885)
(17.196 0 -4.79919)
(16.4566 0 -5.32513)
(15.6739 0 -5.66775)
(14.8853 0 -5.84052)
(14.1222 0 -5.86521)
(13.4083 0 -5.76793)
(12.7592 0 -5.57572)
(12.1831 0 -5.31404)
(11.6822 0 -5.00525)
(11.2543 0 -4.66795)
(10.8942 0 -4.31697)
(10.595 0 -3.96369)
(10.349 0 -3.61657)
(10.1483 0 -3.28167)
(9.98766 0 -2.9631)
(9.81998 0 -2.6631)
(15.9521 0 6.66004)
(16.5248 0 6.37609)
(17.1076 0 5.9572)
(17.6381 0 5.41619)
(18.0976 0 4.76405)
(18.4922 0 4.00632)
(18.8237 0 3.14758)
(19.0802 0 2.19822)
(19.2401 0 1.18226)
(19.2751 0 0.137835)
(19.159 0 -0.894843)
(18.8922 0 -1.87928)
(18.4806 0 -2.77931)
(17.9404 0 -3.56287)
(17.2982 0 -4.2069)
(16.5862 0 -4.69939)
(15.838 0 -5.03929)
(15.0852 0 -5.2349)
(14.3545 0 -5.30141)
(13.6664 0 -5.25816)
(13.035 0 -5.12611)
(12.4681 0 -4.92578)
(11.9686 0 -4.67597)
(11.5354 0 -4.39297)
(11.1647 0 -4.09034)
(10.8512 0 -3.77894)
(10.5884 0 -3.46726)
(10.3695 0 -3.16164)
(10.1903 0 -2.86663)
(9.99979 0 -2.58529)
(15.8069 0 5.89514)
(16.3332 0 5.65334)
(16.894 0 5.30004)
(17.4258 0 4.83477)
(17.8975 0 4.26313)
(18.3014 0 3.59137)
(18.6294 0 2.82831)
(18.8671 0 1.98924)
(18.9968 0 1.09916)
(19.0046 0 0.190217)
(18.8772 0 -0.707127)
(18.617 0 -1.5651)
(18.2317 0 -2.35598)
(17.7363 0 -3.05436)
(17.1526 0 -3.64096)
(16.5069 0 -4.10437)
(15.8267 0 -4.44139)
(15.1383 0 -4.65612)
(14.4643 0 -4.75848)
(13.8226 0 -4.7623)
(13.2264 0 -4.68345)
(12.6835 0 -4.53828)
(12.198 0 -4.34239)
(11.7703 0 -4.1099)
(11.3982 0 -3.85303)
(11.0781 0 -3.58199)
(10.8051 0 -3.30504)
(10.5734 0 -3.02866)
(10.3801 0 -2.75765)
(10.1716 0 -2.49569)
(15.6105 0 5.2122)
(16.0694 0 4.9904)
(16.5684 0 4.67955)
(17.0518 0 4.27416)
(17.4872 0 3.77653)
(17.8611 0 3.19196)
(18.1621 0 2.52937)
(18.376 0 1.80333)
(18.4881 0 1.0351)
(18.4906 0 0.25055)
(18.3774 0 -0.526673)
(18.1495 0 -1.27419)
(17.8144 0 -1.96987)
(17.3844 0 -2.59318)
(16.8767 0 -3.12766)
(16.312 0 -3.5625)
(15.7124 0 -3.89299)
(15.0992 0 -4.12017)
(14.4917 0 -4.24994)
(13.9058 0 -4.29179)
(13.3535 0 -4.25748)
(12.8432 0 -4.15979)
(12.3797 0 -4.01147)
(11.965 0 -3.82454)
(11.5984 0 -3.60984)
(11.2778 0 -3.37674)
(10.9999 0 -3.13309)
(10.7603 0 -2.88528)
(10.557 0 -2.6382)
(10.3349 0 -2.39591)
(15.3902 0 4.6138)
(15.7822 0 4.40517)
(16.211 0 4.1255)
(16.6303 0 3.76857)
(17.0109 0 3.33525)
(17.3393 0 2.82972)
(17.6042 0 2.25949)
(17.7929 0 1.63651)
(17.8938 0 0.977409)
(17.8993 0 0.302256)
(17.8089 0 -0.370361)
(17.6208 0 -1.02175)
(17.3409 0 -1.63384)
(16.9787 0 -2.18978)
(16.5476 0 -2.67547)
(16.0634 0 -3.08083)
(15.5435 0 -3.40029)
(15.0054 0 -3.63283)
(14.4652 0 -3.7814)
(13.9369 0 -3.85218)
(13.4318 0 -3.85363)
(12.9581 0 -3.7955)
(12.5213 0 -3.68804)
(12.1245 0 -3.5413)
(11.7684 0 -3.36466)
(11.4523 0 -3.16655)
(11.1741 0 -2.95425)
(10.9306 0 -2.73386)
(10.7209 0 -2.51021)
(10.4894 0 -2.28757)
(15.1598 0 4.09139)
(15.4931 0 3.89506)
(15.8572 0 3.6416)
(16.2143 0 3.32557)
(16.5395 0 2.94732)
(16.8211 0 2.51014)
(17.0495 0 2.01997)
(17.2144 0 1.48605)
(17.3061 0 0.920995)
(17.3181 0 0.339893)
(17.2498 0 -0.242226)
(17.0988 0 -0.80989)
(16.8693 0 -1.3482)
(16.5686 0 -1.8432)
(16.2064 0 -2.28283)
(15.795 0 -2.65786)
(15.348 0 -2.96241)
(14.8794 0 -3.19412)
(14.4029 0 -3.3539)
(13.9304 0 -3.44544)
(13.4723 0 -3.47458)
(13.0365 0 -3.44858)
(12.6289 0 -3.37548)
(12.2532 0 -3.26351)
(11.9113 0 -3.12065)
(11.6034 0 -2.9543)
(11.3286 0 -2.77106)
(11.0849 0 -2.5766)
(10.8721 0 -2.37557)
(10.6348 0 -2.17226)
(14.9268 0 3.63446)
(15.2109 0 3.45107)
(15.5199 0 3.22131)
(15.8228 0 2.94081)
(16.0989 0 2.60978)
(16.3387 0 2.23085)
(16.5345 0 1.8086)
(16.6781 0 1.35006)
(16.7614 0 0.864722)
(16.7787 0 0.364083)
(16.7288 0 -0.139919)
(16.6095 0 -0.634641)
(16.423 0 -1.10775)
(16.1748 0 -1.54763)
(15.872 0 -1.94397)
(15.5239 0 -2.28849)
(15.1411 0 -2.57534)
(14.7349 0 -2.80141)
(14.3165 0 -2.9662)
(13.8963 0 -3.07159)
(13.4834 0 -3.12139)
(13.0853 0 -3.12083)
(12.7079 0 -3.07607)
(12.3552 0 -2.99371)
(12.0299 0 -2.88038)
(11.7331 0 -2.74246)
(11.4647 0 -2.58578)
(11.2238 0 -2.41553)
(11.0106 0 -2.23603)
(10.7709 0 -2.0515)
(14.6963 0 3.23322)
(14.9395 0 3.06333)
(15.2029 0 2.85552)
(15.4606 0 2.60636)
(15.6954 0 2.31608)
(15.8998 0 1.98677)
(16.0679 0 1.62196)
(16.1929 0 1.22702)
(16.2685 0 0.809132)
(16.2893 0 0.377101)
(16.2541 0 -0.0596001)
(16.1605 0 -0.490782)
(16.0097 0 -0.906261)
(15.8053 0 -1.29636)
(15.5526 0 -1.65232)
(15.2586 0 -1.96679)
(14.9315 0 -2.2342)
(14.5803 0 -2.45109)
(14.2142 0 -2.61605)
(13.842 0 -2.72966)
(13.4716 0 -2.79417)
(13.1099 0 -2.81321)
(12.7626 0 -2.79136)
(12.434 0 -2.73379)
(12.127 0 -2.64591)
(11.8434 0 -2.53308)
(11.5838 0 -2.4004)
(11.348 0 -2.25246)
(11.137 0 -2.09325)
(10.8977 0 -1.92675)
(14.4718 0 2.87917)
(14.6811 0 2.72297)
(14.9068 0 2.53555)
(15.1272 0 2.31428)
(15.3281 0 2.05938)
(15.5032 0 1.77255)
(15.6481 0 1.45654)
(15.7575 0 1.11545)
(15.826 0 0.754793)
(15.8492 0 0.381347)
(15.8254 0 0.0026471)
(15.7524 0 -0.373151)
(15.6307 0 -0.737712)
(15.4625 0 -1.083)
(15.2518 0 -1.40157)
(15.0037 0 -1.68698)
(14.7246 0 -1.9341)
(14.4215 0 -2.13934)
(14.1019 0 -2.30079)
(13.7732 0 -2.41809)
(13.4422 0 -2.49238)
(13.1152 0 -2.526)
(12.7973 0 -2.52225)
(12.4929 0 -2.48509)
(12.2052 0 -2.41882)
(11.9362 0 -2.32788)
(11.6871 0 -2.21661)
(11.4585 0 -2.08903)
(11.2516 0 -1.94871)
(11.0152 0 -1.79934)
(14.2556 0 2.56506)
(14.4369 0 2.4224)
(14.6316 0 2.25391)
(14.8215 0 2.05756)
(14.9944 0 1.83359)
(15.1455 0 1.58337)
(15.2713 0 1.30907)
(15.3675 0 1.01386)
(15.4298 0 0.702002)
(15.4543 0 0.378761)
(15.4393 0 0.0501248)
(15.3829 0 -0.277354)
(15.2849 0 -0.596929)
(15.1467 0 -0.901941)
(14.9711 0 -1.1861)
(14.762 0 -1.44381)
(14.524 0 -1.67041)
(14.2627 0 -1.86241)
(13.9842 0 -2.0176)
(13.6946 0 -2.13506)
(13.3998 0 -2.21508)
(13.1051 0 -2.25904)
(12.8155 0 -2.2692)
(12.535 0 -2.24851)
(12.2668 0 -2.20032)
(12.0133 0 -2.12822)
(11.7761 0 -2.03585)
(11.5561 0 -1.92665)
(11.3549 0 -1.80375)
(11.1235 0 -1.67053)
(14.0497 0 2.28472)
(14.2077 0 2.15523)
(14.3769 0 2.00426)
(14.5416 0 1.83027)
(14.6916 0 1.63348)
(14.8231 0 1.41504)
(14.9331 0 1.17665)
(15.0184 0 0.920806)
(15.0753 0 0.650819)
(15.1006 0 0.370814)
(15.0926 0 0.0856268)
(15.0496 0 -0.199671)
(14.9709 0 -0.479526)
(14.8576 0 -0.748408)
(14.7113 0 -1.00103)
(14.5349 0 -1.23258)
(14.3321 0 -1.4389)
(14.1071 0 -1.61671)
(13.8648 0 -1.76368)
(13.6101 0 -1.87855)
(13.348 0 -1.96103)
(13.0834 0 -2.01178)
(12.8204 0 -2.03226)
(12.563 0 -2.02456)
(12.3142 0 -1.99124)
(12.0767 0 -1.93516)
(11.8521 0 -1.85927)
(11.6418 0 -1.7665)
(11.4477 0 -1.65954)
(11.2229 0 -1.5414)
(13.8552 0 2.03289)
(13.9939 0 1.91604)
(14.1421 0 1.78128)
(14.2862 0 1.62741)
(14.4175 0 1.45468)
(14.5328 0 1.264)
(14.6299 0 1.05676)
(14.7062 0 0.834921)
(14.7585 0 0.601084)
(14.7844 0 0.358502)
(14.7816 0 0.111047)
(14.7494 0 -0.137292)
(14.6867 0 -0.381952)
(14.5939 0 -0.618379)
(14.4722 0 -0.842158)
(14.3236 0 -1.04916)
(14.1508 0 -1.23575)
(13.9571 0 -1.39888)
(13.7463 0 -1.53628)
(13.5226 0 -1.64648)
(13.2901 0 -1.72882)
(13.0529 0 -1.78344)
(12.8149 0 -1.81116)
(12.5794 0 -1.81342)
(12.3496 0 -1.79211)
(12.128 0 -1.74943)
(11.9165 0 -1.68778)
(11.7166 0 -1.60956)
(11.5305 0 -1.51707)
(11.3135 0 -1.41293)
(13.6731 0 1.80506)
(13.7958 0 1.70026)
(13.9267 0 1.58048)
(14.0538 0 1.4448)
(14.1698 0 1.29346)
(14.2719 0 1.12722)
(14.3584 0 0.947203)
(14.4273 0 0.754953)
(14.4758 0 0.552539)
(14.5019 0 0.342535)
(14.5037 0 0.127956)
(14.4803 0 -0.087829)
(14.4307 0 -0.301195)
(14.3549 0 -0.508426)
(14.2537 0 -0.705836)
(14.1284 0 -0.889924)
(13.9811 0 -1.0575)
(13.8144 0 -1.20585)
(13.6312 0 -1.33278)
(13.4348 0 -1.43676)
(13.2288 0 -1.51691)
(13.0165 0 -1.57299)
(12.8014 0 -1.60538)
(12.5866 0 -1.61499)
(12.375 0 -1.60316)
(12.1689 0 -1.57155)
(11.9706 0 -1.52205)
(11.7815 0 -1.45661)
(11.6039 0 -1.37715)
(11.3957 0 -1.28592)
(13.504 0 1.59736)
(13.6136 0 1.50399)
(13.7301 0 1.39807)
(13.8433 0 1.27891)
(13.9467 0 1.14672)
(14.038 0 1.00215)
(14.116 0 0.846091)
(14.1787 0 0.679793)
(14.2242 0 0.5049)
(14.2504 0 0.32346)
(14.2559 0 0.137896)
(14.2397 0 -0.0491154)
(14.2008 0 -0.234619)
(14.1391 0 -0.415562)
(14.0551 0 -0.588888)
(13.9495 0 -0.751636)
(13.824 0 -0.901062)
(13.6803 0 -1.03474)
(13.521 0 -1.15067)
(13.3486 0 -1.24731)
(13.166 0 -1.32368)
(12.9762 0 -1.3793)
(12.7821 0 -1.41422)
(12.5865 0 -1.42894)
(12.392 0 -1.42438)
(12.201 0 -1.40175)
(12.0155 0 -1.36251)
(11.8373 0 -1.3082)
(11.6686 0 -1.2404)
(11.4698 0 -1.16103)
(13.3485 0 1.40646)
(13.4471 0 1.3239)
(13.5518 0 1.23084)
(13.6537 0 1.12675)
(13.7467 0 1.01182)
(13.8292 0 0.886592)
(13.9001 0 0.751802)
(13.9579 0 0.608449)
(14.0009 0 0.457848)
(14.0273 0 0.301635)
(14.0358 0 0.141745)
(14.0255 0 -0.0196627)
(13.9955 0 -0.180201)
(13.9456 0 -0.337366)
(13.8758 0 -0.488629)
(13.7868 0 -0.63151)
(13.6797 0 -0.763663)
(13.5559 0 -0.882966)
(13.4172 0 -0.987605)
(13.2657 0 -1.07613)
(13.1038 0 -1.14751)
(12.934 0 -1.20113)
(12.7589 0 -1.2368)
(12.5809 0 -1.25475)
(12.4024 0 -1.25555)
(12.2256 0 -1.24006)
(12.0526 0 -1.20937)
(11.8851 0 -1.16469)
(11.7253 0 -1.10728)
(11.5361 0 -1.03873)
(13.2068 0 1.22951)
(13.2964 0 1.15717)
(13.3914 0 1.07608)
(13.4839 0 0.985809)
(13.5686 0 0.886545)
(13.6439 0 0.778736)
(13.7091 0 0.662984)
(13.7629 0 0.540093)
(13.8038 0 0.411117)
(13.8303 0 0.277364)
(13.8413 0 0.14038)
(13.8359 0 0.00191036)
(13.8133 0 -0.136125)
(13.7731 0 -0.271682)
(13.7153 0 -0.40268)
(13.6403 0 -0.52705)
(13.5487 0 -0.642808)
(13.4417 0 -0.748123)
(13.3207 0 -0.841386)
(13.1874 0 -0.921261)
(13.0437 0 -0.986734)
(12.8916 0 -1.03713)
(12.7334 0 -1.07213)
(12.5714 0 -1.09173)
(12.4075 0 -1.09626)
(12.244 0 -1.08631)
(12.0828 0 -1.06265)
(11.9256 0 -1.02623)
(11.7746 0 -0.97803)
(11.5949 0 -0.919368)
(13.0793 0 1.06394)
(13.1614 0 1.0013)
(13.2485 0 0.931379)
(13.3333 0 0.853873)
(13.4112 0 0.768936)
(13.4807 0 0.676944)
(13.5413 0 0.578387)
(13.5918 0 0.473912)
(13.6311 0 0.364363)
(13.6578 0 0.250786)
(13.6708 0 0.134415)
(13.6695 0 0.0166563)
(13.653 0 -0.100951)
(13.6209 0 -0.216751)
(13.573 0 -0.32904)
(13.5096 0 -0.436111)
(13.4312 0 -0.536301)
(13.3385 0 -0.628052)
(13.2326 0 -0.709963)
(13.1148 0 -0.780838)
(12.9868 0 -0.839726)
(12.8503 0 -0.885943)
(12.7072 0 -0.919087)
(12.5593 0 -0.939033)
(12.4088 0 -0.94592)
(12.2574 0 -0.940114)
(12.1071 0 -0.922174)
(11.9596 0 -0.892794)
(11.8171 0 -0.852745)
(11.6466 0 -0.803086)
(12.9661 0 0.907699)
(13.0421 0 0.854267)
(13.1228 0 0.794853)
(13.2014 0 0.729218)
(13.2737 0 0.657499)
(13.3386 0 0.580005)
(13.3954 0 0.497134)
(13.4434 0 0.409405)
(13.4813 0 0.317491)
(13.5082 0 0.222222)
(13.523 0 0.124579)
(13.525 0 0.0256872)
(13.5135 0 -0.0732306)
(13.4881 0 -0.170844)
(13.4485 0 -0.265771)
(13.3947 0 -0.356616)
(13.3272 0 -0.442006)
(13.2465 0 -0.520635)
(13.1534 0 -0.591308)
(13.0489 0 -0.652981)
(12.9344 0 -0.704794)
(12.8113 0 -0.746096)
(12.6813 0 -0.776456)
(12.546 0 -0.795674)
(12.4073 0 -0.803762)
(12.2668 0 -0.800934)
(12.1265 0 -0.787568)
(11.9879 0 -0.764169)
(11.8532 0 -0.731326)
(11.6914 0 -0.689879)
(12.8676 0 0.758537)
(12.9387 0 0.713906)
(13.0142 0 0.664428)
(13.0878 0 0.609925)
(13.1556 0 0.550513)
(13.2167 0 0.486445)
(13.2706 0 0.418039)
(13.3165 0 0.345707)
(13.3535 0 0.269978)
(13.3805 0 0.191507)
(13.3968 0 0.111065)
(13.4015 0 0.02954)
(13.3941 0 -0.0521062)
(13.3741 0 -0.132816)
(13.3412 0 -0.211487)
(13.2955 0 -0.286997)
(13.237 0 -0.358233)
(13.1662 0 -0.424125)
(13.0837 0 -0.483677)
(12.9904 0 -0.536006)
(12.8873 0 -0.580363)
(12.7756 0 -0.616156)
(12.6568 0 -0.642971)
(12.5324 0 -0.660571)
(12.404 0 -0.668896)
(12.2732 0 -0.668049)
(12.1417 0 -0.658277)
(12.0111 0 -0.63994)
(11.8835 0 -0.613476)
(11.7297 0 -0.579545)
(12.784 0 0.615313)
(12.8512 0 0.579141)
(12.9225 0 0.539139)
(12.9922 0 0.495175)
(13.0566 0 0.447346)
(13.1147 0 0.395851)
(13.1662 0 0.340939)
(13.2106 0 0.282932)
(13.2468 0 0.222239)
(13.274 0 0.159363)
(13.2914 0 0.0949)
(13.2983 0 0.0295312)
(13.2943 0 -0.0360011)
(13.2787 0 -0.100877)
(13.2513 0 -0.164235)
(13.2119 0 -0.225194)
(13.1608 0 -0.282876)
(13.0981 0 -0.336424)
(13.0243 0 -0.385036)
(12.9401 0 -0.427986)
(12.8464 0 -0.464648)
(12.7442 0 -0.494515)
(12.6348 0 -0.517211)
(12.5196 0 -0.532503)
(12.3999 0 -0.540293)
(12.2773 0 -0.540618)
(12.1534 0 -0.533633)
(12.0297 0 -0.51959)
(11.9083 0 -0.498808)
(11.7615 0 -0.4718)
(12.7158 0 0.475156)
(12.7799 0 0.447185)
(12.848 0 0.416311)
(12.9147 0 0.382442)
(12.9763 0 0.345653)
(13.0322 0 0.306097)
(13.082 0 0.263962)
(13.1251 0 0.219488)
(13.1607 0 0.17298)
(13.1881 0 0.124813)
(13.2064 0 0.0754289)
(13.2151 0 0.0253325)
(13.2136 0 -0.0249117)
(13.2014 0 -0.0746926)
(13.1783 0 -0.123367)
(13.144 0 -0.170273)
(13.0986 0 -0.21475)
(13.0423 0 -0.256147)
(12.9754 0 -0.29385)
(12.8985 0 -0.327293)
(12.8123 0 -0.355985)
(12.7178 0 -0.379516)
(12.616 0 -0.397576)
(12.5081 0 -0.409955)
(12.3955 0 -0.416553)
(12.2796 0 -0.417369)
(12.162 0 -0.412498)
(12.0442 0 -0.402112)
(11.9279 0 -0.386447)
(11.7871 0 -0.365899)
(12.6634 0 0.338903)
(12.7253 0 0.318936)
(12.7911 0 0.296928)
(12.8555 0 0.272812)
(12.9152 0 0.246643)
(12.9695 0 0.218532)
(13.018 0 0.188614)
(13.0602 0 0.157055)
(13.0955 0 0.124068)
(13.123 0 0.0899129)
(13.1421 0 0.0548897)
(13.152 0 0.0193387)
(13.1525 0 -0.0163545)
(13.1429 0 -0.0517573)
(13.1229 0 -0.0864107)
(13.0923 0 -0.119845)
(13.0512 0 -0.151589)
(12.9996 0 -0.181181)
(12.9378 0 -0.20818)
(12.8663 0 -0.23218)
(12.7856 0 -0.252825)
(12.6968 0 -0.269815)
(12.6006 0 -0.282919)
(12.4983 0 -0.291979)
(12.391 0 -0.29691)
(12.2802 0 -0.297703)
(12.1673 0 -0.294418)
(12.0538 0 -0.287179)
(11.9415 0 -0.276161)
(11.8052 0 -0.261684)
(12.6266 0 0.200673)
(12.687 0 0.188696)
(12.7512 0 0.175514)
(12.814 0 0.161059)
(12.8724 0 0.145376)
(12.9255 0 0.128541)
(12.9731 0 0.110635)
(13.0148 0 0.0917596)
(13.0498 0 0.0720444)
(13.0773 0 0.0516488)
(13.0968 0 0.0307639)
(13.1076 0 0.0096107)
(13.109 0 -0.011577)
(13.1006 0 -0.0325654)
(13.0822 0 -0.0531004)
(13.0534 0 -0.0729123)
(13.0143 0 -0.0917257)
(12.9649 0 -0.109268)
(12.9055 0 -0.125278)
(12.8365 0 -0.139514)
(12.7586 0 -0.151762)
(12.6725 0 -0.161841)
(12.5792 0 -0.16961)
(12.4797 0 -0.174972)
(12.3753 0 -0.177875)
(12.2672 0 -0.178311)
(12.1571 0 -0.176321)
(12.0463 0 -0.171988)
(11.9364 0 -0.165451)
(11.8034 0 -0.157028)
(12.4181 0 0.06658)
(12.4759 0 0.0624487)
(12.5371 0 0.0579005)
(12.5969 0 0.0529046)
(12.6521 0 0.0474852)
(12.7021 0 0.0416749)
(12.7466 0 0.0355065)
(12.7851 0 0.0290193)
(12.8169 0 0.0222642)
(12.8414 0 0.0153063)
(12.8578 0 0.00822753)
(12.8657 0 0.00112744)
(12.8646 0 -0.00590968)
(12.8542 0 -0.012829)
(12.834 0 -0.019566)
(12.804 0 -0.0260454)
(12.7641 0 -0.032186)
(12.7144 0 -0.0379051)
(12.6551 0 -0.0431217)
(12.5866 0 -0.0477589)
(12.5096 0 -0.0517467)
(12.4246 0 -0.0550248)
(12.3328 0 -0.0575445)
(12.235 0 -0.0592701)
(12.1325 0 -0.0601807)
(12.0265 0 -0.0602702)
(11.9185 0 -0.0595492)
(11.8098 0 -0.058048)
(11.702 0 -0.0558213)
(11.5711 0 -0.0530833)
)
;

boundaryField
{
    inlet
    {
        type            fixedValue;
        value           uniform (10 0 0);
    }
    outlet
    {
        type            zeroGradient;
    }
    flap
    {
        type            movingWallVelocity;
        value           nonuniform List<vector> 
33
(
(0 0 6.93889e-16)
(0 0 0)
(0 0 0)
(0 0 0)
(0 0 0)
(0 0 0)
(0 0 0)
(0 0 0)
(0 0 0)
(0 0 0)
(0 0 0)
(0 0 -1.11022e-14)
(0 0 -1.11022e-14)
(0 0 -1.11022e-14)
(0 0 -2.22045e-14)
(6.93889e-16 -2.77556e-15 0)
(0 -2.77556e-15 0)
(0 0 0)
(0 0 6.93889e-16)
(0 0 0)
(0 0 0)
(0 0 0)
(0 0 0)
(0 0 0)
(0 0 -5.55112e-15)
(0 0 0)
(0 0 -1.11022e-14)
(0 0 0)
(0 0 0)
(0 0 0)
(0 0 0)
(0 -2.77556e-15 -1.11022e-14)
(0 0 -1.11022e-14)
)
;
    }
    upperWall
    {
        type            noSlip;
    }
    lowerWall
    {
        type            noSlip;
    }
    frontAndBack
    {
        type            empty;
    }
}


// ************************************************************************* //
