/*--------------------------------*- C++ -*----------------------------------*\
  =========                 |
  \\      /  F ield         | OpenFOAM: The Open Source CFD Toolbox
   \\    /   O peration     | Website:  https://openfoam.org
    \\  /    A nd           | Version:  dev
     \\/     M anipulation  |
\*---------------------------------------------------------------------------*/
FoamFile
{
    version     2.0;
    format      ascii;
    class       volVectorField;
    location    "3.3";
    object      U;
}
// * * * * * * * * * * * * * * * * * * * * * * * * * * * * * * * * * * * * * //

dimensions      [0 1 -1 0 0 0 0];

internalField   nonuniform List<vector> 
2790
(
(9.94399 0 0.0205234)
(9.87572 0 0.0295881)
(9.7752 0 0.0359901)
(9.64943 0 0.0425569)
(9.50408 0 0.0493862)
(9.34006 0 0.0564291)
(9.15653 0 0.0638166)
(8.95261 0 0.0717122)
(8.72745 0 0.0802557)
(8.48007 0 0.0895737)
(8.20926 0 0.0997935)
(7.91364 0 0.111045)
(7.59168 0 0.12346)
(7.24178 0 0.137164)
(6.86233 0 0.152272)
(6.45181 0 0.168869)
(6.0089 0 0.186996)
(5.53272 0 0.206618)
(5.02301 0 0.227589)
(4.4805 0 0.24961)
(3.90722 0 0.272176)
(3.3069 0 0.294525)
(2.68537 0 0.315621)
(2.05071 0 0.33429)
(1.41189 0 0.350609)
(0.798117 0 0.372886)
(0.110825 0 0.325096)
(-0.469535 0 -0.114835)
(-0.453758 0 -0.297151)
(-0.231153 0 -0.423848)
(9.9985 0 0.0407037)
(9.98145 0 0.0623841)
(9.93574 0 0.0791419)
(9.86416 0 0.0966268)
(9.77096 0 0.115126)
(9.65714 0 0.13449)
(9.52204 0 0.154977)
(9.36484 0 0.176945)
(9.1847 0 0.200708)
(8.98066 0 0.22655)
(8.75151 0 0.254744)
(8.49588 0 0.285559)
(8.2122 0 0.319247)
(7.89882 0 0.35602)
(7.55405 0 0.396016)
(7.17621 0 0.439258)
(6.76381 0 0.485587)
(6.3157 0 0.534581)
(5.8313 0 0.585456)
(5.31094 0 0.636949)
(4.75623 0 0.687199)
(4.1705 0 0.733644)
(3.55939 0 0.772953)
(2.93165 0 0.801097)
(2.30005 0 0.813758)
(1.69305 0 0.807266)
(1.10725 0 0.747279)
(0.658955 0 0.547965)
(0.186528 0 0.224662)
(-0.00819526 0 -0.453703)
(9.99559 0 0.0432081)
(9.97556 0 0.0752738)
(9.9318 0 0.103349)
(9.86489 0 0.132374)
(9.77777 0 0.163063)
(9.67154 0 0.195402)
(9.54587 0 0.229745)
(9.40012 0 0.266605)
(9.23364 0 0.306471)
(9.04562 0 0.349807)
(8.83507 0 0.39707)
(8.6008 0 0.448718)
(8.34144 0 0.505186)
(8.0555 0 0.566855)
(7.74138 0 0.634)
(7.39746 0 0.706718)
(7.02213 0 0.784822)
(6.61399 0 0.867707)
(6.17199 0 0.954177)
(5.6957 0 1.04224)
(5.1857 0 1.12887)
(4.64405 0 1.20978)
(4.07489 0 1.27915)
(3.48548 0 1.32934)
(2.88695 0 1.3501)
(2.29956 0 1.32645)
(1.73193 0 1.22082)
(1.21632 0 0.973062)
(0.70119 0 0.570215)
(0.358065 0 -0.15647)
(9.99403 0 0.0495009)
(9.97181 0 0.0932094)
(9.92788 0 0.133576)
(9.86224 0 0.174214)
(9.77692 0 0.216438)
(9.67297 0 0.260666)
(9.5503 0 0.307434)
(9.40847 0 0.357418)
(9.24701 0 0.411292)
(9.06531 0 0.469705)
(8.86267 0 0.533299)
(8.63818 0 0.602717)
(8.39084 0 0.678582)
(8.11951 0 0.761461)
(7.823 0 0.851803)
(7.50002 0 0.949853)
(7.14926 0 1.05552)
(6.76948 0 1.16821)
(6.35954 0 1.28657)
(5.91866 0 1.40824)
(5.4466 0 1.52944)
(4.94409 0 1.64466)
(4.41327 0 1.74613)
(3.85837 0 1.82322)
(3.28593 0 1.86138)
(2.7065 0 1.84036)
(2.12574 0 1.72606)
(1.55433 0 1.47794)
(0.957995 0 1.08379)
(0.509442 0 0.502422)
(9.99331 0 0.0572158)
(9.96994 0 0.110963)
(9.92593 0 0.162109)
(9.86145 0 0.213354)
(9.77798 0 0.266363)
(9.67634 0 0.321921)
(9.55652 0 0.380708)
(9.4182 0 0.443493)
(9.26095 0 0.511058)
(9.08431 0 0.58417)
(8.88768 0 0.663583)
(8.67037 0 0.750055)
(8.43157 0 0.844321)
(8.17045 0 0.947065)
(7.88607 0 1.05885)
(7.57748 0 1.18004)
(7.24368 0 1.31065)
(6.88363 0 1.45014)
(6.49632 0 1.59718)
(6.08079 0 1.74928)
(5.63623 0 1.90237)
(5.16221 0 2.05028)
(4.65888 0 2.18415)
(4.12732 0 2.29173)
(3.56952 0 2.35658)
(2.989 0 2.35736)
(2.38693 0 2.26503)
(1.76647 0 2.04774)
(1.09004 0 1.69152)
(0.536675 0 1.15428)
(9.99302 0 0.0655414)
(9.96923 0 0.128707)
(9.92556 0 0.19012)
(9.86252 0 0.251852)
(9.78127 0 0.315587)
(9.68243 0 0.382327)
(9.56599 0 0.452882)
(9.43169 0 0.528107)
(9.27918 0 0.608883)
(9.10804 0 0.696084)
(8.91775 0 0.790574)
(8.70771 0 0.893214)
(8.47726 0 1.00484)
(8.22566 0 1.12623)
(7.95214 0 1.25806)
(7.65588 0 1.40077)
(7.33604 0 1.5545)
(6.99166 0 1.71881)
(6.62172 0 1.8925)
(6.22506 0 2.07316)
(5.80035 0 2.25679)
(5.34613 0 2.43715)
(4.86082 0 2.60516)
(4.34282 0 2.74821)
(3.79052 0 2.84956)
(3.2027 0 2.88824)
(2.57669 0 2.83831)
(1.91356 0 2.67173)
(1.17281 0 2.37415)
(0.549996 0 1.89457)
(9.99297 0 0.0740782)
(9.96926 0 0.14632)
(9.92637 0 0.217492)
(9.86508 0 0.289302)
(9.78641 0 0.363366)
(9.69083 0 0.440838)
(9.57833 0 0.52267)
(9.44869 0 0.609819)
(9.30162 0 0.70326)
(9.13675 0 0.803965)
(8.95361 0 0.912895)
(8.75167 0 1.031)
(8.53031 0 1.1592)
(8.28885 0 1.29837)
(8.02657 0 1.44926)
(7.74268 0 1.61243)
(7.43629 0 1.78813)
(7.10641 0 1.9761)
(6.75184 0 2.17534)
(6.37106 0 2.38374)
(5.96217 0 2.59767)
(5.52273 0 2.81132)
(5.04964 0 3.0161)
(4.53914 0 3.19994)
(3.98681 0 3.34669)
(3.38806 0 3.43602)
(2.73739 0 3.44341)
(2.03635 0 3.34164)
(1.24182 0 3.11377)
(0.563549 0 2.69336)
(9.99306 0 0.082592)
(9.96981 0 0.163613)
(9.92806 0 0.24406)
(9.86884 0 0.325492)
(9.79311 0 0.409459)
(9.70124 0 0.497219)
(9.59321 0 0.589851)
(9.46885 0 0.688406)
(9.32793 0 0.793946)
(9.17011 0 0.907531)
(8.99499 0 1.03021)
(8.80207 0 1.16302)
(8.59078 0 1.30699)
(8.36047 0 1.46306)
(8.11042 0 1.63211)
(7.83978 0 1.81482)
(7.5476 0 2.0116)
(7.23267 0 2.22244)
(6.89353 0 2.44665)
(6.52821 0 2.6826)
(6.13416 0 2.92726)
(5.70795 0 3.17568)
(5.2451 0 3.42029)
(4.73994 0 3.65016)
(4.18565 0 3.85023)
(3.57494 0 4.00094)
(2.89969 0 4.07802)
(2.16226 0 4.05256)
(1.31622 0 3.90193)
(0.583264 0 3.54042)
(9.99326 0 0.0909329)
(9.97072 0 0.180417)
(9.93045 0 0.269679)
(9.87361 0 0.360255)
(9.80116 0 0.453662)
(9.71342 0 0.551225)
(9.61035 0 0.654126)
(9.49185 0 0.763508)
(9.35772 0 0.880514)
(9.20769 0 1.00628)
(9.04141 0 1.14195)
(8.85843 0 1.28866)
(8.65822 0 1.4475)
(8.44017 0 1.61955)
(8.20353 0 1.80582)
(7.94742 0 2.00715)
(7.67076 0 2.22417)
(7.37216 0 2.45718)
(7.04981 0 2.70595)
(6.70131 0 2.96946)
(6.32342 0 3.24555)
(5.91175 0 3.53042)
(5.4605 0 3.81797)
(4.96219 0 4.09892)
(4.40762 0 4.35985)
(3.78662 0 4.58215)
(3.08778 0 4.7412)
(2.31289 0 4.80467)
(1.41077 0 4.74138)
(0.614369 0 4.44227)
(9.99352 0 0.0989974)
(9.9719 0 0.196589)
(9.9334 0 0.294209)
(9.87923 0 0.393433)
(9.81039 0 0.495774)
(9.72715 0 0.602607)
(9.6295 0 0.7152)
(9.51738 0 0.834777)
(9.39064 0 0.962556)
(9.24908 0 1.09975)
(9.0924 0 1.24759)
(8.92022 0 1.40728)
(8.73207 0 1.58004)
(8.52736 0 1.76707)
(8.30538 0 1.9695)
(8.06521 0 2.18841)
(7.80569 0 2.42471)
(7.52527 0 2.67906)
(7.22191 0 2.9518)
(6.89279 0 3.24268)
(6.53409 0 3.55065)
(6.14058 0 3.87335)
(5.7052 0 4.20657)
(5.21868 0 4.54328)
(4.66923 0 4.87239)
(4.04314 0 5.177)
(3.32397 0 5.43244)
(2.51002 0 5.60222)
(1.54205 0 5.64387)
(0.664142 0 5.41849)
(9.99384 0 0.10671)
(9.9733 0 0.212011)
(9.93679 0 0.317518)
(9.88557 0 0.424874)
(9.82062 0 0.53561)
(9.74223 0 0.651142)
(9.65042 0 0.772808)
(9.54514 0 0.901904)
(9.42633 0 1.03971)
(9.29385 0 1.18753)
(9.14747 0 1.34663)
(8.98688 0 1.51834)
(8.81168 0 1.70397)
(8.62136 0 1.90483)
(8.41525 0 2.12225)
(8.19246 0 2.35752)
(7.95182 0 2.61187)
(7.69174 0 2.88642)
(7.41003 0 3.18214)
(7.10365 0 3.4997)
(6.76839 0 3.8393)
(6.39843 0 4.20036)
(5.98571 0 4.58101)
(5.5193 0 4.97718)
(4.98466 0 5.38122)
(4.3636 0 5.77955)
(3.63226 0 6.14927)
(2.78047 0 6.45096)
(1.73371 0 6.62899)
(0.744961 0 6.5037)
(9.9942 0 0.114013)
(9.97487 0 0.226588)
(9.94055 0 0.339491)
(9.8925 0 0.454445)
(9.83172 0 0.573007)
(9.75848 0 0.696634)
(9.67285 0 0.826719)
(9.57484 0 0.964616)
(9.46443 0 1.11167)
(9.34156 0 1.26923)
(9.20609 0 1.43865)
(9.05779 0 1.62133)
(8.89636 0 1.81867)
(8.72139 0 2.03212)
(8.53229 0 2.26318)
(8.32828 0 2.51336)
(8.10827 0 2.78424)
(7.87074 0 3.07743)
(7.61356 0 3.39456)
(7.33371 0 3.7373)
(7.02694 0 4.10724)
(6.68722 0 4.5058)
(6.30603 0 4.93388)
(5.87131 0 5.39124)
(5.36609 0 5.87519)
(4.7673 0 6.37818)
(4.04119 0 6.88332)
(3.16195 0 7.35384)
(2.02515 0 7.72382)
(0.880943 0 7.75796)
(9.99459 0 0.120861)
(9.97657 0 0.240239)
(9.94461 0 0.360027)
(9.89994 0 0.482025)
(9.84354 0 0.607823)
(9.77573 0 0.738912)
(9.69659 0 0.876727)
(9.60618 0 1.02267)
(9.50458 0 1.17814)
(9.39178 0 1.34453)
(9.26774 0 1.52326)
(9.13234 0 1.71578)
(8.98538 0 1.92359)
(8.82658 0 2.14826)
(8.65552 0 2.39143)
(8.47156 0 2.65485)
(8.27382 0 2.94042)
(8.06098 0 3.2502)
(7.83118 0 3.58651)
(7.58173 0 3.95196)
(7.30877 0 4.34958)
(7.00669 0 4.78287)
(6.66733 0 5.2558)
(6.27869 0 5.77265)
(5.8228 0 6.33743)
(5.27296 0 6.95225)
(4.58515 0 7.61366)
(3.71067 0 8.30126)
(2.48883 0 8.95903)
(1.12485 0 9.29453)
(9.99501 0 0.127219)
(9.97837 0 0.252901)
(9.9489 0 0.379043)
(9.90778 0 0.507514)
(9.85596 0 0.639939)
(9.79379 0 0.777836)
(9.72139 0 0.922673)
(9.63888 0 1.07589)
(9.54641 0 1.23892)
(9.44405 0 1.4132)
(9.33187 0 1.60017)
(9.20985 0 1.80136)
(9.07795 0 2.01832)
(8.93602 0 2.25272)
(8.78385 0 2.50633)
(8.62103 0 2.7811)
(8.44695 0 3.07918)
(8.26067 0 3.40304)
(8.06082 0 3.75558)
(7.84534 0 4.14026)
(7.61123 0 4.56139)
(7.35406 0 5.02437)
(7.06721 0 5.53615)
(6.74059 0 6.10574)
(6.35826 0 6.74485)
(5.89462 0 7.46859)
(5.30159 0 8.29618)
(4.50993 0 9.24822)
(3.26997 0 10.3428)
(1.60577 0 11.3613)
(9.99544 0 0.13306)
(9.98026 0 0.264522)
(9.95338 0 0.396467)
(9.91594 0 0.53082)
(9.86886 0 0.669235)
(9.8125 0 0.813251)
(9.74703 0 0.964362)
(9.67266 0 1.12403)
(9.58956 0 1.29372)
(9.49794 0 1.47487)
(9.39793 0 1.66898)
(9.28966 0 1.87758)
(9.17325 0 2.10229)
(9.04872 0 2.34482)
(8.91608 0 2.60705)
(8.77522 0 2.89104)
(8.62589 0 3.19916)
(8.46765 0 3.53415)
(8.29977 0 3.89934)
(8.12112 0 4.2988)
(7.93 0 4.73776)
(7.72386 0 5.22307)
(7.49887 0 5.76394)
(7.24916 0 6.37321)
(6.96524 0 7.06934)
(6.63163 0 7.88017)
(6.21555 0 8.85122)
(5.66761 0 10.0656)
(4.69256 0 11.7319)
(2.68931 0 14.5967)
(0.145991 0 -0.151006)
(0.334285 0 -0.133947)
(0.529544 0 -0.107621)
(0.698092 0 -0.0844919)
(0.835363 0 -0.066114)
(0.947017 0 -0.0518238)
(1.03943 0 -0.0408242)
(1.11742 0 -0.0324533)
(1.18449 0 -0.0261232)
(1.24324 0 -0.0213006)
(1.29554 0 -0.0175188)
(1.34258 0 -0.0143965)
(1.38492 0 -0.0116654)
(1.42279 0 -0.00918974)
(1.45626 0 -0.00691798)
(1.48541 0 -0.00472824)
(1.50991 0 -0.00227314)
(1.52853 0 0.000905027)
(1.53908 0 0.00484774)
(1.54003 0 0.00855871)
(1.53214 0 0.0107168)
(1.51881 0 0.0109789)
(1.50395 0 0.00964837)
(1.48969 0 0.00739063)
(1.47766 0 0.00464332)
(1.47009 0 0.00132886)
(1.47076 0 -0.00220506)
(1.48166 0 -0.00547134)
(1.5024 0 -0.00778724)
(1.53636 0 -0.00790473)
(0.115974 0 -0.33153)
(0.296135 0 -0.306603)
(0.473371 0 -0.253359)
(0.628833 0 -0.204698)
(0.759125 0 -0.165701)
(0.869012 0 -0.135316)
(0.963581 0 -0.111937)
(1.04663 0 -0.0941668)
(1.12094 0 -0.0807434)
(1.18859 0 -0.0705098)
(1.25111 0 -0.0624396)
(1.30948 0 -0.0556761)
(1.36421 0 -0.0496108)
(1.41542 0 -0.0439662)
(1.46318 0 -0.0387278)
(1.50776 0 -0.0337856)
(1.54957 0 -0.0284719)
(1.58858 0 -0.0217262)
(1.62351 0 -0.0132951)
(1.652 0 -0.00482658)
(1.67302 0 0.00149683)
(1.689 0 0.0056956)
(1.70336 0 0.00853461)
(1.71758 0 0.00937066)
(1.73193 0 0.0075263)
(1.74701 0 0.00325232)
(1.76245 0 -0.00264181)
(1.77814 0 -0.00949707)
(1.79457 0 -0.0162549)
(1.81751 0 -0.019122)
(0.0861633 0 -0.512803)
(0.236279 0 -0.478365)
(0.372027 0 -0.39898)
(0.491395 0 -0.326184)
(0.590976 0 -0.267738)
(0.675194 0 -0.221956)
(0.747767 0 -0.186479)
(0.811422 0 -0.159241)
(0.868218 0 -0.138405)
(0.919745 0 -0.122314)
(0.967192 0 -0.109484)
(1.01135 0 -0.0986313)
(1.05257 0 -0.0888069)
(1.09082 0 -0.0795909)
(1.12588 0 -0.0711147)
(1.15784 0 -0.0635561)
(1.1875 0 -0.0560983)
(1.21589 0 -0.0465789)
(1.2427 0 -0.0333194)
(1.2654 0 -0.0191791)
(1.28112 0 -0.0106978)
(1.29236 0 -0.00879327)
(1.3027 0 -0.00977054)
(1.31109 0 -0.0117088)
(1.31548 0 -0.0145867)
(1.31537 0 -0.017601)
(1.31096 0 -0.0201981)
(1.3017 0 -0.0225577)
(1.28882 0 -0.0245315)
(1.27368 0 -0.0239551)
(0.0587931 0 -0.647057)
(0.170359 0 -0.597486)
(0.255503 0 -0.495052)
(0.332037 0 -0.404235)
(0.393266 0 -0.332047)
(0.444312 0 -0.275555)
(0.487212 0 -0.231762)
(0.523587 0 -0.198067)
(0.554766 0 -0.172223)
(0.581819 0 -0.152245)
(0.605608 0 -0.136338)
(0.626795 0 -0.122894)
(0.645841 0 -0.110616)
(0.662661 0 -0.0988339)
(0.676556 0 -0.0877463)
(0.686606 0 -0.078102)
(0.693172 0 -0.0699247)
(0.699204 0 -0.0617326)
(0.707589 0 -0.0507457)
(0.717107 0 -0.0345399)
(0.704773 0 -0.016726)
(0.663951 0 -0.00429585)
(0.617051 0 0.00198292)
(0.572555 0 0.00593986)
(0.531753 0 0.00822161)
(0.497417 0 0.0080596)
(0.478154 0 0.00494951)
(0.465117 0 8.89276e-06)
(0.459076 0 -0.00663867)
(0.462815 0 -0.0176741)
(0.0310958 0 -0.737102)
(0.0967481 0 -0.667522)
(0.124648 0 -0.545483)
(0.154541 0 -0.443096)
(0.171763 0 -0.362112)
(0.183771 0 -0.298681)
(0.190514 0 -0.249422)
(0.192826 0 -0.211407)
(0.191447 0 -0.182166)
(0.186981 0 -0.159575)
(0.180001 0 -0.141732)
(0.171184 0 -0.126862)
(0.161444 0 -0.113345)
(0.150931 0 -0.100019)
(0.139023 0 -0.086656)
(0.123495 0 -0.0738122)
(0.099374 0 -0.0614476)
(0.0695315 0 -0.0475127)
(0.0318865 0 -0.0279077)
(-0.00532467 0 -0.00203027)
(-0.0300289 0 0.0210287)
(-0.0460943 0 0.0325798)
(-0.0624448 0 0.0342355)
(-0.0779425 0 0.0300982)
(-0.0934785 0 0.0216865)
(-0.107346 0 0.0101793)
(-0.111014 0 -0.0004612)
(-0.110072 0 -0.00962162)
(-0.107808 0 -0.0193688)
(-0.107949 0 -0.0310282)
(0.00153061 0 -0.775234)
(0.0148176 0 -0.682069)
(-0.0173512 0 -0.543629)
(-0.0376745 0 -0.435338)
(-0.0684192 0 -0.349413)
(-0.100201 0 -0.282568)
(-0.134529 0 -0.230882)
(-0.170647 0 -0.191152)
(-0.208088 0 -0.160588)
(-0.246472 0 -0.136861)
(-0.285391 0 -0.11804)
(-0.324226 0 -0.102455)
(-0.362127 0 -0.0886503)
(-0.398162 0 -0.0754959)
(-0.431613 0 -0.0623967)
(-0.462315 0 -0.0493753)
(-0.490486 0 -0.0367616)
(-0.51582 0 -0.0242938)
(-0.537019 0 -0.011327)
(-0.553 0 0.00204574)
(-0.558962 0 0.0158885)
(-0.563772 0 0.0268341)
(-0.567039 0 0.0316372)
(-0.569912 0 0.0302439)
(-0.57373 0 0.02408)
(-0.578677 0 0.0151031)
(-0.583048 0 0.00535008)
(-0.585156 0 -0.0050273)
(-0.589422 0 -0.016063)
(-0.594589 0 -0.0264655)
(-0.0329606 0 -0.753313)
(-0.0775044 0 -0.633599)
(-0.166137 0 -0.49197)
(-0.241036 0 -0.382868)
(-0.319057 0 -0.297667)
(-0.394298 0 -0.232471)
(-0.466361 0 -0.18292)
(-0.534303 0 -0.145755)
(-0.597357 0 -0.11816)
(-0.655096 0 -0.0977056)
(-0.707468 0 -0.0823815)
(-0.754624 0 -0.0704866)
(-0.796742 0 -0.0605526)
(-0.833952 0 -0.0513854)
(-0.866405 0 -0.0421975)
(-0.894411 0 -0.0326487)
(-0.918401 0 -0.0226379)
(-0.938695 0 -0.0119506)
(-0.955165 0 -0.000414923)
(-0.964671 0 0.0111575)
(-0.969207 0 0.0213831)
(-0.970526 0 0.0288903)
(-0.970087 0 0.0319028)
(-0.969529 0 0.030117)
(-0.970176 0 0.024114)
(-0.972598 0 0.0152435)
(-0.976306 0 0.00536092)
(-0.980513 0 -0.00475203)
(-0.98684 0 -0.0158021)
(-0.992098 0 -0.0258528)
(-0.0736549 0 -0.669285)
(-0.174272 0 -0.531287)
(-0.317999 0 -0.391199)
(-0.443949 0 -0.287084)
(-0.563231 0 -0.209881)
(-0.671019 0 -0.15378)
(-0.766853 0 -0.113447)
(-0.850981 0 -0.0849562)
(-0.92433 0 -0.0653921)
(-0.988007 0 -0.052202)
(-1.04324 0 -0.0432904)
(-1.09116 0 -0.0370023)
(-1.13268 0 -0.0320122)
(-1.16855 0 -0.027276)
(-1.1994 0 -0.0220959)
(-1.22579 0 -0.0161675)
(-1.2482 0 -0.00947331)
(-1.26687 0 -0.00208548)
(-1.28052 0 0.00594828)
(-1.28924 0 0.0145508)
(-1.29407 0 0.0227664)
(-1.29557 0 0.0289304)
(-1.29521 0 0.0315729)
(-1.29458 0 0.0302004)
(-1.29497 0 0.0250986)
(-1.29712 0 0.0172947)
(-1.30119 0 0.00815139)
(-1.30685 0 -0.00177903)
(-1.31431 0 -0.0127125)
(-1.31937 0 -0.0220434)
(-0.120597 0 -0.523165)
(-0.277924 0 -0.37592)
(-0.474512 0 -0.247937)
(-0.643686 0 -0.159829)
(-0.795302 0 -0.0984319)
(-0.926019 0 -0.057518)
(-1.03689 0 -0.0316188)
(-1.12756 0 -0.0171232)
(-1.20224 0 -0.00951942)
(-1.26433 0 -0.00602219)
(-1.31667 0 -0.00482613)
(-1.36139 0 -0.00471254)
(-1.39993 0 -0.00477435)
(-1.43328 0 -0.00428543)
(-1.4621 0 -0.00276089)
(-1.48689 0 -5.70967e-05)
(-1.50785 0 0.00367145)
(-1.52478 0 0.0081686)
(-1.53809 0 0.0133589)
(-1.54766 0 0.0191181)
(-1.55355 0 0.0248719)
(-1.55644 0 0.029383)
(-1.55762 0 0.031394)
(-1.55848 0 0.030194)
(-1.56017 0 0.0257921)
(-1.56343 0 0.0189447)
(-1.56874 0 0.0107164)
(-1.57626 0 0.00154796)
(-1.58478 0 -0.00859218)
(-1.58999 0 -0.0168439)
(-0.178496 0 -0.322084)
(-0.403962 0 -0.17872)
(-0.659933 0 -0.0556304)
(-0.85831 0 0.00891196)
(-1.0193 0 0.0396456)
(-1.14864 0 0.0517824)
(-1.25255 0 0.0533684)
(-1.33876 0 0.050121)
(-1.4106 0 0.044492)
(-1.47095 0 0.0380261)
(-1.52215 0 0.031643)
(-1.56595 0 0.0258116)
(-1.60356 0 0.0208717)
(-1.63587 0 0.0172369)
(-1.66372 0 0.0152655)
(-1.68789 0 0.0149987)
(-1.7089 0 0.0161236)
(-1.72682 0 0.0182308)
(-1.74135 0 0.0210555)
(-1.75225 0 0.0244489)
(-1.75969 0 0.0280808)
(-1.76449 0 0.0311417)
(-1.76787 0 0.0325691)
(-1.77105 0 0.0315123)
(-1.77494 0 0.0277178)
(-1.78019 0 0.0216703)
(-1.78738 0 0.0141928)
(-1.7968 0 0.0056697)
(-1.80629 0 -0.00359699)
(-1.81176 0 -0.0108837)
(-0.250382 0 -0.00314319)
(-0.517204 0 0.133561)
(-0.783168 0 0.167728)
(-0.988519 0 0.174877)
(-1.15554 0 0.167232)
(-1.29068 0 0.152123)
(-1.40026 0 0.134172)
(-1.48955 0 0.115699)
(-1.56279 0 0.0979478)
(-1.62359 0 0.0819255)
(-1.67492 0 0.0681193)
(-1.71888 0 0.0564088)
(-1.7567 0 0.0465902)
(-1.78923 0 0.0388459)
(-1.81739 0 0.0335285)
(-1.84216 0 0.0305932)
(-1.86418 0 0.0294268)
(-1.88343 0 0.0292624)
(-1.89943 0 0.0296865)
(-1.91185 0 0.0307122)
(-1.92097 0 0.0323609)
(-1.92778 0 0.0341613)
(-1.93356 0 0.0351313)
(-1.93939 0 0.0342333)
(-1.9459 0 0.0309331)
(-1.95348 0 0.0254739)
(-1.96275 0 0.0185548)
(-1.97406 0 0.0106499)
(-1.98515 0 0.00226325)
(-1.99064 0 -0.00421732)
(-0.284593 0 0.371112)
(-0.580469 0 0.419694)
(-0.880984 0 0.39613)
(-1.10657 0 0.353835)
(-1.28256 0 0.306475)
(-1.41981 0 0.260345)
(-1.52819 0 0.218798)
(-1.61509 0 0.182652)
(-1.68566 0 0.151508)
(-1.74386 0 0.125413)
(-1.79313 0 0.104242)
(-1.83583 0 0.0869399)
(-1.87296 0 0.0724017)
(-1.90499 0 0.0605522)
(-1.93281 0 0.0519646)
(-1.95776 0 0.0466366)
(-1.98068 0 0.0435368)
(-2.00141 0 0.0413365)
(-2.01908 0 0.0393944)
(-2.03307 0 0.0380064)
(-2.04376 0 0.0377296)
(-2.05243 0 0.038457)
(-2.0606 0 0.039172)
(-2.06924 0 0.0385232)
(-2.07867 0 0.0356322)
(-2.08898 0 0.0305387)
(-2.10066 0 0.02396)
(-2.11408 0 0.016578)
(-2.12676 0 0.00899829)
(-2.1328 0 0.00326104)
(-0.33369 0 0.783551)
(-0.682541 0 0.766675)
(-1.01641 0 0.652381)
(-1.24635 0 0.539865)
(-1.41624 0 0.44467)
(-1.54402 0 0.364164)
(-1.64253 0 0.298276)
(-1.72096 0 0.245187)
(-1.7846 0 0.201415)
(-1.83696 0 0.165842)
(-1.88183 0 0.138241)
(-1.92196 0 0.116391)
(-1.95774 0 0.0976748)
(-1.98865 0 0.0817832)
(-2.01544 0 0.0700492)
(-2.04004 0 0.0628165)
(-2.06381 0 0.0584094)
(-2.08631 0 0.0545514)
(-2.10592 0 0.050239)
(-2.12148 0 0.0462533)
(-2.13347 0 0.0440152)
(-2.14373 0 0.0439026)
(-2.15417 0 0.044709)
(-2.16578 0 0.0445444)
(-2.17845 0 0.0420616)
(-2.19176 0 0.0371152)
(-2.20594 0 0.0305842)
(-2.22138 0 0.0235289)
(-2.23553 0 0.0167164)
(-2.24222 0 0.0117266)
(-0.430202 0 1.28359)
(-0.859421 0 1.16825)
(-1.21707 0 0.918819)
(-1.42233 0 0.712491)
(-1.56332 0 0.568168)
(-1.6675 0 0.453639)
(-1.74594 0 0.365638)
(-1.80939 0 0.299822)
(-1.86235 0 0.246038)
(-1.90591 0 0.201618)
(-1.94406 0 0.168747)
(-1.98071 0 0.144094)
(-2.01512 0 0.122084)
(-2.04463 0 0.10208)
(-2.06953 0 0.0872294)
(-2.09308 0 0.0788835)
(-2.11769 0 0.0742496)
(-2.1425 0 0.0693297)
(-2.16454 0 0.06252)
(-2.18163 0 0.0554561)
(-2.19439 0 0.0510281)
(-2.20565 0 0.0503464)
(-2.21811 0 0.0517419)
(-2.23273 0 0.052399)
(-2.24877 0 0.0503132)
(-2.26506 0 0.0451835)
(-2.28139 0 0.0382437)
(-2.29818 0 0.0311875)
(-2.3131 0 0.0250623)
(-2.32002 0 0.0208629)
(-0.629093 0 2.19064)
(-1.15246 0 1.79029)
(-1.52312 0 1.20852)
(-1.64931 0 0.817366)
(-1.72357 0 0.65162)
(-1.7894 0 0.521535)
(-1.83623 0 0.418353)
(-1.87868 0 0.34508)
(-1.92009 0 0.2823)
(-1.95316 0 0.22709)
(-1.98169 0 0.191309)
(-2.01404 0 0.168997)
(-2.04799 0 0.146447)
(-2.07624 0 0.122117)
(-2.09798 0 0.10336)
(-2.11923 0 0.0946692)
(-2.14471 0 0.0912916)
(-2.17283 0 0.0860026)
(-2.19809 0 0.0762436)
(-2.21652 0 0.0651215)
(-2.22901 0 0.0580027)
(-2.24017 0 0.0571675)
(-2.25409 0 0.0599743)
(-2.2717 0 0.0620071)
(-2.29131 0 0.0603485)
(-2.31063 0 0.0546148)
(-2.3288 0 0.0466577)
(-2.34635 0 0.0391904)
(-2.36153 0 0.0337626)
(-2.3685 0 0.0305322)
(9.9959 0 0.138456)
(9.98225 0 0.275258)
(9.9581 0 0.412553)
(9.92452 0 0.552308)
(9.88239 0 0.696201)
(9.83213 0 0.845784)
(9.77394 0 1.00256)
(9.70809 0 1.16802)
(9.63484 0 1.3436)
(9.55449 0 1.53078)
(9.46729 0 1.73106)
(9.37351 0 1.94597)
(9.27341 0 2.17715)
(9.16726 0 2.42634)
(9.0553 0 2.69545)
(8.93776 0 2.98661)
(8.81482 0 3.30227)
(8.68663 0 3.64533)
(8.55326 0 4.0193)
(8.41472 0 4.42856)
(8.27093 0 4.87873)
(8.12179 0 5.37729)
(7.96727 0 5.9344)
(7.80763 0 6.56443)
(7.64414 0 7.28843)
(7.48182 0 8.13903)
(7.33405 0 9.17021)
(7.2912 0 10.4756)
(7.75256 0 12.2002)
(7.94085 0 14.9202)
(9.99638 0 0.143417)
(9.98433 0 0.285115)
(9.96304 0 0.427284)
(9.9335 0 0.571923)
(9.89654 0 0.720721)
(9.85258 0 0.875239)
(9.80192 0 1.03698)
(9.74485 0 1.20743)
(9.68175 0 1.38803)
(9.61299 0 1.58025)
(9.53894 0 1.78556)
(9.46004 0 2.00549)
(9.37671 0 2.24165)
(9.28944 0 2.49577)
(9.19874 0 2.76974)
(9.10521 0 3.06566)
(9.00948 0 3.38596)
(8.91232 0 3.73349)
(8.81463 0 4.11169)
(8.71761 0 4.52483)
(8.62286 0 4.97832)
(8.53275 0 5.47918)
(8.45102 0 6.03673)
(8.38394 0 6.66354)
(8.34272 0 7.37683)
(8.3495 0 8.19997)
(8.44322 0 9.16305)
(8.67992 0 10.2992)
(9.32865 0 11.5527)
(9.82156 0 12.6372)
(9.99688 0 0.147855)
(9.9865 0 0.29393)
(9.96818 0 0.440439)
(9.94281 0 0.589397)
(9.91118 0 0.742501)
(9.87373 0 0.9013)
(9.8308 0 1.06729)
(9.78276 0 1.24194)
(9.73004 0 1.42666)
(9.67311 0 1.6229)
(9.61249 0 1.83209)
(9.54872 0 2.05571)
(9.48242 0 2.29533)
(9.41429 0 2.55259)
(9.34514 0 2.8293)
(9.27588 0 3.12745)
(9.20761 0 3.44933)
(9.14166 0 3.79754)
(9.07974 0 4.17523)
(9.02406 0 4.58613)
(8.97763 0 5.03485)
(8.94474 0 5.52705)
(8.93168 0 6.06971)
(8.948 0 6.6712)
(9.0082 0 7.34092)
(9.13442 0 8.08746)
(9.35769 0 8.9126)
(9.68742 0 9.80502)
(10.2532 0 10.713)
(10.9405 0 11.4258)
(9.9974 0 0.151718)
(9.98873 0 0.301594)
(9.97346 0 0.451849)
(9.95237 0 0.604502)
(9.9262 0 0.761238)
(9.8954 0 0.923593)
(9.86035 0 1.09304)
(9.82149 0 1.271)
(9.77932 0 1.45888)
(9.73439 0 1.65804)
(9.68732 0 1.86987)
(9.63879 0 2.09578)
(9.58961 0 2.33723)
(9.54066 0 2.59575)
(9.49298 0 2.87301)
(9.44783 0 3.17079)
(9.40667 0 3.4911)
(9.37135 0 3.83621)
(9.34415 0 4.20868)
(9.32805 0 4.61149)
(9.32698 0 5.04803)
(9.34625 0 5.52213)
(9.39309 0 6.03791)
(9.47742 0 6.59931)
(9.61243 0 7.20907)
(9.81494 0 7.86681)
(10.1077 0 8.56537)
(10.4992 0 9.28999)
(11.0562 0 10.0305)
(11.8485 0 10.6737)
(9.99792 0 0.154959)
(9.991 0 0.308016)
(9.97883 0 0.461381)
(9.9621 0 0.617059)
(9.94147 0 0.776716)
(9.9174 0 0.941857)
(9.89033 0 1.11392)
(9.86073 0 1.29428)
(9.82916 0 1.48429)
(9.79626 0 1.68523)
(9.76275 0 1.89843)
(9.72942 0 2.12516)
(9.69721 0 2.36679)
(9.66719 0 2.62466)
(9.64061 0 2.90025)
(9.61895 0 3.19507)
(9.604 0 3.51079)
(9.59793 0 3.84916)
(9.60344 0 4.21212)
(9.62391 0 4.6017)
(9.66365 0 5.02)
(9.7282 0 5.46901)
(9.82462 0 5.95035)
(9.96187 0 6.4647)
(10.151 0 7.01095)
(10.405 0 7.58519)
(10.7412 0 8.17929)
(11.1711 0 8.77854)
(11.7178 0 9.37136)
(12.4697 0 9.88291)
(9.99845 0 0.157535)
(9.9933 0 0.31311)
(9.98426 0 0.468907)
(9.97191 0 0.626902)
(9.95686 0 0.788729)
(9.93956 0 0.955852)
(9.92047 0 1.12966)
(9.90012 0 1.31147)
(9.87912 0 1.50255)
(9.85817 0 1.70412)
(9.83806 0 1.91737)
(9.81969 0 2.14348)
(9.8041 0 2.38363)
(9.7925 0 2.63899)
(9.78628 0 2.91077)
(9.78711 0 3.20019)
(9.79694 0 3.5085)
(9.81815 0 3.83692)
(9.85359 0 4.1867)
(9.90676 0 4.55893)
(9.98192 0 4.95452)
(10.0843 0 5.37394)
(10.2203 0 5.81691)
(10.3973 0 6.28196)
(10.6242 0 6.76584)
(10.9107 0 7.26276)
(11.2679 0 7.76348)
(11.7037 0 8.25246)
(12.219 0 8.71301)
(12.8936 0 9.10365)
(9.99898 0 0.159406)
(9.9956 0 0.316799)
(9.98969 0 0.474315)
(9.98174 0 0.633885)
(9.97224 0 0.797098)
(9.96168 0 0.965368)
(9.95051 0 1.14002)
(9.93931 0 1.3223)
(9.92873 0 1.51339)
(9.91951 0 1.71441)
(9.9125 0 1.92643)
(9.90867 0 2.15048)
(9.90914 0 2.38755)
(9.91519 0 2.63862)
(9.92831 0 2.9046)
(9.95024 0 3.1864)
(9.98302 0 3.48482)
(10.0291 0 3.80058)
(10.0912 0 4.13425)
(10.1727 0 4.48611)
(10.2776 0 4.85607)
(10.4105 0 5.24342)
(10.5767 0 5.64657)
(10.782 0 6.06271)
(11.0329 0 6.48737)
(11.3358 0 6.91383)
(11.6968 0 7.33276)
(12.1199 0 7.73076)
(12.5991 0 8.09327)
(13.2034 0 8.39982)
(9.99951 0 0.160539)
(9.99788 0 0.319016)
(9.99509 0 0.477506)
(9.99148 0 0.63788)
(9.98749 0 0.801672)
(9.98356 0 0.970232)
(9.98019 0 1.14481)
(9.97795 0 1.32658)
(9.97754 0 1.51661)
(9.97971 0 1.71592)
(9.98535 0 1.92544)
(9.99547 0 2.14604)
(10.0112 0 2.37853)
(10.0339 0 2.62365)
(10.0651 0 2.88204)
(10.1065 0 3.15426)
(10.16 0 3.44074)
(10.2281 0 3.74169)
(10.3134 0 4.0571)
(10.4189 0 4.3866)
(10.548 0 4.72932)
(10.7045 0 5.08373)
(10.8926 0 5.44744)
(11.1165 0 5.81694)
(11.3806 0 6.18733)
(11.6886 0 6.55204)
(12.0434 0 6.90282)
(12.4464 0 7.22936)
(12.89 0 7.52054)
(13.4321 0 7.7651)
(10 0 0.160905)
(10.0001 0 0.319708)
(10.0004 0 0.478401)
(10.0011 0 0.638788)
(10.0025 0 0.802333)
(10.005 0 0.970315)
(10.0092 0 1.1439)
(10.0157 0 1.32417)
(10.0251 0 1.5121)
(10.0382 0 1.70857)
(10.0559 0 1.91438)
(10.0792 0 2.13023)
(10.1093 0 2.35674)
(10.1475 0 2.59442)
(10.1952 0 2.84365)
(10.2541 0 3.10468)
(10.3262 0 3.37757)
(10.4134 0 3.66213)
(10.5183 0 3.95787)
(10.6433 0 4.26392)
(10.7914 0 4.57888)
(10.9654 0 4.90074)
(11.1684 0 5.22671)
(11.4033 0 5.55307)
(11.6727 0 5.87508)
(11.9784 0 6.18691)
(12.3214 0 6.48168)
(12.7013 0 6.75159)
(13.1104 0 6.98832)
(13.5974 0 7.18502)
(10.0005 0 0.160484)
(10.0023 0 0.31883)
(10.0056 0 0.476941)
(10.0104 0 0.636534)
(10.017 0 0.798998)
(10.0258 0 0.965531)
(10.0374 0 1.13722)
(10.0522 0 1.31503)
(10.0709 0 1.49983)
(10.0944 0 1.69238)
(10.1234 0 1.89333)
(10.1591 0 2.10324)
(10.2024 0 2.32251)
(10.2547 0 2.55146)
(10.3174 0 2.79022)
(10.3919 0 3.03878)
(10.4799 0 3.29687)
(10.5835 0 3.56398)
(10.7044 0 3.83929)
(10.845 0 4.12157)
(11.0072 0 4.40911)
(11.1935 0 4.69968)
(11.4057 0 4.9904)
(11.6457 0 5.27768)
(11.9147 0 5.55724)
(12.2135 0 5.82411)
(12.5415 0 6.07278)
(12.8973 0 6.29735)
(13.2741 0 6.4918)
(13.7134 0 6.65199)
(10.001 0 0.15926)
(10.0044 0 0.316356)
(10.0106 0 0.473085)
(10.0194 0 0.631073)
(10.031 0 0.791621)
(10.0459 0 0.955843)
(10.0644 0 1.12473)
(10.0871 0 1.29914)
(10.1147 0 1.47984)
(10.1478 0 1.66746)
(10.1874 0 1.86252)
(10.2344 0 2.06539)
(10.2898 0 2.27634)
(10.3548 0 2.49548)
(10.4306 0 2.72273)
(10.5187 0 2.95784)
(10.6204 0 3.20032)
(10.7373 0 3.44942)
(10.8711 0 3.70407)
(11.0235 0 3.96286)
(11.1959 0 4.22395)
(11.3899 0 4.48505)
(11.6069 0 4.7434)
(11.8476 0 4.99575)
(12.1124 0 5.23838)
(12.4012 0 5.46721)
(12.7127 0 5.67791)
(13.0451 0 5.86614)
(13.3923 0 6.02767)
(13.7906 0 6.16)
(10.0015 0 0.157226)
(10.0065 0 0.31227)
(10.0154 0 0.466816)
(10.028 0 0.622386)
(10.0444 0 0.780193)
(10.065 0 0.941258)
(10.09 0 1.10647)
(10.1202 0 1.2766)
(10.156 0 1.45229)
(10.1981 0 1.63404)
(10.2474 0 1.82225)
(10.3047 0 2.01716)
(10.3709 0 2.21886)
(10.447 0 2.4273)
(10.5343 0 2.64225)
(10.6338 0 2.86326)
(10.7468 0 3.08969)
(10.8745 0 3.32061)
(11.0182 0 3.55483)
(11.1791 0 3.79085)
(11.3582 0 4.02684)
(11.5565 0 4.2606)
(11.7747 0 4.4896)
(12.0129 0 4.71101)
(12.2709 0 4.9217)
(12.5481 0 5.11841)
(12.8428 0 5.29783)
(13.1531 0 5.4568)
(13.4736 0 5.5924)
(13.8367 0 5.70315)
(10.0019 0 0.15438)
(10.0084 0 0.306571)
(10.0199 0 0.458135)
(10.0361 0 0.610488)
(10.0571 0 0.764744)
(10.0829 0 0.921831)
(10.1141 0 1.08254)
(10.1511 0 1.24755)
(10.1945 0 1.41737)
(10.2449 0 1.59242)
(10.3029 0 1.77295)
(10.3693 0 1.95908)
(10.445 0 2.15079)
(10.5309 0 2.34787)
(10.6279 0 2.54996)
(10.7369 0 2.7565)
(10.859 0 2.96673)
(10.995 0 3.17963)
(11.146 0 3.39397)
(11.3126 0 3.60826)
(11.4956 0 3.82074)
(11.6953 0 4.0294)
(11.9121 0 4.23203)
(12.1456 0 4.42618)
(12.3952 0 4.60934)
(12.66 0 4.77893)
(12.9382 0 4.93246)
(13.2279 0 5.06767)
(13.5247 0 5.18257)
(13.8575 0 5.27633)
(10.0024 0 0.150728)
(10.0102 0 0.299272)
(10.0241 0 0.447068)
(10.0437 0 0.595417)
(10.0689 0 0.745337)
(10.0997 0 0.897661)
(10.1366 0 1.05309)
(10.1799 0 1.21218)
(10.2301 0 1.37537)
(10.2878 0 1.54296)
(10.3536 0 1.7151)
(10.4281 0 1.89179)
(10.512 0 2.07291)
(10.6062 0 2.25816)
(10.7112 0 2.44707)
(10.8279 0 2.63901)
(10.957 0 2.83314)
(11.0992 0 3.02844)
(11.2551 0 3.22369)
(11.4252 0 3.41746)
(11.6097 0 3.60814)
(11.8087 0 3.79396)
(12.0221 0 3.97299)
(12.2494 0 4.14323)
(12.4897 0 4.30265)
(12.7419 0 4.44927)
(13.0044 0 4.58125)
(13.2753 0 4.69697)
(13.5508 0 4.79513)
(13.8573 0 4.87528)
(10.0027 0 0.146283)
(10.0119 0 0.2904)
(10.0281 0 0.433657)
(10.0508 0 0.577241)
(10.0798 0 0.72207)
(10.1152 0 0.868884)
(10.1572 0 1.01829)
(10.2062 0 1.17076)
(10.2626 0 1.32663)
(10.3268 0 1.4861)
(10.3994 0 1.64924)
(10.4809 0 1.81597)
(10.5718 0 1.98608)
(10.6727 0 2.15919)
(10.7843 0 2.33478)
(10.907 0 2.51217)
(11.0414 0 2.69052)
(11.1878 0 2.86882)
(11.3467 0 3.04591)
(11.5183 0 3.22048)
(11.7024 0 3.3911)
(11.8991 0 3.55622)
(12.1078 0 3.71423)
(12.3279 0 3.8635)
(12.5585 0 4.00243)
(12.7984 0 4.12951)
(13.046 0 4.24341)
(13.2997 0 4.34299)
(13.5563 0 4.4274)
(13.8399 0 4.49648)
(10.0031 0 0.141064)
(10.0134 0 0.279992)
(10.0317 0 0.417964)
(10.0573 0 0.556048)
(10.0898 0 0.695068)
(10.1293 0 0.835672)
(10.1759 0 0.978377)
(10.23 0 1.12357)
(10.2918 0 1.27151)
(10.3618 0 1.42231)
(10.4402 0 1.57597)
(10.5276 0 1.73234)
(10.6243 0 1.89114)
(10.7307 0 2.05196)
(10.8474 0 2.21425)
(10.9746 0 2.37732)
(11.1126 0 2.54034)
(11.2617 0 2.70237)
(11.422 0 2.86233)
(11.5935 0 3.01905)
(11.7759 0 3.17128)
(11.969 0 3.3177)
(12.1721 0 3.457)
(12.3846 0 3.58786)
(12.6054 0 3.70905)
(12.8333 0 3.81943)
(13.067 0 3.91803)
(13.3051 0 4.0041)
(13.5448 0 4.07708)
(13.8084 0 4.13698)
(10.0034 0 0.135092)
(10.0148 0 0.268096)
(10.035 0 0.400064)
(10.0631 0 0.53195)
(10.0988 0 0.664483)
(10.142 0 0.798225)
(10.1927 0 0.93361)
(10.2512 0 1.07095)
(10.3178 0 1.21042)
(10.3927 0 1.35209)
(10.476 0 1.49588)
(10.5683 0 1.6416)
(10.6697 0 1.78894)
(10.7805 0 1.93745)
(10.901 0 2.08658)
(11.0313 0 2.23567)
(11.1717 0 2.38392)
(11.3221 0 2.53048)
(11.4824 0 2.67436)
(11.6526 0 2.81455)
(11.8323 0 2.94998)
(12.0209 0 3.07955)
(12.2179 0 3.20219)
(12.4225 0 3.31686)
(12.6336 0 3.42261)
(12.8502 0 3.51862)
(13.0711 0 3.60418)
(13.295 0 3.6788)
(13.5196 0 3.74214)
(13.7655 0 3.79431)
(10.0037 0 0.128398)
(10.0161 0 0.25477)
(10.0379 0 0.380046)
(10.0684 0 0.505072)
(10.1069 0 0.630483)
(10.1533 0 0.756761)
(10.2076 0 0.884267)
(10.27 0 1.01324)
(10.3406 0 1.1438)
(10.4196 0 1.27595)
(10.5071 0 1.40959)
(10.6033 0 1.54447)
(10.7083 0 1.68028)
(10.8224 0 1.81656)
(10.9456 0 1.95278)
(11.078 0 2.08831)
(11.2195 0 2.22242)
(11.3701 0 2.35433)
(11.5295 0 2.48319)
(11.6975 0 2.60812)
(11.8736 0 2.72822)
(12.0573 0 2.84258)
(12.2479 0 2.95036)
(12.4445 0 3.05074)
(12.6463 0 3.14301)
(12.8523 0 3.22655)
(13.0614 0 3.3009)
(13.2724 0 3.36571)
(13.4835 0 3.42082)
(13.7138 0 3.46638)
(10.004 0 0.121011)
(10.0172 0 0.240077)
(10.0405 0 0.35801)
(10.0731 0 0.475551)
(10.114 0 0.593251)
(10.1632 0 0.711517)
(10.2207 0 0.83064)
(10.2864 0 0.9508)
(10.3604 0 1.07207)
(10.4428 0 1.19441)
(10.5336 0 1.31767)
(10.6329 0 1.44162)
(10.7407 0 1.56592)
(10.8571 0 1.69013)
(10.982 0 1.81375)
(11.1155 0 1.9362)
(11.2572 0 2.05682)
(11.4071 0 2.17492)
(11.5648 0 2.28977)
(11.73 0 2.40062)
(11.9021 0 2.50672)
(12.0805 0 2.60736)
(12.2645 0 2.70184)
(12.4535 0 2.78956)
(12.6465 0 2.86996)
(12.8425 0 2.94263)
(13.0408 0 3.00722)
(13.2402 0 3.06356)
(13.4392 0 3.11154)
(13.6556 0 3.15136)
(10.0042 0 0.112964)
(10.0182 0 0.224082)
(10.0428 0 0.334057)
(10.0771 0 0.443531)
(10.1202 0 0.552976)
(10.1719 0 0.66273)
(10.2319 0 0.773024)
(10.3004 0 0.883986)
(10.3772 0 0.995647)
(10.4624 0 1.10794)
(10.5558 0 1.2207)
(10.6574 0 1.33368)
(10.7672 0 1.44655)
(10.8852 0 1.55891)
(11.0111 0 1.67029)
(11.1448 0 1.78015)
(11.2861 0 1.88794)
(11.4346 0 1.99304)
(11.59 0 2.09483)
(11.7519 0 2.19269)
(11.9197 0 2.28601)
(12.0927 0 2.37421)
(12.2704 0 2.45675)
(12.452 0 2.53318)
(12.6366 0 2.60309)
(12.8235 0 2.66617)
(13.0118 0 2.72222)
(13.2007 0 2.77113)
(13.3889 0 2.81287)
(13.5931 0 2.84765)
(10.0044 0 0.104291)
(10.019 0 0.206853)
(10.0448 0 0.308291)
(10.0807 0 0.409158)
(10.1256 0 0.509849)
(10.1793 0 0.610641)
(10.2416 0 0.711709)
(10.3123 0 0.813142)
(10.3914 0 0.914935)
(10.4787 0 1.017)
(10.5741 0 1.11917)
(10.6774 0 1.22121)
(10.7886 0 1.32278)
(10.9074 0 1.42354)
(11.0336 0 1.52305)
(11.167 0 1.62084)
(11.3072 0 1.71642)
(11.4539 0 1.80928)
(11.6067 0 1.89889)
(11.765 0 1.98475)
(11.9284 0 2.06635)
(12.0961 0 2.14324)
(12.2677 0 2.21502)
(12.4422 0 2.28132)
(12.6191 0 2.34187)
(12.7976 0 2.39645)
(12.977 0 2.44493)
(13.1565 0 2.48727)
(13.335 0 2.52348)
(13.5283 0 2.55376)
(10.0046 0 0.0950237)
(10.0198 0 0.188456)
(10.0466 0 0.280816)
(10.0837 0 0.372573)
(10.1302 0 0.464054)
(10.1856 0 0.555477)
(10.2497 0 0.646972)
(10.3223 0 0.73859)
(10.4031 0 0.830307)
(10.4921 0 0.922021)
(10.5889 0 1.01356)
(10.6934 0 1.1047)
(10.8054 0 1.19515)
(10.9245 0 1.28457)
(11.0505 0 1.37259)
(11.1831 0 1.4588)
(11.3219 0 1.54279)
(11.4665 0 1.62411)
(11.6164 0 1.70234)
(11.7711 0 1.77706)
(11.9301 0 1.84789)
(12.0927 0 1.91445)
(12.2584 0 1.97645)
(12.4265 0 2.03361)
(12.5963 0 2.08574)
(12.7672 0 2.1327)
(12.9385 0 2.17442)
(13.1096 0 2.21088)
(13.2795 0 2.24213)
(13.4631 0 2.26836)
(10.0047 0 0.0851895)
(10.0204 0 0.168948)
(10.0481 0 0.251722)
(10.0863 0 0.333907)
(10.1341 0 0.415763)
(10.1909 0 0.497453)
(10.2565 0 0.579066)
(10.3305 0 0.660625)
(10.4128 0 0.742087)
(10.5029 0 0.823347)
(10.6008 0 0.904242)
(10.706 0 0.984559)
(10.8183 0 1.06404)
(10.9373 0 1.14239)
(11.0628 0 1.21928)
(11.1943 0 1.29437)
(11.3314 0 1.3673)
(11.4737 0 1.43772)
(11.6207 0 1.50528)
(11.7718 0 1.56963)
(11.9266 0 1.63048)
(12.0844 0 1.68755)
(12.2447 0 1.7406)
(12.4068 0 1.78945)
(12.5702 0 1.83395)
(12.7342 0 1.87402)
(12.8983 0 1.90962)
(13.0619 0 1.94076)
(13.2242 0 1.96751)
(13.3994 0 1.99003)
(10.0049 0 0.0748091)
(10.021 0 0.148374)
(10.0494 0 0.221089)
(10.0886 0 0.293279)
(10.1374 0 0.365135)
(10.1954 0 0.436768)
(10.2621 0 0.508232)
(10.3373 0 0.579527)
(10.4205 0 0.650601)
(10.5116 0 0.721347)
(10.61 0 0.791613)
(10.7156 0 0.861206)
(10.8279 0 0.929899)
(10.9466 0 0.997438)
(11.0712 0 1.06355)
(11.2015 0 1.12794)
(11.3368 0 1.19032)
(11.4768 0 1.2504)
(11.6209 0 1.30789)
(11.7686 0 1.36254)
(11.9194 0 1.41411)
(12.0728 0 1.46239)
(12.2281 0 1.50719)
(12.3849 0 1.5484)
(12.5425 0 1.58592)
(12.7005 0 1.61968)
(12.8582 0 1.64969)
(13.0153 0 1.67597)
(13.171 0 1.69859)
(13.3389 0 1.71769)
(10.005 0 0.0638892)
(10.0216 0 0.12676)
(10.0506 0 0.188976)
(10.0906 0 0.250783)
(10.1404 0 0.31229)
(10.1992 0 0.373553)
(10.2669 0 0.434597)
(10.3429 0 0.49541)
(10.4269 0 0.555936)
(10.5185 0 0.616073)
(10.6173 0 0.675686)
(10.723 0 0.734607)
(10.8351 0 0.792642)
(10.9532 0 0.849578)
(11.0769 0 0.905186)
(11.2057 0 0.959229)
(11.3393 0 1.01147)
(11.477 0 1.06168)
(11.6184 0 1.10964)
(11.763 0 1.15514)
(11.9102 0 1.19799)
(12.0596 0 1.23806)
(12.2105 0 1.2752)
(12.3625 0 1.30932)
(12.5151 0 1.34037)
(12.6678 0 1.3683)
(12.8201 0 1.39314)
(12.9715 0 1.41491)
(13.1215 0 1.43367)
(13.2831 0 1.44956)
(10.0051 0 0.0524095)
(10.0221 0 0.104091)
(10.0518 0 0.155424)
(10.0925 0 0.206548)
(10.143 0 0.257461)
(10.2026 0 0.308158)
(10.2709 0 0.358639)
(10.3475 0 0.408876)
(10.432 0 0.458807)
(10.524 0 0.508337)
(10.623 0 0.557347)
(10.7285 0 0.605697)
(10.8403 0 0.653227)
(10.9577 0 0.699764)
(11.0804 0 0.745126)
(11.208 0 0.789126)
(11.3398 0 0.83158)
(11.4754 0 0.872309)
(11.6144 0 0.911144)
(11.7562 0 0.947931)
(11.9002 0 0.982537)
(12.0461 0 1.01485)
(12.1932 0 1.04477)
(12.3412 0 1.07225)
(12.4895 0 1.09724)
(12.6376 0 1.11973)
(12.7852 0 1.13974)
(12.9319 0 1.15729)
(13.0771 0 1.17245)
(13.2333 0 1.18532)
(10.0053 0 0.0402869)
(10.0228 0 0.080262)
(10.0533 0 0.120277)
(10.0947 0 0.160268)
(10.1459 0 0.200129)
(10.206 0 0.23984)
(10.2748 0 0.279397)
(10.3519 0 0.318765)
(10.4367 0 0.35788)
(10.5288 0 0.396655)
(10.6278 0 0.43499)
(10.7332 0 0.472769)
(10.8445 0 0.509863)
(10.9612 0 0.546136)
(11.083 0 0.581443)
(11.2093 0 0.615642)
(11.3396 0 0.648592)
(11.4734 0 0.680157)
(11.6102 0 0.710214)
(11.7496 0 0.738649)
(11.8909 0 0.765365)
(12.0339 0 0.790282)
(12.1778 0 0.813338)
(12.3224 0 0.834492)
(12.4671 0 0.853721)
(12.6116 0 0.87102)
(12.7554 0 0.886404)
(12.8982 0 0.899904)
(13.0396 0 0.911565)
(13.1916 0 0.921477)
(10.0056 0 0.0273391)
(10.0239 0 0.0556155)
(10.0551 0 0.0846219)
(10.0971 0 0.113693)
(10.1487 0 0.1426)
(10.2093 0 0.171363)
(10.2785 0 0.199996)
(10.3559 0 0.228463)
(10.4409 0 0.256711)
(10.5331 0 0.284676)
(10.632 0 0.312288)
(10.7372 0 0.339465)
(10.8481 0 0.366119)
(10.9642 0 0.392153)
(11.0851 0 0.417469)
(11.2104 0 0.441966)
(11.3394 0 0.465549)
(11.4717 0 0.488124)
(11.6068 0 0.509605)
(11.7442 0 0.529918)
(11.8834 0 0.548995)
(12.0239 0 0.566785)
(12.1654 0 0.583246)
(12.3073 0 0.598353)
(12.4492 0 0.612093)
(12.5908 0 0.624465)
(12.7316 0 0.635482)
(12.8714 0 0.645169)
(13.0096 0 0.653559)
(13.1581 0 0.660724)
(10.0068 0 0.0112539)
(10.0271 0 0.0265958)
(10.0594 0 0.0438292)
(10.1017 0 0.0613479)
(10.1535 0 0.078833)
(10.2143 0 0.0963269)
(10.2836 0 0.113824)
(10.361 0 0.131266)
(10.446 0 0.148591)
(10.5381 0 0.165745)
(10.6368 0 0.182675)
(10.7416 0 0.199324)
(10.852 0 0.215634)
(10.9676 0 0.231543)
(11.0878 0 0.246987)
(11.2122 0 0.261907)
(11.3402 0 0.276243)
(11.4713 0 0.28994)
(11.6051 0 0.302949)
(11.741 0 0.315227)
(11.8787 0 0.326735)
(12.0176 0 0.337446)
(12.1572 0 0.347339)
(12.2972 0 0.356401)
(12.4372 0 0.364629)
(12.5767 0 0.372025)
(12.7154 0 0.378603)
(12.8531 0 0.384381)
(12.9893 0 0.389387)
(13.1355 0 0.393681)
(9.99589 0 0.000925499)
(10.007 0 0.00495962)
(10.0277 0 0.01027)
(10.0577 0 0.0158141)
(10.0974 0 0.0214303)
(10.1468 0 0.0271454)
(10.2051 0 0.03295)
(10.2721 0 0.0388094)
(10.3471 0 0.0446915)
(10.4297 0 0.0505699)
(10.5193 0 0.0564205)
(10.6156 0 0.0622183)
(10.7179 0 0.0679374)
(10.8258 0 0.0735515)
(10.9387 0 0.0790342)
(11.0561 0 0.0843597)
(11.1775 0 0.0895032)
(11.3024 0 0.0944412)
(11.4302 0 0.0991526)
(11.5605 0 0.103618)
(11.6927 0 0.107822)
(11.8263 0 0.111751)
(11.961 0 0.115396)
(12.0962 0 0.118748)
(12.2315 0 0.121805)
(12.3665 0 0.124567)
(12.501 0 0.127035)
(12.6345 0 0.129214)
(12.7667 0 0.131109)
(12.9087 0 0.132751)
(9.45659 0 13.0825)
(6.24153 0 10.7501)
(-0.977934 0 5.44244)
(10.3697 0 11.2031)
(9.80857 0 9.88761)
(8.21811 0 8.08052)
(11.4608 0 11.1176)
(11.6738 0 10.559)
(11.4147 0 9.64837)
(12.349 0 10.7275)
(12.693 0 10.5592)
(12.7978 0 10.1424)
(12.914 0 9.99388)
(13.2828 0 9.9862)
(13.5246 0 9.84753)
(13.2881 0 9.22072)
(13.6489 0 9.27787)
(13.9312 0 9.2676)
(13.5545 0 8.50604)
(13.8865 0 8.57871)
(14.1602 0 8.61438)
(13.7436 0 7.85365)
(14.0409 0 7.92063)
(14.2898 0 7.96566)
(13.8743 0 7.25733)
(14.1392 0 7.31407)
(14.3616 0 7.35619)
(13.961 0 6.71153)
(14.1978 0 6.759)
(14.3966 0 6.79563)
(14.0136 0 6.20966)
(14.2265 0 6.24963)
(14.4051 0 6.28109)
(14.0389 0 5.7451)
(14.2317 0 5.77914)
(14.3933 0 5.80632)
(14.042 0 5.31218)
(14.2176 0 5.3415)
(14.3649 0 5.36522)
(14.0266 0 4.90621)
(14.1877 0 4.93173)
(14.3228 0 4.95263)
(13.9961 0 4.52337)
(14.1447 0 4.54574)
(14.2693 0 4.56428)
(13.9533 0 4.1605)
(14.0909 0 4.18022)
(14.2065 0 4.19673)
(13.9005 0 3.81497)
(14.0286 0 3.83241)
(14.1363 0 3.84716)
(13.84 0 3.48456)
(13.9599 0 3.50001)
(14.0605 0 3.51319)
(13.7741 0 3.16736)
(13.8866 0 3.18105)
(13.9811 0 3.19282)
(13.7047 0 2.86171)
(13.8107 0 2.87381)
(13.8998 0 2.88429)
(13.6338 0 2.56608)
(13.7341 0 2.57673)
(13.8184 0 2.58602)
(13.5634 0 2.27909)
(13.6586 0 2.2884)
(13.7387 0 2.29657)
(13.495 0 1.99928)
(13.5858 0 2.00735)
(13.6622 0 2.01447)
(13.4304 0 1.72558)
(13.5173 0 1.73248)
(13.5905 0 1.73859)
(13.3711 0 1.45614)
(13.4547 0 1.46191)
(13.5251 0 1.46704)
(13.3184 0 1.19068)
(13.3993 0 1.19539)
(13.4674 0 1.19958)
(13.2743 0 0.92559)
(13.3529 0 0.929211)
(13.4191 0 0.932449)
(13.239 0 0.663709)
(13.3159 0 0.666335)
(13.3807 0 0.668682)
(13.215 0 0.395402)
(13.2906 0 0.396853)
(13.3543 0 0.398127)
(12.986 0 0.133363)
(13.0596 0 0.133845)
(13.1216 0 0.134274)
(-2.59511 0 1.56439)
(-1.84852 0 1.33426)
(-2.15137 0 0.832172)
(-1.98724 0 0.750223)
(-1.86248 0 0.788489)
(-1.89422 0 0.620095)
(-1.91024 0 0.431905)
(-1.92957 0 0.349502)
(-1.96183 0 0.298461)
(-1.98052 0 0.244606)
(-1.99134 0 0.216039)
(-2.01826 0 0.202744)
(-2.05597 0 0.177783)
(-2.08517 0 0.141646)
(-2.1019 0 0.113667)
(-2.11822 0 0.106263)
(-2.14446 0 0.108298)
(-2.17756 0 0.104988)
(-2.20731 0 0.0922767)
(-2.22662 0 0.0757071)
(-2.23694 0 0.0648514)
(-2.24616 0 0.0644309)
(-2.26084 0 0.0699761)
(-2.28173 0 0.0741963)
(-2.30548 0 0.0729374)
(-2.32814 0 0.0659205)
(-2.34788 0 0.0559858)
(-2.36541 0 0.0474261)
(-2.38012 0 0.0426914)
(-2.38687 0 0.0406733)
(6.07204 0 5.45225)
(3.61675 0 3.53255)
(1.48746 0 2.08338)
(-1.08555 0 0.663429)
(-1.77542 0 0.469101)
(-2.05489 0 0.277738)
(-2.02726 0 0.285326)
(-1.94103 0 0.437797)
(-1.95285 0 0.435664)
(-1.96485 0 0.304526)
(-1.95856 0 0.208166)
(-1.98855 0 0.198971)
(-2.04183 0 0.18184)
(-2.07393 0 0.142017)
(-2.07634 0 0.11634)
(-2.07849 0 0.123974)
(-2.10462 0 0.138525)
(-2.1464 0 0.1374)
(-2.18362 0 0.116793)
(-2.20369 0 0.0875359)
(-2.20888 0 0.0679479)
(-2.21314 0 0.0685698)
(-2.22779 0 0.0797959)
(-2.25284 0 0.0878642)
(-2.28188 0 0.0872233)
(-2.30852 0 0.0782377)
(-2.32947 0 0.0652373)
(-2.34576 0 0.0548042)
(-2.35885 0 0.0510165)
(-2.36503 0 0.0508619)
(10.3429 0 7.61589)
(8.60085 0 5.83071)
(6.68211 0 4.38492)
(4.77261 0 3.16662)
(3.02428 0 2.19764)
(1.58865 0 1.39494)
(-0.403249 0 0.52886)
(-1.55104 0 0.29654)
(-1.9117 0 0.155825)
(-2.02365 0 0.00633213)
(-1.9427 0 0.10763)
(-1.90228 0 0.320512)
(-1.9654 0 0.338739)
(-2.00053 0 0.248646)
(-1.98025 0 0.150109)
(-1.96772 0 0.118338)
(-2.00406 0 0.141618)
(-2.0649 0 0.145521)
(-2.11535 0 0.118037)
(-2.13459 0 0.0789098)
(-2.12638 0 0.0593461)
(-2.1181 0 0.074031)
(-2.13154 0 0.0971344)
(-2.16296 0 0.110739)
(-2.19928 0 0.109904)
(-2.23071 0 0.0968755)
(-2.25228 0 0.0780183)
(-2.26541 0 0.0630905)
(-2.27512 0 0.0595731)
(-2.28031 0 0.0621123)
(12.4805 0 8.78088)
(11.6021 0 7.33655)
(10.3711 0 6.02716)
(8.97833 0 4.85417)
(7.50531 0 3.84582)
(6.07119 0 3.01978)
(4.6346 0 2.32098)
(3.26939 0 1.73499)
(2.03595 0 1.21019)
(1.06894 0 0.707798)
(-0.837081 0 0.193519)
(-1.42621 0 0.239551)
(-1.80239 0 0.145143)
(-1.94381 0 -0.0064594)
(-1.9112 0 -0.068919)
(-1.82733 0 0.0765805)
(-1.82976 0 0.242187)
(-1.91173 0 0.269749)
(-1.97905 0 0.22534)
(-1.99148 0 0.14759)
(-1.95902 0 0.0815126)
(-1.93773 0 0.0711218)
(-1.95891 0 0.102414)
(-2.0033 0 0.123276)
(-2.05071 0 0.12152)
(-2.08851 0 0.102689)
(-2.11005 0 0.0763413)
(-2.11689 0 0.0566653)
(-2.11974 0 0.0575312)
(-2.12303 0 0.0701327)
(13.65 0 9.0992)
(13.3627 0 8.09476)
(12.7398 0 7.04712)
(11.8807 0 6.03479)
(10.8611 0 5.10925)
(9.75835 0 4.29807)
(8.61284 0 3.57792)
(7.44423 0 2.93559)
(6.28245 0 2.37502)
(5.1819 0 1.92449)
(4.04682 0 1.55061)
(3.01227 0 1.21389)
(2.07136 0 0.896247)
(1.2426 0 0.591605)
(0.290134 0 0.215312)
(-0.975355 0 0.116652)
(-1.31758 0 0.200758)
(-1.59771 0 0.175276)
(-1.74497 0 0.0845386)
(-1.78795 0 -0.0276227)
(-1.73953 0 -0.0685793)
(-1.69657 0 0.0360054)
(-1.70018 0 0.157501)
(-1.76065 0 0.194192)
(-1.82419 0 0.187117)
(-1.86922 0 0.157593)
(-1.88748 0 0.118836)
(-1.87967 0 0.0860304)
(-1.8661 0 0.0812041)
(-1.86615 0 0.105868)
(14.275 0 8.92016)
(14.3541 0 8.303)
(14.1815 0 7.5561)
(13.7763 0 6.76462)
(13.1814 0 5.98186)
(12.4492 0 5.24135)
(11.6233 0 4.55244)
(10.7338 0 3.92328)
(9.80634 0 3.36263)
(8.87037 0 2.88427)
(7.93419 0 2.46042)
(7.00994 0 2.072)
(6.11117 0 1.71839)
(5.23463 0 1.418)
(4.38505 0 1.18432)
(3.51499 0 0.992113)
(2.74499 0 0.805486)
(2.04412 0 0.635306)
(1.40177 0 0.474126)
(0.825106 0 0.305525)
(0.0919348 0 0.0942227)
(-0.782744 0 0.078151)
(-1.08107 0 0.145775)
(-1.29427 0 0.158115)
(-1.41615 0 0.135811)
(-1.49168 0 0.0919276)
(-1.52752 0 0.0379084)
(-1.52338 0 -0.00759457)
(-1.50326 0 -0.00550501)
(-1.51621 0 0.0800137)
(14.581 0 8.48847)
(14.8618 0 8.14995)
(14.986 0 7.66489)
(14.92 0 7.09284)
(14.6736 0 6.479)
(14.2786 0 5.85794)
(13.768 0 5.25213)
(13.1687 0 4.67699)
(12.5028 0 4.14308)
(11.7921 0 3.65853)
(11.0551 0 3.21709)
(10.3045 0 2.81376)
(9.5481 0 2.44695)
(8.78927 0 2.12585)
(8.03894 0 1.85442)
(7.2988 0 1.61777)
(6.5884 0 1.39922)
(5.90756 0 1.19626)
(5.24769 0 1.01056)
(4.60298 0 0.856278)
(3.97538 0 0.745856)
(3.33955 0 0.65078)
(2.76615 0 0.549779)
(2.243 0 0.45705)
(1.75773 0 0.372026)
(1.29587 0 0.291216)
(0.845509 0 0.214034)
(0.397684 0 0.140555)
(-0.0716718 0 0.0768887)
(-0.686951 0 0.288684)
(14.7136 0 7.9466)
(15.0821 0 7.78317)
(15.3751 0 7.49299)
(15.5343 0 7.10704)
(15.546 0 6.65673)
(15.4236 0 6.17034)
(15.1862 0 5.67051)
(14.8518 0 5.17439)
(14.437 0 4.69476)
(13.9593 0 4.24109)
(13.435 0 3.81653)
(12.8769 0 3.42114)
(12.2933 0 3.05557)
(11.6909 0 2.72424)
(11.0796 0 2.42945)
(10.469 0 2.16687)
(9.86735 0 1.92713)
(9.27448 0 1.70477)
(8.68672 0 1.50179)
(8.10369 0 1.32634)
(7.53174 0 1.18062)
(6.97248 0 1.05542)
(6.43694 0 0.939519)
(5.92237 0 0.831619)
(5.42082 0 0.731958)
(4.92705 0 0.641402)
(4.4367 0 0.56323)
(3.94124 0 0.504687)
(3.47324 0 0.473502)
(2.74864 0 0.516307)
(14.7576 0 7.38061)
(15.1454 0 7.3142)
(15.5142 0 7.15232)
(15.8021 0 6.90598)
(15.9834 0 6.59271)
(16.0582 0 6.23136)
(16.0338 0 5.83958)
(15.9187 0 5.43276)
(15.7231 0 5.02373)
(15.4585 0 4.62268)
(15.1372 0 4.2359)
(14.7696 0 3.86682)
(14.3643 0 3.51845)
(13.9288 0 3.19462)
(13.4721 0 2.89788)
(13.0029 0 2.62685)
(12.5275 0 2.37669)
(12.0475 0 2.14435)
(11.5631 0 1.9313)
(11.0757 0 1.74134)
(10.5903 0 1.57559)
(10.1123 0 1.43074)
(9.64512 0 1.29946)
(9.18617 0 1.1779)
(8.73034 0 1.0662)
(8.27397 0 0.966246)
(7.81423 0 0.881606)
(7.34799 0 0.818147)
(6.88788 0 0.786349)
(6.2788 0 0.799138)
(14.7562 0 6.83363)
(15.1294 0 6.81496)
(15.5162 0 6.72902)
(15.862 0 6.57677)
(16.1387 0 6.36595)
(16.3396 0 6.10706)
(16.4642 0 5.81165)
(16.5138 0 5.49127)
(16.4921 0 5.15664)
(16.405 0 4.81703)
(16.2602 0 4.47951)
(16.0649 0 4.14926)
(15.8264 0 3.83062)
(15.5512 0 3.52758)
(15.2468 0 3.24298)
(14.92 0 2.97721)
(14.5764 0 2.7287)
(14.219 0 2.49651)
(13.8497 0 2.28178)
(13.471 0 2.08674)
(13.087 0 1.91228)
(12.702 0 1.75638)
(12.3182 0 1.61465)
(11.9344 0 1.48452)
(11.5477 0 1.3663)
(11.1558 0 1.26194)
(10.757 0 1.17457)
(10.3512 0 1.10864)
(9.94724 0 1.07026)
(9.43535 0 1.05721)
(14.7296 0 6.32072)
(15.0753 0 6.32326)
(15.4501 0 6.27879)
(15.8093 0 6.18481)
(16.1277 0 6.044)
(16.3969 0 5.86135)
(16.6132 0 5.64338)
(16.7734 0 5.39758)
(16.8767 0 5.13171)
(16.9246 0 4.85319)
(16.9203 0 4.56846)
(16.8682 0 4.28293)
(16.7728 0 4.00125)
(16.6392 0 3.72747)
(16.4727 0 3.46467)
(16.2786 0 3.2145)
(16.0616 0 2.97739)
(15.8247 0 2.75374)
(15.5707 0 2.54474)
(15.3023 0 2.35203)
(15.0228 0 2.17643)
(14.7356 0 2.017)
(14.4426 0 1.87162)
(14.1438 0 1.73895)
(13.8377 0 1.61939)
(13.5233 0 1.5146)
(13.2001 0 1.42703)
(12.8692 0 1.35949)
(12.5382 0 1.31377)
(12.118 0 1.28289)
(14.6869 0 5.84368)
(15.0031 0 5.85488)
(15.3536 0 5.83216)
(15.7026 0 5.77258)
(16.0291 0 5.67678)
(16.3262 0 5.54694)
(16.5895 0 5.38638)
(16.8145 0 5.19948)
(16.9979 0 4.99134)
(17.1384 0 4.7673)
(17.2361 0 4.53249)
(17.2927 0 4.29163)
(17.3105 0 4.049)
(17.2924 0 3.8084)
(17.2418 0 3.57297)
(17.1625 0 3.34498)
(17.0577 0 3.1259)
(16.9304 0 2.91694)
(16.783 0 2.71951)
(16.6181 0 2.5351)
(16.4384 0 2.36468)
(16.2466 0 2.20823)
(16.0443 0 2.06502)
(15.8323 0 1.93461)
(15.6101 0 1.81754)
(15.3776 0 1.71517)
(15.135 0 1.62931)
(14.8839 0 1.56145)
(14.63 0 1.51125)
(14.302 0 1.47161)
(14.6322 0 5.39945)
(14.9209 0 5.41396)
(15.2446 0 5.40281)
(15.5734 0 5.36348)
(15.8906 0 5.29602)
(16.1909 0 5.20139)
(16.4712 0 5.08128)
(16.7271 0 4.93814)
(16.9547 0 4.77516)
(17.1513 0 4.59596)
(17.3156 0 4.4043)
(17.4473 0 4.20392)
(17.5469 0 3.99836)
(17.6155 0 3.79093)
(17.6551 0 3.58457)
(17.6677 0 3.38167)
(17.6555 0 3.18415)
(17.6207 0 2.99364)
(17.5652 0 2.81172)
(17.4911 0 2.6399)
(17.4005 0 2.47936)
(17.2954 0 2.33066)
(17.1775 0 2.19395)
(17.0476 0 2.06943)
(16.906 0 1.95778)
(16.7529 0 1.86021)
(16.5892 0 1.77802)
(16.4162 0 1.71196)
(16.238 0 1.66108)
(16.0009 0 1.61951)
(14.5676 0 4.98379)
(14.8324 0 4.99942)
(15.1305 0 4.99485)
(15.4368 0 4.96801)
(15.7372 0 4.9188)
(16.0283 0 4.84772)
(16.308 0 4.75567)
(16.5729 0 4.64411)
(16.8196 0 4.51505)
(17.0451 0 4.37091)
(17.2474 0 4.21438)
(17.4255 0 4.04824)
(17.5786 0 3.87531)
(17.7069 0 3.69831)
(17.8109 0 3.51978)
(17.8916 0 3.34199)
(17.9502 0 3.16691)
(17.9879 0 2.99631)
(18.0062 0 2.83185)
(18.0066 0 2.67504)
(17.9905 0 2.52721)
(17.9595 0 2.38929)
(17.9149 0 2.26194)
(17.8576 0 2.14579)
(17.7882 0 2.04169)
(17.7072 0 1.95073)
(17.6157 0 1.87393)
(17.5145 0 1.81178)
(17.4064 0 1.76345)
(17.2551 0 1.72459)
(14.4949 0 4.59267)
(14.7388 0 4.6085)
(15.0141 0 4.60799)
(15.2987 0 4.58943)
(15.5806 0 4.55264)
(15.8574 0 4.49791)
(16.1279 0 4.42577)
(16.3898 0 4.33713)
(16.6402 0 4.23333)
(16.8765 0 4.11605)
(17.0969 0 3.98723)
(17.2997 0 3.84895)
(17.4841 0 3.70339)
(17.6494 0 3.55274)
(17.7955 0 3.39914)
(17.9225 0 3.24459)
(18.031 0 3.09094)
(18.1216 0 2.93992)
(18.1951 0 2.79315)
(18.2525 0 2.65212)
(18.2947 0 2.51821)
(18.3229 0 2.39254)
(18.338 0 2.27607)
(18.341 0 2.16968)
(18.3324 0 2.07436)
(18.3129 0 1.99114)
(18.2834 0 1.92095)
(18.2446 0 1.86427)
(18.1982 0 1.82074)
(18.1243 0 1.78746)
(14.4155 0 4.22261)
(14.6414 0 4.23821)
(14.8966 0 4.24039)
(15.1615 0 4.22768)
(15.4255 0 4.19986)
(15.6868 0 4.15709)
(15.9448 0 4.09966)
(16.198 0 4.02818)
(16.4441 0 3.94357)
(16.6808 0 3.84705)
(16.9066 0 3.74006)
(17.12 0 3.62418)
(17.32 0 3.50113)
(17.5057 0 3.37266)
(17.6766 0 3.24057)
(17.8326 0 3.10657)
(17.9736 0 2.97234)
(18.0999 0 2.83946)
(18.2118 0 2.70945)
(18.3099 0 2.58377)
(18.3949 0 2.46376)
(18.4675 0 2.35062)
(18.5283 0 2.24546)
(18.5783 0 2.1493)
(18.6179 0 2.06318)
(18.6478 0 1.98816)
(18.6687 0 1.92517)
(18.6814 0 1.87484)
(18.6865 0 1.83731)
(18.6791 0 1.811)
(14.3308 0 3.87074)
(14.541 0 3.88585)
(14.7786 0 3.88984)
(15.026 0 3.88144)
(15.2735 0 3.86041)
(15.5198 0 3.82677)
(15.7648 0 3.7807)
(16.0072 0 3.72257)
(16.2453 0 3.65303)
(16.4773 0 3.57298)
(16.7017 0 3.4835)
(16.9173 0 3.38584)
(17.1232 0 3.28136)
(17.3184 0 3.1715)
(17.5024 0 3.05774)
(17.6748 0 2.94157)
(17.8353 0 2.82448)
(17.984 0 2.70789)
(18.121 0 2.59321)
(18.2465 0 2.48179)
(18.361 0 2.37493)
(18.465 0 2.27385)
(18.5589 0 2.17969)
(18.6435 0 2.09353)
(18.7192 0 2.01647)
(18.7867 0 1.94957)
(18.8466 0 1.89382)
(18.8995 0 1.85003)
(18.9457 0 1.81881)
(18.9928 0 1.79966)
(14.2424 0 3.53465)
(14.4388 0 3.5491)
(14.661 0 3.55429)
(14.8928 0 3.54911)
(15.1255 0 3.53332)
(15.3579 0 3.50688)
(15.5903 0 3.46984)
(15.8217 0 3.42242)
(16.0506 0 3.36508)
(16.2755 0 3.29846)
(16.4953 0 3.2234)
(16.7088 0 3.14087)
(16.9151 0 3.05198)
(17.1135 0 2.95789)
(17.3033 0 2.85988)
(17.4841 0 2.7592)
(17.6555 0 2.65717)
(17.8174 0 2.55508)
(17.9699 0 2.45419)
(18.1129 0 2.35578)
(18.2469 0 2.26106)
(18.3721 0 2.17121)
(18.4889 0 2.08738)
(18.5979 0 2.01066)
(18.6996 0 1.94216)
(18.7945 0 1.88296)
(18.8832 0 1.8341)
(18.9664 0 1.79657)
(19.0441 0 1.77132)
(19.134 0 1.75869)
(14.1518 0 3.21228)
(14.3361 0 3.22593)
(14.5446 0 3.23186)
(14.7626 0 3.2291)
(14.982 0 3.2174)
(15.2019 0 3.1967)
(15.4226 0 3.16696)
(15.6433 0 3.1283)
(15.8629 0 3.08102)
(16.0801 0 3.02559)
(16.2938 0 2.96265)
(16.5032 0 2.89295)
(16.7072 0 2.81738)
(16.9053 0 2.73691)
(17.0969 0 2.65259)
(17.2813 0 2.56552)
(17.4583 0 2.47684)
(17.6277 0 2.3877)
(17.7895 0 2.29926)
(17.9435 0 2.21266)
(18.0901 0 2.12906)
(18.2293 0 2.04958)
(18.3617 0 1.97532)
(18.4876 0 1.90737)
(18.6075 0 1.84682)
(18.7219 0 1.79476)
(18.8316 0 1.75226)
(18.9369 0 1.72044)
(19.0382 0 1.70046)
(19.1609 0 1.69323)
(14.0607 0 2.90186)
(14.2342 0 2.91462)
(14.4307 0 2.92092)
(14.6365 0 2.91994)
(14.844 0 2.91144)
(15.0525 0 2.89532)
(15.2624 0 2.87153)
(15.4733 0 2.8401)
(15.6839 0 2.80122)
(15.8934 0 2.75522)
(16.1007 0 2.70259)
(16.305 0 2.6439)
(16.5055 0 2.57987)
(16.7016 0 2.51129)
(16.8926 0 2.43904)
(17.0781 0 2.36407)
(17.2578 0 2.28734)
(17.4313 0 2.20989)
(17.5985 0 2.13274)
(17.7595 0 2.05696)
(17.9142 0 1.98359)
(18.063 0 1.91368)
(18.206 0 1.8483)
(18.3437 0 1.78848)
(18.4765 0 1.73529)
(18.6051 0 1.68979)
(18.7299 0 1.6531)
(18.8516 0 1.62636)
(18.9705 0 1.61084)
(19.1181 0 1.60777)
(13.9706 0 2.60178)
(14.1347 0 2.61355)
(14.3206 0 2.61994)
(14.5155 0 2.62023)
(14.7124 0 2.6142)
(14.9107 0 2.60177)
(15.1109 0 2.58284)
(15.3125 0 2.55739)
(15.5148 0 2.52555)
(15.7168 0 2.48755)
(15.9177 0 2.44373)
(16.1167 0 2.39457)
(16.3131 0 2.3406)
(16.5063 0 2.28249)
(16.6958 0 2.22095)
(16.8809 0 2.15679)
(17.0615 0 2.09084)
(17.2372 0 2.024)
(17.4077 0 1.95719)
(17.5732 0 1.89135)
(17.7335 0 1.82744)
(17.8889 0 1.76643)
(18.0395 0 1.70931)
(18.1858 0 1.65706)
(18.3281 0 1.61071)
(18.4671 0 1.57128)
(18.6033 0 1.53985)
(18.7375 0 1.51759)
(18.8699 0 1.50575)
(19.0366 0 1.50572)
(13.8832 0 2.31059)
(14.039 0 2.32131)
(14.2155 0 2.32756)
(14.4008 0 2.32871)
(14.5883 0 2.32459)
(14.7775 0 2.3151)
(14.9688 0 2.30013)
(15.1622 0 2.27965)
(15.3568 0 2.25373)
(15.5518 0 2.22252)
(15.7465 0 2.18628)
(15.9403 0 2.14536)
(16.1324 0 2.1002)
(16.3224 0 2.05133)
(16.5096 0 1.99933)
(16.6936 0 1.94487)
(16.8741 0 1.88868)
(17.0507 0 1.83151)
(17.2233 0 1.77418)
(17.3917 0 1.71752)
(17.556 0 1.66239)
(17.7162 0 1.60968)
(17.8725 0 1.56028)
(18.0253 0 1.51511)
(18.175 0 1.47513)
(18.3221 0 1.44131)
(18.4673 0 1.41469)
(18.6113 0 1.39636)
(18.7545 0 1.38754)
(18.9364 0 1.3896)
(13.8 0 2.02678)
(13.9485 0 2.0364)
(14.1168 0 2.04232)
(14.2936 0 2.04401)
(14.4729 0 2.04132)
(14.654 0 2.03416)
(14.8375 0 2.02243)
(15.0234 0 2.00608)
(15.211 0 1.98514)
(15.3996 0 1.95971)
(15.5885 0 1.92999)
(15.7772 0 1.89624)
(15.9651 0 1.8588)
(16.1517 0 1.81809)
(16.3364 0 1.77459)
(16.5189 0 1.72886)
(16.6987 0 1.68149)
(16.8756 0 1.63315)
(17.0493 0 1.58452)
(17.2197 0 1.53633)
(17.3868 0 1.48935)
(17.5506 0 1.44436)
(17.7113 0 1.40217)
(17.8693 0 1.36363)
(18.0248 0 1.32959)
(18.1785 0 1.30096)
(18.331 0 1.27869)
(18.4831 0 1.26382)
(18.6352 0 1.25745)
(18.8295 0 1.26088)
(13.7225 0 1.74925)
(13.8647 0 1.75771)
(14.0258 0 1.76315)
(14.1954 0 1.76511)
(14.3674 0 1.76348)
(14.5414 0 1.75817)
(14.718 0 1.74908)
(14.8973 0 1.73617)
(15.0786 0 1.71944)
(15.2614 0 1.69896)
(15.4451 0 1.67486)
(15.6291 0 1.64735)
(15.8129 0 1.6167)
(15.9962 0 1.58323)
(16.1784 0 1.54733)
(16.359 0 1.50945)
(16.5378 0 1.4701)
(16.7144 0 1.42981)
(16.8887 0 1.38918)
(17.0604 0 1.34883)
(17.2295 0 1.30942)
(17.3961 0 1.27163)
(17.5603 0 1.23619)
(17.7224 0 1.20383)
(17.8827 0 1.17533)
(18.0418 0 1.1515)
(18.2004 0 1.13321)
(18.3593 0 1.12137)
(18.5188 0 1.11697)
(18.7233 0 1.1212)
(13.6522 0 1.47606)
(13.789 0 1.48332)
(13.944 0 1.48815)
(14.1073 0 1.49016)
(14.2731 0 1.48927)
(14.441 0 1.4854)
(14.6116 0 1.47847)
(14.7851 0 1.46842)
(14.961 0 1.45525)
(15.1386 0 1.43901)
(15.3175 0 1.41979)
(15.4973 0 1.39774)
(15.6775 0 1.37307)
(15.8576 0 1.34603)
(16.0372 0 1.31693)
(16.216 0 1.28613)
(16.3936 0 1.25404)
(16.5697 0 1.22111)
(16.744 0 1.18782)
(16.9165 0 1.1547)
(17.0871 0 1.1223)
(17.2558 0 1.09121)
(17.4227 0 1.06204)
(17.5881 0 1.03544)
(17.7523 0 1.01208)
(17.9159 0 0.992664)
(18.0795 0 0.977951)
(18.244 0 0.968743)
(18.4098 0 0.965899)
(18.6228 0 0.970484)
(13.5904 0 1.20699)
(13.7227 0 1.21303)
(13.8725 0 1.21715)
(14.0305 0 1.21906)
(14.1911 0 1.21868)
(14.3538 0 1.21594)
(14.5195 0 1.21079)
(14.6881 0 1.20316)
(14.8592 0 1.19306)
(15.0324 0 1.1805)
(15.2072 0 1.16557)
(15.3833 0 1.14836)
(15.5602 0 1.12902)
(15.7375 0 1.10777)
(15.9148 0 1.08483)
(16.0918 0 1.06049)
(16.2681 0 1.03507)
(16.4435 0 1.00892)
(16.6177 0 0.982439)
(16.7906 0 0.956051)
(16.9622 0 0.93021)
(17.1324 0 0.905396)
(17.3013 0 0.882119)
(17.4693 0 0.860916)
(17.6367 0 0.842351)
(17.8039 0 0.827023)
(17.9716 0 0.815566)
(18.1407 0 0.808657)
(18.3117 0 0.807014)
(18.5317 0 0.811551)
(13.5386 0 0.938213)
(13.6672 0 0.942964)
(13.8129 0 0.946261)
(13.9666 0 0.947885)
(14.1229 0 0.947773)
(14.2815 0 0.945883)
(14.443 0 0.942159)
(14.6075 0 0.93656)
(14.7748 0 0.929071)
(14.9443 0 0.919711)
(15.1157 0 0.908527)
(15.2887 0 0.895598)
(15.4627 0 0.881033)
(15.6376 0 0.864979)
(15.8128 0 0.847614)
(15.9882 0 0.829148)
(16.1633 0 0.809824)
(16.3379 0 0.789917)
(16.5119 0 0.769729)
(16.6849 0 0.749587)
(16.8571 0 0.729846)
(17.0284 0 0.710883)
(17.1989 0 0.693102)
(17.3688 0 0.676926)
(17.5385 0 0.662808)
(17.7086 0 0.651228)
(17.8795 0 0.642699)
(18.0523 0 0.63777)
(18.2275 0 0.637024)
(18.4527 0 0.641253)
(13.4977 0 0.672858)
(13.6236 0 0.676358)
(13.7661 0 0.678844)
(13.9164 0 0.680147)
(14.0695 0 0.68023)
(14.2248 0 0.679066)
(14.3831 0 0.676614)
(14.5445 0 0.672842)
(14.7088 0 0.667738)
(14.8754 0 0.661312)
(15.0441 0 0.653595)
(15.2146 0 0.644639)
(15.3864 0 0.634518)
(15.5593 0 0.623332)
(15.7328 0 0.611203)
(15.9068 0 0.59828)
(16.0809 0 0.584733)
(16.2548 0 0.570753)
(16.4284 0 0.556556)
(16.6015 0 0.542377)
(16.774 0 0.528468)
(16.946 0 0.515104)
(17.1176 0 0.502574)
(17.2889 0 0.49119)
(17.4604 0 0.481283)
(17.6325 0 0.473209)
(17.8059 0 0.467354)
(17.9815 0 0.46414)
(18.1599 0 0.464018)
(18.3894 0 0.467625)
(13.4694 0 0.400481)
(13.5932 0 0.402593)
(13.7334 0 0.404106)
(13.8814 0 0.404874)
(14.0321 0 0.404895)
(14.1851 0 0.404169)
(14.3411 0 0.402671)
(14.5003 0 0.400382)
(14.6623 0 0.397295)
(14.8269 0 0.393416)
(14.9936 0 0.388764)
(15.1622 0 0.38337)
(15.3323 0 0.377279)
(15.5037 0 0.37055)
(15.6759 0 0.363257)
(15.8488 0 0.355488)
(16.022 0 0.347346)
(16.1952 0 0.338947)
(16.3684 0 0.33042)
(16.5413 0 0.321908)
(16.7139 0 0.313564)
(16.8861 0 0.305556)
(17.0582 0 0.298061)
(17.2303 0 0.291271)
(17.4028 0 0.285391)
(17.5762 0 0.280647)
(17.7511 0 0.277292)
(17.9285 0 0.275626)
(18.1089 0 0.276036)
(18.3406 0 0.279289)
(13.2335 0 0.135187)
(13.3537 0 0.136124)
(13.4899 0 0.136851)
(13.6338 0 0.1373)
(13.7804 0 0.13748)
(13.9293 0 0.137397)
(14.0812 0 0.13704)
(14.2361 0 0.136401)
(14.3938 0 0.135474)
(14.554 0 0.134263)
(14.7163 0 0.132772)
(14.8804 0 0.13101)
(15.046 0 0.128993)
(15.2127 0 0.12674)
(15.3803 0 0.124276)
(15.5484 0 0.121633)
(15.7167 0 0.118845)
(15.885 0 0.115953)
(16.0531 0 0.113003)
(16.2208 0 0.110045)
(16.3882 0 0.107135)
(16.5551 0 0.104331)
(16.7217 0 0.101698)
(16.8883 0 0.0993048)
(17.0551 0 0.0972265)
(17.2228 0 0.095547)
(17.3921 0 0.0943647)
(17.5639 0 0.0938096)
(17.7394 0 0.0940832)
(17.9665 0 0.095788)
)
;

boundaryField
{
    inlet
    {
        type            fixedValue;
        value           uniform (10 0 0);
    }
    outlet
    {
        type            zeroGradient;
    }
    flap
    {
        type            movingWallVelocity;
        value           nonuniform List<vector> 
33
(
(0 0 6.93889e-16)
(0 0 0)
(0 0 0)
(0 0 0)
(0 0 0)
(0 0 0)
(0 0 0)
(0 0 0)
(0 0 0)
(0 0 0)
(0 0 0)
(0 0 -1.11022e-14)
(0 0 -1.11022e-14)
(0 0 -1.11022e-14)
(0 0 -2.22045e-14)
(6.93889e-16 -2.77556e-15 0)
(0 -2.77556e-15 0)
(0 0 0)
(0 0 6.93889e-16)
(0 0 0)
(0 0 0)
(0 0 0)
(0 0 0)
(0 0 0)
(0 0 -5.55112e-15)
(0 0 0)
(0 0 -1.11022e-14)
(0 0 0)
(0 0 0)
(0 0 0)
(0 0 0)
(0 -2.77556e-15 -1.11022e-14)
(0 0 -1.11022e-14)
)
;
    }
    upperWall
    {
        type            noSlip;
    }
    lowerWall
    {
        type            noSlip;
    }
    frontAndBack
    {
        type            empty;
    }
}


// ************************************************************************* //
