/*--------------------------------*- C++ -*----------------------------------*\
  =========                 |
  \\      /  F ield         | OpenFOAM: The Open Source CFD Toolbox
   \\    /   O peration     | Website:  https://openfoam.org
    \\  /    A nd           | Version:  dev
     \\/     M anipulation  |
\*---------------------------------------------------------------------------*/
FoamFile
{
    version     2.0;
    format      ascii;
    class       volVectorField;
    location    "0.3";
    object      U;
}
// * * * * * * * * * * * * * * * * * * * * * * * * * * * * * * * * * * * * * //

dimensions      [0 1 -1 0 0 0 0];

internalField   nonuniform List<vector> 
2790
(
(9.94427 0 0.0203546)
(9.87699 0 0.0292199)
(9.77832 0 0.0353981)
(9.65525 0 0.0417165)
(9.51349 0 0.0482699)
(9.35396 0 0.0550043)
(9.1759 0 0.0620452)
(8.97847 0 0.0695461)
(8.7609 0 0.0776311)
(8.52233 0 0.086402)
(8.26171 0 0.095949)
(7.97789 0 0.10635)
(7.66968 0 0.117663)
(7.33595 0 0.12992)
(6.97572 0 0.143113)
(6.58827 0 0.157178)
(6.1733 0 0.171984)
(5.73106 0 0.187302)
(5.26264 0 0.202788)
(4.77008 0 0.217957)
(4.25672 0 0.232158)
(3.72732 0 0.24456)
(3.18837 0 0.254138)
(2.6482 0 0.259692)
(2.11708 0 0.259874)
(1.60722 0 0.253249)
(1.13263 0 0.238365)
(0.70937 0 0.213618)
(0.340841 0 0.178709)
(0.124004 0 0.116418)
(9.99879 0 0.0401794)
(9.98273 0 0.0612699)
(9.93888 0 0.0773756)
(9.87003 0 0.0941453)
(9.78046 0 0.111863)
(9.67117 0 0.130371)
(9.54157 0 0.149919)
(9.39087 0 0.170853)
(9.21829 0 0.193461)
(9.02294 0 0.217983)
(8.80371 0 0.244632)
(8.55936 0 0.273585)
(8.28854 0 0.304969)
(7.98991 0 0.338831)
(7.66219 0 0.375111)
(7.30424 0 0.413603)
(6.91524 0 0.453904)
(6.49479 0 0.495374)
(6.04312 0 0.53707)
(5.56128 0 0.577707)
(5.05134 0 0.615605)
(4.51662 0 0.648674)
(3.96189 0 0.674422)
(3.39347 0 0.690013)
(2.81928 0 0.692392)
(2.24871 0 0.678476)
(1.69215 0 0.645454)
(1.16109 0 0.591059)
(0.651978 0 0.515886)
(0.265864 0 0.395486)
(9.99587 0 0.0423213)
(9.9768 0 0.0734059)
(9.93483 0 0.100397)
(9.87055 0 0.12823)
(9.78688 0 0.157616)
(9.68493 0 0.188533)
(9.56441 0 0.221326)
(9.42471 0 0.25649)
(9.26517 0 0.294484)
(9.08501 0 0.335718)
(8.88325 0 0.380568)
(8.65873 0 0.429368)
(8.41015 0 0.48238)
(8.13611 0 0.539757)
(7.83516 0 0.601494)
(7.5059 0 0.667365)
(7.14701 0 0.736856)
(6.75742 0 0.809077)
(6.33641 0 0.882681)
(5.88382 0 0.955774)
(5.40018 0 1.02585)
(4.88697 0 1.08972)
(4.34677 0 1.1436)
(3.78347 0 1.18312)
(3.20232 0 1.20362)
(2.60988 0 1.20055)
(2.01365 0 1.17016)
(1.42292 0 1.11044)
(0.829363 0 1.02518)
(0.343949 0 0.88784)
(9.9943 0 0.0482721)
(9.97303 0 0.0906247)
(9.93087 0 0.129501)
(9.86782 0 0.168507)
(9.7859 0 0.208959)
(9.68613 0 0.251265)
(9.56847 0 0.295956)
(9.43246 0 0.343693)
(9.2776 0 0.395122)
(9.10328 0 0.45084)
(8.90871 0 0.511408)
(8.69296 0 0.577344)
(8.45492 0 0.649089)
(8.19341 0 0.726965)
(7.90711 0 0.811114)
(7.59468 0 0.901426)
(7.25472 0 0.997444)
(6.8859 0 1.09826)
(6.487 0 1.2024)
(6.05703 0 1.30769)
(5.59538 0 1.41116)
(5.10198 0 1.50898)
(4.57751 0 1.59641)
(4.02358 0 1.66797)
(3.44296 0 1.71765)
(2.83972 0 1.73952)
(2.21896 0 1.72862)
(1.58904 0 1.6822)
(0.937451 0 1.60497)
(0.388449 0 1.46374)
(9.99358 0 0.0556469)
(9.97115 0 0.107663)
(9.92888 0 0.156909)
(9.86696 0 0.206081)
(9.78682 0 0.256848)
(9.6893 0 0.309986)
(9.57438 0 0.366181)
(9.44172 0 0.426195)
(9.29086 0 0.490793)
(9.12127 0 0.560703)
(8.93227 0 0.636618)
(8.72301 0 0.719187)
(8.49256 0 0.808987)
(8.23984 0 0.906481)
(7.9637 0 1.01195)
(7.66285 0 1.12543)
(7.33594 0 1.2466)
(6.98154 0 1.37464)
(6.59817 0 1.50815)
(6.18434 0 1.64495)
(5.73865 0 1.78197)
(5.25988 0 1.91507)
(4.74719 0 2.03905)
(4.20036 0 2.14768)
(3.62011 0 2.23394)
(3.00839 0 2.29059)
(2.36848 0 2.3112)
(1.70863 0 2.29141)
(1.01259 0 2.23514)
(0.417392 0 2.10016)
(9.99328 0 0.0636367)
(9.97042 0 0.124702)
(9.92847 0 0.183815)
(9.86795 0 0.243045)
(9.78998 0 0.304083)
(9.69517 0 0.36793)
(9.58353 0 0.435407)
(9.45476 0 0.507374)
(9.30844 0 0.584709)
(9.14409 0 0.668271)
(8.96105 0 0.758884)
(8.75857 0 0.857336)
(8.53575 0 0.964346)
(8.29158 0 1.08052)
(8.02493 0 1.20631)
(7.73456 0 1.34191)
(7.41906 0 1.48716)
(7.07691 0 1.64147)
(6.70639 0 1.80362)
(6.30561 0 1.97162)
(5.87254 0 2.14251)
(5.40504 0 2.31223)
(4.90106 0 2.47543)
(4.35882 0 2.62546)
(3.77726 0 2.75451)
(3.15661 0 2.85405)
(2.4985 0 2.9158)
(1.81162 0 2.93284)
(1.07617 0 2.90664)
(0.440841 0 2.784)
(9.99323 0 0.0718425)
(9.97044 0 0.141621)
(9.92924 0 0.210098)
(9.87041 0 0.278985)
(9.79497 0 0.349907)
(9.70335 0 0.424022)
(9.59554 0 0.502304)
(9.47129 0 0.585729)
(9.33023 0 0.675289)
(9.17191 0 0.771964)
(8.99572 0 0.876706)
(8.80092 0 0.990433)
(8.58665 0 1.114)
(8.35192 0 1.24818)
(8.09558 0 1.39356)
(7.81636 0 1.55054)
(7.51277 0 1.7192)
(7.1831 0 1.89919)
(6.8254 0 2.0896)
(6.43735 0 2.28878)
(6.01634 0 2.49414)
(5.55936 0 2.70193)
(5.06323 0 2.90697)
(4.52471 0 3.10254)
(3.94103 0 3.28025)
(3.31064 0 3.43027)
(2.63338 0 3.54209)
(1.91837 0 3.60525)
(1.14236 0 3.61701)
(0.465134 0 3.5112)
(9.99332 0 0.0800307)
(9.97096 0 0.158232)
(9.93088 0 0.235598)
(9.87408 0 0.313693)
(9.80151 0 0.394083)
(9.71352 0 0.478036)
(9.61008 0 0.566665)
(9.49097 0 0.661053)
(9.3559 0 0.762301)
(9.20442 0 0.871502)
(9.03598 0 0.989732)
(8.84988 0 1.11804)
(8.64529 0 1.25744)
(8.42121 0 1.40884)
(8.17651 0 1.57304)
(7.90983 0 1.75065)
(7.6196 0 1.94203)
(7.30393 0 2.14715)
(6.96057 0 2.36552)
(6.5868 0 2.59597)
(6.17939 0 2.83646)
(5.73448 0 3.08383)
(5.24769 0 3.33342)
(4.71424 0 3.57876)
(4.1294 0 3.81123)
(3.4894 0 4.01982)
(2.7917 0 4.1915)
(2.04508 0 4.31125)
(1.22252 0 4.3702)
(0.495334 0 4.2865)
(9.99351 0 0.0880517)
(9.97185 0 0.174365)
(9.93322 0 0.260168)
(9.87876 0 0.347003)
(9.8094 0 0.436408)
(9.72545 0 0.529726)
(9.62688 0 0.628185)
(9.51351 0 0.732975)
(9.38508 0 0.845298)
(9.24122 0 0.966356)
(9.08141 0 1.09735)
(8.90501 0 1.23946)
(8.71122 0 1.39384)
(8.4991 0 1.56159)
(8.2675 0 1.74371)
(8.01504 0 1.94108)
(7.74006 0 2.15435)
(7.44054 0 2.38391)
(7.11396 0 2.62977)
(6.75724 0 2.89141)
(6.36653 0 3.16754)
(5.93714 0 3.45586)
(5.4634 0 3.75264)
(4.93879 0 4.05215)
(4.35616 0 4.34605)
(3.70875 0 4.62261)
(2.99026 0 4.86627)
(2.20754 0 5.05661)
(1.32841 0 5.17608)
(0.536853 0 5.12293)
(9.99377 0 0.0958022)
(9.97301 0 0.189879)
(9.93611 0 0.283668)
(9.88427 0 0.378756)
(9.81846 0 0.476679)
(9.73894 0 0.578841)
(9.64569 0 0.686564)
(9.53859 0 0.801138)
(9.41743 0 0.923858)
(9.28189 0 1.05603)
(9.13153 0 1.19897)
(8.96577 0 1.354)
(8.78389 0 1.52242)
(8.58499 0 1.7055)
(8.36798 0 1.90448)
(8.13149 0 2.1205)
(7.87386 0 2.35459)
(7.59296 0 2.60759)
(7.28615 0 2.88013)
(6.95003 0 3.17243)
(6.58028 0 3.48422)
(6.17143 0 3.81437)
(5.71656 0 4.16055)
(5.20721 0 4.51847)
(4.63332 0 4.88096)
(3.984 0 5.23657)
(3.24717 0 5.56795)
(2.42459 0 5.84896)
(1.47541 0 6.05039)
(0.597297 0 6.04326)
(9.99408 0 0.103207)
(9.97439 0 0.204658)
(9.93945 0 0.30597)
(9.89051 0 0.408802)
(9.82853 0 0.514714)
(9.75378 0 0.625157)
(9.66627 0 0.741535)
(9.56591 0 0.865223)
(9.45258 0 0.997607)
(9.32601 0 1.14009)
(9.18585 0 1.29409)
(9.03161 0 1.46104)
(8.86265 0 1.64241)
(8.67818 0 1.83966)
(8.47719 0 2.05423)
(8.25841 0 2.28756)
(8.02023 0 2.54106)
(7.76057 0 2.8161)
(7.47677 0 3.11394)
(7.16532 0 3.43574)
(6.82163 0 3.78237)
(6.43966 0 4.15428)
(6.01148 0 4.55106)
(5.52673 0 4.97079)
(4.97213 0 5.40884)
(4.33154 0 5.85593)
(3.58439 0 6.29517)
(2.72217 0 6.69611)
(1.68741 0 7.0155)
(0.689692 0 7.08481)
(9.99444 0 0.110208)
(9.97593 0 0.218603)
(9.94315 0 0.326956)
(9.89734 0 0.437006)
(9.83945 0 0.550347)
(9.76979 0 0.668474)
(9.68838 0 0.792858)
(9.5952 0 0.924949)
(9.49018 0 1.06621)
(9.37315 0 1.21812)
(9.24386 0 1.38221)
(9.1019 0 1.56002)
(8.94678 0 1.75315)
(8.77783 0 1.96322)
(8.59419 0 2.19191)
(8.39475 0 2.44094)
(8.17806 0 2.71209)
(7.94223 0 3.00725)
(7.68475 0 3.32839)
(7.40226 0 3.67762)
(7.09023 0 4.05716)
(6.74249 0 4.46929)
(6.35058 0 4.91609)
(5.90282 0 5.39903)
(5.38302 0 5.91789)
(4.7693 0 6.46867)
(4.02997 0 7.03966)
(3.13881 0 7.60196)
(2.00568 0 8.10096)
(0.83967 0 8.31156)
(9.99482 0 0.116762)
(9.97761 0 0.231637)
(9.94715 0 0.346528)
(9.90467 0 0.463249)
(9.85111 0 0.583435)
(9.78679 0 0.708618)
(9.71179 0 0.840325)
(9.62615 0 0.980066)
(9.52986 0 1.12937)
(9.42286 0 1.28979)
(9.30499 0 1.46292)
(9.17599 0 1.65042)
(9.0355 0 1.85399)
(8.88302 0 2.07541)
(8.7179 0 2.31655)
(8.53925 0 2.57939)
(8.34591 0 2.86606)
(8.13629 0 3.17892)
(7.90828 0 3.52063)
(7.65896 0 3.89423)
(7.38429 0 4.30332)
(7.07861 0 4.75214)
(6.73383 0 5.24569)
(6.33818 0 5.78972)
(5.87412 0 6.39038)
(5.31546 0 7.05307)
(4.61904 0 7.7793)
(3.73344 0 8.55646)
(2.50736 0 9.33958)
(1.10367 0 9.84417)
(9.99524 0 0.122832)
(9.97939 0 0.243696)
(9.95138 0 0.3646)
(9.9124 0 0.487431)
(9.86336 0 0.613859)
(9.80461 0 0.74545)
(9.73628 0 0.883771)
(9.65847 0 1.03038)
(9.57125 0 1.18686)
(9.47468 0 1.35481)
(9.36869 0 1.5359)
(9.25318 0 1.73185)
(9.12796 0 1.94446)
(8.99273 0 2.17563)
(8.84709 0 2.42738)
(8.69044 0 2.70189)
(8.522 0 3.0016)
(8.34065 0 3.32924)
(8.14486 0 3.68806)
(7.93247 0 4.08193)
(7.70042 0 4.51565)
(7.44434 0 4.99531)
(7.15774 0 5.52878)
(6.8308 0 6.12641)
(6.44792 0 6.80197)
(5.98372 0 7.57392)
(5.3904 0 8.46699)
(4.59428 0 9.51117)
(3.34781 0 10.7397)
(1.62022 0 11.9476)
(9.99567 0 0.128391)
(9.98125 0 0.25473)
(9.9558 0 0.381104)
(9.92045 0 0.50946)
(9.87608 0 0.641501)
(9.82307 0 0.778817)
(9.76161 0 0.923007)
(9.69185 0 1.07566)
(9.61398 0 1.2384)
(9.52812 0 1.41286)
(9.43436 0 1.60074)
(9.33275 0 1.80383)
(9.22327 0 2.02398)
(9.10588 0 2.26317)
(8.98042 0 2.52351)
(8.84669 0 2.80735)
(8.70432 0 3.11729)
(8.55278 0 3.45637)
(8.39131 0 3.8282)
(8.21877 0 4.23725)
(8.03355 0 4.68918)
(7.83328 0 5.19145)
(7.61442 0 5.75409)
(7.37153 0 6.39118)
(7.09577 0 7.12317)
(6.77234 0 7.98138)
(6.36972 0 9.01763)
(5.83591 0 10.3275)
(4.87484 0 12.1471)
(2.78158 0 15.3108)
(-0.373627 0 0.419821)
(-1.00628 0 0.494366)
(-1.86551 0 0.521706)
(-2.78778 0 0.530001)
(-3.75912 0 0.523084)
(-4.75776 0 0.504701)
(-5.7632 0 0.477011)
(-6.75463 0 0.441208)
(-7.71004 0 0.397946)
(-8.60569 0 0.347618)
(-9.41606 0 0.290578)
(-10.114 0 0.227221)
(-10.6718 0 0.158213)
(-11.0615 0 0.0843359)
(-11.2573 0 0.00622665)
(-11.2385 0 -0.0761108)
(-10.9904 0 -0.160407)
(-10.5093 0 -0.241289)
(-9.80564 0 -0.31419)
(-8.90144 0 -0.375607)
(-7.82781 0 -0.423196)
(-6.62238 0 -0.455748)
(-5.32632 0 -0.472959)
(-3.98091 0 -0.475108)
(-2.62227 0 -0.463291)
(-1.25797 0 -0.441545)
(0.112039 0 -0.406716)
(1.33826 0 -0.37022)
(2.54722 0 -0.343471)
(4.05085 0 -0.360322)
(-0.488002 0 1.02064)
(-1.20736 0 1.15714)
(-2.10991 0 1.23386)
(-3.04579 0 1.28216)
(-4.0184 0 1.3016)
(-5.01123 0 1.29445)
(-6.00648 0 1.26196)
(-6.98451 0 1.20448)
(-7.92376 0 1.1218)
(-8.80051 0 1.01352)
(-9.58899 0 0.879475)
(-10.2617 0 0.720144)
(-10.7901 0 0.537217)
(-11.1462 0 0.333743)
(-11.3044 0 0.114178)
(-11.2428 0 -0.115853)
(-10.9563 0 -0.345171)
(-10.443 0 -0.560189)
(-9.71385 0 -0.750289)
(-8.79047 0 -0.90767)
(-7.70324 0 -1.02761)
(-6.48869 0 -1.1085)
(-5.18667 0 -1.15138)
(-3.8369 0 -1.15948)
(-2.47408 0 -1.13829)
(-1.09216 0 -1.09683)
(0.266917 0 -1.0283)
(1.49949 0 -0.953871)
(2.7024 0 -0.901722)
(4.18357 0 -0.924867)
(-0.516188 0 1.81585)
(-1.25917 0 1.98412)
(-2.16924 0 2.08472)
(-3.09098 0 2.14813)
(-4.03912 0 2.16882)
(-5.00058 0 2.14749)
(-5.96094 0 2.08468)
(-6.90299 0 1.98032)
(-7.80691 0 1.83384)
(-8.65016 0 1.64455)
(-9.40764 0 1.4123)
(-10.052 0 1.13814)
(-10.5544 0 0.825212)
(-10.8862 0 0.479334)
(-11.0206 0 0.109833)
(-10.9364 0 -0.270487)
(-10.6312 0 -0.646956)
(-10.1029 0 -0.998216)
(-9.36455 0 -1.30683)
(-8.439 0 -1.55993)
(-7.35708 0 -1.74976)
(-6.15508 0 -1.87394)
(-4.87217 0 -1.93484)
(-3.54747 0 -1.93935)
(-2.21511 0 -1.89887)
(-0.856629 0 -1.82181)
(0.433259 0 -1.70836)
(1.64166 0 -1.59112)
(2.79759 0 -1.50669)
(4.22543 0 -1.50647)
(-0.505906 0 2.6397)
(-1.23451 0 2.81915)
(-2.12323 0 2.92503)
(-3.00993 0 2.99047)
(-3.91815 0 3.00541)
(-4.8367 0 2.96831)
(-5.75424 0 2.87795)
(-6.65593 0 2.7329)
(-7.52352 0 2.53129)
(-8.33525 0 2.27126)
(-9.0659 0 1.95169)
(-9.68717 0 1.57314)
(-10.1687 0 1.13907)
(-10.4794 0 0.656971)
(-10.5907 0 0.139695)
(-10.481 0 -0.394961)
(-10.1548 0 -0.919778)
(-9.61087 0 -1.40657)
(-8.86457 0 -1.83217)
(-7.94 0 -2.17951)
(-6.8683 0 -2.43832)
(-5.68539 0 -2.60577)
(-4.42975 0 -2.68573)
(-3.13963 0 -2.6887)
(-1.84438 0 -2.63014)
(-0.530643 0 -2.51399)
(0.684402 0 -2.35518)
(1.8542 0 -2.19627)
(2.95232 0 -2.07633)
(4.30833 0 -2.04007)
(-0.474408 0 3.43405)
(-1.16093 0 3.61777)
(-2.00198 0 3.72297)
(-2.83343 0 3.78668)
(-3.68649 0 3.79498)
(-4.55044 0 3.74369)
(-5.41626 0 3.62903)
(-6.27073 0 3.44718)
(-7.0966 0 3.19409)
(-7.87234 0 2.8659)
(-8.57219 0 2.45996)
(-9.16653 0 1.97617)
(-9.62301 0 1.41882)
(-9.9083 0 0.79835)
(-9.99155 0 0.133261)
(-9.85549 0 -0.550402)
(-9.50815 0 -1.21715)
(-8.95108 0 -1.83172)
(-8.20199 0 -2.36593)
(-7.28571 0 -2.7993)
(-6.23315 0 -3.11942)
(-5.07945 0 -3.32355)
(-3.86216 0 -3.41729)
(-2.61842 0 -3.41483)
(-1.36995 0 -3.3335)
(-0.121568 0 -3.17369)
(1.0189 0 -2.97097)
(2.13589 0 -2.77313)
(3.16859 0 -2.61611)
(4.43804 0 -2.53668)
(-0.427417 0 4.16807)
(-1.04837 0 4.35666)
(-1.81793 0 4.46167)
(-2.57435 0 4.52471)
(-3.35557 0 4.52876)
(-4.15049 0 4.46714)
(-4.95198 0 4.33323)
(-5.74805 0 4.12046)
(-6.52226 0 3.82207)
(-7.25335 0 3.43177)
(-7.91513 0 2.94489)
(-8.4767 0 2.36013)
(-8.90345 0 1.68216)
(-9.15891 0 0.924409)
(-9.20937 0 0.11174)
(-9.04432 0 -0.719795)
(-8.67745 0 -1.52411)
(-8.11256 0 -2.25974)
(-7.3693 0 -2.8951)
(-6.47218 0 -3.40743)
(-5.45108 0 -3.78247)
(-4.33975 0 -4.01812)
(-3.17415 0 -4.12173)
(-1.98877 0 -4.1104)
(-0.794122 0 -3.99831)
(0.355291 0 -3.7959)
(1.43116 0 -3.55192)
(2.48266 0 -3.31597)
(3.44399 0 -3.11982)
(4.6151 0 -2.99243)
(-0.367611 0 4.81811)
(-0.901583 0 5.01482)
(-1.57762 0 5.12267)
(-2.23936 0 5.18856)
(-2.93075 0 5.19284)
(-3.63988 0 5.12642)
(-4.36151 0 4.97968)
(-5.08481 0 4.74299)
(-5.79435 0 4.40645)
(-6.46937 0 3.96073)
(-7.08353 0 3.39855)
(-7.60469 0 2.71686)
(-7.99537 0 1.9204)
(-8.215 0 1.02644)
(-8.22671 0 0.0679457)
(-8.03224 0 -0.906761)
(-7.64996 0 -1.84006)
(-7.0861 0 -2.68645)
(-6.36112 0 -3.41309)
(-5.49751 0 -3.99614)
(-4.52319 0 -4.4191)
(-3.4698 0 -4.68129)
(-2.37112 0 -4.79116)
(-1.25535 0 -4.76611)
(-0.137327 0 -4.61608)
(0.903512 0 -4.37604)
(1.91456 0 -4.09544)
(2.89004 0 -3.82106)
(3.77464 0 -3.584)
(4.8384 0 -3.40603)
(-0.297022 0 5.36279)
(-0.724132 0 5.57216)
(-1.28614 0 5.68698)
(-1.83386 0 5.76058)
(-2.41675 0 5.77089)
(-3.02183 0 5.70643)
(-3.64599 0 5.55445)
(-4.27973 0 5.30207)
(-4.90887 0 4.93589)
(-5.51359 0 4.44306)
(-6.06788 0 3.81304)
(-6.53874 0 3.04032)
(-6.88562 0 2.12912)
(-7.06316 0 1.10109)
(-7.03085 0 0.000755275)
(-6.80869 0 -1.10953)
(-6.41845 0 -2.15961)
(-5.86827 0 -3.10355)
(-5.17749 0 -3.90985)
(-4.36438 0 -4.5552)
(-3.45461 0 -5.01944)
(-2.47577 0 -5.30374)
(-1.45906 0 -5.41576)
(-0.422317 0 -5.36817)
(0.572906 0 -5.18477)
(1.53169 0 -4.91089)
(2.46282 0 -4.59755)
(3.35337 0 -4.28455)
(4.1558 0 -4.00559)
(5.10539 0 -3.77626)
(-0.217688 0 5.78278)
(-0.519688 0 6.01028)
(-0.949202 0 6.13662)
(-1.3645 0 6.22338)
(-1.82047 0 6.24611)
(-2.30276 0 6.19102)
(-2.81076 0 6.04218)
(-3.33643 0 5.78331)
(-3.86732 0 5.39723)
(-4.3852 0 4.86704)
(-4.86547 0 4.1783)
(-5.27534 0 3.3222)
(-5.57071 0 2.30161)
(-5.69852 0 1.14383)
(-5.61381 0 -0.0910566)
(-5.37031 0 -1.32505)
(-4.98388 0 -2.47485)
(-4.46376 0 -3.50042)
(-3.82587 0 -4.37391)
(-3.08161 0 -5.07316)
(-2.25582 0 -5.57296)
(-1.36651 0 -5.87524)
(-0.443928 0 -5.98207)
(0.471151 0 -5.91041)
(1.35827 0 -5.70039)
(2.2298 0 -5.39889)
(3.06959 0 -5.05354)
(3.86703 0 -4.70263)
(4.58187 0 -4.38195)
(5.41227 0 -4.1023)
(-0.132064 0 6.06149)
(-0.292771 0 6.31322)
(-0.574283 0 6.45554)
(-0.840691 0 6.56074)
(-1.15277 0 6.6022)
(-1.49429 0 6.56398)
(-1.8676 0 6.42687)
(-2.26616 0 6.1712)
(-2.67962 0 5.77589)
(-3.09208 0 5.21978)
(-3.48174 0 4.48389)
(-3.81807 0 3.55542)
(-4.05319 0 2.43457)
(-4.12087 0 1.15385)
(-3.97494 0 -0.207587)
(-3.72392 0 -1.54626)
(-3.35868 0 -2.77317)
(-2.88846 0 -3.8637)
(-2.32336 0 -4.79368)
(-1.66492 0 -5.53973)
(-0.942078 0 -6.06876)
(-0.152622 0 -6.38391)
(0.637113 0 -6.47878)
(1.42999 0 -6.39157)
(2.21848 0 -6.16113)
(2.98897 0 -5.83502)
(3.72753 0 -5.45873)
(4.42421 0 -5.07166)
(5.0463 0 -4.71082)
(5.75401 0 -4.38358)
(-0.0434594 0 6.18524)
(-0.0492098 0 6.46819)
(-0.171249 0 6.63104)
(-0.27534 0 6.75955)
(-0.429372 0 6.82574)
(-0.614396 0 6.81141)
(-0.836391 0 6.69371)
(-1.08997 0 6.44965)
(-1.3669 0 6.05528)
(-1.6539 0 5.48472)
(-1.93347 0 4.71221)
(-2.18019 0 3.71999)
(-2.34198 0 2.50723)
(-2.32934 0 1.11565)
(-2.12365 0 -0.346694)
(-1.8896 0 -1.76108)
(-1.56954 0 -3.04072)
(-1.17182 0 -4.18034)
(-0.697453 0 -5.15734)
(-0.138012 0 -5.94761)
(0.46972 0 -6.49636)
(1.1142 0 -6.81163)
(1.78391 0 -6.90628)
(2.46464 0 -6.80966)
(3.14083 0 -6.56288)
(3.79913 0 -6.21368)
(4.42752 0 -5.80868)
(5.01669 0 -5.38844)
(5.54151 0 -4.99037)
(6.12459 0 -4.6198)
(0.0471375 0 6.14731)
(0.203527 0 6.46579)
(0.249512 0 6.65397)
(0.31413 0 6.80833)
(0.328443 0 6.90492)
(0.311147 0 6.92273)
(0.253068 0 6.83552)
(0.159558 0 6.61714)
(0.0356987 0 6.23682)
(-0.108219 0 5.66643)
(-0.259294 0 4.88161)
(-0.401218 0 3.86061)
(-0.472284 0 2.59561)
(-0.325312 0 1.10873)
(-0.0998765 0 -0.470562)
(0.0903079 0 -1.95153)
(0.339506 0 -3.27316)
(0.645001 0 -4.4486)
(1.01552 0 -5.45733)
(1.44521 0 -6.26208)
(1.92792 0 -6.83564)
(2.45193 0 -7.16704)
(3.00035 0 -7.26481)
(3.55795 0 -7.16094)
(4.11094 0 -6.89953)
(4.64774 0 -6.52979)
(5.15852 0 -6.09954)
(5.6349 0 -5.65029)
(6.05903 0 -5.21928)
(6.51707 0 -4.81098)
(0.146287 0 5.93861)
(0.46636 0 6.30332)
(0.682498 0 6.52059)
(0.914821 0 6.70042)
(1.1018 0 6.83066)
(1.25471 0 6.88439)
(1.36433 0 6.83074)
(1.43635 0 6.6405)
(1.47623 0 6.2815)
(1.49141 0 5.7245)
(1.49206 0 4.94084)
(1.49602 0 3.89844)
(1.57729 0 2.57884)
(1.80427 0 1.04832)
(2.0038 0 -0.533845)
(2.1248 0 -2.02705)
(2.28143 0 -3.39791)
(2.49142 0 -4.61794)
(2.75743 0 -5.66689)
(3.07711 0 -6.50839)
(3.44317 0 -7.10662)
(3.8435 0 -7.44978)
(4.26341 0 -7.54973)
(4.68977 0 -7.43983)
(5.1116 0 -7.16612)
(5.52007 0 -6.77937)
(5.90794 0 -6.32841)
(6.26811 0 -5.85536)
(6.58957 0 -5.39686)
(6.9239 0 -4.95755)
(0.268732 0 5.54086)
(0.745286 0 5.99197)
(1.12081 0 6.22965)
(1.5184 0 6.43216)
(1.87885 0 6.60202)
(2.1987 0 6.69786)
(2.47211 0 6.68207)
(2.70651 0 6.52284)
(2.90861 0 6.18752)
(3.08574 0 5.6456)
(3.24752 0 4.86464)
(3.41116 0 3.81122)
(3.61682 0 2.48554)
(3.86035 0 0.969505)
(4.03831 0 -0.607122)
(4.12289 0 -2.11179)
(4.21076 0 -3.49642)
(4.33718 0 -4.74234)
(4.5105 0 -5.82078)
(4.72846 0 -6.68777)
(4.98187 0 -7.30443)
(5.2587 0 -7.65678)
(5.54712 0 -7.7579)
(5.83774 0 -7.64285)
(6.12368 0 -7.35953)
(6.39981 0 -6.95997)
(6.66199 0 -6.49366)
(6.90483 0 -6.00292)
(7.12345 0 -5.52332)
(7.33722 0 -5.06049)
(0.448556 0 4.90257)
(1.05133 0 5.57948)
(1.54703 0 5.80025)
(2.11649 0 6.01618)
(2.65064 0 6.23087)
(3.12772 0 6.37419)
(3.55277 0 6.4002)
(3.93768 0 6.27532)
(4.29062 0 5.96694)
(4.61865 0 5.44318)
(4.92948 0 4.67046)
(5.23071 0 3.62154)
(5.52261 0 2.31417)
(5.79239 0 0.834271)
(5.95979 0 -0.691716)
(6.01814 0 -2.16609)
(6.05936 0 -3.54934)
(6.12672 0 -4.81454)
(6.22925 0 -5.91745)
(6.361 0 -6.80408)
(6.51069 0 -7.43256)
(6.66778 0 -7.78905)
(6.82499 0 -7.88875)
(6.97854 0 -7.7688)
(7.127 0 -7.4786)
(7.26984 0 -7.07093)
(7.40641 0 -6.59528)
(7.53329 0 -6.09358)
(7.65094 0 -5.59994)
(7.74924 0 -5.12149)
(9.99612 0 0.133508)
(9.98321 0 0.264882)
(9.96045 0 0.396274)
(9.9289 0 0.529675)
(9.88943 0 0.666812)
(9.84244 0 0.809292)
(9.78817 0 0.958731)
(9.72687 0 1.11674)
(9.6588 0 1.28495)
(9.58421 0 1.46502)
(9.50332 0 1.65868)
(9.41634 0 1.86771)
(9.32348 0 2.09402)
(9.22492 0 2.33959)
(9.12085 0 2.60661)
(9.01144 0 2.89744)
(8.89684 0 3.21481)
(8.7772 0 3.56184)
(8.65264 0 3.94231)
(8.52329 0 4.36092)
(8.38928 0 4.82368)
(8.25084 0 5.33853)
(8.10842 0 5.91632)
(7.96304 0 6.57245)
(7.81716 0 7.32965)
(7.67777 0 8.22352)
(7.56284 0 9.31357)
(7.57223 0 10.704)
(8.1656 0 12.5584)
(8.51589 0 15.5116)
(9.99659 0 0.13819)
(9.98527 0 0.274155)
(9.96533 0 0.410091)
(9.93775 0 0.548017)
(9.90337 0 0.689677)
(9.86261 0 0.836684)
(9.81579 0 0.99066)
(9.76321 0 1.15322)
(9.70523 0 1.32599)
(9.64223 0 1.51063)
(9.57455 0 1.70887)
(9.50261 0 1.92247)
(9.4268 0 2.15333)
(9.34759 0 2.40341)
(9.26549 0 2.67486)
(9.18108 0 2.97003)
(9.09505 0 3.29156)
(9.00823 0 3.64251)
(8.92167 0 4.02656)
(8.83678 0 4.44819)
(8.75549 0 4.91308)
(8.68062 0 5.4286)
(8.61656 0 6.00452)
(8.57058 0 6.65406)
(8.55548 0 7.3954)
(8.59609 0 8.25344)
(8.7367 0 9.2605)
(9.03779 0 10.4524)
(9.79628 0 11.7709)
(10.4202 0 12.8851)
(9.99709 0 0.142351)
(9.9874 0 0.28239)
(9.97039 0 0.422336)
(9.94692 0 0.564225)
(9.91779 0 0.709802)
(9.88346 0 0.860676)
(9.84427 0 1.01846)
(9.80064 0 1.18475)
(9.75299 0 1.36115)
(9.7018 0 1.54931)
(9.6476 0 1.7509)
(9.59093 0 1.96766)
(9.53243 0 2.2014)
(9.47281 0 2.45404)
(9.41291 0 2.7276)
(9.35371 0 3.02431)
(9.2964 0 3.34661)
(9.24247 0 3.69732)
(9.19381 0 4.07968)
(9.15294 0 4.4976)
(9.12325 0 4.95583)
(9.10957 0 5.46019)
(9.1189 0 6.01785)
(9.16176 0 6.63738)
(9.25403 0 7.32838)
(9.41967 0 8.09948)
(9.6924 0 8.95195)
(10.0811 0 9.87267)
(10.7195 0 10.8084)
(11.5015 0 11.5296)
(9.99759 0 0.14594)
(9.9896 0 0.289482)
(9.97558 0 0.432848)
(9.95632 0 0.578075)
(9.93256 0 0.726899)
(9.90478 0 0.880908)
(9.87338 0 1.04169)
(9.83883 0 1.21081)
(9.80164 0 1.38985)
(9.76242 0 1.58038)
(9.72179 0 1.78402)
(9.68048 0 2.00243)
(9.63932 0 2.23732)
(9.59926 0 2.49047)
(9.56142 0 2.76375)
(9.52715 0 3.05913)
(9.49808 0 3.37877)
(9.47623 0 3.72503)
(9.46415 0 4.10057)
(9.46515 0 4.5084)
(9.48359 0 4.95195)
(9.5253 0 5.43504)
(9.59819 0 5.96175)
(9.71297 0 6.5359)
(9.88378 0 7.16001)
(10.1284 0 7.83324)
(10.4707 0 8.54784)
(10.9193 0 9.28837)
(11.5418 0 10.0479)
(12.4238 0 10.7149)
(9.99811 0 0.148913)
(9.99183 0 0.295342)
(9.98086 0 0.441498)
(9.96587 0 0.589398)
(9.94756 0 0.740756)
(9.92639 0 0.897129)
(9.90284 0 1.06007)
(9.87743 0 1.23109)
(9.85075 0 1.4117)
(9.82348 0 1.60342)
(9.79639 0 1.80776)
(9.77033 0 2.02629)
(9.74631 0 2.26055)
(9.72547 0 2.51216)
(9.70919 0 2.78275)
(9.69909 0 3.07399)
(9.69714 0 3.38763)
(9.70573 0 3.72551)
(9.72786 0 4.08954)
(9.76725 0 4.48172)
(9.82865 0 4.90405)
(9.91809 0 5.35842)
(10.0432 0 5.84624)
(10.2137 0 6.36792)
(10.4411 0 6.92202)
(10.7394 0 7.50429)
(11.1265 0 8.10639)
(11.615 0 8.71374)
(12.2276 0 9.31697)
(13.0663 0 9.84367)
(9.99863 0 0.151227)
(9.99408 0 0.29989)
(9.98618 0 0.448165)
(9.97549 0 0.598037)
(9.96264 0 0.751183)
(9.9481 0 0.909114)
(9.93239 0 1.07333)
(9.91608 0 1.24528)
(9.89982 0 1.42639)
(9.88438 0 1.6181)
(9.87061 0 1.82179)
(9.85949 0 2.03889)
(9.85216 0 2.27078)
(9.84991 0 2.51885)
(9.85431 0 2.78444)
(9.86717 0 3.06889)
(9.89066 0 3.3735)
(9.92739 0 3.69949)
(9.98053 0 4.04803)
(10.0539 0 4.42011)
(10.1523 0 4.81645)
(10.2812 0 5.23728)
(10.4477 0 5.68205)
(10.6597 0 6.14896)
(10.9266 0 6.63439)
(11.2588 0 7.1322)
(11.668 0 7.63293)
(12.163 0 8.12099)
(12.7442 0 8.58027)
(13.5024 0 8.97142)
(9.99915 0 0.152846)
(9.99633 0 0.303052)
(9.99149 0 0.452743)
(9.98509 0 0.603854)
(9.97766 0 0.758012)
(9.9697 0 0.916671)
(9.96174 0 1.08126)
(9.95439 0 1.25315)
(9.94837 0 1.43369)
(9.94448 0 1.62417)
(9.94366 0 1.82588)
(9.94697 0 2.04005)
(9.95563 0 2.26789)
(9.97106 0 2.51051)
(9.99492 0 2.76898)
(10.0291 0 3.04426)
(10.0759 0 3.33717)
(10.138 0 3.64836)
(10.2184 0 3.97826)
(10.321 0 4.32698)
(10.4499 0 4.69416)
(10.6103 0 5.0788)
(10.8078 0 5.47895)
(11.0489 0 5.89141)
(11.3405 0 6.31129)
(11.6895 0 6.73145)
(12.1025 0 7.1422)
(12.5842 0 7.52995)
(13.1285 0 7.88022)
(13.8148 0 8.17408)
(9.99966 0 0.153738)
(9.99856 0 0.304769)
(9.99675 0 0.455144)
(9.99458 0 0.606737)
(9.9925 0 0.761111)
(9.99099 0 0.91965)
(9.99061 0 1.0837)
(9.992 0 1.25455)
(9.9959 0 1.43343)
(10.0031 0 1.62152)
(10.0147 0 1.81994)
(10.0318 0 2.02975)
(10.0555 0 2.25195)
(10.0875 0 2.4874)
(10.1293 0 2.73685)
(10.1829 0 3.00089)
(10.2506 0 3.2799)
(10.3348 0 3.57399)
(10.4386 0 3.88297)
(10.5652 0 4.2062)
(10.7185 0 4.54251)
(10.9026 0 4.89001)
(11.122 0 5.24589)
(11.3816 0 5.60619)
(11.6859 0 5.96553)
(12.0393 0 6.31689)
(12.4449 0 6.65156)
(12.9048 0 6.95891)
(13.4117 0 7.22764)
(14.0327 0 7.44703)
(10.0002 0 0.15388)
(10.0007 0 0.304991)
(10.0019 0 0.4553)
(10.0039 0 0.6066)
(10.007 0 0.760382)
(10.0118 0 0.917948)
(10.0187 0 1.08056)
(10.0285 0 1.24939)
(10.0419 0 1.42557)
(10.0598 0 1.61012)
(10.0831 0 1.80402)
(10.113 0 2.00815)
(10.1507 0 2.22327)
(10.1978 0 2.45001)
(10.2559 0 2.68882)
(10.3267 0 2.93993)
(10.4126 0 3.20333)
(10.5157 0 3.47867)
(10.6387 0 3.76524)
(10.7845 0 4.06186)
(10.9562 0 4.36678)
(11.1572 0 4.67757)
(11.3907 0 4.99097)
(11.66 0 5.30278)
(11.9682 0 5.60774)
(12.3173 0 5.89949)
(12.7087 0 6.17064)
(13.1423 0 6.41292)
(13.6109 0 6.61754)
(14.1713 0 6.77756)
(10.0007 0 0.153253)
(10.0029 0 0.303684)
(10.0069 0 0.453161)
(10.0129 0 0.603386)
(10.021 0 0.755765)
(10.0318 0 0.911511)
(10.0458 0 1.07179)
(10.0636 0 1.23766)
(10.086 0 1.41012)
(10.1138 0 1.59007)
(10.148 0 1.77832)
(10.1898 0 1.97556)
(10.2403 0 2.18235)
(10.3009 0 2.39906)
(10.3733 0 2.6259)
(10.4592 0 2.86277)
(10.5604 0 3.10934)
(10.679 0 3.36488)
(10.8173 0 3.62831)
(10.9777 0 3.89806)
(11.1625 0 4.17203)
(11.3743 0 4.44753)
(11.6154 0 4.72118)
(11.8877 0 4.98888)
(12.193 0 5.24579)
(12.532 0 5.48638)
(12.9046 0 5.70454)
(13.3097 0 5.89383)
(13.7405 0 6.04762)
(14.2454 0 6.16133)
(10.0011 0 0.151846)
(10.0049 0 0.300828)
(10.0117 0 0.448702)
(10.0215 0 0.597069)
(10.0345 0 0.747241)
(10.051 0 0.900336)
(10.0716 0 1.05741)
(10.0969 0 1.21942)
(10.1277 0 1.38722)
(10.1647 0 1.56159)
(10.2089 0 1.74316)
(10.2614 0 1.93245)
(10.3233 0 2.12983)
(10.3959 0 2.33547)
(10.4807 0 2.54931)
(10.5792 0 2.77103)
(10.693 0 3)
(10.8239 0 3.23525)
(10.9738 0 3.47542)
(11.1445 0 3.71873)
(11.3377 0 3.96292)
(11.5553 0 4.20523)
(11.7986 0 4.44238)
(12.0688 0 4.67058)
(12.3663 0 4.88553)
(12.6912 0 5.08258)
(13.0425 0 5.2568)
(13.4183 0 5.40322)
(13.8126 0 5.51699)
(14.2673 0 5.59509)
(10.0016 0 0.149656)
(10.0068 0 0.296418)
(10.0163 0 0.441921)
(10.0297 0 0.587655)
(10.0472 0 0.734832)
(10.0691 0 0.88447)
(10.0959 0 1.03752)
(10.1282 0 1.19481)
(10.1667 0 1.35709)
(10.2121 0 1.52498)
(10.2653 0 1.69897)
(10.3273 0 1.87943)
(10.3992 0 2.06654)
(10.482 0 2.26029)
(10.5772 0 2.46042)
(10.686 0 2.66641)
(10.8098 0 2.87745)
(10.95 0 3.09239)
(11.108 0 3.30971)
(11.2853 0 3.52755)
(11.483 0 3.74361)
(11.7021 0 3.95524)
(11.9435 0 4.15939)
(12.2076 0 4.35266)
(12.4941 0 4.53137)
(12.8024 0 4.69169)
(13.131 0 4.82971)
(13.478 0 4.94168)
(13.8379 0 5.02407)
(14.2472 0 5.0749)
(10.002 0 0.146687)
(10.0087 0 0.290464)
(10.0205 0 0.432837)
(10.0374 0 0.575178)
(10.0591 0 0.718598)
(10.086 0 0.864009)
(10.1185 0 1.01225)
(10.1572 0 1.16405)
(10.2026 0 1.32002)
(10.2555 0 1.48065)
(10.3167 0 1.64631)
(10.387 0 1.81721)
(10.4674 0 1.99339)
(10.5589 0 2.17467)
(10.6625 0 2.36066)
(10.7794 0 2.5507)
(10.9106 0 2.74383)
(11.0573 0 2.93882)
(11.2205 0 3.13411)
(11.4011 0 3.32781)
(11.5999 0 3.51774)
(11.8173 0 3.70141)
(12.0537 0 3.87609)
(12.3088 0 4.03882)
(12.5821 0 4.18652)
(12.8724 0 4.31608)
(13.1782 0 4.42446)
(13.4972 0 4.50886)
(13.825 0 4.56676)
(14.1933 0 4.59687)
(10.0024 0 0.14295)
(10.0104 0 0.282989)
(10.0245 0 0.421491)
(10.0445 0 0.559706)
(10.0701 0 0.698638)
(10.1015 0 0.839096)
(10.1392 0 0.981815)
(10.1837 0 1.12741)
(10.2353 0 1.27637)
(10.2948 0 1.42909)
(10.3629 0 1.58579)
(10.4402 0 1.74657)
(10.5277 0 1.91135)
(10.6261 0 2.07983)
(10.7364 0 2.25152)
(10.8593 0 2.42565)
(10.9957 0 2.60121)
(11.1464 0 2.77694)
(11.3122 0 2.95129)
(11.4934 0 3.12246)
(11.6906 0 3.28841)
(11.9037 0 3.44691)
(12.1327 0 3.59554)
(12.3769 0 3.73181)
(12.6357 0 3.85318)
(12.9075 0 3.95716)
(13.1908 0 4.04143)
(13.4834 0 4.10391)
(13.7816 0 4.14284)
(14.113 0 4.15743)
(10.0028 0 0.138463)
(10.0119 0 0.274032)
(10.0282 0 0.407945)
(10.051 0 0.541329)
(10.0801 0 0.675083)
(10.1157 0 0.809914)
(10.158 0 0.946453)
(10.2075 0 1.08521)
(10.2646 0 1.22658)
(10.3298 0 1.37082)
(10.4037 0 1.51809)
(10.4869 0 1.66836)
(10.5801 0 1.82146)
(10.6839 0 1.97702)
(10.799 0 2.13445)
(10.9261 0 2.29296)
(11.0657 0 2.45154)
(11.2183 0 2.60892)
(11.3844 0 2.76363)
(11.5641 0 2.91401)
(11.7575 0 3.05822)
(11.9644 0 3.19427)
(12.1844 0 3.3201)
(12.4166 0 3.43363)
(12.6601 0 3.5328)
(12.9135 0 3.61566)
(13.1752 0 3.68044)
(13.4431 0 3.72564)
(13.714 0 3.75003)
(14.0124 0 3.75321)
(10.0031 0 0.133249)
(10.0133 0 0.263642)
(10.0315 0 0.392278)
(10.0569 0 0.520165)
(10.0892 0 0.648096)
(10.1284 0 0.77668)
(10.1748 0 0.906452)
(10.2287 0 1.03782)
(10.2905 0 1.1711)
(10.3605 0 1.30645)
(10.4392 0 1.44393)
(10.5271 0 1.58345)
(10.6246 0 1.72476)
(10.7324 0 1.86743)
(10.8508 0 2.01086)
(10.9804 0 2.15425)
(11.1214 0 2.29658)
(11.2741 0 2.43669)
(11.4387 0 2.57319)
(11.6152 0 2.70459)
(11.8033 0 2.82925)
(12.0026 0 2.94547)
(12.2125 0 3.0515)
(12.4321 0 3.14563)
(12.6603 0 3.22621)
(12.8958 0 3.29174)
(13.1369 0 3.3409)
(13.3819 0 3.3726)
(13.628 0 3.38604)
(13.897 0 3.38104)
(10.0034 0 0.12734)
(10.0146 0 0.251879)
(10.0344 0 0.374586)
(10.0622 0 0.496349)
(10.0972 0 0.617862)
(10.1397 0 0.739639)
(10.1896 0 0.862126)
(10.2473 0 0.985648)
(10.3129 0 1.11042)
(10.3868 0 1.23655)
(10.4694 0 1.36402)
(10.5608 0 1.49268)
(10.6616 0 1.62224)
(10.7721 0 1.75224)
(10.8925 0 1.88207)
(11.0231 0 2.01095)
(11.164 0 2.13794)
(11.3154 0 2.26194)
(11.4771 0 2.38171)
(11.649 0 2.49593)
(11.8306 0 2.60317)
(12.0215 0 2.70199)
(12.2208 0 2.79093)
(12.4276 0 2.86861)
(12.6408 0 2.93374)
(12.8591 0 2.98515)
(13.081 0 3.02189)
(13.3049 0 3.04319)
(13.5286 0 3.04853)
(13.7714 0 3.03792)
(10.0036 0 0.120767)
(10.0157 0 0.238811)
(10.0371 0 0.354976)
(10.0668 0 0.470034)
(10.1043 0 0.584583)
(10.1494 0 0.699054)
(10.2024 0 0.813807)
(10.2632 0 0.929095)
(10.332 0 1.04506)
(10.409 0 1.16175)
(10.4945 0 1.2791)
(10.5886 0 1.3969)
(10.6915 0 1.51486)
(10.8035 0 1.63251)
(10.9247 0 1.74926)
(11.0551 0 1.86437)
(11.1948 0 1.97697)
(11.3437 0 2.08608)
(11.5015 0 2.19061)
(11.6678 0 2.28938)
(11.8423 0 2.3812)
(12.0242 0 2.46485)
(12.2127 0 2.53914)
(12.4069 0 2.60297)
(12.6056 0 2.65532)
(12.8078 0 2.69532)
(13.0119 0 2.72228)
(13.2167 0 2.73568)
(13.4202 0 2.73522)
(13.6397 0 2.72099)
(10.0039 0 0.113567)
(10.0167 0 0.224513)
(10.0393 0 0.333562)
(10.0708 0 0.44138)
(10.1103 0 0.548475)
(10.1578 0 0.655198)
(10.2132 0 0.761839)
(10.2766 0 0.86858)
(10.3479 0 0.975514)
(10.4273 0 1.08263)
(10.5149 0 1.18983)
(10.6107 0 1.2969)
(10.7149 0 1.40351)
(10.8275 0 1.50922)
(10.9485 0 1.61348)
(11.0778 0 1.71562)
(11.2153 0 1.81484)
(11.3607 0 1.91028)
(11.5138 0 2.00099)
(11.6741 0 2.08597)
(11.841 0 2.16421)
(12.0138 0 2.2347)
(12.1916 0 2.29649)
(12.3736 0 2.34871)
(12.5587 0 2.39056)
(12.7458 0 2.42142)
(12.9337 0 2.44077)
(13.1213 0 2.4483)
(13.3068 0 2.44383)
(13.5058 0 2.42754)
(10.0041 0 0.105778)
(10.0175 0 0.209061)
(10.0413 0 0.310463)
(10.0742 0 0.410551)
(10.1155 0 0.509752)
(10.1649 0 0.608346)
(10.2223 0 0.706556)
(10.2876 0 0.804512)
(10.3609 0 0.902256)
(10.442 0 0.999747)
(10.531 0 1.09686)
(10.6278 0 1.19337)
(10.7324 0 1.28896)
(10.8448 0 1.38322)
(10.9648 0 1.47565)
(11.0922 0 1.56563)
(11.2268 0 1.65247)
(11.3683 0 1.73543)
(11.5163 0 1.81368)
(11.6701 0 1.88639)
(11.8293 0 1.95272)
(11.9931 0 2.01185)
(12.1606 0 2.06302)
(12.3311 0 2.10555)
(12.5035 0 2.13883)
(12.6768 0 2.16241)
(12.85 0 2.17593)
(13.0221 0 2.1792)
(13.1916 0 2.17216)
(13.3725 0 2.15501)
(10.0042 0 0.0974367)
(10.0183 0 0.192529)
(10.0429 0 0.285796)
(10.077 0 0.377712)
(10.1198 0 0.468629)
(10.1707 0 0.558764)
(10.2297 0 0.648284)
(10.2965 0 0.737272)
(10.3712 0 0.825736)
(10.4534 0 0.913609)
(10.5432 0 1.00075)
(10.6404 0 1.08695)
(10.7448 0 1.1719)
(10.8564 0 1.25523)
(10.9747 0 1.33648)
(11.0997 0 1.41512)
(11.231 0 1.49056)
(11.3682 0 1.56215)
(11.5108 0 1.62921)
(11.6581 0 1.69104)
(11.8098 0 1.74695)
(11.9649 0 1.7963)
(12.1227 0 1.83848)
(12.2824 0 1.87295)
(12.4431 0 1.89927)
(12.6039 0 1.91711)
(12.7639 0 1.92624)
(12.9222 0 1.92654)
(13.0776 0 1.91803)
(13.2428 0 1.90092)
(10.0044 0 0.0885783)
(10.0189 0 0.174991)
(10.0443 0 0.259671)
(10.0794 0 0.343015)
(10.1233 0 0.425305)
(10.1754 0 0.506701)
(10.2356 0 0.587322)
(10.3036 0 0.667213)
(10.3791 0 0.746356)
(10.4621 0 0.824669)
(10.5521 0 0.90201)
(10.6492 0 0.978172)
(10.7529 0 1.05288)
(10.8631 0 1.12581)
(10.9795 0 1.19655)
(11.1018 0 1.26465)
(11.2294 0 1.32961)
(11.3621 0 1.39088)
(11.4993 0 1.4479)
(11.6403 0 1.50009)
(11.7846 0 1.54692)
(11.9316 0 1.58785)
(12.0803 0 1.62242)
(12.2302 0 1.65021)
(12.3803 0 1.67091)
(12.5299 0 1.68427)
(12.6781 0 1.69015)
(12.8243 0 1.6885)
(12.9674 0 1.67937)
(13.119 0 1.66298)
(10.0045 0 0.0792325)
(10.0194 0 0.156506)
(10.0454 0 0.232187)
(10.0814 0 0.3066)
(10.1262 0 0.379963)
(10.1792 0 0.452383)
(10.2403 0 0.523937)
(10.309 0 0.59464)
(10.3851 0 0.664456)
(10.4683 0 0.733295)
(10.5583 0 0.80102)
(10.6548 0 0.86744)
(10.7575 0 0.932316)
(10.8661 0 0.995355)
(10.9802 0 1.05622)
(11.0995 0 1.11452)
(11.2235 0 1.16984)
(11.3517 0 1.22173)
(11.4836 0 1.26974)
(11.6186 0 1.3134)
(11.7562 0 1.35228)
(11.8955 0 1.38596)
(12.036 0 1.41409)
(12.1769 0 1.43635)
(12.3176 0 1.45251)
(12.4573 0 1.46241)
(12.5952 0 1.46596)
(12.7308 0 1.46314)
(12.8633 0 1.45404)
(13.0032 0 1.43886)
(10.0046 0 0.0694206)
(10.0198 0 0.137122)
(10.0464 0 0.203424)
(10.0831 0 0.268586)
(10.1286 0 0.332762)
(10.1823 0 0.396009)
(10.2439 0 0.458369)
(10.3131 0 0.519836)
(10.3895 0 0.580359)
(10.4726 0 0.639848)
(10.5622 0 0.698172)
(10.6579 0 0.755163)
(10.7594 0 0.810611)
(10.8662 0 0.864269)
(10.978 0 0.915853)
(11.0943 0 0.965046)
(11.2147 0 1.01151)
(11.3386 0 1.05487)
(11.4656 0 1.09477)
(11.595 0 1.13085)
(11.7263 0 1.16276)
(11.8588 0 1.19018)
(11.9918 0 1.21285)
(12.1249 0 1.23052)
(12.2572 0 1.24303)
(12.3882 0 1.25028)
(12.5173 0 1.25221)
(12.6438 0 1.24884)
(12.7671 0 1.24026)
(12.897 0 1.22664)
(10.0047 0 0.0591483)
(10.0202 0 0.116862)
(10.0473 0 0.173437)
(10.0845 0 0.229063)
(10.1306 0 0.283813)
(10.1849 0 0.337695)
(10.2469 0 0.390726)
(10.3163 0 0.442883)
(10.3927 0 0.494114)
(10.4756 0 0.544332)
(10.5647 0 0.59342)
(10.6594 0 0.641234)
(10.7595 0 0.687597)
(10.8645 0 0.732305)
(10.974 0 0.775128)
(11.0874 0 0.815809)
(11.2044 0 0.854074)
(11.3243 0 0.889639)
(11.4468 0 0.922214)
(11.5711 0 0.951517)
(11.6968 0 0.977282)
(11.8232 0 0.99927)
(11.9498 0 1.01727)
(12.076 0 1.03112)
(12.2012 0 1.0407)
(12.3247 0 1.04593)
(12.4462 0 1.04681)
(12.565 0 1.04334)
(12.6806 0 1.03562)
(12.8022 0 1.0238)
(10.0048 0 0.0483927)
(10.0207 0 0.0957052)
(10.0483 0 0.14226)
(10.086 0 0.188149)
(10.1325 0 0.233338)
(10.1871 0 0.277783)
(10.2493 0 0.321472)
(10.3188 0 0.364371)
(10.3951 0 0.40642)
(10.4776 0 0.447536)
(10.566 0 0.487619)
(10.6598 0 0.526546)
(10.7586 0 0.564177)
(10.8618 0 0.600349)
(10.9691 0 0.63488)
(11.0799 0 0.667572)
(11.1938 0 0.698215)
(11.3102 0 0.726588)
(11.4286 0 0.752474)
(11.5486 0 0.775658)
(11.6694 0 0.795943)
(11.7907 0 0.81315)
(11.9117 0 0.827127)
(12.0321 0 0.837755)
(12.1512 0 0.844952)
(12.2685 0 0.848673)
(12.3836 0 0.848913)
(12.496 0 0.845705)
(12.6053 0 0.83912)
(12.72 0 0.829297)
(10.005 0 0.0370671)
(10.0213 0 0.0735305)
(10.0495 0 0.109705)
(10.0878 0 0.145493)
(10.1346 0 0.180758)
(10.1895 0 0.215448)
(10.2519 0 0.24955)
(10.3214 0 0.283024)
(10.3975 0 0.315806)
(10.4796 0 0.347822)
(10.5673 0 0.378986)
(10.6601 0 0.409198)
(10.7576 0 0.438347)
(10.8592 0 0.466305)
(10.9646 0 0.492934)
(11.0731 0 0.518083)
(11.1843 0 0.541594)
(11.2977 0 0.563303)
(11.4127 0 0.583048)
(11.5289 0 0.600673)
(11.6457 0 0.616034)
(11.7627 0 0.629001)
(11.8792 0 0.639467)
(11.9947 0 0.64735)
(12.1089 0 0.652593)
(12.2212 0 0.655171)
(12.3312 0 0.655084)
(12.4386 0 0.652366)
(12.5428 0 0.647072)
(12.6521 0 0.639311)
(10.0052 0 0.0250031)
(10.0223 0 0.0507073)
(10.0511 0 0.0768952)
(10.0898 0 0.102879)
(10.137 0 0.12841)
(10.192 0 0.153485)
(10.2545 0 0.17811)
(10.324 0 0.202247)
(10.3999 0 0.225842)
(10.4816 0 0.24884)
(10.5688 0 0.27118)
(10.6608 0 0.292796)
(10.7572 0 0.313611)
(10.8575 0 0.333538)
(10.9612 0 0.352482)
(11.0679 0 0.370341)
(11.1769 0 0.387007)
(11.2879 0 0.402368)
(11.4002 0 0.416315)
(11.5135 0 0.428741)
(11.6271 0 0.439548)
(11.7407 0 0.448649)
(11.8536 0 0.455971)
(11.9655 0 0.461461)
(12.0758 0 0.465081)
(12.1843 0 0.466816)
(12.2903 0 0.466669)
(12.3937 0 0.464666)
(12.494 0 0.460847)
(12.5991 0 0.455292)
(10.0064 0 0.00975925)
(10.0253 0 0.0235301)
(10.0552 0 0.0390542)
(10.0941 0 0.0546847)
(10.1413 0 0.070093)
(10.1964 0 0.0853124)
(10.2588 0 0.100337)
(10.3281 0 0.115106)
(10.4037 0 0.129563)
(10.485 0 0.143658)
(10.5715 0 0.157349)
(10.6628 0 0.170589)
(10.7583 0 0.183327)
(10.8576 0 0.195508)
(10.96 0 0.207075)
(11.0652 0 0.217963)
(11.1726 0 0.228108)
(11.2817 0 0.237444)
(11.3921 0 0.245904)
(11.5032 0 0.253427)
(11.6145 0 0.259955)
(11.7256 0 0.26544)
(11.836 0 0.269839)
(11.9452 0 0.273124)
(12.0529 0 0.275276)
(12.1586 0 0.276288)
(12.2619 0 0.276168)
(12.3625 0 0.274935)
(12.4601 0 0.27262)
(12.5624 0 0.269282)
(9.99556 0 0.000366377)
(10.0054 0 0.00386876)
(10.0236 0 0.0086108)
(10.0501 0 0.0135169)
(10.0852 0 0.0184212)
(10.1286 0 0.023349)
(10.1799 0 0.0282907)
(10.2384 0 0.0332119)
(10.3036 0 0.0380819)
(10.3751 0 0.0428783)
(10.4522 0 0.0475815)
(10.5344 0 0.052172)
(10.6213 0 0.0566291)
(10.7123 0 0.0609305)
(10.807 0 0.0650522)
(10.9047 0 0.0689685)
(11.0049 0 0.0726523)
(11.1073 0 0.0760759)
(11.2111 0 0.0792115)
(11.316 0 0.0820323)
(11.4214 0 0.0845135)
(11.5269 0 0.0866329)
(11.6318 0 0.0883721)
(11.7358 0 0.0897168)
(11.8385 0 0.0906574)
(11.9393 0 0.0911891)
(12.038 0 0.0913124)
(12.1342 0 0.0910327)
(12.2275 0 0.0903582)
(12.3252 0 0.0893181)
(10.2887 0 13.462)
(7.02806 0 10.8043)
(0.723819 0 7.23274)
(11.0186 0 11.2345)
(10.389 0 9.63133)
(8.83886 0 8.0389)
(12.0545 0 11.1715)
(12.2593 0 10.5374)
(12.0124 0 9.69909)
(12.9719 0 10.7763)
(13.3445 0 10.6085)
(13.4714 0 10.2378)
(13.5598 0 9.96321)
(13.9727 0 9.96545)
(14.2517 0 9.85344)
(13.9462 0 9.09024)
(14.3567 0 9.15178)
(14.6839 0 9.15336)
(14.2148 0 8.27435)
(14.597 0 8.3423)
(14.9162 0 8.37608)
(14.391 0 7.52186)
(14.7361 0 7.57455)
(15.0279 0 7.60541)
(14.4913 0 6.8294)
(14.7998 0 6.86386)
(15.0611 0 6.88224)
(14.5312 0 6.19504)
(14.8062 0 6.21417)
(15.0388 0 6.2202)
(14.5228 0 5.61489)
(14.7679 0 5.62217)
(14.9747 0 5.61833)
(14.4756 0 5.08415)
(14.6941 0 5.0826)
(14.8782 0 5.07152)
(14.3977 0 4.59831)
(14.5927 0 4.5904)
(14.7567 0 4.5743)
(14.296 0 4.15321)
(14.4703 0 4.14092)
(14.6165 0 4.12157)
(14.1765 0 3.74505)
(14.3324 0 3.72991)
(14.463 0 3.7087)
(14.0443 0 3.37027)
(14.1839 0 3.35349)
(14.3008 0 3.33149)
(13.9038 0 3.0256)
(14.0292 0 3.0081)
(14.134 0 2.98612)
(13.7591 0 2.70793)
(13.872 0 2.69043)
(13.9662 0 2.66908)
(13.6137 0 2.41437)
(13.7156 0 2.39739)
(13.8006 0 2.37713)
(13.4705 0 2.14219)
(13.5628 0 2.12612)
(13.6398 0 2.10725)
(13.3321 0 1.88879)
(13.4161 0 1.87391)
(13.4862 0 1.85665)
(13.2008 0 1.65179)
(13.2777 0 1.63828)
(13.3418 0 1.62277)
(13.0785 0 1.42877)
(13.1493 0 1.41676)
(13.2083 0 1.40307)
(12.9669 0 1.21779)
(13.0325 0 1.20734)
(13.0873 0 1.1955)
(12.8675 0 1.01624)
(12.9289 0 1.00738)
(12.98 0 0.997386)
(12.7816 0 0.82308)
(12.8395 0 0.815837)
(12.8877 0 0.807698)
(12.7107 0 0.634435)
(12.7657 0 0.628778)
(12.8116 0 0.622445)
(12.6554 0 0.45181)
(12.7084 0 0.447772)
(12.7526 0 0.443252)
(12.6171 0 0.267136)
(12.6685 0 0.264605)
(12.7114 0 0.261776)
(12.3775 0 0.0885831)
(12.4267 0 0.0876798)
(12.4677 0 0.0866714)
(-2.01014 0 3.29164)
(1.32877 0 4.58459)
(1.9228 0 5.02558)
(2.7086 0 5.3912)
(3.42721 0 5.70326)
(4.05337 0 5.91223)
(4.61712 0 5.98687)
(5.13847 0 5.90023)
(5.62673 0 5.62261)
(6.0875 0 5.1231)
(6.52343 0 4.37156)
(6.92884 0 3.35269)
(7.28119 0 2.09918)
(7.56059 0 0.698154)
(7.70719 0 -0.757916)
(7.7523 0 -2.196)
(7.77927 0 -3.57596)
(7.82255 0 -4.85502)
(7.88205 0 -5.97277)
(7.94554 0 -6.86719)
(8.00136 0 -7.49619)
(8.04341 0 -7.84864)
(8.07141 0 -7.9427)
(8.08901 0 -7.81753)
(8.10137 0 -7.52332)
(8.11308 0 -7.11265)
(8.12711 0 -6.63418)
(8.14212 0 -6.12875)
(8.1629 0 -5.62858)
(8.15285 0 -5.14252)
(6.41492 0 5.69367)
(4.9131 0 4.55951)
(3.98966 0 4.35544)
(4.00615 0 4.62321)
(4.4643 0 4.99519)
(5.05106 0 5.28883)
(5.66572 0 5.43467)
(6.27403 0 5.40145)
(6.86185 0 5.16497)
(7.42252 0 4.70082)
(7.94843 0 3.98785)
(8.42202 0 3.0244)
(8.81153 0 1.85181)
(9.0995 0 0.544668)
(9.26578 0 -0.834943)
(9.35122 0 -2.23418)
(9.41678 0 -3.60563)
(9.47578 0 -4.88575)
(9.51564 0 -5.99983)
(9.52113 0 -6.88281)
(9.48527 0 -7.49631)
(9.4107 0 -7.83401)
(9.30696 0 -7.91738)
(9.18667 0 -7.78681)
(9.0622 0 -7.49207)
(8.94344 0 -7.08434)
(8.83682 0 -6.61037)
(8.7429 0 -6.10907)
(8.66976 0 -5.61036)
(8.55711 0 -5.12477)
(10.9137 0 7.88654)
(9.45025 0 6.38824)
(8.00221 0 5.39704)
(7.04515 0 4.88078)
(6.65067 0 4.73356)
(6.69758 0 4.78307)
(7.03111 0 4.85247)
(7.52239 0 4.81917)
(8.08395 0 4.61225)
(8.6615 0 4.19082)
(9.21766 0 3.53392)
(9.7179 0 2.64647)
(10.1248 0 1.56908)
(10.4446 0 0.353715)
(10.6774 0 -0.960502)
(10.854 0 -2.32411)
(10.9946 0 -3.67279)
(11.0862 0 -4.92643)
(11.1085 0 -6.00563)
(11.0509 0 -6.84986)
(10.9169 0 -7.42798)
(10.7214 0 -7.73914)
(10.4848 0 -7.80715)
(10.2287 0 -7.67201)
(9.9721 0 -7.38142)
(9.72937 0 -6.98363)
(9.50957 0 -6.52234)
(9.31462 0 -6.03371)
(9.15464 0 -5.54501)
(8.9489 0 -5.06814)
(13.1953 0 9.03689)
(12.4676 0 7.77544)
(11.4884 0 6.70434)
(10.5451 0 5.87447)
(9.8106 0 5.28451)
(9.36708 0 4.90149)
(9.23161 0 4.64902)
(9.36141 0 4.42432)
(9.68032 0 4.12933)
(10.1093 0 3.69034)
(10.5801 0 3.06437)
(11.0371 0 2.2418)
(11.4361 0 1.24305)
(11.8112 0 0.0926324)
(12.138 0 -1.17062)
(12.4075 0 -2.48785)
(12.6006 0 -3.7815)
(12.6907 0 -4.96872)
(12.6612 0 -5.97685)
(12.5137 0 -6.75528)
(12.2648 0 -7.28104)
(11.941 0 -7.55748)
(11.572 0 -7.60874)
(11.1861 0 -7.47246)
(10.807 0 -7.19249)
(10.4516 0 -6.81276)
(10.1304 0 -6.37287)
(9.84594 0 -5.90557)
(9.60901 0 -5.4353)
(9.32193 0 -4.97494)
(14.4587 0 9.21403)
(14.316 0 8.34555)
(13.9117 0 7.4656)
(13.3725 0 6.6613)
(12.8177 0 5.95981)
(12.3445 0 5.36572)
(12.0238 0 4.86042)
(11.8906 0 4.401)
(11.9405 0 3.92859)
(12.1391 0 3.38252)
(12.4371 0 2.71446)
(12.7839 0 1.89736)
(13.1403 0 0.922584)
(13.529 0 -0.199789)
(13.8705 0 -1.42051)
(14.1301 0 -2.67156)
(14.2745 0 -3.87717)
(14.2794 0 -4.96557)
(14.1383 0 -5.8779)
(13.8639 0 -6.57526)
(13.4825 0 -7.04175)
(13.0273 0 -7.28296)
(12.5327 0 -7.32146)
(12.0301 0 -7.19084)
(11.5443 0 -6.92976)
(11.0931 0 -6.57688)
(10.6868 0 -6.16709)
(10.3276 0 -5.72937)
(10.0261 0 -5.28527)
(9.67122 0 -4.8483)
(15.1279 0 8.86733)
(15.359 0 8.33654)
(15.4041 0 7.69558)
(15.2877 0 7.02496)
(15.071 0 6.36326)
(14.8251 0 5.72868)
(14.6126 0 5.12268)
(14.4802 0 4.52986)
(14.4535 0 3.92141)
(14.5363 0 3.26147)
(14.7133 0 2.51513)
(14.9578 0 1.6548)
(15.244 0 0.662268)
(15.5415 0 -0.446392)
(15.769 0 -1.6152)
(15.8947 0 -2.78054)
(15.8896 0 -3.8802)
(15.738 0 -4.85855)
(15.4431 0 -5.67105)
(15.0235 0 -6.2891)
(14.509 0 -6.70201)
(13.934 0 -6.91602)
(13.3327 0 -6.9509)
(12.7356 0 -6.83535)
(12.1665 0 -6.60233)
(11.6417 0 -6.28486)
(11.1703 0 -5.91298)
(10.7536 0 -5.51186)
(10.4016 0 -5.10036)
(9.99354 0 -4.69233)
(15.438 0 8.2686)
(15.8657 0 7.96639)
(16.1977 0 7.52848)
(16.4006 0 7.00718)
(16.492 0 6.43653)
(16.5149 0 5.8374)
(16.5127 0 5.21899)
(16.5217 0 4.57852)
(16.5682 0 3.90305)
(16.666 0 3.17323)
(16.8149 0 2.36812)
(17.0012 0 1.47021)
(17.2038 0 0.47239)
(17.3612 0 -0.597931)
(17.4284 0 -1.69077)
(17.3827 0 -2.75635)
(17.2058 0 -3.74737)
(16.8926 0 -4.62152)
(16.4528 0 -5.34523)
(15.9082 0 -5.89717)
(15.2879 0 -6.26995)
(14.6242 0 -6.46932)
(13.9487 0 -6.51172)
(13.2886 0 -6.42086)
(12.665 0 -6.22404)
(12.0922 0 -5.94887)
(11.5777 0 -5.62074)
(11.1221 0 -5.2613)
(10.7342 0 -4.88702)
(10.2876 0 -4.51175)
(15.5444 0 7.56777)
(16.0435 0 7.39502)
(16.5202 0 7.09901)
(16.9161 0 6.70377)
(17.2211 0 6.23109)
(17.4552 0 5.69707)
(17.6432 0 5.11137)
(17.8066 0 4.47648)
(17.9627 0 3.78828)
(18.1215 0 3.03839)
(18.2831 0 2.21795)
(18.436 0 1.32259)
(18.5603 0 0.360206)
(18.6011 0 -0.639348)
(18.5392 0 -1.63893)
(18.3604 0 -2.60155)
(18.0565 0 -3.49072)
(17.6304 0 -4.27344)
(17.096 0 -4.9236)
(16.4756 0 -5.42477)
(15.7967 0 -5.77123)
(15.0884 0 -5.96751)
(14.3784 0 -6.02658)
(13.6906 0 -5.96738)
(13.0432 0 -5.81197)
(12.4483 0 -5.58302)
(11.9122 0 -5.30173)
(11.4351 0 -4.9866)
(11.0252 0 -4.65202)
(10.5537 0 -4.3116)
(15.5379 0 6.8595)
(16.0351 0 6.74652)
(16.5552 0 6.53434)
(17.0365 0 6.22835)
(17.4555 0 5.83855)
(17.8165 0 5.37393)
(18.1295 0 4.84108)
(18.4029 0 4.24351)
(18.6434 0 3.58169)
(18.8533 0 2.85454)
(19.0289 0 2.06234)
(19.1583 0 1.21097)
(19.2258 0 0.316819)
(19.1945 0 -0.594275)
(19.0561 0 -1.49554)
(18.8035 0 -2.35881)
(18.4353 0 -3.15523)
(17.9585 0 -3.85852)
(17.3888 0 -4.44792)
(16.7473 0 -4.91009)
(16.0589 0 -5.23996)
(15.3493 0 -5.44036)
(14.6426 0 -5.52092)
(13.9593 0 -5.49618)
(13.3151 0 -5.38354)
(12.7206 0 -5.20129)
(12.1814 0 -4.96698)
(11.6979 0 -4.6963)
(11.2779 0 -4.40186)
(10.7934 0 -4.09673)
(15.4666 0 6.19125)
(15.9273 0 6.09936)
(16.4315 0 5.93016)
(16.9245 0 5.68025)
(17.3794 0 5.35201)
(17.7919 0 4.9487)
(18.1625 0 4.47343)
(18.4906 0 3.92888)
(18.7741 0 3.31742)
(19.0091 0 2.64208)
(19.1884 0 1.90844)
(19.3006 0 1.12744)
(19.334 0 0.317536)
(19.2685 0 -0.500061)
(19.0988 0 -1.30492)
(18.8226 0 -2.07506)
(18.4419 0 -2.78751)
(17.9655 0 -3.42112)
(17.408 0 -3.95889)
(16.7888 0 -4.38944)
(16.1293 0 -4.7077)
(15.4517 0 -4.91476)
(14.7766 0 -5.01718)
(14.1218 0 -5.02569)
(13.5009 0 -4.95365)
(12.9237 0 -4.8156)
(12.3954 0 -4.6259)
(11.9171 0 -4.39779)
(11.4966 0 -4.14226)
(11.0089 0 -3.87157)
(15.3545 0 5.57848)
(15.7678 0 5.49115)
(16.2293 0 5.34258)
(16.6935 0 5.12661)
(17.135 0 4.84207)
(17.5466 0 4.48903)
(17.9243 0 4.0682)
(18.2621 0 3.58118)
(18.5533 0 3.03078)
(18.79 0 2.42161)
(18.9634 0 1.76126)
(19.0632 0 1.06173)
(19.0806 0 0.340078)
(19.0061 0 -0.38627)
(18.8352 0 -1.1007)
(18.568 0 -1.78564)
(18.2081 0 -2.42264)
(17.764 0 -2.99443)
(17.2485 0 -3.48673)
(16.6778 0 -3.88949)
(16.0704 0 -4.19743)
(15.4446 0 -4.41012)
(14.8182 0 -4.53154)
(14.2063 0 -4.56924)
(13.6214 0 -4.53323)
(13.0722 0 -4.43486)
(12.5643 0 -4.28574)
(12.0994 0 -4.09692)
(11.6855 0 -3.87789)
(11.2024 0 -3.63993)
(15.2147 0 5.02225)
(15.5806 0 4.9347)
(15.992 0 4.79719)
(16.4109 0 4.60342)
(16.8154 0 4.35109)
(17.1979 0 4.03904)
(17.5529 0 3.66688)
(17.8729 0 3.23549)
(18.1491 0 2.74746)
(18.3725 0 2.20754)
(18.534 0 1.62329)
(18.6246 0 1.00565)
(18.637 0 0.368987)
(18.5674 0 -0.272416)
(18.4116 0 -0.904455)
(18.1707 0 -1.51265)
(17.8483 0 -2.08199)
(17.4516 0 -2.59817)
(16.9914 0 -3.04905)
(16.4808 0 -3.42554)
(15.935 0 -3.72226)
(15.3694 0 -3.93757)
(14.7989 0 -4.07346)
(14.2367 0 -4.13491)
(13.6938 0 -4.12921)
(13.1785 0 -4.06502)
(12.6965 0 -3.95161)
(12.2505 0 -3.79808)
(11.8483 0 -3.6125)
(11.3756 0 -3.40503)
(15.055 0 4.51862)
(15.3779 0 4.43089)
(15.7408 0 4.30145)
(16.112 0 4.1247)
(16.4722 0 3.89828)
(16.8149 0 3.62079)
(17.1349 0 3.29155)
(17.4245 0 2.9111)
(17.6752 0 2.48166)
(17.8782 0 2.00748)
(18.0252 0 1.49517)
(18.1086 0 0.953891)
(18.1219 0 0.39515)
(18.0634 0 -0.16924)
(17.9293 0 -0.727261)
(17.7205 0 -1.26672)
(17.4404 0 -1.77522)
(17.0947 0 -2.2408)
(16.692 0 -2.65302)
(16.2429 0 -3.0037)
(15.7595 0 -3.28743)
(15.2547 0 -3.50177)
(14.741 0 -3.64718)
(14.2297 0 -3.72669)
(13.7307 0 -3.74538)
(13.2519 0 -3.70973)
(12.7989 0 -3.62697)
(12.375 0 -3.50448)
(11.9882 0 -3.34903)
(11.5303 0 -3.16956)
(14.8813 0 4.06239)
(15.1663 0 3.97591)
(15.4859 0 3.85418)
(15.8125 0 3.69242)
(16.1298 0 3.48855)
(16.4321 0 3.24132)
(16.7149 0 2.95009)
(16.9715 0 2.61525)
(17.1943 0 2.23868)
(17.3755 0 1.82394)
(17.5079 0 1.37648)
(17.5849 0 0.903695)
(17.6011 0 0.414711)
(17.555 0 -0.0808228)
(17.4434 0 -0.572753)
(17.2667 0 -1.05073)
(17.0274 0 -1.50436)
(16.7303 0 -1.92359)
(16.3817 0 -2.2994)
(15.9902 0 -2.62441)
(15.5656 0 -2.89337)
(15.1182 0 -3.10333)
(14.6586 0 -3.25369)
(14.1967 0 -3.34598)
(13.7411 0 -3.38356)
(13.2991 0 -3.3711)
(12.8764 0 -3.31413)
(12.4767 0 -3.2185)
(12.1076 0 -3.08979)
(11.6677 0 -2.93574)
(14.6985 0 3.6484)
(14.9506 0 3.5647)
(15.2321 0 3.45103)
(15.5195 0 3.3034)
(15.7983 0 3.12005)
(16.0638 0 2.89996)
(16.3122 0 2.64261)
(16.5379 0 2.34833)
(16.7345 0 2.01867)
(16.8953 0 1.65654)
(17.0142 0 1.26634)
(17.0857 0 0.853957)
(17.105 0 0.42659)
(17.0706 0 -0.00784036)
(16.9797 0 -0.44089)
(16.8321 0 -0.863806)
(16.6297 0 -1.26782)
(16.376 0 -1.64442)
(16.076 0 -1.9858)
(15.7363 0 -2.28538)
(15.3648 0 -2.53814)
(14.9701 0 -2.7409)
(14.5607 0 -2.8923)
(14.1451 0 -2.99279)
(13.7311 0 -3.04436)
(13.3253 0 -3.05027)
(12.9331 0 -3.01459)
(12.5585 0 -2.94189)
(12.2088 0 -2.83664)
(11.7893 0 -2.70544)
(14.5107 0 3.27192)
(14.7342 0 3.19224)
(14.983 0 3.08703)
(15.2363 0 2.95296)
(15.4817 0 2.78859)
(15.7151 0 2.5931)
(15.9334 0 2.36609)
(16.132 0 2.10784)
(16.3055 0 1.8196)
(16.4484 0 1.50373)
(16.5555 0 1.16374)
(16.6221 0 0.804316)
(16.6442 0 0.431164)
(16.62 0 0.0508333)
(16.5471 0 -0.329765)
(16.4249 0 -0.703314)
(16.2547 0 -1.0624)
(16.039 0 -1.39977)
(15.7817 0 -1.7087)
(15.4879 0 -1.98332)
(15.1639 0 -2.21895)
(14.8164 0 -2.4123)
(14.4529 0 -2.56156)
(14.0803 0 -2.66639)
(13.7055 0 -2.72777)
(13.3345 0 -2.74779)
(12.9724 0 -2.72937)
(12.6232 0 -2.67594)
(12.2938 0 -2.59104)
(11.8962 0 -2.48018)
(14.3216 0 2.92864)
(14.5204 0 2.85389)
(14.7409 0 2.75738)
(14.965 0 2.63633)
(15.1818 0 2.48957)
(15.3877 0 2.31646)
(15.5802 0 2.11667)
(15.7556 0 1.89044)
(15.9094 0 1.63878)
(16.037 0 1.36358)
(16.134 0 1.06763)
(16.1964 0 0.754661)
(16.2209 0 0.429232)
(16.2049 0 0.0967577)
(16.1477 0 -0.237219)
(16.0475 0 -0.566508)
(15.9052 0 -0.884871)
(15.7225 0 -1.18615)
(15.5024 0 -1.46455)
(15.2489 0 -1.71487)
(14.9668 0 -1.93281)
(14.6617 0 -2.11512)
(14.3396 0 -2.25972)
(14.0065 0 -2.36572)
(13.6682 0 -2.43334)
(13.3302 0 -2.46378)
(12.9973 0 -2.45901)
(12.6732 0 -2.42154)
(12.3645 0 -2.3541)
(11.9898 0 -2.26119)
(14.1344 0 2.61469)
(14.3118 0 2.54547)
(14.5081 0 2.4577)
(14.7072 0 2.34909)
(14.8995 0 2.21866)
(15.082 0 2.06592)
(15.2528 0 1.8906)
(15.4086 0 1.69289)
(15.5458 0 1.47358)
(15.6604 0 1.2342)
(15.7489 0 0.976964)
(15.8078 0 0.704855)
(15.8342 0 0.421542)
(15.8258 0 0.131365)
(15.7817 0 -0.161086)
(15.7002 0 -0.450629)
(15.5818 0 -0.732042)
(15.4276 0 -1.00012)
(15.2398 0 -1.24987)
(15.0215 0 -1.47673)
(14.7763 0 -1.67678)
(14.5089 0 -1.84689)
(14.2241 0 -1.98486)
(13.9269 0 -2.08945)
(13.6224 0 -2.16033)
(13.3154 0 -2.19803)
(13.0102 0 -2.20376)
(12.7107 0 -2.17928)
(12.4226 0 -2.12661)
(12.071 0 -2.04941)
(13.9518 0 2.32651)
(14.1109 0 2.26318)
(14.2864 0 2.18406)
(14.4642 0 2.08724)
(14.6358 0 1.97194)
(14.7985 0 1.83775)
(14.9508 0 1.68444)
(15.0902 0 1.51217)
(15.2134 0 1.32157)
(15.3173 0 1.11383)
(15.3986 0 0.890737)
(15.4547 0 0.654669)
(15.4828 0 0.408578)
(15.4808 0 0.155964)
(15.4479 0 -0.0994031)
(15.3825 0 -0.353216)
(15.2845 0 -0.60109)
(15.1549 0 -0.838632)
(14.9951 0 -1.06156)
(14.8074 0 -1.26589)
(14.5947 0 -1.44807)
(14.3606 0 -1.6052)
(14.1091 0 -1.73504)
(13.8444 0 -1.83614)
(13.5709 0 -1.9078)
(13.2927 0 -1.95005)
(13.0137 0 -1.96354)
(12.7377 0 -1.9494)
(12.4699 0 -1.9091)
(12.1412 0 -1.84551)
(13.7764 0 2.06085)
(13.9197 0 2.00359)
(14.0775 0 1.93291)
(14.2372 0 1.84723)
(14.3911 0 1.74591)
(14.5372 0 1.62861)
(14.674 0 1.49516)
(14.7996 0 1.34565)
(14.9112 0 1.18058)
(15.0061 0 1.0009)
(15.0816 0 0.808034)
(15.1353 0 0.603878)
(15.1649 0 0.390807)
(15.1685 0 0.17164)
(15.1451 0 -0.0505077)
(15.0935 0 -0.272099)
(15.0131 0 -0.489457)
(14.9046 0 -0.698876)
(14.769 0 -0.896703)
(14.6079 0 -1.07947)
(14.4236 0 -1.24402)
(14.2188 0 -1.38766)
(13.997 0 -1.50824)
(13.7615 0 -1.60421)
(13.516 0 -1.67462)
(13.2643 0 -1.71916)
(13.0099 0 -1.73803)
(12.7561 0 -1.73192)
(12.5078 0 -1.70179)
(12.2015 0 -1.6499)
(13.6103 0 1.81474)
(13.7401 0 1.76357)
(13.8827 0 1.70103)
(14.0271 0 1.62583)
(14.1662 0 1.53742)
(14.2982 0 1.43553)
(14.4221 0 1.32001)
(14.5362 0 1.19093)
(14.6381 0 1.04867)
(14.7256 0 0.893981)
(14.7963 0 0.727989)
(14.8481 0 0.552213)
(14.8791 0 0.368562)
(14.8875 0 0.17931)
(14.8723 0 -0.0129712)
(14.8324 0 -0.205399)
(14.7671 0 -0.394907)
(14.6767 0 -0.578377)
(14.5619 0 -0.752699)
(14.4238 0 -0.914876)
(14.2641 0 -1.06213)
(14.0852 0 -1.19202)
(13.8895 0 -1.30252)
(13.6801 0 -1.39204)
(13.4599 0 -1.45955)
(13.2323 0 -1.50447)
(13.0005 0 -1.52671)
(12.7675 0 -1.52658)
(12.5377 0 -1.5047)
(12.2528 0 -1.46277)
(13.4551 0 1.58547)
(13.5735 0 1.54032)
(13.7033 0 1.4856)
(13.8347 0 1.42022)
(13.9613 0 1.34374)
(14.0816 0 1.25594)
(14.1948 0 1.15668)
(14.2993 0 1.04601)
(14.3932 0 0.924216)
(14.4746 0 0.791892)
(14.5413 0 0.649929)
(14.5917 0 0.499538)
(14.624 0 0.342247)
(14.6365 0 0.179891)
(14.6284 0 0.0145863)
(14.5984 0 -0.151329)
(14.5459 0 -0.315319)
(14.471 0 -0.474768)
(14.374 0 -0.627047)
(14.2557 0 -0.769586)
(14.1175 0 -0.899964)
(13.9609 0 -1.016)
(13.7883 0 -1.11582)
(13.6019 0 -1.19791)
(13.4043 0 -1.26117)
(13.1985 0 -1.3049)
(12.9873 0 -1.32879)
(12.7734 0 -1.3329)
(12.5609 0 -1.31757)
(12.2962 0 -1.28404)
(13.3126 0 1.37039)
(13.4212 0 1.33113)
(13.5403 0 1.28386)
(13.6608 0 1.22769)
(13.777 0 1.16225)
(13.8876 0 1.08736)
(13.9918 0 1.00291)
(14.0884 0 0.908905)
(14.1757 0 0.805582)
(14.2521 0 0.693394)
(14.3157 0 0.573046)
(14.365 0 0.445499)
(14.3984 0 0.311972)
(14.4145 0 0.173939)
(14.4122 0 0.0331356)
(14.3907 0 -0.108558)
(14.3491 0 -0.249049)
(14.2874 0 -0.386164)
(14.2056 0 -0.517698)
(14.1042 0 -0.641471)
(13.9844 0 -0.755399)
(13.8472 0 -0.857566)
(13.6946 0 -0.946287)
(13.5283 0 -1.02016)
(13.3508 0 -1.07808)
(13.1644 0 -1.11931)
(12.9716 0 -1.1434)
(12.7752 0 -1.15024)
(12.5786 0 -1.13996)
(12.3326 0 -1.11348)
(13.1838 0 1.16742)
(13.2844 0 1.13387)
(13.3945 0 1.0937)
(13.506 0 1.04617)
(13.6136 0 0.990983)
(13.7161 0 0.927992)
(13.8129 0 0.857093)
(13.9031 0 0.778293)
(13.9851 0 0.691759)
(14.0574 0 0.597845)
(14.1185 0 0.497102)
(14.1669 0 0.390287)
(14.2014 0 0.27837)
(14.2205 0 0.162526)
(14.2232 0 0.0441436)
(14.2088 0 -0.0752623)
(14.1764 0 -0.193983)
(14.1257 0 -0.310232)
(14.0567 0 -0.422183)
(13.9698 0 -0.528011)
(13.8655 0 -0.625949)
(13.745 0 -0.714346)
(13.6095 0 -0.791719)
(13.4608 0 -0.856797)
(13.3006 0 -0.908556)
(13.1313 0 -0.946237)
(12.955 0 -0.969349)
(12.7741 0 -0.977663)
(12.5918 0 -0.971176)
(12.3628 0 -0.950529)
(13.0702 0 0.973825)
(13.164 0 0.945796)
(13.2668 0 0.912369)
(13.3708 0 0.872964)
(13.4714 0 0.82734)
(13.5673 0 0.775369)
(13.6582 0 0.716963)
(13.7431 0 0.652119)
(13.8208 0 0.580962)
(13.8898 0 0.503761)
(13.9489 0 0.420942)
(13.9968 0 0.333096)
(14.0321 0 0.24098)
(14.0538 0 0.145522)
(14.0607 0 0.0478153)
(14.0522 0 -0.0509182)
(14.0274 0 -0.149307)
(13.9859 0 -0.245905)
(13.9276 0 -0.339227)
(13.8526 0 -0.427775)
(13.7615 0 -0.510083)
(13.6549 0 -0.584764)
(13.534 0 -0.650549)
(13.4002 0 -0.706332)
(13.255 0 -0.751193)
(13.1003 0 -0.784419)
(12.9383 0 -0.805517)
(12.771 0 -0.814206)
(12.6014 0 -0.810398)
(12.3875 0 -0.794541)
(12.9727 0 0.788561)
(13.0611 0 0.765872)
(13.1579 0 0.738904)
(13.2559 0 0.7072)
(13.3508 0 0.670568)
(13.4415 0 0.628905)
(13.5276 0 0.582136)
(13.6083 0 0.530255)
(13.6826 0 0.473351)
(13.7491 0 0.411625)
(13.8066 0 0.345401)
(13.854 0 0.275128)
(13.8902 0 0.201389)
(13.9139 0 0.124898)
(13.9243 0 0.0464993)
(13.9206 0 -0.0328601)
(13.902 0 -0.112113)
(13.868 0 -0.190115)
(13.8184 0 -0.265684)
(13.7533 0 -0.33762)
(13.673 0 -0.404737)
(13.578 0 -0.465901)
(13.4691 0 -0.520063)
(13.3477 0 -0.566289)
(13.215 0 -0.60379)
(13.0727 0 -0.631933)
(12.9227 0 -0.650262)
(12.767 0 -0.65849)
(12.6083 0 -0.656494)
(12.4072 0 -0.644584)
(12.8925 0 0.607617)
(12.9765 0 0.590089)
(13.0686 0 0.569308)
(13.162 0 0.544929)
(13.2525 0 0.516806)
(13.339 0 0.484858)
(13.4214 0 0.449026)
(13.4989 0 0.409301)
(13.5705 0 0.365744)
(13.635 0 0.318502)
(13.6914 0 0.26781)
(13.7385 0 0.214001)
(13.7752 0 0.157506)
(13.8006 0 0.0988544)
(13.8138 0 0.0386759)
(13.8138 0 -0.0223022)
(13.8 0 -0.0832709)
(13.772 0 -0.143362)
(13.7293 0 -0.201676)
(13.672 0 -0.257299)
(13.6002 0 -0.309324)
(13.5144 0 -0.356872)
(13.4153 0 -0.399124)
(13.3038 0 -0.43534)
(13.1812 0 -0.464883)
(13.0489 0 -0.487237)
(12.9087 0 -0.502012)
(12.7625 0 -0.508956)
(12.6126 0 -0.507945)
(12.4222 0 -0.499213)
(12.8304 0 0.432676)
(12.9113 0 0.420217)
(12.9999 0 0.405467)
(13.0898 0 0.388171)
(13.177 0 0.368227)
(13.2605 0 0.345582)
(13.3401 0 0.320194)
(13.4152 0 0.292052)
(13.4849 0 0.261197)
(13.548 0 0.227729)
(13.6035 0 0.19181)
(13.6504 0 0.153667)
(13.6877 0 0.113599)
(13.7144 0 0.0719679)
(13.7296 0 0.0291928)
(13.7325 0 -0.0142375)
(13.7224 0 -0.0577545)
(13.6988 0 -0.100732)
(13.6614 0 -0.142518)
(13.6099 0 -0.182452)
(13.5445 0 -0.219874)
(13.4654 0 -0.254144)
(13.3734 0 -0.284662)
(13.2692 0 -0.310881)
(13.1539 0 -0.332329)
(13.0289 0 -0.348619)
(12.8958 0 -0.359458)
(12.7563 0 -0.364655)
(12.6128 0 -0.364117)
(12.43 0 -0.358017)
(12.7871 0 0.255288)
(12.8657 0 0.247813)
(12.9518 0 0.238979)
(13.0393 0 0.228592)
(13.1241 0 0.216604)
(13.2054 0 0.202995)
(13.2831 0 0.187741)
(13.3566 0 0.170837)
(13.4248 0 0.152303)
(13.4868 0 0.132201)
(13.5417 0 0.110626)
(13.5884 0 0.087719)
(13.6259 0 0.0636628)
(13.6533 0 0.0386916)
(13.6696 0 0.0130912)
(13.6739 0 -0.0128201)
(13.6655 0 -0.038726)
(13.6438 0 -0.0642802)
(13.6084 0 -0.0891071)
(13.5591 0 -0.112817)
(13.496 0 -0.135017)
(13.4194 0 -0.155324)
(13.3298 0 -0.173379)
(13.228 0 -0.188851)
(13.1152 0 -0.201455)
(12.9927 0 -0.210961)
(12.8619 0 -0.217198)
(12.7249 0 -0.220066)
(12.5837 0 -0.219555)
(12.4044 0 -0.215951)
(12.5398 0 0.0844404)
(12.6146 0 0.0819446)
(12.6964 0 0.078965)
(12.7793 0 0.0754158)
(12.8596 0 0.0712879)
(12.9363 0 0.0665794)
(13.0093 0 0.0612834)
(13.0778 0 0.0553977)
(13.1411 0 0.0489325)
(13.1979 0 0.0419122)
(13.2474 0 0.0343761)
(13.2886 0 0.0263809)
(13.3204 0 0.0180042)
(13.342 0 0.00935226)
(13.3525 0 0.000568424)
(13.3513 0 -0.00821295)
(13.3376 0 -0.0169095)
(13.311 0 -0.0254315)
(13.2712 0 -0.0336716)
(13.2179 0 -0.0415118)
(13.1513 0 -0.0488299)
(13.0717 0 -0.0555042)
(12.9796 0 -0.0614176)
(12.8758 0 -0.0664613)
(12.7615 0 -0.0705392)
(12.6379 0 -0.0735722)
(12.5065 0 -0.0755024)
(12.3692 0 -0.0763018)
(12.228 0 -0.0759836)
(12.0487 0 -0.074829)
)
;

boundaryField
{
    inlet
    {
        type            fixedValue;
        value           uniform (10 0 0);
    }
    outlet
    {
        type            zeroGradient;
    }
    flap
    {
        type            movingWallVelocity;
        value           nonuniform List<vector> 
33
(
(0 0 6.93889e-16)
(0 0 0)
(0 0 0)
(0 0 0)
(0 0 0)
(0 0 0)
(0 0 0)
(0 0 0)
(0 0 0)
(0 0 0)
(0 0 0)
(0 0 -1.11022e-14)
(0 0 -1.11022e-14)
(0 0 -1.11022e-14)
(0 0 -2.22045e-14)
(6.93889e-16 -2.77556e-15 0)
(0 -2.77556e-15 0)
(0 0 0)
(0 0 6.93889e-16)
(0 0 0)
(0 0 0)
(0 0 0)
(0 0 0)
(0 0 0)
(0 0 -5.55112e-15)
(0 0 0)
(0 0 -1.11022e-14)
(0 0 0)
(0 0 0)
(0 0 0)
(0 0 0)
(0 -2.77556e-15 -1.11022e-14)
(0 0 -1.11022e-14)
)
;
    }
    upperWall
    {
        type            noSlip;
    }
    lowerWall
    {
        type            noSlip;
    }
    frontAndBack
    {
        type            empty;
    }
}


// ************************************************************************* //
