/*--------------------------------*- C++ -*----------------------------------*\
  =========                 |
  \\      /  F ield         | OpenFOAM: The Open Source CFD Toolbox
   \\    /   O peration     | Website:  https://openfoam.org
    \\  /    A nd           | Version:  dev
     \\/     M anipulation  |
\*---------------------------------------------------------------------------*/
FoamFile
{
    version     2.0;
    format      ascii;
    class       volVectorField;
    location    "8.7";
    object      U;
}
// * * * * * * * * * * * * * * * * * * * * * * * * * * * * * * * * * * * * * //

dimensions      [0 1 -1 0 0 0 0];

internalField   nonuniform List<vector> 
2790
(
(9.94399 0 0.0205234)
(9.87572 0 0.0295881)
(9.7752 0 0.0359902)
(9.64943 0 0.0425571)
(9.50408 0 0.0493867)
(9.34005 0 0.0564299)
(9.15653 0 0.0638179)
(8.9526 0 0.0717141)
(8.72743 0 0.0802583)
(8.48004 0 0.0895773)
(8.20922 0 0.099798)
(7.91358 0 0.111051)
(7.5916 0 0.123467)
(7.24168 0 0.137172)
(6.86221 0 0.152281)
(6.45166 0 0.16888)
(6.00873 0 0.187008)
(5.53252 0 0.20663)
(5.02278 0 0.227602)
(4.48025 0 0.249622)
(3.90695 0 0.272186)
(3.30661 0 0.294533)
(2.68507 0 0.315625)
(2.05041 0 0.334291)
(1.4116 0 0.350605)
(0.797867 0 0.372885)
(0.110477 0 0.32497)
(-0.469575 0 -0.114902)
(-0.453804 0 -0.29712)
(-0.231165 0 -0.423845)
(9.9985 0 0.0407036)
(9.98145 0 0.0623841)
(9.93574 0 0.0791421)
(9.86416 0 0.0966275)
(9.77096 0 0.115127)
(9.65714 0 0.134493)
(9.52204 0 0.15498)
(9.36483 0 0.17695)
(9.18468 0 0.200716)
(8.98063 0 0.22656)
(8.75147 0 0.254756)
(8.49582 0 0.285575)
(8.21212 0 0.319266)
(7.89873 0 0.356042)
(7.55393 0 0.396041)
(7.17607 0 0.439286)
(6.76364 0 0.485617)
(6.3155 0 0.534611)
(5.83107 0 0.585485)
(5.31069 0 0.636975)
(4.75595 0 0.687221)
(4.1702 0 0.733658)
(3.55909 0 0.772957)
(2.93135 0 0.801088)
(2.29976 0 0.813735)
(1.69279 0 0.807233)
(1.107 0 0.747202)
(0.658796 0 0.547869)
(0.186288 0 0.22452)
(-0.00819802 0 -0.453771)
(9.99559 0 0.043208)
(9.97556 0 0.0752738)
(9.9318 0 0.103349)
(9.86489 0 0.132375)
(9.77777 0 0.163065)
(9.67153 0 0.195406)
(9.54586 0 0.229752)
(9.40011 0 0.266614)
(9.23362 0 0.306484)
(9.0456 0 0.349823)
(8.83504 0 0.397091)
(8.60075 0 0.448744)
(8.34137 0 0.505218)
(8.05541 0 0.566892)
(7.74127 0 0.634043)
(7.39732 0 0.706765)
(7.02197 0 0.784872)
(6.6138 0 0.867759)
(6.17177 0 0.954228)
(5.69545 0 1.04228)
(5.18543 0 1.12891)
(4.64376 0 1.2098)
(4.07459 0 1.27916)
(3.48517 0 1.32932)
(2.88666 0 1.35006)
(2.2993 0 1.32638)
(1.7317 0 1.22071)
(1.21615 0 0.972923)
(0.701069 0 0.570054)
(0.357994 0 -0.156688)
(9.99403 0 0.0495007)
(9.97181 0 0.0932092)
(9.92788 0 0.133576)
(9.86224 0 0.174215)
(9.77692 0 0.216441)
(9.67297 0 0.260671)
(9.5503 0 0.307442)
(9.40847 0 0.35743)
(9.24699 0 0.411309)
(9.06529 0 0.469727)
(8.86264 0 0.533328)
(8.63813 0 0.602753)
(8.39077 0 0.678626)
(8.11943 0 0.761512)
(7.8229 0 0.851861)
(7.49989 0 0.949918)
(7.14911 0 1.05559)
(6.76929 0 1.16828)
(6.35933 0 1.28665)
(5.91842 0 1.4083)
(5.44634 0 1.5295)
(4.9438 0 1.6447)
(4.41296 0 1.74614)
(3.85807 0 1.8232)
(3.28563 0 1.86132)
(2.70623 0 1.84026)
(2.1255 0 1.72591)
(1.55415 0 1.47775)
(0.957881 0 1.08356)
(0.509402 0 0.502187)
(9.99331 0 0.0572155)
(9.96994 0 0.110963)
(9.92593 0 0.16211)
(9.86145 0 0.213355)
(9.77798 0 0.266367)
(9.67634 0 0.321927)
(9.55652 0 0.380718)
(9.41819 0 0.443507)
(9.26094 0 0.511079)
(9.08429 0 0.584197)
(8.88765 0 0.663619)
(8.67033 0 0.7501)
(8.43152 0 0.844376)
(8.17037 0 0.94713)
(7.88598 0 1.05893)
(7.57736 0 1.18013)
(7.24353 0 1.31074)
(6.88346 0 1.45023)
(6.49612 0 1.59727)
(6.08055 0 1.74937)
(5.63596 0 1.90245)
(5.16191 0 2.05034)
(4.65856 0 2.18417)
(4.12701 0 2.29171)
(3.5692 0 2.35651)
(2.98871 0 2.35723)
(2.38668 0 2.26484)
(1.76627 0 2.04749)
(1.08992 0 1.69122)
(0.536619 0 1.15396)
(9.99302 0 0.0655408)
(9.96923 0 0.128706)
(9.92556 0 0.19012)
(9.86252 0 0.251853)
(9.78128 0 0.31559)
(9.68243 0 0.382334)
(9.56599 0 0.452894)
(9.43169 0 0.528124)
(9.27917 0 0.608907)
(9.10802 0 0.696117)
(8.91773 0 0.790617)
(8.70768 0 0.893267)
(8.47721 0 1.00491)
(8.22559 0 1.12631)
(7.95205 0 1.25815)
(7.65577 0 1.40087)
(7.3359 0 1.55461)
(6.99149 0 1.71893)
(6.62152 0 1.89262)
(6.22482 0 2.07328)
(5.80008 0 2.25689)
(5.34583 0 2.43723)
(4.86049 0 2.6052)
(4.34248 0 2.74819)
(3.79018 0 2.84948)
(3.20237 0 2.88809)
(2.57639 0 2.83808)
(1.91333 0 2.67142)
(1.17266 0 2.37378)
(0.549928 0 1.89416)
(9.99297 0 0.0740774)
(9.96926 0 0.146319)
(9.92637 0 0.217491)
(9.86508 0 0.289303)
(9.78642 0 0.363369)
(9.69084 0 0.440845)
(9.57833 0 0.522682)
(9.44869 0 0.609837)
(9.30162 0 0.703287)
(9.13674 0 0.804002)
(8.9536 0 0.912944)
(8.75165 0 1.03106)
(8.53027 0 1.15928)
(8.28879 0 1.29846)
(8.02649 0 1.44937)
(7.74258 0 1.61255)
(7.43616 0 1.78826)
(7.10625 0 1.97624)
(6.75163 0 2.17548)
(6.37082 0 2.38388)
(5.96189 0 2.59779)
(5.52241 0 2.81142)
(5.04929 0 3.01616)
(4.53876 0 3.19993)
(3.98641 0 3.3466)
(3.38767 0 3.43584)
(2.73704 0 3.44313)
(2.03607 0 3.34126)
(1.24164 0 3.11329)
(0.563465 0 2.69284)
(9.99306 0 0.0825909)
(9.96981 0 0.163612)
(9.92807 0 0.244059)
(9.86884 0 0.325491)
(9.79312 0 0.409462)
(9.70125 0 0.497226)
(9.59322 0 0.589863)
(9.46886 0 0.688425)
(9.32793 0 0.793975)
(9.17011 0 0.907572)
(8.99498 0 1.03026)
(8.80205 0 1.16309)
(8.59075 0 1.30707)
(8.36043 0 1.46316)
(8.11035 0 1.63223)
(7.8397 0 1.81496)
(7.54748 0 2.01176)
(7.23252 0 2.22261)
(6.89333 0 2.44683)
(6.52797 0 2.68277)
(6.13387 0 2.92742)
(5.7076 0 3.17582)
(5.2447 0 3.42038)
(4.7395 0 3.65017)
(4.18519 0 3.85015)
(3.57448 0 4.00074)
(2.89926 0 4.07768)
(2.1619 0 4.05209)
(1.31598 0 3.90134)
(0.583155 0 3.53976)
(9.99326 0 0.0909314)
(9.97072 0 0.180415)
(9.93046 0 0.269677)
(9.87362 0 0.360254)
(9.80117 0 0.453664)
(9.71343 0 0.551231)
(9.61037 0 0.654138)
(9.49187 0 0.763528)
(9.35774 0 0.880544)
(9.2077 0 1.00633)
(9.04142 0 1.14201)
(8.85843 0 1.28873)
(8.65821 0 1.44759)
(8.44014 0 1.61967)
(8.20348 0 1.80596)
(7.94735 0 2.00731)
(7.67065 0 2.22435)
(7.37201 0 2.45739)
(7.04962 0 2.70616)
(6.70106 0 2.96967)
(6.32311 0 3.24575)
(5.91138 0 3.5306)
(5.46006 0 3.8181)
(4.96168 0 4.09897)
(4.40707 0 4.35979)
(3.78605 0 4.58194)
(3.08724 0 4.74082)
(2.31243 0 4.80411)
(1.41045 0 4.74064)
(0.614221 0 4.44143)
(9.99352 0 0.0989954)
(9.9719 0 0.196585)
(9.9334 0 0.294205)
(9.87924 0 0.39343)
(9.8104 0 0.495774)
(9.72716 0 0.602611)
(9.62952 0 0.715211)
(9.5174 0 0.834796)
(9.39066 0 0.962586)
(9.2491 0 1.0998)
(9.09242 0 1.24765)
(8.92024 0 1.40736)
(8.73208 0 1.58015)
(8.52735 0 1.7672)
(8.30535 0 1.96966)
(8.06516 0 2.18859)
(7.8056 0 2.42491)
(7.52515 0 2.6793)
(7.22173 0 2.95205)
(6.89255 0 3.24295)
(6.53378 0 3.55091)
(6.14018 0 3.87359)
(5.70471 0 4.20677)
(5.2181 0 4.54339)
(4.66858 0 4.87237)
(4.04243 0 5.1768)
(3.32326 0 5.43202)
(2.50938 0 5.60154)
(1.5416 0 5.64293)
(0.663931 0 5.41739)
(9.99384 0 0.106707)
(9.9733 0 0.212007)
(9.9368 0 0.317513)
(9.88558 0 0.42487)
(9.82063 0 0.535608)
(9.74225 0 0.651145)
(9.65044 0 0.772817)
(9.54517 0 0.901922)
(9.42636 0 1.03974)
(9.29388 0 1.18757)
(9.1475 0 1.3467)
(8.98691 0 1.51843)
(8.8117 0 1.70408)
(8.62137 0 1.90497)
(8.41524 0 2.12242)
(8.19243 0 2.35772)
(7.95176 0 2.6121)
(7.69164 0 2.88669)
(7.40987 0 3.18244)
(7.10342 0 3.50002)
(6.76808 0 3.83963)
(6.39801 0 4.20068)
(5.98517 0 4.58129)
(5.51863 0 4.97738)
(4.98387 0 5.38128)
(4.36271 0 5.7794)
(3.63132 0 6.14882)
(2.77959 0 6.45016)
(1.73305 0 6.62779)
(0.744641 0 6.50223)
(9.9942 0 0.11401)
(9.97487 0 0.226582)
(9.94055 0 0.339484)
(9.89252 0 0.454438)
(9.83173 0 0.573002)
(9.7585 0 0.696634)
(9.67288 0 0.826725)
(9.57487 0 0.964631)
(9.46447 0 1.1117)
(9.34161 0 1.26927)
(9.20614 0 1.43872)
(9.05784 0 1.62142)
(8.89641 0 1.81878)
(8.72142 0 2.03227)
(8.53231 0 2.26336)
(8.32828 0 2.51358)
(8.10824 0 2.78451)
(7.87067 0 3.07774)
(7.61343 0 3.39491)
(7.3335 0 3.73769)
(7.02663 0 4.10765)
(6.68679 0 4.50622)
(6.30545 0 4.93428)
(5.87055 0 5.39156)
(5.36515 0 5.87538)
(4.76617 0 6.37813)
(4.03993 0 6.8829)
(3.16069 0 7.3529)
(2.02413 0 7.72228)
(0.880421 0 7.75589)
(9.99459 0 0.120857)
(9.97657 0 0.240231)
(9.94461 0 0.360018)
(9.89995 0 0.482015)
(9.84356 0 0.607815)
(9.77575 0 0.738908)
(9.69662 0 0.876729)
(9.60623 0 1.02268)
(9.50463 0 1.17817)
(9.39184 0 1.34457)
(9.2678 0 1.52332)
(9.1324 0 1.71587)
(8.98545 0 1.92371)
(8.82665 0 2.14841)
(8.65557 0 2.39162)
(8.4716 0 2.65509)
(8.27382 0 2.94071)
(8.06094 0 3.25054)
(7.83109 0 3.58691)
(7.58156 0 3.95242)
(7.30849 0 4.35009)
(7.00626 0 4.78342)
(6.66672 0 5.25635)
(6.27785 0 5.77316)
(5.82168 0 6.33782)
(5.27155 0 6.95239)
(4.58345 0 7.61336)
(3.70882 0 8.30026)
(2.48719 0 8.95703)
(1.12392 0 9.29145)
(9.99501 0 0.127214)
(9.97838 0 0.252891)
(9.94891 0 0.379032)
(9.9078 0 0.507501)
(9.85598 0 0.639927)
(9.79382 0 0.777827)
(9.72143 0 0.92267)
(9.63893 0 1.0759)
(9.54647 0 1.23894)
(9.44412 0 1.41323)
(9.33195 0 1.60023)
(9.20994 0 1.80144)
(9.07804 0 2.01844)
(8.93612 0 2.25288)
(8.78394 0 2.50653)
(8.6211 0 2.78135)
(8.447 0 3.07949)
(8.26069 0 3.40342)
(8.06078 0 3.75603)
(7.84523 0 4.1408)
(7.611 0 4.562)
(7.35367 0 5.02506)
(7.0666 0 5.53689)
(6.7397 0 6.1065)
(6.357 0 6.74554)
(5.8929 0 7.46908)
(5.29932 0 8.29621)
(4.50716 0 9.24737)
(3.26713 0 10.3404)
(1.60393 0 11.3563)
(9.99545 0 0.133054)
(9.98026 0 0.264511)
(9.95339 0 0.396453)
(9.91596 0 0.530803)
(9.86888 0 0.669218)
(9.81253 0 0.813237)
(9.74708 0 0.964353)
(9.67272 0 1.12403)
(9.58964 0 1.29373)
(9.49802 0 1.4749)
(9.39802 0 1.66903)
(9.28977 0 1.87766)
(9.17336 0 2.1024)
(9.04885 0 2.34497)
(8.91621 0 2.60725)
(8.77534 0 2.8913)
(8.626 0 3.19949)
(8.46773 0 3.53457)
(8.2998 0 3.89984)
(8.12108 0 4.29941)
(7.92985 0 4.73848)
(7.72355 0 5.22391)
(7.49833 0 5.7649)
(7.24828 0 6.37427)
(6.9639 0 7.07044)
(6.62963 0 7.88121)
(6.21264 0 8.85193)
(5.66348 0 10.0655)
(4.68725 0 11.7294)
(2.68519 0 14.587)
(0.120717 0 -0.119633)
(0.283424 0 -0.108948)
(0.449538 0 -0.0856329)
(0.587993 0 -0.0630264)
(0.693192 0 -0.0437777)
(0.768751 0 -0.0278361)
(0.819375 0 -0.0146589)
(0.848775 0 -0.00376567)
(0.859848 0 0.00503716)
(0.855302 0 0.011186)
(0.837733 0 0.0153806)
(0.81006 0 0.0180862)
(0.775108 0 0.0194953)
(0.735557 0 0.0197073)
(0.69405 0 0.0188482)
(0.653111 0 0.0171185)
(0.61491 0 0.0147984)
(0.581042 0 0.0122177)
(0.552395 0 0.00970723)
(0.529097 0 0.00754283)
(0.51058 0 0.00588035)
(0.495833 0 0.0047259)
(0.483748 0 0.0039736)
(0.473432 0 0.00346729)
(0.464373 0 0.00306656)
(0.456392 0 0.00270521)
(0.449434 0 0.00239135)
(0.443357 0 0.00216135)
(0.437868 0 0.00199935)
(0.431944 0 0.00159874)
(0.104818 0 -0.282126)
(0.264731 0 -0.264436)
(0.421129 0 -0.214705)
(0.554607 0 -0.165296)
(0.66127 0 -0.122873)
(0.744601 0 -0.0874539)
(0.808671 0 -0.0578707)
(0.856569 0 -0.0330299)
(0.890396 0 -0.0121435)
(0.911873 0 0.00522591)
(0.920251 0 0.0187662)
(0.917569 0 0.0286935)
(0.906482 0 0.0352152)
(0.889675 0 0.0384984)
(0.869864 0 0.0388399)
(0.849623 0 0.0367292)
(0.83113 0 0.0328027)
(0.815951 0 0.0277904)
(0.804918 0 0.0224643)
(0.798078 0 0.0175401)
(0.794795 0 0.0135214)
(0.794037 0 0.0105791)
(0.794752 0 0.00858285)
(0.796161 0 0.00720917)
(0.797884 0 0.00611195)
(0.799845 0 0.00510896)
(0.802039 0 0.00421533)
(0.804343 0 0.00354775)
(0.806425 0 0.00315628)
(0.80818 0 0.00280719)
(0.0844654 0 -0.448072)
(0.224046 0 -0.419121)
(0.350732 0 -0.342922)
(0.458782 0 -0.268078)
(0.545323 0 -0.204248)
(0.613983 0 -0.151104)
(0.667967 0 -0.106874)
(0.7096 0 -0.0699413)
(0.740724 0 -0.0389837)
(0.762698 0 -0.012596)
(0.778921 0 0.00941753)
(0.786596 0 0.0263766)
(0.787817 0 0.0380568)
(0.784557 0 0.0444658)
(0.778871 0 0.0460359)
(0.772704 0 0.0435727)
(0.767653 0 0.0381054)
(0.764822 0 0.0308212)
(0.764741 0 0.022997)
(0.767294 0 0.0158413)
(0.771773 0 0.0102043)
(0.777157 0 0.00634801)
(0.782472 0 0.00403441)
(0.787036 0 0.00271216)
(0.79061 0 0.0018286)
(0.793334 0 0.00110479)
(0.795508 0 0.000557431)
(0.797369 0 0.00033883)
(0.798937 0 0.000535871)
(0.80007 0 0.00117828)
(0.0646259 0 -0.581785)
(0.178023 0 -0.536367)
(0.26815 0 -0.436213)
(0.345913 0 -0.341404)
(0.407196 0 -0.261875)
(0.456461 0 -0.195974)
(0.495848 0 -0.141179)
(0.526785 0 -0.0953503)
(0.550395 0 -0.0569943)
(0.567378 0 -0.0252397)
(0.580619 0 0.00110901)
(0.588798 0 0.0221295)
(0.592475 0 0.0369113)
(0.593315 0 0.0450789)
(0.592929 0 0.0471843)
(0.592599 0 0.0443186)
(0.593187 0 0.0378371)
(0.595168 0 0.0292869)
(0.598614 0 0.0203203)
(0.603104 0 0.0125083)
(0.607701 0 0.00689257)
(0.611334 0 0.00366378)
(0.613204 0 0.00236845)
(0.612955 0 0.00213141)
(0.610738 0 0.00212653)
(0.607092 0 0.00191023)
(0.602619 0 0.0015052)
(0.597775 0 0.0011968)
(0.59277 0 0.00122474)
(0.58692 0 0.00192136)
(0.0440684 0 -0.684954)
(0.125991 0 -0.618204)
(0.174017 0 -0.497332)
(0.219088 0 -0.38895)
(0.251711 0 -0.299711)
(0.278432 0 -0.226157)
(0.300032 0 -0.16514)
(0.317369 0 -0.114076)
(0.331011 0 -0.0712882)
(0.341194 0 -0.035777)
(0.348062 0 -0.00591571)
(0.355394 0 0.0181545)
(0.3584 0 0.0349526)
(0.358969 0 0.0439806)
(0.358823 0 0.0461652)
(0.358707 0 0.0429011)
(0.358689 0 0.0357672)
(0.358535 0 0.0264921)
(0.357883 0 0.016959)
(0.356237 0 0.00928752)
(0.352713 0 0.00455521)
(0.346641 0 0.00269824)
(0.33796 0 0.00296647)
(0.326796 0 0.00417295)
(0.313415 0 0.00533525)
(0.298497 0 0.00592262)
(0.282731 0 0.00598608)
(0.266668 0 0.00600216)
(0.25091 0 0.00642158)
(0.23409 0 0.00653988)
(0.0223053 0 -0.752312)
(0.0675519 0 -0.660446)
(0.0693886 0 -0.522247)
(0.0799054 0 -0.4063)
(0.0806756 0 -0.312166)
(0.0813898 0 -0.23525)
(0.0812403 0 -0.171904)
(0.0811941 0 -0.119156)
(0.081739 0 -0.0751923)
(0.0825897 0 -0.039602)
(0.0835932 0 -0.011455)
(0.0840059 0 0.0139182)
(0.0816483 0 0.0342523)
(0.077193 0 0.0447328)
(0.0716524 0 0.0474302)
(0.0642824 0 0.0447102)
(0.0538971 0 0.0385219)
(0.0395367 0 0.0306458)
(0.0208663 0 0.0227912)
(-0.000954025 0 0.0167283)
(-0.0235709 0 0.0136673)
(-0.0454717 0 0.0132645)
(-0.065455 0 0.0146059)
(-0.0831712 0 0.016257)
(-0.0994683 0 0.0173152)
(-0.114721 0 0.0174475)
(-0.129366 0 0.0169883)
(-0.143614 0 0.0164601)
(-0.157582 0 0.0154946)
(-0.169929 0 0.0127914)
(-0.00216599 0 -0.777194)
(0.00120541 0 -0.658116)
(-0.0442832 0 -0.507109)
(-0.0718565 0 -0.389465)
(-0.105547 0 -0.29533)
(-0.135099 0 -0.219989)
(-0.161603 0 -0.159204)
(-0.184106 0 -0.109592)
(-0.202806 0 -0.0682475)
(-0.219982 0 -0.0329007)
(-0.241151 0 -0.0018323)
(-0.260103 0 0.0238551)
(-0.267402 0 0.0410011)
(-0.277378 0 0.0507942)
(-0.288973 0 0.0545048)
(-0.303171 0 0.0538161)
(-0.320192 0 0.0501805)
(-0.339728 0 0.0448735)
(-0.361179 0 0.039046)
(-0.383723 0 0.0336519)
(-0.406166 0 0.0295784)
(-0.42771 0 0.0271473)
(-0.447448 0 0.0259935)
(-0.464729 0 0.0253727)
(-0.479533 0 0.0246332)
(-0.492107 0 0.0235529)
(-0.502937 0 0.0223073)
(-0.512629 0 0.0210442)
(-0.521525 0 0.0193844)
(-0.527943 0 0.0171593)
(-0.0326223 0 -0.752226)
(-0.0755063 0 -0.608041)
(-0.165559 0 -0.45434)
(-0.236615 0 -0.339093)
(-0.30699 0 -0.249803)
(-0.370045 0 -0.179959)
(-0.426107 0 -0.12441)
(-0.474935 0 -0.079176)
(-0.516807 0 -0.0409752)
(-0.553319 0 -0.0086341)
(-0.584155 0 0.0168149)
(-0.601014 0 0.0354723)
(-0.615816 0 0.0498718)
(-0.628704 0 0.0596075)
(-0.64162 0 0.0643191)
(-0.655675 0 0.0648422)
(-0.671231 0 0.0621676)
(-0.688193 0 0.0573665)
(-0.706315 0 0.0516298)
(-0.725276 0 0.0461237)
(-0.744578 0 0.0417087)
(-0.763576 0 0.0385733)
(-0.781399 0 0.0362813)
(-0.797157 0 0.0341817)
(-0.810281 0 0.0318249)
(-0.820722 0 0.0292585)
(-0.828988 0 0.0268418)
(-0.835946 0 0.0247411)
(-0.842054 0 0.0226801)
(-0.845836 0 0.0208195)
(-0.0694588 0 -0.675275)
(-0.159781 0 -0.51002)
(-0.298438 0 -0.359216)
(-0.414561 0 -0.251847)
(-0.52166 0 -0.173666)
(-0.614593 0 -0.115131)
(-0.693799 0 -0.0695691)
(-0.760483 0 -0.0334392)
(-0.816232 0 -0.00455093)
(-0.857272 0 0.0178417)
(-0.884981 0 0.035252)
(-0.907589 0 0.049524)
(-0.925327 0 0.0610655)
(-0.939785 0 0.0691654)
(-0.952762 0 0.0735288)
(-0.965627 0 0.0743586)
(-0.979095 0 0.072164)
(-0.993354 0 0.0677666)
(-1.00838 0 0.0622876)
(-1.02412 0 0.0568871)
(-1.04044 0 0.0523327)
(-1.05699 0 0.0486833)
(-1.07298 0 0.0454055)
(-1.08737 0 0.0418695)
(-1.09927 0 0.0378599)
(-1.10835 0 0.0337605)
(-1.11509 0 0.030186)
(-1.12048 0 0.0273916)
(-1.12503 0 0.0251915)
(-1.12756 0 0.0237411)
(-0.116441 0 -0.540535)
(-0.260536 0 -0.362367)
(-0.452486 0 -0.223929)
(-0.611535 0 -0.133071)
(-0.751505 0 -0.0710107)
(-0.868683 0 -0.0288757)
(-0.960199 0 -0.00100811)
(-1.02935 0 0.0185816)
(-1.08002 0 0.033209)
(-1.11936 0 0.04533)
(-1.15076 0 0.0560913)
(-1.17556 0 0.0655941)
(-1.19483 0 0.0733668)
(-1.21005 0 0.0790098)
(-1.22297 0 0.0822372)
(-1.23512 0 0.0828328)
(-1.24732 0 0.0807796)
(-1.2598 0 0.0765607)
(-1.27258 0 0.071225)
(-1.28581 0 0.0659773)
(-1.29973 0 0.0615346)
(-1.31433 0 0.0577563)
(-1.32897 0 0.0538616)
(-1.34247 0 0.0491037)
(-1.35357 0 0.0434438)
(-1.36166 0 0.0376901)
(-1.36722 0 0.0328719)
(-1.37141 0 0.0294268)
(-1.37483 0 0.0271725)
(-1.37662 0 0.0260399)
(-0.183789 0 -0.346715)
(-0.40315 0 -0.171015)
(-0.669487 0 -0.0324623)
(-0.857644 0 0.0261226)
(-1.00193 0 0.0506379)
(-1.10992 0 0.0597504)
(-1.19364 0 0.0638372)
(-1.25954 0 0.0667655)
(-1.3115 0 0.0699406)
(-1.35261 0 0.0738576)
(-1.38518 0 0.078273)
(-1.41075 0 0.0825769)
(-1.43043 0 0.0861998)
(-1.44566 0 0.0889682)
(-1.45828 0 0.0906954)
(-1.46995 0 0.0908004)
(-1.48149 0 0.0886521)
(-1.4929 0 0.0843199)
(-1.50403 0 0.0788482)
(-1.51519 0 0.0736473)
(-1.5271 0 0.0694818)
(-1.54019 0 0.0659409)
(-1.55401 0 0.0618053)
(-1.56711 0 0.0560273)
(-1.57775 0 0.0486778)
(-1.585 0 0.0411031)
(-1.58939 0 0.0349546)
(-1.59237 0 0.0309353)
(-1.5948 0 0.0287086)
(-1.59603 0 0.0278161)
(-0.299511 0 -0.0118036)
(-0.586616 0 0.163448)
(-0.859256 0 0.185818)
(-1.056 0 0.179508)
(-1.20498 0 0.162224)
(-1.31772 0 0.143526)
(-1.40376 0 0.127936)
(-1.47008 0 0.116031)
(-1.52144 0 0.107548)
(-1.56148 0 0.102614)
(-1.59313 0 0.100515)
(-1.61807 0 0.0996618)
(-1.63714 0 0.0989989)
(-1.6515 0 0.0986603)
(-1.66324 0 0.0988051)
(-1.67436 0 0.0984781)
(-1.68558 0 0.0961951)
(-1.69638 0 0.0914636)
(-1.70619 0 0.0854598)
(-1.71542 0 0.0801006)
(-1.72542 0 0.0763727)
(-1.73728 0 0.0734942)
(-1.75077 0 0.0695379)
(-1.76403 0 0.0629045)
(-1.77458 0 0.0536943)
(-1.781 0 0.0439737)
(-1.78399 0 0.0363353)
(-1.78555 0 0.0318582)
(-1.78696 0 0.0298027)
(-1.78774 0 0.0291134)
(-0.384322 0 0.455629)
(-0.722108 0 0.491395)
(-1.047 0 0.420114)
(-1.26269 0 0.345274)
(-1.4153 0 0.281581)
(-1.5246 0 0.228934)
(-1.60496 0 0.190246)
(-1.66608 0 0.162883)
(-1.71283 0 0.142841)
(-1.74869 0 0.129376)
(-1.77726 0 0.121448)
(-1.80038 0 0.116)
(-1.81795 0 0.110978)
(-1.83046 0 0.10723)
(-1.84042 0 0.105899)
(-1.85065 0 0.105621)
(-1.86181 0 0.103505)
(-1.87245 0 0.0981489)
(-1.88106 0 0.0910771)
(-1.88815 0 0.0852501)
(-1.89601 0 0.0821932)
(-1.90676 0 0.0805839)
(-1.92042 0 0.07737)
(-1.9345 0 0.0700494)
(-1.94541 0 0.0586456)
(-1.95094 0 0.0462159)
(-1.95205 0 0.0368004)
(-1.95178 0 0.032058)
(-1.9521 0 0.0304574)
(-1.95251 0 0.0299784)
(-0.510238 0 0.980954)
(-0.942799 0 0.901237)
(-1.30753 0 0.685105)
(-1.50985 0 0.510429)
(-1.64338 0 0.393258)
(-1.73489 0 0.30267)
(-1.79857 0 0.243142)
(-1.84782 0 0.205274)
(-1.88617 0 0.175374)
(-1.91477 0 0.153045)
(-1.93813 0 0.139916)
(-1.95865 0 0.13088)
(-1.97426 0 0.12158)
(-1.98372 0 0.114111)
(-1.99047 0 0.111753)
(-1.99918 0 0.1127)
(-2.01069 0 0.111496)
(-2.02179 0 0.10517)
(-2.02926 0 0.0960057)
(-2.03359 0 0.0890223)
(-2.03865 0 0.0868706)
(-2.04818 0 0.0873764)
(-2.06258 0 0.0856757)
(-2.07838 0 0.0778622)
(-2.09023 0 0.0637197)
(-2.09469 0 0.047663)
(-2.09314 0 0.0359743)
(-2.09036 0 0.0313013)
(-2.08948 0 0.0307135)
(-2.08965 0 0.0305244)
(-0.750596 0 2.02922)
(-1.29008 0 1.58889)
(-1.68173 0 0.984521)
(-1.81635 0 0.595729)
(-1.89267 0 0.462336)
(-1.9478 0 0.355763)
(-1.97885 0 0.286858)
(-2.01059 0 0.2436)
(-2.0407 0 0.199262)
(-2.05986 0 0.163865)
(-2.07481 0 0.149593)
(-2.09184 0 0.142969)
(-2.10547 0 0.131545)
(-2.11046 0 0.11932)
(-2.11178 0 0.115206)
(-2.1181 0 0.11862)
(-2.13089 0 0.119263)
(-2.14369 0 0.111396)
(-2.15007 0 0.0986365)
(-2.15035 0 0.0896515)
(-2.15119 0 0.0891524)
(-2.15906 0 0.0934774)
(-2.17489 0 0.0946961)
(-2.19358 0 0.086811)
(-2.20718 0 0.0691785)
(-2.21025 0 0.0480622)
(-2.20473 0 0.0332395)
(-2.19833 0 0.0292011)
(-2.19615 0 0.0306906)
(-2.19635 0 0.0310489)
(9.9959 0 0.138449)
(9.98225 0 0.275245)
(9.95811 0 0.412535)
(9.92454 0 0.552287)
(9.88242 0 0.696179)
(9.83216 0 0.845764)
(9.77399 0 1.00255)
(9.70815 0 1.16801)
(9.63493 0 1.3436)
(9.55459 0 1.5308)
(9.4674 0 1.7311)
(9.37364 0 1.94604)
(9.27356 0 2.17726)
(9.16742 0 2.42649)
(9.05547 0 2.69565)
(8.93794 0 2.98687)
(8.815 0 3.30261)
(8.68679 0 3.64577)
(8.55339 0 4.01985)
(8.41478 0 4.42923)
(8.2709 0 4.87956)
(8.12161 0 5.37829)
(7.96686 0 5.93561)
(7.80688 0 6.56585)
(7.64287 0 7.29008)
(7.47974 0 8.14088)
(7.33064 0 9.17218)
(7.28537 0 10.4774)
(7.74077 0 12.2013)
(7.91725 0 14.9183)
(9.99638 0 0.143408)
(9.98434 0 0.285099)
(9.96305 0 0.427262)
(9.93352 0 0.571896)
(9.89657 0 0.720693)
(9.85262 0 0.875211)
(9.80197 0 1.03696)
(9.74493 0 1.20741)
(9.68185 0 1.38802)
(9.6131 0 1.58026)
(9.53908 0 1.78559)
(9.4602 0 2.00555)
(9.37689 0 2.24175)
(9.28964 0 2.49591)
(9.19897 0 2.76993)
(9.10545 0 3.06592)
(9.00973 0 3.3863)
(8.91257 0 3.73393)
(8.81487 0 4.11226)
(8.71781 0 4.52556)
(8.62299 0 4.97923)
(8.53277 0 5.48033)
(8.45085 0 6.03816)
(8.38348 0 6.66533)
(8.34179 0 7.37907)
(8.34781 0 8.2028)
(8.44027 0 9.16671)
(8.67494 0 10.3042)
(9.32036 0 11.5602)
(9.80799 0 12.6518)
(9.99688 0 0.147845)
(9.98651 0 0.293911)
(9.96819 0 0.440412)
(9.94283 0 0.589365)
(9.91121 0 0.742465)
(9.87378 0 0.901263)
(9.83086 0 1.06726)
(9.78284 0 1.24191)
(9.73015 0 1.42664)
(9.67324 0 1.62289)
(9.61264 0 1.8321)
(9.5489 0 2.05575)
(9.48263 0 2.2954)
(9.41454 0 2.55271)
(9.34542 0 2.82947)
(9.27618 0 3.1277)
(9.20794 0 3.44966)
(9.14202 0 3.79799)
(9.08011 0 4.17581)
(9.02442 0 4.58689)
(8.97797 0 5.03583)
(8.94503 0 5.52831)
(8.93187 0 6.07132)
(8.94801 0 6.67328)
(9.00793 0 7.34364)
(9.13374 0 8.0911)
(9.35643 0 8.9176)
(9.68554 0 9.81221)
(10.2511 0 10.7238)
(10.9385 0 11.443)
(9.9974 0 0.151707)
(9.98874 0 0.301571)
(9.97347 0 0.451818)
(9.95239 0 0.604463)
(9.92623 0 0.761194)
(9.89545 0 0.923546)
(9.86042 0 1.09299)
(9.82158 0 1.27096)
(9.77944 0 1.45884)
(9.73453 0 1.65802)
(9.68749 0 1.86986)
(9.63901 0 2.0958)
(9.58986 0 2.33728)
(9.54094 0 2.59584)
(9.49332 0 2.87315)
(9.4482 0 3.17101)
(9.4071 0 3.49141)
(9.37182 0 3.83663)
(9.34466 0 4.20925)
(9.3286 0 4.61224)
(9.32757 0 5.04901)
(9.34686 0 5.52342)
(9.39371 0 6.0396)
(9.47803 0 6.60152)
(9.61303 0 7.212)
(9.81554 0 7.87074)
(10.1084 0 8.57069)
(10.5002 0 9.29729)
(11.0581 0 10.0404)
(11.8518 0 10.687)
(9.99792 0 0.154946)
(9.99101 0 0.30799)
(9.97884 0 0.461344)
(9.96212 0 0.617013)
(9.9415 0 0.776662)
(9.91746 0 0.941799)
(9.8904 0 1.11386)
(9.86083 0 1.29422)
(9.82929 0 1.48423)
(9.79642 0 1.68519)
(9.76294 0 1.89839)
(9.72966 0 2.12515)
(9.69749 0 2.3668)
(9.66752 0 2.62472)
(9.64099 0 2.90036)
(9.6194 0 3.19525)
(9.60452 0 3.51105)
(9.59852 0 3.84953)
(9.6041 0 4.21264)
(9.62466 0 4.6024)
(9.6645 0 5.02093)
(9.72915 0 5.47024)
(9.8257 0 5.95198)
(9.9631 0 6.46683)
(10.1524 0 7.01375)
(10.4068 0 7.58888)
(10.7435 0 8.18412)
(11.1742 0 8.7848)
(11.722 0 9.37935)
(12.4761 0 9.89284)
(9.99845 0 0.157519)
(9.9933 0 0.31308)
(9.98427 0 0.468864)
(9.97194 0 0.626848)
(9.9569 0 0.788665)
(9.93962 0 0.955781)
(9.92055 0 1.12958)
(9.90023 0 1.31139)
(9.87926 0 1.50247)
(9.85834 0 1.70405)
(9.83827 0 1.91731)
(9.81995 0 2.14344)
(9.80442 0 2.38361)
(9.79287 0 2.639)
(9.78672 0 2.91083)
(9.78763 0 3.20031)
(9.79755 0 3.50869)
(9.81885 0 3.83722)
(9.8544 0 4.18712)
(9.9077 0 4.55952)
(9.98302 0 4.95533)
(10.0856 0 5.37502)
(10.2218 0 5.81834)
(10.3991 0 6.28383)
(10.6264 0 6.76827)
(10.9134 0 7.26587)
(11.2713 0 7.76743)
(11.7082 0 8.25738)
(12.2249 0 8.71904)
(12.9018 0 9.11083)
(9.99898 0 0.159388)
(9.9956 0 0.316764)
(9.98971 0 0.474265)
(9.98177 0 0.633822)
(9.97229 0 0.797023)
(9.96174 0 0.965283)
(9.9506 0 1.13993)
(9.93943 0 1.3222)
(9.92888 0 1.51329)
(9.9197 0 1.71431)
(9.91274 0 1.92633)
(9.90896 0 2.15039)
(9.90948 0 2.38748)
(9.9156 0 2.63857)
(9.9288 0 2.9046)
(9.95082 0 3.18644)
(9.98371 0 3.48492)
(10.0299 0 3.80078)
(10.0921 0 4.13455)
(10.1738 0 4.48656)
(10.279 0 4.85669)
(10.4121 0 5.24426)
(10.5786 0 5.64769)
(10.7843 0 6.06418)
(11.0357 0 6.48925)
(11.3392 0 6.9162)
(11.7011 0 7.33567)
(12.1253 0 7.73425)
(12.6059 0 8.09734)
(13.2123 0 8.40438)
(9.99951 0 0.160519)
(9.99789 0 0.318978)
(9.9951 0 0.47745)
(9.99151 0 0.637808)
(9.98753 0 0.801585)
(9.98362 0 0.970132)
(9.98028 0 1.1447)
(9.97808 0 1.32646)
(9.97769 0 1.51648)
(9.9799 0 1.71579)
(9.98559 0 1.92531)
(9.99577 0 2.14591)
(10.0116 0 2.37841)
(10.0344 0 2.62354)
(10.0656 0 2.88196)
(10.1071 0 3.15422)
(10.1608 0 3.44074)
(10.229 0 3.74175)
(10.3145 0 4.05725)
(10.4202 0 4.38685)
(10.5495 0 4.7297)
(10.7063 0 5.08427)
(10.8947 0 5.44818)
(11.1191 0 5.81791)
(11.3838 0 6.18856)
(11.6925 0 6.55356)
(12.0481 0 6.90462)
(12.4522 0 7.23141)
(12.8971 0 7.52276)
(13.4411 0 7.76732)
(10 0 0.160883)
(10.0001 0 0.319664)
(10.0004 0 0.478338)
(10.0011 0 0.638707)
(10.0025 0 0.802234)
(10.0051 0 0.970199)
(10.0093 0 1.14377)
(10.0158 0 1.32403)
(10.0252 0 1.51194)
(10.0384 0 1.7084)
(10.0561 0 1.9142)
(10.0795 0 2.13005)
(10.1097 0 2.35656)
(10.1479 0 2.59424)
(10.1957 0 2.84348)
(10.2548 0 3.10453)
(10.327 0 3.37745)
(10.4144 0 3.66204)
(10.5195 0 3.95784)
(10.6447 0 4.26394)
(10.793 0 4.57899)
(10.9673 0 4.90094)
(11.1707 0 5.22701)
(11.4061 0 5.55349)
(11.676 0 5.87563)
(11.9825 0 6.18756)
(12.3263 0 6.48239)
(12.7072 0 6.7523)
(13.1174 0 6.9889)
(13.6059 0 7.18531)
(10.0005 0 0.160459)
(10.0023 0 0.318782)
(10.0056 0 0.476871)
(10.0104 0 0.636442)
(10.0171 0 0.798885)
(10.0259 0 0.965398)
(10.0375 0 1.13706)
(10.0523 0 1.31485)
(10.0711 0 1.49964)
(10.0946 0 1.69217)
(10.1237 0 1.89311)
(10.1594 0 2.103)
(10.2028 0 2.32226)
(10.2552 0 2.5512)
(10.3179 0 2.78996)
(10.3926 0 3.03851)
(10.4808 0 3.2966)
(10.5845 0 3.56373)
(10.7056 0 3.83905)
(10.8464 0 4.12135)
(11.009 0 4.40892)
(11.1955 0 4.69951)
(11.4081 0 4.99025)
(11.6485 0 5.27754)
(11.9182 0 5.5571)
(12.2176 0 5.82392)
(12.5463 0 6.07248)
(12.903 0 6.29686)
(13.2807 0 6.491)
(13.7212 0 6.65071)
(10.001 0 0.159233)
(10.0044 0 0.316303)
(10.0106 0 0.473007)
(10.0194 0 0.63097)
(10.0311 0 0.791495)
(10.0459 0 0.955693)
(10.0645 0 1.12455)
(10.0872 0 1.29894)
(10.1148 0 1.47962)
(10.148 0 1.66722)
(10.1877 0 1.86225)
(10.2348 0 2.0651)
(10.2902 0 2.27603)
(10.3553 0 2.49514)
(10.4312 0 2.72236)
(10.5194 0 2.95745)
(10.6212 0 3.19991)
(10.7383 0 3.44899)
(10.8723 0 3.70362)
(11.0249 0 3.96239)
(11.1976 0 4.22344)
(11.392 0 4.48451)
(11.6093 0 4.7428)
(11.8504 0 4.99507)
(12.1158 0 5.23759)
(12.4051 0 5.46625)
(12.7173 0 5.67672)
(13.0504 0 5.86463)
(13.3983 0 6.02572)
(13.7976 0 6.15748)
(10.0015 0 0.157196)
(10.0065 0 0.312212)
(10.0154 0 0.46673)
(10.028 0 0.622274)
(10.0445 0 0.780054)
(10.065 0 0.941091)
(10.0901 0 1.10628)
(10.1203 0 1.27638)
(10.1561 0 1.45203)
(10.1983 0 1.63376)
(10.2476 0 1.82194)
(10.305 0 2.01681)
(10.3713 0 2.21847)
(10.4475 0 2.42688)
(10.5349 0 2.64178)
(10.6345 0 2.86276)
(10.7476 0 3.08913)
(10.8755 0 3.32)
(11.0194 0 3.55417)
(11.1805 0 3.79012)
(11.3599 0 4.02603)
(11.5585 0 4.25969)
(11.777 0 4.48857)
(12.0156 0 4.70982)
(12.2741 0 4.92032)
(12.5517 0 5.11678)
(12.8469 0 5.29587)
(13.1578 0 5.45444)
(13.479 0 5.58954)
(13.8428 0 5.69967)
(10.0019 0 0.154348)
(10.0084 0 0.306508)
(10.0199 0 0.458043)
(10.0362 0 0.610365)
(10.0571 0 0.764591)
(10.083 0 0.921648)
(10.1142 0 1.08233)
(10.1513 0 1.2473)
(10.1947 0 1.41709)
(10.2451 0 1.59209)
(10.3031 0 1.77258)
(10.3696 0 1.95867)
(10.4454 0 2.15033)
(10.5314 0 2.34736)
(10.6284 0 2.5494)
(10.7376 0 2.75588)
(10.8598 0 2.96603)
(10.996 0 3.17885)
(11.1471 0 3.3931)
(11.3139 0 3.60729)
(11.4971 0 3.81964)
(11.6972 0 4.02816)
(11.9142 0 4.23061)
(12.148 0 4.42455)
(12.3981 0 4.60745)
(12.6632 0 4.77672)
(12.9419 0 4.92987)
(13.2321 0 5.06463)
(13.5293 0 5.17899)
(13.8626 0 5.27211)
(10.0024 0 0.150694)
(10.0102 0 0.299205)
(10.0241 0 0.446969)
(10.0438 0 0.595285)
(10.0689 0 0.745172)
(10.0998 0 0.897461)
(10.1366 0 1.05285)
(10.18 0 1.2119)
(10.2302 0 1.37506)
(10.288 0 1.5426)
(10.3538 0 1.71468)
(10.4284 0 1.89133)
(10.5124 0 2.07239)
(10.6066 0 2.25757)
(10.7117 0 2.44641)
(10.8285 0 2.63826)
(10.9578 0 2.8323)
(11.1001 0 3.0275)
(11.2562 0 3.22263)
(11.4264 0 3.41626)
(11.6111 0 3.60679)
(11.8104 0 3.79242)
(12.024 0 3.97123)
(12.2516 0 4.14122)
(12.4922 0 4.30034)
(12.7447 0 4.4466)
(13.0075 0 4.57816)
(13.2787 0 4.6934)
(13.5546 0 4.79101)
(13.8615 0 4.87053)
(10.0027 0 0.146247)
(10.0119 0 0.290329)
(10.0281 0 0.433551)
(10.0508 0 0.5771)
(10.0798 0 0.721893)
(10.1152 0 0.868669)
(10.1572 0 1.01803)
(10.2063 0 1.17046)
(10.2627 0 1.32628)
(10.327 0 1.4857)
(10.3996 0 1.64878)
(10.4811 0 1.81546)
(10.5721 0 1.98549)
(10.6731 0 2.15853)
(10.7847 0 2.33403)
(10.9075 0 2.51132)
(11.042 0 2.68956)
(11.1886 0 2.86773)
(11.3476 0 3.04468)
(11.5193 0 3.21909)
(11.7037 0 3.38952)
(11.9005 0 3.55442)
(12.1094 0 3.71218)
(12.3298 0 3.86117)
(12.5606 0 3.99977)
(12.8007 0 4.12647)
(13.0485 0 4.23994)
(13.3025 0 4.33903)
(13.5593 0 4.4229)
(13.8431 0 4.49137)
(10.0031 0 0.141026)
(10.0134 0 0.279917)
(10.0317 0 0.417852)
(10.0573 0 0.5559)
(10.0898 0 0.694881)
(10.1293 0 0.835444)
(10.1759 0 0.978105)
(10.23 0 1.12325)
(10.2919 0 1.27113)
(10.3619 0 1.42188)
(10.4404 0 1.57547)
(10.5278 0 1.73177)
(10.6245 0 1.8905)
(10.731 0 2.05123)
(10.8478 0 2.21342)
(10.975 0 2.37638)
(11.1132 0 2.53927)
(11.2624 0 2.70116)
(11.4228 0 2.86095)
(11.5944 0 3.01749)
(11.7769 0 3.16951)
(11.9701 0 3.3157)
(12.1734 0 3.45473)
(12.386 0 3.58529)
(12.607 0 3.70613)
(12.8351 0 3.81612)
(13.069 0 3.9143)
(13.3072 0 3.99988)
(13.5471 0 4.07234)
(13.8107 0 4.13166)
(10.0034 0 0.135053)
(10.0148 0 0.268019)
(10.035 0 0.399948)
(10.0632 0 0.531795)
(10.0988 0 0.664287)
(10.142 0 0.797985)
(10.1927 0 0.933324)
(10.2513 0 1.07061)
(10.3179 0 1.21003)
(10.3928 0 1.35163)
(10.4762 0 1.49535)
(10.5684 0 1.641)
(10.6699 0 1.78825)
(10.7807 0 1.93666)
(10.9013 0 2.08569)
(11.0317 0 2.23465)
(11.1721 0 2.38277)
(11.3226 0 2.52916)
(11.483 0 2.67287)
(11.6533 0 2.81287)
(11.833 0 2.94807)
(12.0218 0 3.07739)
(12.2189 0 3.19975)
(12.4235 0 3.31411)
(12.6348 0 3.41952)
(12.8515 0 3.51514)
(13.0725 0 3.60028)
(13.2964 0 3.67444)
(13.5211 0 3.73728)
(13.767 0 3.78891)
(10.0037 0 0.128358)
(10.0161 0 0.254691)
(10.0379 0 0.379928)
(10.0684 0 0.504913)
(10.1069 0 0.630281)
(10.1533 0 0.756514)
(10.2076 0 0.88397)
(10.2701 0 1.01289)
(10.3407 0 1.14339)
(10.4197 0 1.27548)
(10.5072 0 1.40904)
(10.6034 0 1.54384)
(10.7085 0 1.67955)
(10.8226 0 1.81573)
(10.9458 0 1.95184)
(11.0782 0 2.08723)
(11.2198 0 2.2212)
(11.3704 0 2.35294)
(11.5299 0 2.48162)
(11.6979 0 2.60635)
(11.8741 0 2.72621)
(12.0579 0 2.84033)
(12.2485 0 2.94782)
(12.4452 0 3.04789)
(12.6471 0 3.13982)
(12.8531 0 3.22299)
(13.0622 0 3.29693)
(13.2732 0 3.36131)
(13.4843 0 3.41594)
(13.7146 0 3.461)
(10.004 0 0.12097)
(10.0172 0 0.239996)
(10.0405 0 0.357889)
(10.0731 0 0.475389)
(10.114 0 0.593046)
(10.1632 0 0.711265)
(10.2207 0 0.830337)
(10.2864 0 0.950442)
(10.3604 0 1.07165)
(10.4428 0 1.19392)
(10.5336 0 1.31711)
(10.6329 0 1.44097)
(10.7408 0 1.56517)
(10.8572 0 1.68928)
(10.9821 0 1.81278)
(11.1156 0 1.93509)
(11.2574 0 2.05556)
(11.4073 0 2.17349)
(11.565 0 2.28815)
(11.7302 0 2.3988)
(11.9023 0 2.50467)
(12.0807 0 2.60506)
(12.2648 0 2.69926)
(12.4538 0 2.78667)
(12.6468 0 2.86675)
(12.8428 0 2.93906)
(13.041 0 3.00327)
(13.2403 0 3.05919)
(13.4393 0 3.10674)
(13.6556 0 3.14611)
(10.0042 0 0.112924)
(10.0182 0 0.224002)
(10.0428 0 0.333936)
(10.0771 0 0.443369)
(10.1202 0 0.552771)
(10.1719 0 0.662478)
(10.2319 0 0.77272)
(10.3004 0 0.883625)
(10.3772 0 0.995223)
(10.4624 0 1.10744)
(10.5558 0 1.22013)
(10.6574 0 1.33302)
(10.7672 0 1.44579)
(10.8852 0 1.55804)
(11.0111 0 1.6693)
(11.1448 0 1.77903)
(11.2861 0 1.88666)
(11.4346 0 1.99159)
(11.59 0 2.0932)
(11.7519 0 2.19086)
(11.9196 0 2.28395)
(12.0927 0 2.37191)
(12.2703 0 2.45419)
(12.4519 0 2.53032)
(12.6365 0 2.59992)
(12.8233 0 2.66267)
(13.0116 0 2.71836)
(13.2004 0 2.76689)
(13.3884 0 2.80824)
(13.5924 0 2.8426)
(10.0044 0 0.104252)
(10.019 0 0.206774)
(10.0448 0 0.308173)
(10.0807 0 0.408999)
(10.1256 0 0.509647)
(10.1793 0 0.610391)
(10.2415 0 0.711409)
(10.3123 0 0.812785)
(10.3914 0 0.914516)
(10.4787 0 1.01651)
(10.574 0 1.11861)
(10.6774 0 1.22055)
(10.7885 0 1.32203)
(10.9073 0 1.42268)
(11.0335 0 1.52207)
(11.1669 0 1.61973)
(11.3071 0 1.71516)
(11.4538 0 1.80786)
(11.6065 0 1.89729)
(11.7648 0 1.98295)
(11.9281 0 2.06433)
(12.0958 0 2.14099)
(12.2673 0 2.21252)
(12.4418 0 2.27855)
(12.6186 0 2.3388)
(12.797 0 2.39308)
(12.9763 0 2.44123)
(13.1556 0 2.48322)
(13.334 0 2.51908)
(13.527 0 2.54899)
(10.0046 0 0.0949853)
(10.0198 0 0.18838)
(10.0466 0 0.280701)
(10.0837 0 0.372419)
(10.1302 0 0.463858)
(10.1855 0 0.555235)
(10.2496 0 0.64668)
(10.3222 0 0.738244)
(10.4031 0 0.829899)
(10.492 0 0.921545)
(10.5888 0 1.01301)
(10.6933 0 1.10407)
(10.8052 0 1.19442)
(10.9243 0 1.28373)
(11.0503 0 1.37164)
(11.1829 0 1.45772)
(11.3216 0 1.54157)
(11.4662 0 1.62273)
(11.616 0 1.70079)
(11.7707 0 1.77533)
(11.9296 0 1.84595)
(12.0922 0 1.9123)
(12.2577 0 1.97406)
(12.4257 0 2.03097)
(12.5954 0 2.08284)
(12.7662 0 2.12952)
(12.9373 0 2.17094)
(13.1082 0 2.20709)
(13.2779 0 2.23802)
(13.4613 0 2.26392)
(10.0047 0 0.0851532)
(10.0204 0 0.168876)
(10.0481 0 0.251614)
(10.0863 0 0.333761)
(10.1341 0 0.415577)
(10.1909 0 0.497224)
(10.2564 0 0.578789)
(10.3304 0 0.660295)
(10.4126 0 0.741699)
(10.5028 0 0.822895)
(10.6006 0 0.903718)
(10.7058 0 0.983955)
(10.818 0 1.06335)
(10.937 0 1.14159)
(11.0625 0 1.21838)
(11.1939 0 1.29335)
(11.331 0 1.36615)
(11.4732 0 1.43642)
(11.6201 0 1.50382)
(11.7712 0 1.568)
(11.9258 0 1.62867)
(12.0836 0 1.68554)
(12.2437 0 1.73838)
(12.4057 0 1.787)
(12.5689 0 1.83126)
(12.7328 0 1.87108)
(12.8967 0 1.90641)
(13.0601 0 1.93728)
(13.2222 0 1.96375)
(13.3972 0 1.98598)
(10.0049 0 0.0747755)
(10.021 0 0.148308)
(10.0494 0 0.220989)
(10.0886 0 0.293144)
(10.1374 0 0.364963)
(10.1953 0 0.436556)
(10.262 0 0.507976)
(10.3372 0 0.579223)
(10.4204 0 0.650242)
(10.5114 0 0.720928)
(10.6098 0 0.791128)
(10.7154 0 0.860647)
(10.8276 0 0.929258)
(10.9462 0 0.996706)
(11.0708 0 1.06271)
(11.201 0 1.127)
(11.3362 0 1.18925)
(11.4761 0 1.2492)
(11.6202 0 1.30655)
(11.7678 0 1.36105)
(11.9185 0 1.41245)
(12.0717 0 1.46055)
(12.2269 0 1.50517)
(12.3835 0 1.54618)
(12.541 0 1.58348)
(12.6988 0 1.61703)
(12.8563 0 1.64681)
(13.0132 0 1.67285)
(13.1687 0 1.69523)
(13.3362 0 1.71408)
(10.005 0 0.0638592)
(10.0215 0 0.1267)
(10.0506 0 0.188886)
(10.0906 0 0.250662)
(10.1403 0 0.312136)
(10.1992 0 0.373363)
(10.2668 0 0.434367)
(10.3427 0 0.495137)
(10.4267 0 0.555614)
(10.5183 0 0.615698)
(10.6171 0 0.675251)
(10.7227 0 0.734106)
(10.8347 0 0.792067)
(10.9528 0 0.848922)
(11.0764 0 0.904441)
(11.2052 0 0.958387)
(11.3386 0 1.01052)
(11.4762 0 1.06062)
(11.6175 0 1.10845)
(11.762 0 1.15381)
(11.9091 0 1.19652)
(12.0583 0 1.23643)
(12.2091 0 1.27341)
(12.3609 0 1.30736)
(12.5133 0 1.33823)
(12.6658 0 1.36598)
(12.8178 0 1.39062)
(12.9691 0 1.41219)
(13.1188 0 1.43075)
(13.2801 0 1.44642)
(10.0051 0 0.0523837)
(10.0221 0 0.10404)
(10.0518 0 0.155347)
(10.0925 0 0.206444)
(10.143 0 0.257328)
(10.2025 0 0.307994)
(10.2708 0 0.358441)
(10.3474 0 0.408641)
(10.4318 0 0.45853)
(10.5237 0 0.508014)
(10.6227 0 0.556972)
(10.7282 0 0.605265)
(10.8398 0 0.652733)
(10.9572 0 0.6992)
(11.0799 0 0.744486)
(11.2073 0 0.788404)
(11.339 0 0.830767)
(11.4746 0 0.871398)
(11.6134 0 0.910127)
(11.755 0 0.946801)
(11.8989 0 0.981286)
(12.0446 0 1.01347)
(12.1916 0 1.04326)
(12.3394 0 1.07059)
(12.4874 0 1.09544)
(12.6354 0 1.11777)
(12.7828 0 1.13762)
(12.9292 0 1.155)
(13.0742 0 1.16999)
(13.2301 0 1.1827)
(10.0053 0 0.040266)
(10.0228 0 0.0802204)
(10.0532 0 0.120214)
(10.0947 0 0.160184)
(10.1458 0 0.200021)
(10.2059 0 0.239706)
(10.2747 0 0.279236)
(10.3517 0 0.318574)
(10.4365 0 0.357654)
(10.5286 0 0.396392)
(10.6275 0 0.434686)
(10.7328 0 0.472419)
(10.844 0 0.509462)
(10.9607 0 0.545678)
(11.0824 0 0.580924)
(11.2085 0 0.615057)
(11.3387 0 0.647934)
(11.4724 0 0.679421)
(11.6091 0 0.709393)
(11.7483 0 0.737737)
(11.8895 0 0.764357)
(12.0323 0 0.789173)
(12.1761 0 0.812122)
(12.3204 0 0.833164)
(12.465 0 0.852275)
(12.6092 0 0.869453)
(12.7528 0 0.884712)
(12.8953 0 0.898084)
(13.0364 0 0.909615)
(13.1881 0 0.919393)
(10.0056 0 0.0273238)
(10.0239 0 0.0555849)
(10.0551 0 0.0845757)
(10.0971 0 0.11363)
(10.1486 0 0.14252)
(10.2092 0 0.171264)
(10.2784 0 0.199877)
(10.3557 0 0.228322)
(10.4407 0 0.256544)
(10.5329 0 0.284481)
(10.6317 0 0.312062)
(10.7368 0 0.339205)
(10.8476 0 0.365822)
(10.9636 0 0.391814)
(11.0845 0 0.417085)
(11.2096 0 0.441534)
(11.3385 0 0.465063)
(11.4706 0 0.48758)
(11.6056 0 0.509)
(11.7428 0 0.529246)
(11.8819 0 0.548253)
(12.0222 0 0.565969)
(12.1635 0 0.582352)
(12.3052 0 0.597378)
(12.4469 0 0.611032)
(12.5882 0 0.623317)
(12.7288 0 0.634244)
(12.8683 0 0.643838)
(13.0063 0 0.652134)
(13.1544 0 0.659203)
(10.0068 0 0.0112441)
(10.0271 0 0.0265766)
(10.0593 0 0.0438004)
(10.1017 0 0.0613092)
(10.1534 0 0.0787835)
(10.2142 0 0.0962658)
(10.2835 0 0.11375)
(10.3609 0 0.131178)
(10.4458 0 0.148487)
(10.5378 0 0.165624)
(10.6364 0 0.182535)
(10.7412 0 0.199164)
(10.8515 0 0.215451)
(10.967 0 0.231333)
(11.0871 0 0.24675)
(11.2113 0 0.26164)
(11.3392 0 0.275943)
(11.4702 0 0.289605)
(11.6039 0 0.302577)
(11.7396 0 0.314813)
(11.8771 0 0.326279)
(12.0158 0 0.336946)
(12.1552 0 0.346791)
(12.295 0 0.355804)
(12.4347 0 0.363981)
(12.574 0 0.371324)
(12.7125 0 0.377848)
(12.8499 0 0.38357)
(12.9858 0 0.38852)
(13.1317 0 0.392756)
(9.99589 0 0.000921864)
(10.007 0 0.00495281)
(10.0276 0 0.01026)
(10.0576 0 0.0158007)
(10.0974 0 0.0214132)
(10.1466 0 0.0271243)
(10.205 0 0.0329244)
(10.2719 0 0.0387789)
(10.3469 0 0.0446555)
(10.4294 0 0.0505278)
(10.519 0 0.0563715)
(10.6151 0 0.0621617)
(10.7174 0 0.0678724)
(10.8251 0 0.0734773)
(10.938 0 0.0789499)
(11.0553 0 0.0842645)
(11.1765 0 0.089396)
(11.3013 0 0.0943212)
(11.4289 0 0.0990189)
(11.559 0 0.10347)
(11.691 0 0.107658)
(11.8245 0 0.111571)
(11.9589 0 0.115198)
(12.0939 0 0.118533)
(12.229 0 0.121571)
(12.3638 0 0.124313)
(12.498 0 0.126762)
(12.6312 0 0.128921)
(12.7631 0 0.130796)
(12.9048 0 0.132417)
(9.41843 0 13.0947)
(6.19769 0 10.7901)
(-1.12727 0 5.26302)
(10.3573 0 11.2354)
(9.80227 0 9.94641)
(8.21156 0 8.11237)
(11.4614 0 11.1415)
(11.6793 0 10.5921)
(11.423 0 9.67464)
(12.3541 0 10.7427)
(12.7011 0 10.5769)
(12.8089 0 10.1583)
(12.922 0 10.0047)
(13.2931 0 9.99803)
(13.5373 0 9.85917)
(13.2979 0 9.22825)
(13.6605 0 9.28569)
(13.9444 0 9.27528)
(13.5648 0 8.51058)
(13.8982 0 8.58313)
(14.1731 0 8.61846)
(13.7536 0 7.85568)
(14.052 0 7.92235)
(14.3019 0 7.96694)
(13.8837 0 7.25733)
(14.1494 0 7.31369)
(14.3726 0 7.35533)
(13.9695 0 6.70992)
(14.2069 0 6.75697)
(14.4063 0 6.79311)
(14.0212 0 6.20678)
(14.2345 0 6.24632)
(14.4136 0 6.2773)
(14.0454 0 5.74125)
(14.2385 0 5.77487)
(14.4004 0 5.80159)
(14.0474 0 5.30759)
(14.2233 0 5.33652)
(14.3708 0 5.35981)
(14.031 0 4.90111)
(14.1922 0 4.92625)
(14.3275 0 4.94675)
(13.9995 0 4.51794)
(14.1482 0 4.53996)
(14.2729 0 4.55812)
(13.9557 0 4.15488)
(14.0934 0 4.17427)
(14.209 0 4.19044)
(13.902 0 3.80928)
(14.0302 0 3.82643)
(14.1378 0 3.84086)
(13.8407 0 3.47892)
(13.9605 0 3.4941)
(14.0612 0 3.507)
(13.774 0 3.16187)
(13.8865 0 3.17531)
(13.9809 0 3.18683)
(13.704 0 2.85645)
(13.8099 0 2.86833)
(13.8989 0 2.87859)
(13.6325 0 2.56112)
(13.7326 0 2.57157)
(13.8169 0 2.58066)
(13.5615 0 2.27448)
(13.6565 0 2.28363)
(13.7365 0 2.29162)
(13.4926 0 1.99509)
(13.5832 0 2.00301)
(13.6595 0 2.00997)
(13.4276 0 1.72184)
(13.5143 0 1.72862)
(13.5874 0 1.73459)
(13.3679 0 1.4529)
(13.4514 0 1.45856)
(13.5217 0 1.46358)
(13.315 0 1.18796)
(13.3957 0 1.19259)
(13.4637 0 1.19669)
(13.2706 0 0.923439)
(13.349 0 0.926993)
(13.4151 0 0.930162)
(13.2351 0 0.66214)
(13.3118 0 0.664718)
(13.3766 0 0.667014)
(13.2111 0 0.394449)
(13.2865 0 0.395871)
(13.35 0 0.397115)
(12.9819 0 0.133018)
(13.0553 0 0.13349)
(13.1172 0 0.133908)
(-2.66077 0 1.42491)
(-2.12141 0 1.09069)
(-2.43185 0 0.58007)
(-2.24975 0 0.585815)
(-2.11431 0 0.666452)
(-2.14027 0 0.462884)
(-2.13977 0 0.276826)
(-2.15898 0 0.232257)
(-2.18441 0 0.19612)
(-2.18426 0 0.169863)
(-2.18031 0 0.171981)
(-2.19418 0 0.171076)
(-2.21027 0 0.147956)
(-2.21126 0 0.118205)
(-2.20358 0 0.108695)
(-2.20525 0 0.120966)
(-2.22058 0 0.128939)
(-2.23693 0 0.121045)
(-2.24195 0 0.103005)
(-2.23564 0 0.0899328)
(-2.22953 0 0.0914157)
(-2.23487 0 0.101469)
(-2.25314 0 0.106852)
(-2.2765 0 0.0986963)
(-2.29305 0 0.0758244)
(-2.29415 0 0.0470125)
(-2.28239 0 0.02741)
(-2.27036 0 0.0249938)
(-2.26675 0 0.0306683)
(-2.2675 0 0.0323438)
(6.06638 0 5.45856)
(3.5537 0 3.50029)
(1.37464 0 1.9744)
(-1.69019 0 0.338735)
(-2.18438 0 0.223324)
(-2.47028 0 0.00204846)
(-2.36824 0 0.135304)
(-2.25562 0 0.389862)
(-2.26361 0 0.350466)
(-2.24638 0 0.213116)
(-2.2344 0 0.13706)
(-2.26533 0 0.137336)
(-2.2958 0 0.115933)
(-2.28632 0 0.0884536)
(-2.25239 0 0.101808)
(-2.24117 0 0.138227)
(-2.26324 0 0.154774)
(-2.28895 0 0.138766)
(-2.29433 0 0.102686)
(-2.27783 0 0.0761456)
(-2.25987 0 0.0800994)
(-2.26111 0 0.101832)
(-2.28344 0 0.115689)
(-2.31404 0 0.109388)
(-2.33514 0 0.0811433)
(-2.33307 0 0.0425422)
(-2.31091 0 0.0162431)
(-2.28952 0 0.0172991)
(-2.28427 0 0.0312999)
(-2.28666 0 0.0362665)
(10.3492 0 7.62462)
(8.58759 0 5.82555)
(6.65186 0 4.36988)
(4.69157 0 3.12997)
(2.88334 0 2.12548)
(1.50222 0 1.26493)
(-1.31587 0 0.157597)
(-1.98311 0 0.131964)
(-2.38563 0 -0.042213)
(-2.42503 0 -0.117448)
(-2.30871 0 0.0913703)
(-2.26872 0 0.311543)
(-2.30024 0 0.292564)
(-2.26964 0 0.174446)
(-2.20836 0 0.0815927)
(-2.20379 0 0.106046)
(-2.25159 0 0.141082)
(-2.29794 0 0.124149)
(-2.30306 0 0.0777196)
(-2.26336 0 0.0524274)
(-2.21927 0 0.0786021)
(-2.21244 0 0.12369)
(-2.24192 0 0.149497)
(-2.28362 0 0.143488)
(-2.31192 0 0.103125)
(-2.30566 0 0.0429343)
(-2.26724 0 -0.00263975)
(-2.23257 0 0.00426995)
(-2.22635 0 0.0339652)
(-2.23276 0 0.0463216)
(12.4938 0 8.78735)
(11.6111 0 7.33575)
(10.3754 0 6.02171)
(8.96843 0 4.83103)
(7.46063 0 3.80594)
(6.01483 0 2.98634)
(4.49686 0 2.2837)
(3.10414 0 1.6734)
(1.88599 0 1.11922)
(0.534905 0 0.442305)
(-1.40377 0 0.0856759)
(-1.87011 0 0.116977)
(-2.21286 0 -0.0321776)
(-2.26234 0 -0.185873)
(-2.11659 0 -0.0727015)
(-2.08815 0 0.19096)
(-2.13377 0 0.292329)
(-2.20829 0 0.264145)
(-2.20826 0 0.158226)
(-2.13158 0 0.0447938)
(-2.06546 0 0.0394105)
(-2.06262 0 0.102464)
(-2.11077 0 0.14118)
(-2.17238 0 0.133044)
(-2.21415 0 0.0783651)
(-2.20328 0 -0.000962407)
(-2.13393 0 -0.0420482)
(-2.07799 0 -0.0181317)
(-2.07594 0 0.0410813)
(-2.09151 0 0.0677205)
(13.6657 0 9.10594)
(13.3783 0 8.09556)
(12.7534 0 7.04134)
(11.889 0 6.01824)
(10.8577 0 5.08635)
(9.74812 0 4.28211)
(8.5875 0 3.55389)
(7.39321 0 2.89513)
(6.21125 0 2.33592)
(5.06378 0 1.88667)
(3.88113 0 1.52105)
(2.83564 0 1.1653)
(1.86449 0 0.812335)
(1.16412 0 0.40159)
(-0.674027 0 0.0214675)
(-1.31292 0 0.16734)
(-1.69651 0 0.170623)
(-1.90445 0 0.0653075)
(-1.95374 0 -0.0942082)
(-1.82618 0 -0.162375)
(-1.82461 0 -0.019767)
(-1.79936 0 0.183427)
(-1.86852 0 0.252531)
(-1.95713 0 0.252735)
(-2.01333 0 0.189799)
(-1.9813 0 0.0617764)
(-1.87565 0 -0.0773292)
(-1.82357 0 -0.0485413)
(-1.83519 0 0.0582651)
(-1.87138 0 0.108546)
(14.2909 0 8.92506)
(14.3711 0 8.30357)
(14.1983 0 7.55164)
(13.7917 0 6.75436)
(13.193 0 5.96724)
(12.4567 0 5.22578)
(11.6253 0 4.53078)
(10.7269 0 3.89571)
(9.79044 0 3.33861)
(8.84521 0 2.86184)
(7.8925 0 2.43326)
(6.95589 0 2.02888)
(6.03138 0 1.66324)
(5.14558 0 1.38318)
(4.21892 0 1.17366)
(3.34863 0 0.970209)
(2.57293 0 0.772778)
(1.86927 0 0.575107)
(1.26248 0 0.355451)
(0.457559 0 0.0793128)
(-0.779069 0 0.0311158)
(-1.05137 0 0.155348)
(-1.29928 0 0.189074)
(-1.44497 0 0.152504)
(-1.54866 0 0.0326186)
(-1.55539 0 -0.154698)
(-1.38597 0 -0.246108)
(-1.49105 0 -0.112279)
(-1.52008 0 0.0939099)
(-1.59768 0 0.175992)
(14.596 0 8.49068)
(14.8783 0 8.14921)
(15.0034 0 7.66064)
(14.9374 0 7.08466)
(14.6896 0 6.46711)
(14.2928 0 5.84353)
(13.7803 0 5.23468)
(13.1783 0 4.65679)
(12.5089 0 4.12258)
(11.7949 0 3.63632)
(11.0529 0 3.19098)
(10.2962 0 2.78003)
(9.52813 0 2.41029)
(8.75899 0 2.10373)
(7.99742 0 1.84076)
(7.25363 0 1.5992)
(6.54353 0 1.36737)
(5.8541 0 1.1457)
(5.17284 0 0.957348)
(4.50004 0 0.833696)
(3.79485 0 0.736338)
(3.17174 0 0.625086)
(2.59968 0 0.528434)
(2.06991 0 0.442445)
(1.58727 0 0.339603)
(1.20128 0 0.180443)
(0.469664 0 0.00886977)
(-0.704036 0 0.0308276)
(-0.926242 0 0.144885)
(-1.16752 0 0.294233)
(14.7274 0 7.94639)
(15.0973 0 7.78079)
(15.3914 0 7.4879)
(15.5511 0 7.0989)
(15.5626 0 6.64558)
(15.4397 0 6.1568)
(15.2018 0 5.65476)
(14.8665 0 5.15644)
(14.4505 0 4.67528)
(13.9716 0 4.22)
(13.446 0 3.7932)
(12.8855 0 3.3946)
(12.2971 0 3.02813)
(11.6899 0 2.70186)
(11.0768 0 2.4112)
(10.4684 0 2.14709)
(9.86801 0 1.89827)
(9.26899 0 1.66555)
(8.66715 0 1.46374)
(8.07012 0 1.30292)
(7.48326 0 1.16935)
(6.92401 0 1.04561)
(6.38999 0 0.929178)
(5.872 0 0.812948)
(5.36557 0 0.691063)
(4.85751 0 0.589097)
(4.32957 0 0.548619)
(3.74258 0 0.516571)
(3.25482 0 0.461963)
(2.52145 0 0.497907)
(14.7698 0 7.37843)
(15.1589 0 7.31024)
(15.5287 0 7.14617)
(15.8173 0 6.89736)
(15.9989 0 6.58159)
(16.0737 0 6.21798)
(16.0492 0 5.82408)
(15.9338 0 5.41523)
(15.7378 0 5.00456)
(15.473 0 4.60207)
(15.1513 0 4.21371)
(14.7829 0 3.84292)
(14.3758 0 3.49401)
(13.9388 0 3.17212)
(13.4827 0 2.87751)
(13.0161 0 2.60537)
(12.5419 0 2.35013)
(12.0587 0 2.11286)
(11.5668 0 1.90087)
(11.0723 0 1.71906)
(10.5845 0 1.56318)
(10.1102 0 1.42256)
(9.64718 0 1.2895)
(9.18851 0 1.15964)
(8.72735 0 1.03445)
(8.25653 0 0.930939)
(7.77722 0 0.863281)
(7.29401 0 0.818642)
(6.83427 0 0.787289)
(6.22563 0 0.79476)
(14.7669 0 6.82989)
(15.141 0 6.80969)
(15.5287 0 6.72191)
(15.8751 0 6.56757)
(16.1521 0 6.35458)
(16.3531 0 6.09358)
(16.4777 0 5.79614)
(16.5272 0 5.47385)
(16.5053 0 5.13756)
(16.4182 0 4.79648)
(16.2732 0 4.45756)
(16.0777 0 4.12607)
(15.8385 0 3.80691)
(15.5631 0 3.50454)
(15.2596 0 3.22073)
(14.9346 0 2.95412)
(14.5919 0 2.70303)
(14.2331 0 2.46873)
(13.8604 0 2.25532)
(13.4789 0 2.06578)
(13.0955 0 1.89791)
(12.7146 0 1.74507)
(12.3352 0 1.60187)
(11.9533 0 1.46646)
(11.5638 0 1.34162)
(11.1635 0 1.23663)
(10.7552 0 1.15929)
(10.3462 0 1.10653)
(9.94814 0 1.07276)
(9.44394 0 1.05682)
(14.7388 0 6.31579)
(15.0851 0 6.31697)
(15.4606 0 6.2709)
(15.8202 0 6.17513)
(16.1388 0 6.03239)
(16.4081 0 5.8478)
(16.6243 0 5.62793)
(16.7844 0 5.3803)
(16.8874 0 5.11277)
(16.9351 0 4.83275)
(16.9305 0 4.54668)
(16.8781 0 4.26004)
(16.7824 0 3.97772)
(16.6488 0 3.70387)
(16.4829 0 3.44113)
(16.2898 0 3.19036)
(16.0732 0 2.95202)
(15.8358 0 2.72763)
(15.5803 0 2.5199)
(15.311 0 2.3308)
(15.0329 0 2.15939)
(14.7492 0 2.00221)
(14.4601 0 1.85624)
(14.1635 0 1.72079)
(13.8567 0 1.59826)
(13.5385 0 1.49417)
(13.2118 0 1.41332)
(12.882 0 1.35441)
(12.5572 0 1.31249)
(12.1462 0 1.28025)
(14.6946 0 5.83789)
(15.0112 0 5.84787)
(15.3621 0 5.82374)
(15.7114 0 5.76257)
(16.038 0 5.66506)
(16.335 0 5.53346)
(16.5981 0 5.37114)
(16.8228 0 5.18252)
(17.0059 0 4.97275)
(17.1458 0 4.74722)
(17.2431 0 4.51108)
(17.2992 0 4.26911)
(17.3165 0 4.02568)
(17.2982 0 3.78461)
(17.2476 0 3.54886)
(17.1685 0 3.3204)
(17.0638 0 3.10072)
(16.9361 0 2.89161)
(16.7881 0 2.69519)
(16.623 0 2.51312)
(16.4446 0 2.34542)
(16.2554 0 2.19068)
(16.0561 0 2.04752)
(15.8462 0 1.91588)
(15.6243 0 1.79768)
(15.3907 0 1.69641)
(15.1476 0 1.61496)
(14.899 0 1.5526)
(14.6509 0 1.50529)
(14.3316 0 1.46532)
(14.6384 0 5.39306)
(14.9275 0 5.40646)
(15.2513 0 5.39406)
(15.5803 0 5.35333)
(15.8974 0 5.28436)
(16.1976 0 5.18815)
(16.4775 0 5.06642)
(16.733 0 4.92168)
(16.96 0 4.75716)
(17.156 0 4.57651)
(17.3195 0 4.38354)
(17.4505 0 4.18202)
(17.5493 0 3.97554)
(17.6174 0 3.76744)
(17.6565 0 3.56056)
(17.6687 0 3.35721)
(17.6562 0 3.15933)
(17.6208 0 2.96883)
(17.5648 0 2.78764)
(17.4905 0 2.61733)
(17.4007 0 2.45856)
(17.2974 0 2.31115)
(17.1815 0 2.17478)
(17.0532 0 2.04989)
(16.9123 0 1.93803)
(16.7594 0 1.84154)
(16.5964 0 1.76224)
(16.4262 0 1.69971)
(16.2528 0 1.65097)
(16.0231 0 1.60951)
(14.5725 0 4.97702)
(14.8374 0 4.99164)
(15.1357 0 4.98596)
(15.4419 0 4.95788)
(15.7422 0 4.90734)
(16.0331 0 4.83485)
(16.3123 0 4.74135)
(16.5767 0 4.62834)
(16.8227 0 4.49784)
(17.0473 0 4.35234)
(17.2488 0 4.19453)
(17.4259 0 4.02726)
(17.5781 0 3.85335)
(17.7054 0 3.67556)
(17.8085 0 3.49641)
(17.8884 0 3.31813)
(17.9462 0 3.14274)
(17.9831 0 2.97213)
(18.0007 0 2.80812)
(18.0006 0 2.65225)
(17.9848 0 2.50556)
(17.9546 0 2.36856)
(17.9111 0 2.24164)
(17.8548 0 2.12554)
(17.786 0 2.02162)
(17.7056 0 1.93157)
(17.615 0 1.85667)
(17.5162 0 1.79676)
(17.4119 0 1.7499)
(17.2665 0 1.71123)
(14.4986 0 4.58569)
(14.7425 0 4.60062)
(15.0178 0 4.59912)
(15.3023 0 4.57946)
(15.584 0 4.54149)
(15.8604 0 4.48552)
(16.1305 0 4.41209)
(16.3918 0 4.32214)
(16.6414 0 4.21704)
(16.8768 0 4.0985)
(17.0962 0 3.96848)
(17.2979 0 3.82911)
(17.4812 0 3.68257)
(17.6453 0 3.5311)
(17.7902 0 3.37681)
(17.9161 0 3.22174)
(18.0235 0 3.06775)
(18.1129 0 2.91662)
(18.1855 0 2.77006)
(18.242 0 2.62957)
(18.2839 0 2.49635)
(18.3122 0 2.3713)
(18.3277 0 2.25521)
(18.331 0 2.14903)
(18.3226 0 2.054)
(18.3035 0 1.97146)
(18.2747 0 1.90248)
(18.2377 0 1.84718)
(18.1939 0 1.80456)
(18.1242 0 1.77138)
(14.418 0 4.21558)
(14.6438 0 4.23036)
(14.899 0 4.23165)
(15.1637 0 4.21797)
(15.4274 0 4.18913)
(15.6883 0 4.14526)
(15.9459 0 4.0867)
(16.1984 0 4.01406)
(16.4436 0 3.92829)
(16.6795 0 3.83063)
(16.9043 0 3.72254)
(17.1165 0 3.60563)
(17.3153 0 3.48164)
(17.4997 0 3.35236)
(17.6693 0 3.21957)
(17.8239 0 3.08502)
(17.9635 0 2.95039)
(18.0885 0 2.81731)
(18.1992 0 2.68734)
(18.2962 0 2.5619)
(18.3804 0 2.44226)
(18.4524 0 2.3295)
(18.513 0 2.22462)
(18.5627 0 2.12866)
(18.602 0 2.04279)
(18.6319 0 1.96824)
(18.6531 0 1.90596)
(18.6667 0 1.8564)
(18.6734 0 1.81933)
(18.6686 0 1.79298)
(14.3323 0 3.86377)
(14.5423 0 3.87815)
(14.7798 0 3.88136)
(15.027 0 3.8721)
(15.2741 0 3.85016)
(15.52 0 3.81557)
(15.7645 0 3.7685)
(16.0062 0 3.70935)
(16.2435 0 3.63879)
(16.4746 0 3.55772)
(16.698 0 3.46725)
(16.9125 0 3.36865)
(17.1171 0 3.2633)
(17.311 0 3.15266)
(17.4936 0 3.03822)
(17.6645 0 2.9215)
(17.8236 0 2.80397)
(17.9708 0 2.68711)
(18.1064 0 2.57232)
(18.2306 0 2.46095)
(18.344 0 2.35425)
(18.4469 0 2.25335)
(18.5401 0 2.15934)
(18.6239 0 2.07332)
(18.699 0 1.99642)
(18.766 0 1.92978)
(18.8257 0 1.87439)
(18.8787 0 1.83095)
(18.9256 0 1.79986)
(18.9739 0 1.78049)
(14.2429 0 3.52785)
(14.4392 0 3.54165)
(14.6611 0 3.54614)
(14.8926 0 3.54021)
(15.1249 0 3.52362)
(15.3569 0 3.49634)
(15.5888 0 3.45843)
(15.8195 0 3.41012)
(16.0476 0 3.35187)
(16.2717 0 3.28436)
(16.4904 0 3.20842)
(16.7028 0 3.12505)
(16.908 0 3.03537)
(17.105 0 2.94057)
(17.2935 0 2.84191)
(17.4728 0 2.74069)
(17.6427 0 2.63822)
(17.8031 0 2.5358)
(17.9541 0 2.43472)
(18.0957 0 2.33622)
(18.2283 0 2.2415)
(18.3522 0 2.1517)
(18.4679 0 2.06791)
(18.5759 0 1.99124)
(18.6765 0 1.92279)
(18.7705 0 1.86368)
(18.8586 0 1.81493)
(18.9413 0 1.77747)
(19.0189 0 1.7521)
(19.1089 0 1.73909)
(14.1515 0 3.20575)
(14.3355 0 3.21882)
(14.5438 0 3.22413)
(14.7615 0 3.2207)
(14.9805 0 3.2083)
(15.1999 0 3.18686)
(15.42 0 3.15636)
(15.6401 0 3.11693)
(15.8589 0 3.06886)
(16.0753 0 3.01265)
(16.288 0 2.94893)
(16.4963 0 2.87848)
(16.6992 0 2.80221)
(16.8961 0 2.72108)
(17.0862 0 2.63617)
(17.2693 0 2.54859)
(17.4448 0 2.45947)
(17.6128 0 2.36999)
(17.773 0 2.28129)
(17.9255 0 2.19453)
(18.0706 0 2.11084)
(18.2085 0 2.0313)
(18.3395 0 1.957)
(18.4641 0 1.88901)
(18.5827 0 1.82841)
(18.696 0 1.77631)
(18.8046 0 1.73376)
(18.9091 0 1.70181)
(19.0096 0 1.68154)
(19.1316 0 1.67381)
(14.0596 0 2.89567)
(14.2329 0 2.90791)
(14.4291 0 2.91367)
(14.6345 0 2.9121)
(14.8416 0 2.90298)
(15.0496 0 2.88623)
(15.259 0 2.86178)
(15.4691 0 2.82967)
(15.6791 0 2.7901)
(15.8877 0 2.74342)
(16.094 0 2.6901)
(16.2973 0 2.63076)
(16.4967 0 2.5661)
(16.6916 0 2.49694)
(16.8814 0 2.42415)
(17.0655 0 2.34869)
(17.2438 0 2.27155)
(17.4158 0 2.19375)
(17.5816 0 2.11633)
(17.741 0 2.04033)
(17.8943 0 1.9668)
(18.0416 0 1.89678)
(18.1832 0 1.83128)
(18.3194 0 1.77136)
(18.4509 0 1.71805)
(18.578 0 1.67243)
(18.7015 0 1.63556)
(18.8221 0 1.60857)
(18.9398 0 1.59266)
(19.086 0 1.58901)
(13.9688 0 2.59599)
(14.1327 0 2.60731)
(14.3182 0 2.61322)
(14.5127 0 2.61299)
(14.7092 0 2.60644)
(14.907 0 2.59345)
(15.1066 0 2.57394)
(15.3076 0 2.54791)
(15.5092 0 2.51547)
(15.7104 0 2.47687)
(15.9104 0 2.43247)
(16.1084 0 2.38272)
(16.3038 0 2.32821)
(16.4958 0 2.26957)
(16.684 0 2.20755)
(16.8679 0 2.14295)
(17.0471 0 2.07661)
(17.2214 0 2.00943)
(17.3905 0 1.94234)
(17.5545 0 1.87626)
(17.7133 0 1.81216)
(17.8672 0 1.75099)
(18.0163 0 1.69371)
(18.1611 0 1.64132)
(18.3019 0 1.5948)
(18.4394 0 1.55517)
(18.5742 0 1.52351)
(18.7069 0 1.50092)
(18.838 0 1.48863)
(19.0029 0 1.48798)
(13.8808 0 2.30526)
(14.0363 0 2.31558)
(14.2125 0 2.32141)
(14.3974 0 2.32213)
(14.5844 0 2.31754)
(14.7731 0 2.30757)
(14.9639 0 2.29211)
(15.1566 0 2.27112)
(15.3505 0 2.24468)
(15.5448 0 2.21296)
(15.7386 0 2.17621)
(15.9314 0 2.13479)
(16.1225 0 2.08915)
(16.3114 0 2.03981)
(16.4974 0 1.98739)
(16.6802 0 1.93253)
(16.8594 0 1.87598)
(17.0347 0 1.8185)
(17.2059 0 1.76089)
(17.3728 0 1.70399)
(17.5356 0 1.64865)
(17.6943 0 1.59574)
(17.8491 0 1.54616)
(18.0004 0 1.50082)
(18.1486 0 1.46064)
(18.2941 0 1.42659)
(18.4377 0 1.39969)
(18.5802 0 1.381)
(18.7219 0 1.37171)
(18.9017 0 1.37315)
(13.7971 0 2.02196)
(13.9453 0 2.03123)
(14.1132 0 2.03679)
(14.2897 0 2.03811)
(14.4684 0 2.03502)
(14.649 0 2.02745)
(14.832 0 2.0153)
(15.0173 0 1.99851)
(15.2042 0 1.97713)
(15.392 0 1.95127)
(15.5801 0 1.9211)
(15.7679 0 1.88692)
(15.9548 0 1.84906)
(16.1403 0 1.80795)
(16.3239 0 1.76407)
(16.5052 0 1.71799)
(16.6838 0 1.6703)
(16.8593 0 1.62166)
(17.0317 0 1.57277)
(17.2007 0 1.52435)
(17.3663 0 1.47715)
(17.5287 0 1.43197)
(17.6879 0 1.38959)
(17.8443 0 1.35085)
(17.9983 0 1.31659)
(18.1504 0 1.28772)
(18.3013 0 1.26517)
(18.4517 0 1.24993)
(18.6022 0 1.24309)
(18.7941 0 1.24593)
(13.7191 0 1.74497)
(13.8611 0 1.75315)
(14.0218 0 1.75828)
(14.1909 0 1.75992)
(14.3624 0 1.75795)
(14.5359 0 1.75229)
(14.712 0 1.74285)
(14.8907 0 1.72957)
(15.0713 0 1.71247)
(15.2533 0 1.69162)
(15.4362 0 1.66715)
(15.6193 0 1.63928)
(15.8023 0 1.60826)
(15.9845 0 1.57445)
(16.1656 0 1.53822)
(16.3451 0 1.50004)
(16.5227 0 1.4604)
(16.698 0 1.41984)
(16.8709 0 1.37897)
(17.0413 0 1.3384)
(17.209 0 1.29878)
(17.3741 0 1.2608)
(17.5368 0 1.22517)
(17.6974 0 1.19261)
(17.8561 0 1.1639)
(18.0136 0 1.13983)
(18.1706 0 1.12124)
(18.3277 0 1.10905)
(18.4855 0 1.10422)
(18.6876 0 1.1079)
(13.6485 0 1.47237)
(13.785 0 1.47939)
(13.9396 0 1.48396)
(14.1024 0 1.48571)
(14.2677 0 1.48454)
(14.4351 0 1.48038)
(14.6052 0 1.47315)
(14.7781 0 1.4628)
(14.9533 0 1.44932)
(15.1302 0 1.43277)
(15.3083 0 1.41324)
(15.4872 0 1.39089)
(15.6665 0 1.36592)
(15.8456 0 1.33859)
(16.0242 0 1.30921)
(16.2019 0 1.27815)
(16.3783 0 1.24582)
(16.5532 0 1.21265)
(16.7262 0 1.17915)
(16.8974 0 1.14583)
(17.0666 0 1.11324)
(17.2338 0 1.08197)
(17.3992 0 1.05262)
(17.5631 0 1.02583)
(17.7257 0 1.00226)
(17.8877 0 0.98262)
(18.0496 0 0.967638)
(18.2123 0 0.958105)
(18.3763 0 0.954866)
(18.5867 0 0.958963)
(13.5863 0 1.20391)
(13.7183 0 1.20976)
(13.8678 0 1.21367)
(14.0253 0 1.21537)
(14.1854 0 1.21476)
(14.3477 0 1.21179)
(14.5128 0 1.2064)
(14.6807 0 1.19853)
(14.8512 0 1.18818)
(15.0237 0 1.17537)
(15.1978 0 1.16019)
(15.373 0 1.14273)
(15.549 0 1.12316)
(15.7253 0 1.10167)
(15.9016 0 1.0785)
(16.0775 0 1.05394)
(16.2527 0 1.02831)
(16.4269 0 1.00197)
(16.5998 0 0.975306)
(16.7715 0 0.948745)
(16.9416 0 0.922738)
(17.1104 0 0.897764)
(17.2779 0 0.874325)
(17.4444 0 0.852954)
(17.6101 0 0.834206)
(17.7757 0 0.818672)
(17.9417 0 0.806976)
(18.1089 0 0.799782)
(18.2781 0 0.797797)
(18.4955 0 0.801917)
(13.5343 0 0.93578)
(13.6626 0 0.940379)
(13.8079 0 0.943517)
(13.9612 0 0.944974)
(14.117 0 0.94469)
(14.2751 0 0.942622)
(14.436 0 0.938714)
(14.6 0 0.932927)
(14.7666 0 0.925248)
(14.9354 0 0.915696)
(15.106 0 0.90432)
(15.2781 0 0.891199)
(15.4513 0 0.876447)
(15.6253 0 0.86021)
(15.7995 0 0.842667)
(15.9738 0 0.82403)
(16.1478 0 0.804544)
(16.3213 0 0.784482)
(16.494 0 0.764146)
(16.6658 0 0.743864)
(16.8366 0 0.723987)
(17.0065 0 0.704892)
(17.1755 0 0.686976)
(17.3439 0 0.670659)
(17.512 0 0.656389)
(17.6804 0 0.644637)
(17.8496 0 0.635909)
(18.0205 0 0.630746)
(18.1938 0 0.62972)
(18.4164 0 0.63361)
(13.4933 0 0.671086)
(13.6188 0 0.674477)
(13.7609 0 0.67685)
(13.9108 0 0.678035)
(14.0634 0 0.677994)
(14.2182 0 0.676702)
(14.3759 0 0.674119)
(14.5368 0 0.670213)
(14.7004 0 0.664974)
(14.8663 0 0.658411)
(15.0343 0 0.650556)
(15.2039 0 0.641463)
(15.3749 0 0.631207)
(15.5468 0 0.619889)
(15.7195 0 0.607632)
(15.8924 0 0.594585)
(16.0654 0 0.580918)
(16.2382 0 0.566825)
(16.4105 0 0.552519)
(16.5824 0 0.538234)
(16.7536 0 0.524224)
(16.9241 0 0.510758)
(17.0942 0 0.498126)
(17.264 0 0.486634)
(17.4339 0 0.476611)
(17.6044 0 0.468406)
(17.776 0 0.462402)
(17.9497 0 0.459011)
(18.1261 0 0.45868)
(18.3531 0 0.462031)
(13.4648 0 0.399407)
(13.5883 0 0.401454)
(13.7281 0 0.402898)
(13.8757 0 0.403596)
(14.0259 0 0.403544)
(14.1784 0 0.402741)
(14.3338 0 0.401165)
(14.4924 0 0.398797)
(14.6538 0 0.395628)
(14.8177 0 0.391668)
(14.9837 0 0.386934)
(15.1515 0 0.381458)
(15.3207 0 0.375286)
(15.4912 0 0.368478)
(15.6625 0 0.361108)
(15.8343 0 0.353265)
(16.0064 0 0.345051)
(16.1786 0 0.336583)
(16.3505 0 0.32799)
(16.5221 0 0.319414)
(16.6934 0 0.311008)
(16.8643 0 0.302937)
(17.0349 0 0.295379)
(17.2055 0 0.288521)
(17.3764 0 0.282569)
(17.5481 0 0.277744)
(17.7212 0 0.274296)
(17.8967 0 0.27252)
(18.0752 0 0.272799)
(18.3042 0 0.275891)
(13.2287 0 0.134798)
(13.3486 0 0.135712)
(13.4844 0 0.136414)
(13.6279 0 0.136837)
(13.774 0 0.13699)
(13.9224 0 0.136879)
(14.0737 0 0.136494)
(14.228 0 0.135825)
(14.3851 0 0.134869)
(14.5446 0 0.133627)
(14.7061 0 0.132106)
(14.8694 0 0.130314)
(15.0341 0 0.128267)
(15.1999 0 0.125984)
(15.3665 0 0.123492)
(15.5336 0 0.12082)
(15.7008 0 0.118005)
(15.8679 0 0.115087)
(16.0348 0 0.112112)
(16.2013 0 0.109129)
(16.3672 0 0.106194)
(16.5327 0 0.103366)
(16.6979 0 0.100708)
(16.8629 0 0.0982889)
(17.0281 0 0.0961822)
(17.194 0 0.094471)
(17.3615 0 0.0932527)
(17.5313 0 0.0926556)
(17.7048 0 0.0928793)
(17.9291 0 0.0945204)
)
;

boundaryField
{
    inlet
    {
        type            fixedValue;
        value           uniform (10 0 0);
    }
    outlet
    {
        type            zeroGradient;
    }
    flap
    {
        type            movingWallVelocity;
        value           nonuniform List<vector> 
33
(
(0 0 6.93889e-16)
(0 0 0)
(0 0 0)
(0 0 0)
(0 0 0)
(0 0 0)
(0 0 0)
(0 0 0)
(0 0 0)
(0 0 0)
(0 0 0)
(0 0 -1.11022e-14)
(0 0 -1.11022e-14)
(0 0 -1.11022e-14)
(0 0 -2.22045e-14)
(6.93889e-16 -2.77556e-15 0)
(0 -2.77556e-15 0)
(0 0 0)
(0 0 6.93889e-16)
(0 0 0)
(0 0 0)
(0 0 0)
(0 0 0)
(0 0 0)
(0 0 -5.55112e-15)
(0 0 0)
(0 0 -1.11022e-14)
(0 0 0)
(0 0 0)
(0 0 0)
(0 0 0)
(0 -2.77556e-15 -1.11022e-14)
(0 0 -1.11022e-14)
)
;
    }
    upperWall
    {
        type            noSlip;
    }
    lowerWall
    {
        type            noSlip;
    }
    frontAndBack
    {
        type            empty;
    }
}


// ************************************************************************* //
