/*--------------------------------*- C++ -*----------------------------------*\
  =========                 |
  \\      /  F ield         | OpenFOAM: The Open Source CFD Toolbox
   \\    /   O peration     | Website:  https://openfoam.org
    \\  /    A nd           | Version:  dev
     \\/     M anipulation  |
\*---------------------------------------------------------------------------*/
FoamFile
{
    version     2.0;
    format      ascii;
    class       volVectorField;
    location    "1.2";
    object      U;
}
// * * * * * * * * * * * * * * * * * * * * * * * * * * * * * * * * * * * * * //

dimensions      [0 1 -1 0 0 0 0];

internalField   nonuniform List<vector> 
2790
(
(9.9438 0 0.0206324)
(9.8749 0 0.029823)
(9.77322 0 0.0363608)
(9.64576 0 0.0430706)
(9.49825 0 0.0500486)
(9.33159 0 0.0572445)
(9.14499 0 0.0647863)
(8.93757 0 0.0728344)
(8.70855 0 0.0815251)
(8.457 0 0.0909811)
(8.18177 0 0.101325)
(7.88155 0 0.112682)
(7.55492 0 0.125176)
(7.20038 0 0.138929)
(6.81642 0 0.154046)
(6.40165 0 0.170604)
(5.95491 0 0.188635)
(5.47544 0 0.208091)
(4.96317 0 0.228818)
(4.41898 0 0.250503)
(3.84506 0 0.27263)
(3.2453 0 0.294431)
(2.62561 0 0.314862)
(1.99417 0 0.332761)
(1.35966 0 0.348347)
(0.754252 0 0.370424)
(0.054363 0 0.296902)
(-0.46164 0 -0.120577)
(-0.450764 0 -0.279335)
(-0.229453 0 -0.411207)
(9.99832 0 0.0410425)
(9.98063 0 0.0630955)
(9.93374 0 0.0802494)
(9.86045 0 0.0981464)
(9.76505 0 0.117068)
(9.64855 0 0.136858)
(9.51032 0 0.157765)
(9.34956 0 0.180138)
(9.16549 0 0.20428)
(8.95718 0 0.23046)
(8.72351 0 0.258938)
(8.46316 0 0.28997)
(8.17468 0 0.323787)
(7.85651 0 0.360583)
(7.50705 0 0.400476)
(7.12479 0 0.443465)
(6.70836 0 0.489369)
(6.25675 0 0.537741)
(5.76958 0 0.587776)
(5.24733 0 0.638195)
(4.69178 0 0.687131)
(4.10646 0 0.732024)
(3.49715 0 0.769571)
(2.87276 0 0.795794)
(2.24614 0 0.806448)
(1.64648 0 0.797939)
(1.06525 0 0.729465)
(0.630748 0 0.527422)
(0.143621 0 0.190374)
(-0.00930963 0 -0.457391)
(9.99541 0 0.0437827)
(9.97475 0 0.07647)
(9.92984 0 0.105206)
(9.86127 0 0.134922)
(9.77203 0 0.166319)
(9.66322 0 0.199375)
(9.53455 0 0.234428)
(9.38542 0 0.271974)
(9.21519 0 0.312483)
(9.02314 0 0.356399)
(8.80832 0 0.404157)
(8.5696 0 0.456187)
(8.3057 0 0.512897)
(8.01523 0 0.574634)
(7.69669 0 0.64164)
(7.34855 0 0.713972)
(6.96936 0 0.791403)
(6.55782 0 0.873287)
(6.11306 0 0.958386)
(5.63481 0 1.04467)
(5.12383 0 1.1291)
(4.58236 0 1.20738)
(4.01473 0 1.27372)
(3.4284 0 1.3205)
(2.83461 0 1.33754)
(2.25391 0 1.30976)
(1.69304 0 1.19756)
(1.18549 0 0.947329)
(0.681361 0 0.544215)
(0.340269 0 -0.186022)
(9.99384 0 0.0503007)
(9.971 0 0.0948723)
(9.92591 0 0.136153)
(9.85862 0 0.177743)
(9.77118 0 0.220941)
(9.66466 0 0.266149)
(9.53901 0 0.313884)
(9.39382 0 0.3648)
(9.22865 0 0.419547)
(9.04299 0 0.478744)
(8.83615 0 0.543007)
(8.60734 0 0.612942)
(8.35561 0 0.689135)
(8.07994 0 0.772112)
(7.77921 0 0.862276)
(7.45224 0 0.959821)
(7.09786 0 1.0646)
(6.71491 0 1.17596)
(6.30242 0 1.2925)
(5.85974 0 1.41178)
(5.3868 0 1.53)
(4.88448 0 1.64162)
(4.35512 0 1.73887)
(3.80314 0 1.81116)
(3.23517 0 1.84401)
(2.66197 0 1.81723)
(2.08856 0 1.69622)
(1.52533 0 1.4438)
(0.940187 0 1.04716)
(0.499489 0 0.467803)
(9.99313 0 0.0582425)
(9.96913 0 0.113099)
(9.92396 0 0.165419)
(9.85781 0 0.217884)
(9.77221 0 0.27214)
(9.66798 0 0.328951)
(9.54516 0 0.388972)
(9.40344 0 0.452942)
(9.24247 0 0.521613)
(9.06181 0 0.595712)
(8.86096 0 0.67596)
(8.63928 0 0.763068)
(8.39607 0 0.857727)
(8.13058 0 0.960569)
(7.842 0 1.07211)
(7.52946 0 1.19264)
(7.19209 0 1.32211)
(6.82898 0 1.45992)
(6.43923 0 1.60466)
(6.02202 0 1.75378)
(5.57669 0 1.90313)
(5.10296 0 2.04651)
(4.60114 0 2.17504)
(4.07249 0 2.27652)
(3.51909 0 2.3346)
(2.94462 0 2.32815)
(2.35007 0 2.22816)
(1.73802 0 2.00454)
(1.07264 0 1.64391)
(0.526652 0 1.10704)
(9.99284 0 0.0667962)
(9.96841 0 0.131317)
(9.92358 0 0.194163)
(9.85886 0 0.257384)
(9.77546 0 0.322639)
(9.67401 0 0.390907)
(9.55453 0 0.462965)
(9.41679 0 0.539631)
(9.26048 0 0.621749)
(9.08523 0 0.710148)
(8.89062 0 0.805645)
(8.67609 0 0.909048)
(8.44109 0 1.02114)
(8.18497 0 1.14263)
(7.90707 0 1.27413)
(7.60671 0 1.41602)
(7.28314 0 1.56835)
(6.93556 0 1.73061)
(6.56308 0 1.90151)
(6.16467 0 2.07857)
(5.73915 0 2.2577)
(5.28521 0 2.4326)
(4.80142 0 2.59416)
(4.28635 0 2.72982)
(3.73851 0 2.82298)
(3.1568 0 2.85293)
(2.53851 0 2.79402)
(1.88425 0 2.61944)
(1.15508 0 2.3159)
(0.540312 0 1.83543)
(9.99278 0 0.0755622)
(9.96844 0 0.149407)
(9.92437 0 0.222273)
(9.86139 0 0.295845)
(9.78056 0 0.371709)
(9.68234 0 0.45099)
(9.56675 0 0.534604)
(9.4336 0 0.623463)
(9.28265 0 0.718498)
(9.11357 0 0.820628)
(8.92597 0 0.930757)
(8.71936 0 1.04977)
(8.49323 0 1.17853)
(8.24701 0 1.31782)
(7.98007 0 1.46833)
(7.69175 0 1.63052)
(7.3813 0 1.80456)
(7.04787 0 1.9901)
(6.6904 0 2.18605)
(6.30755 0 2.3902)
(5.89758 0 2.59882)
(5.45819 0 2.80605)
(4.98647 0 3.00325)
(4.47883 0 3.17837)
(3.93101 0 3.31542)
(3.33856 0 3.39438)
(2.69605 0 3.3912)
(2.00461 0 3.27975)
(1.22262 0 3.0443)
(0.553643 0 2.6215)
(9.99288 0 0.0843067)
(9.96898 0 0.16718)
(9.92606 0 0.249586)
(9.86513 0 0.333055)
(9.78721 0 0.419106)
(9.69266 0 0.508966)
(9.5815 0 0.603667)
(9.45357 0 0.704214)
(9.30866 0 0.811616)
(9.14651 0 0.926874)
(8.96675 0 1.05097)
(8.76896 0 1.18487)
(8.55265 0 1.32951)
(8.31726 0 1.48576)
(8.06217 0 1.6544)
(7.78667 0 1.83602)
(7.48993 0 2.03092)
(7.17092 0 2.23898)
(6.82831 0 2.4594)
(6.46034 0 2.69044)
(6.06464 0 2.92898)
(5.63798 0 3.16996)
(5.17609 0 3.40576)
(4.67353 0 3.62546)
(4.1237 0 3.81418)
(3.5195 0 3.95266)
(2.85301 0 4.01722)
(2.12623 0 3.98008)
(1.29422 0 3.82002)
(0.572457 0 3.45455)
(9.99307 0 0.0928795)
(9.96989 0 0.184466)
(9.92844 0 0.275954)
(9.86988 0 0.368849)
(9.79521 0 0.464629)
(9.70476 0 0.564589)
(9.59851 0 0.669859)
(9.47635 0 0.781531)
(9.33814 0 0.900686)
(9.18364 0 1.0284)
(9.01254 0 1.16573)
(8.82445 0 1.31373)
(8.61892 0 1.47342)
(8.39541 0 1.64577)
(8.15329 0 1.83166)
(7.89179 0 2.03183)
(7.60996 0 2.24681)
(7.30657 0 2.47674)
(6.97999 0 2.72126)
(6.62802 0 2.97923)
(6.24763 0 3.24836)
(5.83469 0 3.52473)
(5.38367 0 3.80215)
(4.88738 0 4.07134)
(4.33696 0 4.31899)
(3.72258 0 4.52685)
(3.03316 0 4.67095)
(2.27031 0 4.72017)
(1.38436 0 4.64505)
(0.601885 0 4.34016)
(9.99334 0 0.101177)
(9.97107 0 0.201123)
(9.93137 0 0.301238)
(9.87547 0 0.403065)
(9.80439 0 0.508076)
(9.7184 0 0.617613)
(9.61752 0 0.732887)
(9.50167 0 0.855067)
(9.37074 0 0.985305)
(9.22456 0 1.12475)
(9.06286 0 1.27453)
(8.88532 0 1.43577)
(8.69152 0 1.6096)
(8.48095 0 1.79708)
(8.25298 0 1.99924)
(8.00681 0 2.21702)
(7.7414 0 2.45117)
(7.45536 0 2.70223)
(7.14681 0 2.97035)
(6.81316 0 3.25514)
(6.45083 0 3.55534)
(6.05488 0 3.86847)
(5.6186 0 4.19017)
(5.13311 0 4.51335)
(4.58711 0 4.82695)
(3.96741 0 5.11441)
(3.25821 0 5.35173)
(2.45791 0 5.50378)
(1.50903 0 5.53021)
(0.648917 0 5.29657)
(9.99365 0 0.109124)
(9.97246 0 0.217033)
(9.93475 0 0.325307)
(9.88179 0 0.435555)
(9.81458 0 0.549263)
(9.73341 0 0.667814)
(9.6383 0 0.792487)
(9.52922 0 0.924516)
(9.40611 0 1.06512)
(9.26885 0 1.2155)
(9.11725 0 1.37687)
(8.95102 0 1.55044)
(8.76983 0 1.7374)
(8.57321 0 1.93896)
(8.36057 0 2.15629)
(8.13111 0 2.39054)
(7.88378 0 2.64277)
(7.61712 0 2.91392)
(7.3291 0 3.20477)
(7.01691 0 3.51578)
(6.67659 0 3.84692)
(6.30264 0 4.19739)
(5.88741 0 4.56511)
(5.42049 0 4.94584)
(4.88799 0 5.33184)
(4.27252 0 5.70972)
(3.55128 0 6.05717)
(2.71474 0 6.33624)
(1.69081 0 6.49391)
(0.725309 0 6.35641)
(9.99401 0 0.116662)
(9.97403 0 0.2321)
(9.9385 0 0.348044)
(9.88871 0 0.466181)
(9.82564 0 0.588025)
(9.7496 0 0.714996)
(9.66063 0 0.848424)
(9.55873 0 0.989604)
(9.44392 0 1.13981)
(9.31612 0 1.3003)
(9.17521 0 1.47235)
(9.02101 0 1.65723)
(8.85322 0 1.85625)
(8.67149 0 2.07071)
(8.47528 0 2.30195)
(8.26389 0 2.55133)
(8.03631 0 2.82024)
(7.79113 0 3.11008)
(7.52638 0 3.42224)
(7.23923 0 3.75814)
(6.92567 0 4.1191)
(6.58002 0 4.5062)
(6.19419 0 4.92003)
(5.75672 0 5.36)
(5.25147 0 5.82315)
(4.65647 0 6.30178)
(3.9396 0 6.77933)
(3.07667 0 7.22027)
(1.96708 0 7.56171)
(0.853875 0 7.57651)
(9.99441 0 0.123745)
(9.97573 0 0.246241)
(9.94256 0 0.369347)
(9.89614 0 0.494822)
(9.83745 0 0.624217)
(9.7668 0 0.758982)
(9.68427 0 0.900493)
(9.58992 0 1.05009)
(9.48381 0 1.20909)
(9.36593 0 1.3788)
(9.23625 0 1.56056)
(9.09467 0 1.75569)
(8.941 0 1.96558)
(8.77498 0 2.19165)
(8.59621 0 2.43538)
(8.40412 0 2.69835)
(8.19787 0 2.98224)
(7.97624 0 3.28889)
(7.73748 0 3.62033)
(7.47906 0 3.9789)
(7.19732 0 4.36726)
(6.88696 0 4.78849)
(6.54024 0 5.24609)
(6.14579 0 5.74379)
(5.68654 0 6.28497)
(5.13718 0 6.87114)
(4.4559 0 7.49843)
(3.59699 0 8.14679)
(2.40652 0 8.76255)
(1.08445 0 9.06405)
(9.99482 0 0.130339)
(9.97754 0 0.259394)
(9.94686 0 0.389129)
(9.90398 0 0.521377)
(9.84986 0 0.657718)
(9.78484 0 0.799633)
(9.70902 0 0.948529)
(9.62251 0 1.10578)
(9.52543 0 1.27275)
(9.41786 0 1.45078)
(9.29985 0 1.64122)
(9.17138 0 1.84548)
(9.03241 0 2.065)
(8.8828 0 2.30128)
(8.72233 0 2.55594)
(8.55062 0 2.83073)
(8.36708 0 3.12759)
(8.17083 0 3.44873)
(7.96054 0 3.79676)
(7.73427 0 4.1748)
(7.48915 0 4.58672)
(7.22099 0 5.03744)
(6.92349 0 5.53328)
(6.58708 0 6.08243)
(6.19668 0 6.69559)
(5.72805 0 7.38655)
(5.13563 0 8.17286)
(4.35448 0 9.07324)
(3.14659 0 10.1041)
(1.53894 0 11.0533)
(9.99526 0 0.136414)
(9.97943 0 0.271503)
(9.95135 0 0.407318)
(9.91216 0 0.545746)
(9.86277 0 0.6884)
(9.80356 0 0.836783)
(9.73465 0 0.992327)
(9.65622 0 1.15643)
(9.56845 0 1.33048)
(9.47149 0 1.51584)
(9.36548 0 1.7139)
(9.25053 0 1.92609)
(9.12671 0 2.15389)
(8.99406 0 2.39887)
(8.85254 0 2.66274)
(8.70204 0 2.94737)
(8.54231 0 3.2549)
(8.37288 0 3.58781)
(8.19305 0 3.9491)
(8.00171 0 4.3425)
(7.7972 0 4.77275)
(7.57708 0 5.24612)
(7.33768 0 5.7711)
(7.07339 0 6.3595)
(6.77522 0 7.02838)
(6.42855 0 7.80355)
(6.00238 0 8.72736)
(5.45082 0 9.87749)
(4.49368 0 11.45)
(2.56324 0 14.1455)
(0.333873 0 -0.520548)
(0.810368 0 -0.376395)
(1.19678 0 -0.28688)
(1.48873 0 -0.22466)
(1.69622 0 -0.172491)
(1.8216 0 -0.117926)
(1.846 0 -0.0562325)
(1.77912 0 0.0025049)
(1.63854 0 0.0504946)
(1.43516 0 0.0873947)
(1.17933 0 0.112434)
(0.885404 0 0.127745)
(0.560973 0 0.134005)
(0.217565 0 0.13346)
(-0.126628 0 0.128133)
(-0.468209 0 0.120252)
(-0.802067 0 0.110067)
(-1.11932 0 0.0975295)
(-1.41174 0 0.0828435)
(-1.67096 0 0.0662374)
(-1.88822 0 0.0478713)
(-2.05408 0 0.0276463)
(-2.15909 0 0.00497715)
(-2.19567 0 -0.0214247)
(-2.15779 0 -0.0567431)
(-2.00449 0 -0.101404)
(-1.70813 0 -0.159069)
(-1.24126 0 -0.239485)
(-0.618031 0 -0.338796)
(0.44379 0 -0.314006)
(0.119755 0 -0.813598)
(0.468334 0 -0.57674)
(0.655433 0 -0.415998)
(0.767302 0 -0.285672)
(0.766957 0 -0.158636)
(0.654049 0 -0.0281114)
(0.49683 0 0.0831491)
(0.289096 0 0.172136)
(0.0340427 0 0.242536)
(-0.250266 0 0.295586)
(-0.567111 0 0.335512)
(-0.906955 0 0.363119)
(-1.26465 0 0.378394)
(-1.63253 0 0.38248)
(-2.00399 0 0.376855)
(-2.37155 0 0.363688)
(-2.72677 0 0.343446)
(-3.06128 0 0.316092)
(-3.36689 0 0.281881)
(-3.63519 0 0.241176)
(-3.85755 0 0.194378)
(-4.02513 0 0.141712)
(-4.12936 0 0.0827342)
(-4.16351 0 0.0158269)
(-4.12242 0 -0.0611963)
(-3.99665 0 -0.149513)
(-3.77845 0 -0.250004)
(-3.46716 0 -0.366156)
(-3.10346 0 -0.475165)
(-2.81663 0 -0.488016)
(-0.0264708 0 -0.965427)
(0.0962972 0 -0.682773)
(0.0351934 0 -0.430866)
(-0.0548885 0 -0.212456)
(-0.219622 0 -0.0164806)
(-0.397253 0 0.142929)
(-0.616343 0 0.273608)
(-0.869814 0 0.383304)
(-1.15258 0 0.472684)
(-1.46081 0 0.541316)
(-1.79092 0 0.591783)
(-2.13725 0 0.624505)
(-2.49498 0 0.640056)
(-2.8587 0 0.639529)
(-3.2227 0 0.624405)
(-3.58049 0 0.596257)
(-3.925 0 0.555884)
(-4.24911 0 0.503789)
(-4.54562 0 0.440609)
(-4.80724 0 0.367157)
(-5.02651 0 0.284433)
(-5.19599 0 0.193514)
(-5.30861 0 0.0952097)
(-5.3579 0 -0.0105624)
(-5.34454 0 -0.125096)
(-5.26542 0 -0.248513)
(-5.11745 0 -0.379282)
(-4.90433 0 -0.515102)
(-4.65973 0 -0.636379)
(-4.49591 0 -0.700059)
(-0.151469 0 -0.88492)
(-0.244831 0 -0.581677)
(-0.465606 0 -0.293875)
(-0.680314 0 -0.0419441)
(-0.89729 0 0.164898)
(-1.13765 0 0.339193)
(-1.40139 0 0.489276)
(-1.68486 0 0.615659)
(-1.98633 0 0.718278)
(-2.30407 0 0.797206)
(-2.63575 0 0.853949)
(-2.97814 0 0.889327)
(-3.32784 0 0.904204)
(-3.68091 0 0.899685)
(-4.03285 0 0.877099)
(-4.37842 0 0.837732)
(-4.7118 0 0.782493)
(-5.02682 0 0.712079)
(-5.3171 0 0.627217)
(-5.576 0 0.528764)
(-5.7967 0 0.417781)
(-5.97245 0 0.295523)
(-6.0972 0 0.163326)
(-6.16702 0 0.0220088)
(-6.17868 0 -0.129237)
(-6.13577 0 -0.285568)
(-6.03736 0 -0.443206)
(-5.88688 0 -0.596314)
(-5.71242 0 -0.731411)
(-5.60346 0 -0.82503)
(-0.249246 0 -0.647562)
(-0.480098 0 -0.338226)
(-0.797981 0 -0.0477985)
(-1.07279 0 0.190461)
(-1.35083 0 0.395096)
(-1.63715 0 0.575262)
(-1.93171 0 0.731765)
(-2.2348 0 0.863822)
(-2.54677 0 0.971031)
(-2.86761 0 1.05341)
(-3.19663 0 1.11161)
(-3.5324 0 1.14624)
(-3.8729 0 1.15798)
(-4.21544 0 1.14766)
(-4.55656 0 1.11625)
(-4.89204 0 1.0647)
(-5.217 0 0.99381)
(-5.52604 0 0.904338)
(-5.81336 0 0.797141)
(-6.07287 0 0.673327)
(-6.29823 0 0.534341)
(-6.4832 0 0.382007)
(-6.62227 0 0.21837)
(-6.71158 0 0.0455566)
(-6.74791 0 -0.133064)
(-6.73729 0 -0.314722)
(-6.67871 0 -0.492945)
(-6.57602 0 -0.659715)
(-6.45366 0 -0.805424)
(-6.38012 0 -0.910888)
(-0.30533 0 -0.285479)
(-0.611847 0 0.0103339)
(-0.976489 0 0.250802)
(-1.30671 0 0.468114)
(-1.6288 0 0.66419)
(-1.94541 0 0.839188)
(-2.25951 0 0.992063)
(-2.57358 0 1.12171)
(-2.8897 0 1.22733)
(-3.20937 0 1.30846)
(-3.53333 0 1.36505)
(-3.86151 0 1.39718)
(-4.19304 0 1.40511)
(-4.52623 0 1.38922)
(-4.85853 0 1.35006)
(-5.18656 0 1.28821)
(-5.50616 0 1.20424)
(-5.81253 0 1.09881)
(-6.10035 0 0.972737)
(-6.36385 0 0.82716)
(-6.59696 0 0.66366)
(-6.79367 0 0.484348)
(-6.94871 0 0.291903)
(-7.05828 0 0.0897861)
(-7.11954 0 -0.116977)
(-7.1377 0 -0.32297)
(-7.11321 0 -0.520904)
(-7.05034 0 -0.701757)
(-6.97021 0 -0.857412)
(-6.92292 0 -0.968038)
(-0.313242 0 0.147995)
(-0.655579 0 0.383699)
(-1.05977 0 0.588124)
(-1.42278 0 0.781157)
(-1.76909 0 0.958788)
(-2.10127 0 1.11955)
(-2.4238 0 1.26161)
(-2.74053 0 1.38329)
(-3.05483 0 1.48317)
(-3.36938 0 1.5601)
(-3.68601 0 1.61323)
(-4.00566 0 1.64197)
(-4.32837 0 1.64591)
(-4.65323 0 1.62488)
(-4.97841 0 1.57887)
(-5.30116 0 1.50797)
(-5.61787 0 1.41245)
(-5.92422 0 1.29269)
(-6.2152 0 1.14942)
(-6.48528 0 0.983769)
(-6.72854 0 0.797476)
(-6.93911 0 0.593045)
(-7.11181 0 0.373943)
(-7.24278 0 0.145002)
(-7.32927 0 -0.0873114)
(-7.37421 0 -0.315712)
(-7.38034 0 -0.532025)
(-7.35238 0 -0.726457)
(-7.3081 0 -0.890685)
(-7.2818 0 -1.00363)
(-0.302142 0 0.572661)
(-0.657195 0 0.779846)
(-1.07619 0 0.948652)
(-1.44888 0 1.11144)
(-1.80096 0 1.26415)
(-2.13422 0 1.40509)
(-2.45391 0 1.53195)
(-2.76475 0 1.64243)
(-3.07098 0 1.73431)
(-3.37607 0 1.80563)
(-3.68264 0 1.85467)
(-3.99233 0 1.88001)
(-4.30579 0 1.88052)
(-4.62271 0 1.85533)
(-4.94179 0 1.80381)
(-5.26075 0 1.72556)
(-5.57644 0 1.62038)
(-5.88486 0 1.48839)
(-6.18127 0 1.33009)
(-6.4603 0 1.14657)
(-6.71613 0 0.939655)
(-6.94287 0 0.712188)
(-7.13518 0 0.468297)
(-7.28881 0 0.213868)
(-7.4008 0 -0.043275)
(-7.47106 0 -0.293514)
(-7.50541 0 -0.527787)
(-7.50894 0 -0.735652)
(-7.49605 0 -0.907671)
(-7.48741 0 -1.02205)
(-0.282704 0 0.99982)
(-0.631302 0 1.17869)
(-1.04298 0 1.311)
(-1.40525 0 1.44102)
(-1.74612 0 1.56593)
(-2.06636 0 1.68464)
(-2.37189 0 1.79457)
(-2.66799 0 1.89278)
(-2.95944 0 1.97623)
(-3.25023 0 2.04202)
(-3.5434 0 2.0875)
(-3.84101 0 2.11037)
(-4.14413 0 2.1087)
(-4.45282 0 2.08088)
(-4.76615 0 2.02563)
(-5.08223 0 1.94198)
(-5.39822 0 1.82925)
(-5.71038 0 1.68718)
(-6.01418 0 1.51603)
(-6.30435 0 1.31674)
(-6.57505 0 1.09118)
(-6.82022 0 0.842473)
(-7.03407 0 0.575262)
(-7.21172 0 0.296272)
(-7.34949 0 0.0147607)
(-7.44469 0 -0.257262)
(-7.5056 0 -0.509347)
(-7.53826 0 -0.730696)
(-7.5536 0 -0.910222)
(-7.56044 0 -1.02593)
(-0.257522 0 1.40675)
(-0.585522 0 1.56038)
(-0.972209 0 1.65688)
(-1.30679 0 1.75374)
(-1.62076 0 1.85053)
(-1.91431 0 1.94716)
(-2.19435 0 2.04079)
(-2.46661 0 2.12775)
(-2.7362 0 2.20407)
(-3.00733 0 2.26582)
(-3.28319 0 2.30941)
(-3.56601 0 2.33162)
(-3.85703 0 2.32971)
(-4.15652 0 2.30133)
(-4.4638 0 2.24454)
(-4.77726 0 2.15777)
(-5.0943 0 2.03986)
(-5.41141 0 1.8901)
(-5.72418 0 1.70843)
(-6.02734 0 1.49558)
(-6.31491 0 1.25337)
(-6.58042 0 0.985067)
(-6.81743 0 0.695763)
(-7.02009 0 0.392987)
(-7.18385 0 0.087484)
(-7.30664 0 -0.207051)
(-7.39312 0 -0.47739)
(-7.45333 0 -0.712564)
(-7.4948 0 -0.89968)
(-7.51577 0 -1.01693)
(-0.229221 0 1.78027)
(-0.526634 0 1.91074)
(-0.874032 0 1.9711)
(-1.16535 0 2.03492)
(-1.43738 0 2.10493)
(-1.69073 0 2.18177)
(-1.93391 0 2.26187)
(-2.1731 0 2.34054)
(-2.41352 0 2.41265)
(-2.65927 0 2.47321)
(-2.91346 0 2.51764)
(-3.17819 0 2.54185)
(-3.45469 0 2.5423)
(-3.74329 0 2.51597)
(-4.04348 0 2.46028)
(-4.35384 0 2.37308)
(-4.67199 0 2.25267)
(-4.9946 0 2.09787)
(-5.31736 0 1.90824)
(-5.63496 0 1.68418)
(-5.94115 0 1.42733)
(-6.22898 0 1.141)
(-6.49132 0 0.830698)
(-6.72137 0 0.504778)
(-6.91352 0 0.175253)
(-7.06532 0 -0.142514)
(-7.1769 0 -0.432305)
(-7.26374 0 -0.681929)
(-7.33011 0 -0.876993)
(-7.36455 0 -0.996133)
(-0.201826 0 2.1146)
(-0.463364 0 2.21994)
(-0.759121 0 2.24018)
(-0.991496 0 2.27038)
(-1.20605 0 2.3162)
(-1.40541 0 2.37762)
(-1.60034 0 2.44908)
(-1.79724 0 2.52428)
(-2.00111 0 2.59667)
(-2.21562 0 2.66011)
(-2.44342 0 2.70908)
(-2.68627 0 2.73869)
(-2.94516 0 2.74472)
(-3.22039 0 2.72356)
(-3.51153 0 2.67205)
(-3.81735 0 2.58749)
(-4.13571 0 2.46763)
(-4.46349 0 2.3108)
(-4.79653 0 2.11607)
(-5.12954 0 1.88343)
(-5.45601 0 1.61419)
(-5.76852 0 1.31162)
(-6.05917 0 0.981674)
(-6.32 0 0.633403)
(-6.54376 0 0.279524)
(-6.72675 0 -0.0634203)
(-6.86338 0 -0.374339)
(-6.97653 0 -0.639155)
(-7.06752 0 -0.842721)
(-7.11536 0 -0.964149)
(-0.182311 0 2.41296)
(-0.409386 0 2.48152)
(-0.640937 0 2.45003)
(-0.795525 0 2.44473)
(-0.934984 0 2.47085)
(-1.06584 0 2.52381)
(-1.20123 0 2.59385)
(-1.34696 0 2.67227)
(-1.50722 0 2.75086)
(-1.68471 0 2.82233)
(-1.88127 0 2.88035)
(-2.09805 0 2.91938)
(-2.33561 0 2.93466)
(-2.59409 0 2.92218)
(-2.87312 0 2.87828)
(-3.17171 0 2.79981)
(-3.48804 0 2.68396)
(-3.8193 0 2.52852)
(-4.16166 0 2.33204)
(-4.51009 0 2.09401)
(-4.85803 0 1.8152)
(-5.19754 0 1.4987)
(-5.51987 0 1.15071)
(-5.81555 0 0.780659)
(-6.07477 0 0.401506)
(-6.2903 0 0.0315566)
(-6.4566 0 -0.303046)
(-6.59658 0 -0.584187)
(-6.71312 0 -0.797012)
(-6.77507 0 -0.921058)
(-0.184454 0 2.69544)
(-0.389391 0 2.69169)
(-0.538883 0 2.58156)
(-0.587613 0 2.53882)
(-0.630127 0 2.55413)
(-0.677207 0 2.60966)
(-0.74249 0 2.6882)
(-0.829083 0 2.77841)
(-0.939428 0 2.87032)
(-1.07459 0 2.95579)
(-1.23521 0 3.02794)
(-1.42157 0 3.08081)
(-1.63358 0 3.10926)
(-1.87106 0 3.10921)
(-2.13373 0 3.07658)
(-2.4209 0 3.00794)
(-2.73117 0 2.89993)
(-3.06217 0 2.74978)
(-3.41069 0 2.55554)
(-3.77245 0 2.31611)
(-4.14127 0 2.03134)
(-4.50881 0 1.70375)
(-4.86532 0 1.33949)
(-5.19946 0 0.948242)
(-5.49803 0 0.543427)
(-5.75021 0 0.14567)
(-5.9584 0 -0.216258)
(-6.127 0 -0.516427)
(-6.27148 0 -0.739532)
(-6.34918 0 -0.866267)
(-0.256334 0 3.09561)
(-0.452656 0 2.86663)
(-0.483205 0 2.60556)
(-0.37527 0 2.5272)
(-0.293042 0 2.55055)
(-0.242195 0 2.62502)
(-0.228945 0 2.7251)
(-0.249973 0 2.83777)
(-0.305326 0 2.95158)
(-0.393765 0 3.05777)
(-0.514239 0 3.14934)
(-0.665995 0 3.22027)
(-0.847964 0 3.26509)
(-1.0596 0 3.28059)
(-1.30066 0 3.26261)
(-1.57072 0 3.20746)
(-1.86898 0 3.11109)
(-2.1935 0 2.97018)
(-2.54183 0 2.7824)
(-2.91125 0 2.54631)
(-3.29682 0 2.26024)
(-3.69049 0 1.92577)
(-4.08232 0 1.54871)
(-4.4602 0 1.13897)
(-4.80812 0 0.710055)
(-5.11096 0 0.283525)
(-5.36833 0 -0.110212)
(-5.56917 0 -0.434296)
(-5.74582 0 -0.668884)
(-5.84235 0 -0.797894)
(9.99572 0 0.142047)
(9.98142 0 0.282735)
(9.95608 0 0.424181)
(9.92076 0 0.568319)
(9.87635 0 0.716785)
(9.82323 0 0.871099)
(9.76159 0 1.03271)
(9.69166 0 1.20302)
(9.61368 0 1.38343)
(9.5279 0 1.57532)
(9.43455 0 1.78009)
(9.33386 0 1.99917)
(9.22606 0 2.23407)
(9.11137 0 2.48639)
(8.98998 0 2.75786)
(8.86207 0 3.05044)
(8.72779 0 3.36636)
(8.58721 0 3.70823)
(8.44035 0 4.07925)
(8.28715 0 4.48343)
(8.12746 0 4.92592)
(7.96113 0 5.41358)
(7.78801 0 5.9558)
(7.60829 0 6.56583)
(7.42306 0 7.26319)
(7.23705 0 8.07814)
(7.06279 0 9.0609)
(6.98644 0 10.2988)
(7.38622 0 11.9263)
(7.51912 0 14.486)
(9.9962 0 0.147249)
(9.98352 0 0.293096)
(9.96105 0 0.439703)
(9.92979 0 0.589038)
(9.89056 0 0.742753)
(9.84377 0 0.902378)
(9.78966 0 1.06936)
(9.72851 0 1.24512)
(9.66064 0 1.43104)
(9.58638 0 1.6285)
(9.50607 0 1.8389)
(9.42008 0 2.06365)
(9.32879 0 2.30424)
(9.23261 0 2.56228)
(9.13199 0 2.83947)
(9.02742 0 3.13776)
(8.91947 0 3.45936)
(8.80878 0 3.80686)
(8.69613 0 4.18341)
(8.58255 0 4.59292)
(8.46946 0 5.04035)
(8.35898 0 5.53216)
(8.2545 0 6.07694)
(8.16179 0 6.68629)
(8.09126 0 7.37608)
(8.06365 0 8.16781)
(8.11545 0 9.089)
(8.29932 0 10.1696)
(8.87278 0 11.353)
(9.28067 0 12.3655)
(9.99671 0 0.15193)
(9.9857 0 0.302419)
(9.96623 0 0.453657)
(9.93916 0 0.607632)
(9.9053 0 0.766005)
(9.86505 0 0.930301)
(9.8187 0 1.10196)
(9.76659 0 1.28239)
(9.7091 0 1.47296)
(9.64665 0 1.67502)
(9.57968 0 1.88994)
(9.5087 0 2.1191)
(9.43423 0 2.36394)
(9.3569 0 2.62601)
(9.27741 0 2.90695)
(9.19655 0 3.20859)
(9.1153 0 3.53303)
(9.03482 0 3.88267)
(8.95663 0 4.26035)
(8.88269 0 4.66954)
(8.81572 0 5.11443)
(8.75961 0 5.60025)
(8.72011 0 6.1334)
(8.70601 0 6.72155)
(8.7307 0 7.37325)
(8.81475 0 8.0961)
(8.98691 0 8.89095)
(9.25424 0 9.74602)
(9.74226 0 10.6094)
(10.32 0 11.276)
(9.99722 0 0.156036)
(9.98795 0 0.310591)
(9.97155 0 0.465868)
(9.94881 0 0.623861)
(9.92046 0 0.786225)
(9.88691 0 0.954475)
(9.8485 0 1.13003)
(9.80562 0 1.31428)
(9.7587 0 1.50854)
(9.70826 0 1.71415)
(9.65483 0 1.9324)
(9.59903 0 2.16461)
(9.54155 0 2.41217)
(9.48318 0 2.67648)
(9.42486 0 2.95909)
(9.36768 0 3.26165)
(9.31294 0 3.58601)
(9.26228 0 3.93423)
(9.21775 0 4.30869)
(9.18203 0 4.71211)
(9.15865 0 5.14761)
(9.15243 0 5.61871)
(9.16999 0 6.12916)
(9.22037 0 6.68253)
(9.31565 0 7.28118)
(9.47117 0 7.92443)
(9.7077 0 8.60499)
(10.0311 0 9.30834)
(10.5063 0 10.0239)
(11.182 0 10.6399)
(9.99775 0 0.159518)
(9.99025 0 0.317518)
(9.97699 0 0.476196)
(9.95866 0 0.637538)
(9.93592 0 0.803184)
(9.90918 0 0.974624)
(9.87882 0 1.15325)
(9.84528 0 1.3404)
(9.80905 0 1.53737)
(9.7707 0 1.7454)
(9.73087 0 1.96574)
(9.69027 0 2.19962)
(9.64974 0 2.44829)
(9.61021 0 2.71303)
(9.57281 0 2.99521)
(9.53885 0 3.29623)
(9.50994 0 3.61763)
(9.488 0 3.96105)
(9.47545 0 4.32826)
(9.47534 0 4.72113)
(9.49157 0 5.1416)
(9.52913 0 5.59151)
(9.59445 0 6.07232)
(9.69564 0 6.58459)
(9.8427 0 7.12723)
(10.0474 0 7.69646)
(10.3253 0 8.28448)
(10.6858 0 8.87734)
(11.1514 0 9.46452)
(11.793 0 9.97264)
(9.99829 0 0.162331)
(9.99258 0 0.323109)
(9.98251 0 0.484507)
(9.96863 0 0.648487)
(9.95155 0 0.816663)
(9.93168 0 0.99049)
(9.90942 0 1.17132)
(9.88525 0 1.36043)
(9.85972 0 1.55907)
(9.83344 0 1.76839)
(9.80713 0 1.98955)
(9.78159 0 2.22367)
(9.75775 0 2.47185)
(9.73668 0 2.73523)
(9.71964 0 3.01493)
(9.7081 0 3.31208)
(9.70382 0 3.62786)
(9.70893 0 3.96342)
(9.72598 0 4.3199)
(9.75813 0 4.69836)
(9.80922 0 5.09961)
(9.88397 0 5.52412)
(9.98809 0 5.97163)
(10.1284 0 6.44081)
(10.3127 0 6.92864)
(10.5498 0 7.42978)
(10.8496 0 7.93572)
(11.2186 0 8.43199)
(11.6577 0 8.90362)
(12.2325 0 9.31)
(9.99883 0 0.164432)
(9.99492 0 0.32728)
(9.98804 0 0.490677)
(9.97864 0 0.656548)
(9.96723 0 0.826465)
(9.95422 0 1.00184)
(9.94004 0 1.18397)
(9.92519 0 1.37408)
(9.91026 0 1.57332)
(9.89591 0 1.78277)
(9.8829 0 2.00347)
(9.8721 0 2.23642)
(9.86451 0 2.48257)
(9.86129 0 2.74284)
(9.86376 0 3.01812)
(9.87348 0 3.30926)
(9.89229 0 3.61703)
(9.92233 0 3.94212)
(9.96616 0 4.28508)
(10.0268 0 4.64621)
(10.1077 0 5.02543)
(10.2132 0 5.42215)
(10.3479 0 5.83495)
(10.5171 0 6.2613)
(10.7266 0 6.69712)
(10.9821 0 7.13635)
(11.2888 0 7.57051)
(11.65 0 7.98732)
(12.0599 0 8.37384)
(12.5764 0 8.71033)
(9.99937 0 0.165785)
(9.99726 0 0.32996)
(9.99356 0 0.4946)
(9.98861 0 0.661579)
(9.98283 0 0.83242)
(9.97662 0 1.00848)
(9.97042 0 1.19099)
(9.96476 0 1.3811)
(9.96023 0 1.57987)
(9.95753 0 1.78829)
(9.95747 0 2.00728)
(9.96093 0 2.23769)
(9.96896 0 2.4803)
(9.98274 0 2.73584)
(10.0036 0 3.00493)
(10.0332 0 3.28813)
(10.0732 0 3.58586)
(10.1258 0 3.89837)
(10.1934 0 4.22567)
(10.2786 0 4.56748)
(10.3845 0 4.92303)
(10.5146 0 5.29099)
(10.6725 0 5.66924)
(10.8622 0 6.05461)
(11.0874 0 6.44272)
(11.3514 0 6.82769)
(11.6567 0 7.20213)
(12.0042 0 7.55676)
(12.3869 0 7.88185)
(12.854 0 8.16687)
(9.9999 0 0.166359)
(9.99956 0 0.331086)
(9.999 0 0.496185)
(9.99845 0 0.663465)
(9.99821 0 0.834388)
(9.99868 0 1.01025)
(10.0003 0 1.1922)
(10.0036 0 1.38131)
(10.0092 0 1.57856)
(10.0178 0 1.78481)
(10.0301 0 2.00086)
(10.0472 0 2.22741)
(10.0701 0 2.46508)
(10.0999 0 2.71438)
(10.1379 0 2.97571)
(10.1857 0 3.24934)
(10.2449 0 3.53536)
(10.3175 0 3.83366)
(10.4056 0 4.14383)
(10.5115 0 4.46511)
(10.6378 0 4.7963)
(10.7872 0 5.13562)
(10.9622 0 5.48058)
(11.1656 0 5.8279)
(11.3997 0 6.17334)
(11.666 0 6.51172)
(11.9653 0 6.83698)
(12.2971 0 7.14221)
(12.6543 0 7.42018)
(13.0793 0 7.66471)
(10.0004 0 0.166128)
(10.0018 0 0.330608)
(10.0043 0 0.495359)
(10.0081 0 0.662113)
(10.0132 0 0.832261)
(10.0202 0 1.00703)
(10.0294 0 1.18748)
(10.0414 0 1.37461)
(10.0567 0 1.56928)
(10.0761 0 1.77226)
(10.1003 0 1.9842)
(10.1303 0 2.20567)
(10.167 0 2.43711)
(10.2116 0 2.67884)
(10.2653 0 2.93104)
(10.3295 0 3.19375)
(10.4058 0 3.46677)
(10.4959 0 3.74969)
(10.6015 0 4.0418)
(10.7246 0 4.34203)
(10.8671 0 4.64891)
(11.031 0 4.96044)
(11.2182 0 5.27408)
(11.4302 0 5.58667)
(11.6683 0 5.8944)
(11.9329 0 6.19291)
(12.2236 0 6.47734)
(12.5392 0 6.74256)
(12.8732 0 6.98337)
(13.2628 0 7.19609)
(10.0009 0 0.165073)
(10.004 0 0.328489)
(10.0095 0 0.492069)
(10.0174 0 0.657457)
(10.0278 0 0.825969)
(10.0411 0 0.998746)
(10.0575 0 1.17678)
(10.0778 0 1.36095)
(10.1024 0 1.55204)
(10.132 0 1.75068)
(10.1673 0 1.95742)
(10.2093 0 2.17267)
(10.2588 0 2.39672)
(10.317 0 2.62972)
(10.3849 0 2.87167)
(10.4637 0 3.12237)
(10.555 0 3.38144)
(10.66 0 3.64824)
(10.7802 0 3.92184)
(10.9171 0 4.20102)
(11.0722 0 4.48415)
(11.2468 0 4.76923)
(11.4421 0 5.05381)
(11.6589 0 5.33502)
(11.8976 0 5.60959)
(12.158 0 5.87393)
(12.439 0 6.12425)
(12.7391 0 6.35679)
(13.0524 0 6.5679)
(13.4126 0 6.75541)
(10.0014 0 0.163183)
(10.0061 0 0.324705)
(10.0145 0 0.486282)
(10.0264 0 0.649462)
(10.0418 0 0.815474)
(10.061 0 0.985378)
(10.0845 0 1.16008)
(10.1125 0 1.34035)
(10.1459 0 1.52688)
(10.185 0 1.7202)
(10.2307 0 1.92072)
(10.2837 0 2.12873)
(10.3449 0 2.34439)
(10.4153 0 2.56768)
(10.4958 0 2.79845)
(10.5875 0 3.03635)
(10.6916 0 3.28082)
(10.8091 0 3.5311)
(10.9412 0 3.78614)
(11.0891 0 4.04462)
(11.2537 0 4.30492)
(11.4358 0 4.56512)
(11.6362 0 4.82299)
(11.8549 0 5.07601)
(12.0919 0 5.32144)
(12.3466 0 5.55641)
(12.6175 0 5.77803)
(12.9031 0 5.98354)
(13.1984 0 6.17045)
(13.534 0 6.33743)
(10.0019 0 0.160451)
(10.0081 0 0.319246)
(10.0193 0 0.477986)
(10.035 0 0.638116)
(10.0551 0 0.800777)
(10.08 0 0.96694)
(10.11 0 1.13742)
(10.1454 0 1.3129)
(10.1868 0 1.49396)
(10.2348 0 1.68103)
(10.29 0 1.87442)
(10.3531 0 2.07429)
(10.4248 0 2.28068)
(10.506 0 2.49345)
(10.5976 0 2.71234)
(10.7003 0 2.93687)
(10.8152 0 3.16638)
(10.9431 0 3.40002)
(11.0847 0 3.63671)
(11.241 0 3.87512)
(11.4125 0 4.11371)
(11.5996 0 4.35071)
(11.8025 0 4.58415)
(12.0211 0 4.81189)
(12.255 0 5.03167)
(12.5031 0 5.24125)
(12.7642 0 5.43843)
(13.0366 0 5.62123)
(13.316 0 5.78793)
(13.6308 0 5.93774)
(10.0023 0 0.156879)
(10.01 0 0.312116)
(10.0237 0 0.46719)
(10.043 0 0.62344)
(10.0677 0 0.781912)
(10.0979 0 0.943492)
(10.1339 0 1.1089)
(10.1761 0 1.27874)
(10.2251 0 1.45348)
(10.2811 0 1.63346)
(10.3449 0 1.81889)
(10.417 0 2.00984)
(10.4981 0 2.20623)
(10.5888 0 2.40786)
(10.6899 0 2.61434)
(10.802 0 2.82514)
(10.9258 0 3.03954)
(11.062 0 3.25665)
(11.2111 0 3.47541)
(11.3736 0 3.69454)
(11.5498 0 3.91263)
(11.7398 0 4.1281)
(11.9435 0 4.33925)
(12.1605 0 4.54428)
(12.3902 0 4.74139)
(12.6314 0 4.92883)
(12.883 0 5.10495)
(13.1434 0 5.26832)
(13.409 0 5.41777)
(13.706 0 5.55285)
(10.0027 0 0.152475)
(10.0118 0 0.303331)
(10.0279 0 0.453922)
(10.0506 0 0.605477)
(10.0794 0 0.758949)
(10.1145 0 0.915134)
(10.1561 0 1.07466)
(10.2046 0 1.23805)
(10.2603 0 1.40569)
(10.3237 0 1.57783)
(10.3952 0 1.75458)
(10.4753 0 1.93594)
(10.5645 0 2.12176)
(10.6634 0 2.31175)
(10.7726 0 2.50548)
(10.8924 0 2.70236)
(11.0235 0 2.90167)
(11.1662 0 3.10253)
(11.3209 0 3.30391)
(11.4878 0 3.50465)
(11.667 0 3.70347)
(11.8582 0 3.899)
(12.0613 0 4.08978)
(12.2757 0 4.27437)
(12.5006 0 4.45131)
(12.7349 0 4.61925)
(12.9775 0 4.77697)
(13.227 0 4.92345)
(13.4803 0 5.05787)
(13.7621 0 5.18002)
(10.0031 0 0.147253)
(10.0135 0 0.29292)
(10.0318 0 0.438229)
(10.0575 0 0.584298)
(10.0902 0 0.731985)
(10.1298 0 0.882001)
(10.1765 0 1.03489)
(10.2307 0 1.1911)
(10.2926 0 1.35092)
(10.3625 0 1.51453)
(10.4407 0 1.68198)
(10.5278 0 1.8532)
(10.6241 0 2.02798)
(10.7299 0 2.20598)
(10.8458 0 2.38675)
(10.972 0 2.56968)
(11.1088 0 2.75406)
(11.2565 0 2.93905)
(11.4152 0 3.12369)
(11.5849 0 3.30695)
(11.7656 0 3.4877)
(11.9568 0 3.66476)
(12.1583 0 3.83692)
(12.3693 0 4.003)
(12.5891 0 4.16186)
(12.8166 0 4.31247)
(13.0507 0 4.45391)
(13.2902 0 4.58545)
(13.5326 0 4.70654)
(13.8011 0 4.81709)
(10.0035 0 0.141232)
(10.015 0 0.280921)
(10.0354 0 0.420172)
(10.0639 0 0.559991)
(10.1001 0 0.701145)
(10.1437 0 0.844261)
(10.1951 0 0.989807)
(10.2544 0 1.13814)
(10.3217 0 1.2895)
(10.3973 0 1.444)
(10.4815 0 1.60162)
(10.5746 0 1.76225)
(10.6768 0 1.92563)
(10.7884 0 2.09142)
(10.9098 0 2.25912)
(11.041 0 2.42817)
(11.1822 0 2.59787)
(11.3335 0 2.76745)
(11.4949 0 2.93605)
(11.6662 0 3.10273)
(11.8472 0 3.26654)
(12.0375 0 3.42647)
(12.2366 0 3.58153)
(12.4438 0 3.73077)
(12.6582 0 3.87331)
(12.8791 0 4.00833)
(13.1052 0 4.13518)
(13.3357 0 4.25333)
(13.5681 0 4.36241)
(13.8249 0 4.4624)
(10.0038 0 0.134436)
(10.0164 0 0.267385)
(10.0386 0 0.399829)
(10.0697 0 0.532666)
(10.109 0 0.666575)
(10.1564 0 0.802103)
(10.2118 0 0.939645)
(10.2756 0 1.07949)
(10.3477 0 1.22182)
(10.4283 0 1.36668)
(10.5176 0 1.51403)
(10.6157 0 1.66371)
(10.7229 0 1.81544)
(10.8393 0 1.96887)
(10.9649 0 2.12351)
(11.1 0 2.27883)
(11.2444 0 2.43418)
(11.3982 0 2.58885)
(11.5612 0 2.74208)
(11.733 0 2.89307)
(11.9135 0 3.04098)
(12.1021 0 3.18499)
(12.2983 0 3.32429)
(12.5013 0 3.45812)
(12.7105 0 3.58578)
(12.9249 0 3.70667)
(13.1435 0 3.82029)
(13.3656 0 3.92628)
(13.5892 0 4.02437)
(13.8353 0 4.11462)
(10.0041 0 0.126894)
(10.0176 0 0.252366)
(10.0416 0 0.377285)
(10.0749 0 0.502444)
(10.117 0 0.628437)
(10.1676 0 0.755736)
(10.2267 0 0.884669)
(10.2944 0 1.01547)
(10.3706 0 1.14825)
(10.4555 0 1.28304)
(10.5491 0 1.41975)
(10.6514 0 1.55819)
(10.7627 0 1.6981)
(10.8828 0 1.8391)
(11.0119 0 1.98076)
(11.1498 0 2.12256)
(11.2964 0 2.26391)
(11.4517 0 2.40419)
(11.6153 0 2.54273)
(11.787 0 2.67883)
(11.9662 0 2.81181)
(12.1526 0 2.94097)
(12.3455 0 3.06567)
(12.5442 0 3.1853)
(12.7481 0 3.29931)
(12.9563 0 3.40726)
(13.168 0 3.50877)
(13.3823 0 3.60359)
(13.5977 0 3.69154)
(13.8343 0 3.77269)
(10.0043 0 0.118634)
(10.0187 0 0.235926)
(10.0441 0 0.352635)
(10.0795 0 0.469457)
(10.1241 0 0.586905)
(10.1775 0 0.70538)
(10.2398 0 0.825151)
(10.3108 0 0.946395)
(10.3906 0 1.06919)
(10.4791 0 1.19353)
(10.5762 0 1.31929)
(10.6821 0 1.44629)
(10.7965 0 1.57426)
(10.9196 0 1.70284)
(11.0511 0 1.83163)
(11.1911 0 1.96015)
(11.3391 0 2.08788)
(11.4951 0 2.21428)
(11.6587 0 2.33877)
(11.8295 0 2.46075)
(12.007 0 2.57965)
(12.1908 0 2.69492)
(12.3802 0 2.80602)
(12.5746 0 2.91247)
(12.7733 0 3.01387)
(12.9756 0 3.10987)
(13.1807 0 3.20019)
(13.3879 0 3.28465)
(13.5958 0 3.36315)
(13.8237 0 3.43576)
(10.0046 0 0.109688)
(10.0197 0 0.218127)
(10.0464 0 0.325976)
(10.0836 0 0.43384)
(10.1303 0 0.542155)
(10.1862 0 0.651259)
(10.2512 0 0.761363)
(10.3251 0 0.872602)
(10.4078 0 0.98502)
(10.4993 0 1.09858)
(10.5994 0 1.21315)
(10.708 0 1.32855)
(10.825 0 1.44452)
(10.9502 0 1.56072)
(11.0835 0 1.67678)
(11.2247 0 1.79229)
(11.3735 0 1.90678)
(11.5296 0 2.01978)
(11.6926 0 2.1308)
(11.862 0 2.23935)
(12.0375 0 2.34495)
(12.2184 0 2.44714)
(12.4042 0 2.54551)
(12.5943 0 2.63968)
(12.7881 0 2.72933)
(12.9848 0 2.8142)
(13.1838 0 2.8941)
(13.3844 0 2.96889)
(13.5855 0 3.0385)
(13.8055 0 3.10302)
(10.0048 0 0.100086)
(10.0206 0 0.199032)
(10.0484 0 0.297407)
(10.0872 0 0.39573)
(10.1358 0 0.494367)
(10.1938 0 0.593594)
(10.261 0 0.693575)
(10.3373 0 0.794404)
(10.4225 0 0.896098)
(10.5164 0 0.998602)
(10.6188 0 1.10179)
(10.7296 0 1.20547)
(10.8485 0 1.3094)
(10.9753 0 1.41329)
(11.1098 0 1.5168)
(11.2517 0 1.61956)
(11.4007 0 1.72117)
(11.5563 0 1.82123)
(11.7183 0 1.91933)
(11.8861 0 2.01506)
(12.0593 0 2.10803)
(12.2373 0 2.19787)
(12.4196 0 2.28425)
(12.6055 0 2.36688)
(12.7945 0 2.44552)
(12.9859 0 2.51996)
(13.1792 0 2.59007)
(13.3738 0 2.65575)
(13.5686 0 2.71697)
(13.7814 0 2.77381)
(10.0049 0 0.0898568)
(10.0213 0 0.178698)
(10.0502 0 0.267018)
(10.0903 0 0.355257)
(10.1404 0 0.443713)
(10.2002 0 0.532601)
(10.2694 0 0.622041)
(10.3477 0 0.712095)
(10.4349 0 0.80276)
(10.5307 0 0.893969)
(10.635 0 0.985598)
(10.7473 0 1.07747)
(10.8676 0 1.16936)
(10.9955 0 1.26101)
(11.1307 0 1.35212)
(11.2728 0 1.44237)
(11.4216 0 1.53144)
(11.5765 0 1.61897)
(11.7372 0 1.70462)
(11.9032 0 1.78807)
(12.074 0 1.86899)
(12.2491 0 1.9471)
(12.4279 0 2.02213)
(12.6098 0 2.09385)
(12.7944 0 2.16208)
(12.981 0 2.22668)
(13.1691 0 2.28753)
(13.3581 0 2.34459)
(13.5472 0 2.39782)
(13.7535 0 2.44731)
(10.0051 0 0.0790202)
(10.022 0 0.157172)
(10.0517 0 0.23489)
(10.093 0 0.312543)
(10.1445 0 0.390355)
(10.2058 0 0.468483)
(10.2765 0 0.547011)
(10.3564 0 0.625972)
(10.4452 0 0.705348)
(10.5426 0 0.785066)
(10.6482 0 0.865006)
(10.7617 0 0.945006)
(10.883 0 1.02487)
(11.0115 0 1.10436)
(11.147 0 1.18324)
(11.289 0 1.26122)
(11.4373 0 1.33804)
(11.5913 0 1.4134)
(11.7506 0 1.48703)
(11.9147 0 1.55866)
(12.0831 0 1.62803)
(12.2553 0 1.69492)
(12.4308 0 1.75913)
(12.609 0 1.82047)
(12.7895 0 1.87882)
(12.9717 0 1.93405)
(13.155 0 1.9861)
(13.3391 0 2.03493)
(13.5231 0 2.08052)
(13.7235 0 2.12296)
(10.0052 0 0.0675851)
(10.0226 0 0.134481)
(10.0532 0 0.201089)
(10.0954 0 0.267692)
(10.1481 0 0.334427)
(10.2106 0 0.401392)
(10.2826 0 0.468636)
(10.3638 0 0.536178)
(10.4538 0 0.603988)
(10.5523 0 0.671996)
(10.659 0 0.740089)
(10.7734 0 0.808127)
(10.8952 0 0.875938)
(11.024 0 0.943327)
(11.1595 0 1.01008)
(11.3013 0 1.07598)
(11.4488 0 1.14079)
(11.6017 0 1.20428)
(11.7595 0 1.26623)
(11.9217 0 1.32643)
(12.0879 0 1.38467)
(12.2574 0 1.44078)
(12.4299 0 1.49459)
(12.6047 0 1.54599)
(12.7815 0 1.59485)
(12.9597 0 1.64111)
(13.1389 0 1.68472)
(13.3185 0 1.72563)
(13.498 0 1.76386)
(13.6933 0 1.79947)
(10.0054 0 0.0555336)
(10.0233 0 0.110618)
(10.0546 0 0.165664)
(10.0977 0 0.220842)
(10.1513 0 0.276174)
(10.2148 0 0.331691)
(10.2878 0 0.387414)
(10.37 0 0.443337)
(10.461 0 0.499422)
(10.5603 0 0.555598)
(10.6677 0 0.611767)
(10.7826 0 0.667808)
(10.9047 0 0.723577)
(11.0337 0 0.778918)
(11.169 0 0.833657)
(11.3103 0 0.887618)
(11.457 0 0.940617)
(11.6088 0 0.992475)
(11.7652 0 1.04302)
(11.9257 0 1.09208)
(12.0897 0 1.13951)
(12.2568 0 1.18517)
(12.4266 0 1.22894)
(12.5984 0 1.27073)
(12.7719 0 1.31046)
(12.9467 0 1.34808)
(13.1222 0 1.38354)
(13.298 0 1.41683)
(13.4735 0 1.44796)
(13.6643 0 1.47699)
(10.0056 0 0.0427861)
(10.0241 0 0.0854903)
(10.0562 0 0.128483)
(10.1002 0 0.171724)
(10.1546 0 0.215125)
(10.2189 0 0.258698)
(10.2927 0 0.302454)
(10.3757 0 0.346378)
(10.4673 0 0.390423)
(10.5672 0 0.43452)
(10.675 0 0.478584)
(10.7902 0 0.522514)
(10.9125 0 0.566192)
(11.0414 0 0.609492)
(11.1764 0 0.652277)
(11.3171 0 0.694408)
(11.4631 0 0.735745)
(11.6138 0 0.776149)
(11.7688 0 0.815489)
(11.9277 0 0.853641)
(12.0899 0 0.890492)
(12.2549 0 0.925941)
(12.4223 0 0.959905)
(12.5916 0 0.992311)
(12.7624 0 1.02311)
(12.9342 0 1.05225)
(13.1067 0 1.07972)
(13.2793 0 1.10551)
(13.4517 0 1.12961)
(13.6388 0 1.15209)
(10.0059 0 0.0291531)
(10.0252 0 0.0594262)
(10.0582 0 0.090615)
(10.1028 0 0.122068)
(10.1578 0 0.153571)
(10.2227 0 0.185165)
(10.2971 0 0.216876)
(10.3806 0 0.248682)
(10.4728 0 0.280543)
(10.5731 0 0.312407)
(10.6812 0 0.344217)
(10.7965 0 0.3759)
(10.9188 0 0.407376)
(11.0475 0 0.438555)
(11.1822 0 0.469344)
(11.3224 0 0.499644)
(11.4676 0 0.529357)
(11.6174 0 0.558389)
(11.7712 0 0.586647)
(11.9287 0 0.614045)
(12.0893 0 0.640506)
(12.2526 0 0.665962)
(12.4181 0 0.690352)
(12.5853 0 0.713631)
(12.7538 0 0.73576)
(12.9233 0 0.756715)
(13.0932 0 0.77648)
(13.2632 0 0.79505)
(13.4329 0 0.81243)
(13.6169 0 0.828671)
(10.0071 0 0.0124051)
(10.0284 0 0.0289665)
(10.0626 0 0.0475255)
(10.1076 0 0.0665015)
(10.1629 0 0.0855824)
(10.2281 0 0.10482)
(10.3028 0 0.124213)
(10.3865 0 0.143711)
(10.4788 0 0.16326)
(10.5792 0 0.182811)
(10.6872 0 0.202317)
(10.8026 0 0.221728)
(10.9247 0 0.240987)
(11.0531 0 0.260036)
(11.1873 0 0.278815)
(11.327 0 0.297263)
(11.4716 0 0.315321)
(11.6206 0 0.332931)
(11.7735 0 0.350038)
(11.93 0 0.366593)
(12.0894 0 0.382553)
(12.2514 0 0.397877)
(12.4155 0 0.412535)
(12.5812 0 0.426501)
(12.7481 0 0.439756)
(12.9159 0 0.452288)
(13.084 0 0.464093)
(13.2523 0 0.475173)
(13.4202 0 0.485536)
(13.6023 0 0.495237)
(9.99616 0 0.00134876)
(10.0082 0 0.00579522)
(10.0308 0 0.0115482)
(10.0636 0 0.0175864)
(10.107 0 0.0237512)
(10.1608 0 0.0300722)
(10.2247 0 0.0365421)
(10.2981 0 0.0431295)
(10.3806 0 0.0498051)
(10.4718 0 0.0565452)
(10.5712 0 0.0633276)
(10.6783 0 0.0701294)
(10.7927 0 0.0769257)
(10.9139 0 0.0836913)
(11.0414 0 0.0903999)
(11.1747 0 0.0970255)
(11.3133 0 0.103542)
(11.4566 0 0.109925)
(11.6042 0 0.116151)
(11.7557 0 0.122197)
(11.9104 0 0.128045)
(12.0678 0 0.133677)
(12.2276 0 0.139078)
(12.3893 0 0.144236)
(12.5523 0 0.149141)
(12.7164 0 0.153787)
(12.881 0 0.158167)
(13.0458 0 0.162279)
(13.2105 0 0.166116)
(13.3891 0 0.169704)
(8.93802 0 12.7019)
(5.77968 0 10.377)
(-1.43156 0 4.69274)
(9.778 0 10.954)
(9.17806 0 9.62458)
(7.59208 0 7.69745)
(10.7756 0 10.9462)
(10.9164 0 10.3547)
(10.5971 0 9.38574)
(11.6117 0 10.6804)
(11.8834 0 10.4941)
(11.9226 0 10.0484)
(12.1711 0 10.0848)
(12.4718 0 10.0753)
(12.651 0 9.92768)
(12.5677 0 9.43827)
(12.8677 0 9.50626)
(13.095 0 9.5036)
(12.8763 0 8.83532)
(13.1565 0 8.9284)
(13.3845 0 8.9843)
(13.1226 0 8.27948)
(13.3772 0 8.37318)
(13.5892 0 8.44646)
(13.3212 0 7.76435)
(13.5518 0 7.85134)
(13.745 0 7.92594)
(13.483 0 7.28479)
(13.693 0 7.36421)
(13.8692 0 7.43512)
(13.6149 0 6.83506)
(13.8078 0 6.90753)
(13.9697 0 6.97365)
(13.7215 0 6.40944)
(13.9003 0 6.47576)
(14.0505 0 6.53712)
(13.8061 0 6.00318)
(13.9732 0 6.06401)
(14.1136 0 6.1209)
(13.871 0 5.61249)
(14.0282 0 5.66835)
(14.1605 0 5.72102)
(13.9183 0 5.23442)
(14.0671 0 5.2857)
(14.1924 0 5.33435)
(13.9496 0 4.86669)
(14.0912 0 4.91367)
(14.2104 0 4.95847)
(13.9667 0 4.50752)
(14.1018 0 4.55043)
(14.2157 0 4.59151)
(13.9711 0 4.15554)
(14.1006 0 4.19457)
(14.2097 0 4.23206)
(13.9647 0 3.80963)
(14.089 0 3.84495)
(14.1939 0 3.87896)
(13.9492 0 3.46891)
(14.0689 0 3.50067)
(14.1699 0 3.53131)
(13.9265 0 3.13256)
(14.0419 0 3.16089)
(14.1394 0 3.18827)
(13.8984 0 2.79988)
(14.0099 0 2.82492)
(14.1042 0 2.84914)
(13.8668 0 2.47005)
(13.9749 0 2.49189)
(14.0662 0 2.51306)
(13.8335 0 2.14249)
(13.9384 0 2.16126)
(14.0272 0 2.17946)
(13.8004 0 1.81586)
(13.9026 0 1.83163)
(13.989 0 1.84692)
(13.7689 0 1.49037)
(13.8687 0 1.50324)
(13.9532 0 1.51573)
(13.7413 0 1.16242)
(13.8391 0 1.17237)
(13.9219 0 1.18203)
(13.7177 0 0.836153)
(13.814 0 0.843338)
(13.8956 0 0.850303)
(13.7019 0 0.499633)
(13.7969 0 0.503798)
(13.8773 0 0.507828)
(13.4869 0 0.171268)
(13.5804 0 0.172723)
(13.6596 0 0.174151)
(-1.80157 0 2.21198)
(-0.777185 0 2.33497)
(-0.536738 0 2.2522)
(-0.137613 0 2.3348)
(0.10154 0 2.44945)
(0.255553 0 2.56775)
(0.35252 0 2.70163)
(0.402546 0 2.84597)
(0.408619 0 2.98951)
(0.374162 0 3.12338)
(0.301755 0 3.24064)
(0.192961 0 3.33564)
(0.0503205 0 3.40328)
(-0.130842 0 3.43978)
(-0.344854 0 3.43986)
(-0.589934 0 3.40127)
(-0.867594 0 3.31958)
(-1.17616 0 3.19143)
(-1.51364 0 3.0158)
(-1.88023 0 2.78963)
(-2.2743 0 2.50906)
(-2.69012 0 2.17418)
(-3.12025 0 1.78993)
(-3.55459 0 1.3658)
(-3.97415 0 0.912983)
(-4.35352 0 0.452441)
(-4.67681 0 0.0182381)
(-4.92128 0 -0.335462)
(-5.13762 0 -0.582541)
(-5.25924 0 -0.712184)
(5.42446 0 5.1062)
(3.1977 0 3.36411)
(1.49767 0 2.32112)
(0.780952 0 2.01505)
(0.711405 0 2.15352)
(0.844288 0 2.37713)
(0.996408 0 2.59422)
(1.11261 0 2.79436)
(1.1809 0 2.97884)
(1.20313 0 3.14706)
(1.18246 0 3.29508)
(1.12136 0 3.41822)
(1.0226 0 3.51237)
(0.885739 0 3.57295)
(0.712058 0 3.59624)
(0.504365 0 3.57961)
(0.261774 0 3.51976)
(-0.0174789 0 3.41149)
(-0.339312 0 3.24803)
(-0.688701 0 3.03505)
(-1.07425 0 2.76547)
(-1.49363 0 2.43883)
(-1.94317 0 2.06049)
(-2.42159 0 1.6335)
(-2.91314 0 1.16452)
(-3.38052 0 0.674069)
(-3.78739 0 0.196384)
(-4.13676 0 -0.20488)
(-4.40856 0 -0.470302)
(-4.57053 0 -0.599478)
(9.42565 0 7.34481)
(7.67296 0 5.59107)
(5.79195 0 4.18684)
(4.1552 0 3.14929)
(2.93735 0 2.53285)
(2.24655 0 2.34646)
(1.99858 0 2.45397)
(1.9809 0 2.67371)
(2.03631 0 2.90698)
(2.09082 0 3.12102)
(2.11621 0 3.30744)
(2.10394 0 3.46354)
(2.05297 0 3.58714)
(1.96381 0 3.67496)
(1.83672 0 3.72332)
(1.67368 0 3.72975)
(1.47479 0 3.69223)
(1.24088 0 3.60768)
(0.966493 0 3.46931)
(0.657877 0 3.27868)
(0.311834 0 3.03406)
(-0.077871 0 2.72882)
(-0.519653 0 2.35696)
(-0.992692 0 1.94031)
(-1.50567 0 1.46925)
(-2.06391 0 0.945237)
(-2.64041 0 0.410514)
(-3.18036 0 -0.036755)
(-3.54468 0 -0.32653)
(-3.77757 0 -0.457691)
(11.4812 0 8.66752)
(10.4879 0 7.22051)
(9.14069 0 5.90332)
(7.68489 0 4.7747)
(6.27393 0 3.86825)
(5.03888 0 3.219)
(4.10279 0 2.85899)
(3.5248 0 2.77439)
(3.24997 0 2.88058)
(3.15812 0 3.07286)
(3.14429 0 3.27998)
(3.14532 0 3.46785)
(3.13028 0 3.6232)
(3.08626 0 3.74054)
(3.008 0 3.81614)
(2.89454 0 3.84755)
(2.74564 0 3.83311)
(2.56251 0 3.77076)
(2.34236 0 3.65513)
(2.08626 0 3.48545)
(1.79367 0 3.26233)
(1.46395 0 2.98493)
(1.09097 0 2.64828)
(0.680981 0 2.2622)
(0.238388 0 1.83481)
(-0.259958 0 1.36254)
(-0.792314 0 0.851828)
(-1.62411 0 0.269482)
(-2.49882 0 -0.18723)
(-2.82951 0 -0.286031)
(12.6483 0 9.16184)
(12.2154 0 8.14802)
(11.4266 0 7.09554)
(10.4061 0 6.09994)
(9.25709 0 5.20741)
(8.07041 0 4.44798)
(6.94141 0 3.85008)
(5.96881 0 3.44242)
(5.23112 0 3.23917)
(4.75124 0 3.21726)
(4.48634 0 3.31714)
(4.36012 0 3.47202)
(4.302 0 3.63253)
(4.26365 0 3.77045)
(4.21698 0 3.87136)
(4.14771 0 3.92833)
(4.04913 0 3.93799)
(3.91912 0 3.89809)
(3.7555 0 3.80469)
(3.55729 0 3.65619)
(3.32402 0 3.45272)
(3.05608 0 3.19411)
(2.75055 0 2.87782)
(2.40705 0 2.5093)
(2.02906 0 2.09988)
(1.6105 0 1.6656)
(1.15652 0 1.23829)
(0.623327 0 0.829927)
(0.108775 0 0.41247)
(-1.37864 0 0.0560947)
(13.3231 0 9.15946)
(13.2595 0 8.54405)
(12.9136 0 7.80063)
(12.3205 0 7.01998)
(11.5361 0 6.25617)
(10.6211 0 5.5461)
(9.63845 0 4.91713)
(8.65534 0 4.39241)
(7.74343 0 3.99382)
(6.97052 0 3.73773)
(6.38152 0 3.62364)
(5.98131 0 3.62631)
(5.73672 0 3.70255)
(5.59668 0 3.80752)
(5.51249 0 3.90633)
(5.4477 0 3.97664)
(5.37873 0 4.00587)
(5.2922 0 3.98724)
(5.18036 0 3.9159)
(5.0386 0 3.78922)
(4.86425 0 3.60633)
(4.65611 0 3.3669)
(4.41168 0 3.07008)
(4.12785 0 2.7204)
(3.80292 0 2.32854)
(3.4317 0 1.9112)
(3.00954 0 1.49869)
(2.52486 0 1.11366)
(1.99849 0 0.803808)
(1.17947 0 0.600863)
(13.7093 0 8.88788)
(13.8665 0 8.57184)
(13.8337 0 8.10703)
(13.5885 0 7.55628)
(13.1485 0 6.9668)
(12.5493 0 6.37543)
(11.8308 0 5.81054)
(11.0349 0 5.29393)
(10.208 0 4.84376)
(9.40162 0 4.47657)
(8.66862 0 4.20592)
(8.0535 0 4.03731)
(7.58014 0 3.96225)
(7.24552 0 3.95757)
(7.02451 0 3.99157)
(6.88182 0 4.03302)
(6.78314 0 4.05716)
(6.70122 0 4.04702)
(6.61666 0 3.99157)
(6.51627 0 3.88441)
(6.39136 0 3.72241)
(6.23622 0 3.50447)
(6.04581 0 3.23081)
(5.81452 0 2.90597)
(5.53674 0 2.54045)
(5.20591 0 2.15125)
(4.81618 0 1.76471)
(4.36418 0 1.40929)
(3.86765 0 1.12648)
(3.15835 0 0.9272)
(13.9374 0 8.47895)
(14.2081 0 8.36069)
(14.373 0 8.11239)
(14.3807 0 7.76679)
(14.2216 0 7.35612)
(13.9105 0 6.90973)
(13.4691 0 6.45274)
(12.9216 0 6.00549)
(12.2957 0 5.58442)
(11.624 0 5.20354)
(10.9433 0 4.8753)
(10.2931 0 4.61008)
(9.71044 0 4.41376)
(9.22287 0 4.2845)
(8.84196 0 4.21082)
(8.56196 0 4.17319)
(8.36403 0 4.14849)
(8.22336 0 4.11487)
(8.11524 0 4.05452)
(8.01837 0 3.95476)
(7.91588 0 3.80784)
(7.7949 0 3.60995)
(7.64505 0 3.36059)
(7.45685 0 3.0639)
(7.22155 0 2.72989)
(6.93127 0 2.37506)
(6.58058 0 2.02286)
(6.16849 0 1.69977)
(5.71155 0 1.43482)
(5.06482 0 1.24584)
(14.0834 0 8.01646)
(14.3989 0 8.01387)
(14.6724 0 7.91443)
(14.8446 0 7.7291)
(14.8913 0 7.47482)
(14.8124 0 7.17043)
(14.6153 0 6.83441)
(14.311 0 6.48333)
(13.9142 0 6.13134)
(13.4435 0 5.79044)
(12.9212 0 5.47109)
(12.3736 0 5.18245)
(11.8292 0 4.9321)
(11.3169 0 4.72478)
(10.861 0 4.56074)
(10.4776 0 4.43434)
(10.1712 0 4.33416)
(9.93555 0 4.24486)
(9.75639 0 4.14986)
(9.6153 0 4.03419)
(9.49324 0 3.88628)
(9.37253 0 3.69873)
(9.23747 0 3.46858)
(9.07409 0 3.19813)
(8.87023 0 2.89569)
(8.61609 0 2.57578)
(8.30565 0 2.25856)
(7.93775 0 1.96685)
(7.52661 0 1.72373)
(6.9416 0 1.54698)
(14.1862 0 7.54673)
(14.5088 0 7.60377)
(14.8303 0 7.59551)
(15.0964 0 7.52168)
(15.2786 0 7.38829)
(15.3686 0 7.20465)
(15.3647 0 6.9818)
(15.2682 0 6.7311)
(15.0841 0 6.46322)
(14.8211 0 6.18768)
(14.4915 0 5.91289)
(14.1103 0 5.64628)
(13.6957 0 5.39433)
(13.268 0 5.1623)
(12.8482 0 4.95357)
(12.4558 0 4.76876)
(12.1058 0 4.60491)
(11.8065 0 4.45538)
(11.5584 0 4.31056)
(11.3549 0 4.15943)
(11.1842 0 3.99146)
(11.0317 0 3.79838)
(10.8813 0 3.57545)
(10.7174 0 3.32279)
(10.5258 0 3.04611)
(10.2949 0 2.75689)
(10.0172 0 2.47149)
(9.69016 0 2.20885)
(9.32436 0 1.98804)
(8.80109 0 1.82429)
(14.2639 0 7.08933)
(14.5762 0 7.17298)
(14.9101 0 7.21463)
(15.2206 0 7.21044)
(15.4813 0 7.16082)
(15.6819 0 7.06875)
(15.8162 0 6.93918)
(15.88 0 6.77836)
(15.8716 0 6.59303)
(15.7929 0 6.38972)
(15.6489 0 6.17454)
(15.4467 0 5.95301)
(15.1963 0 5.73011)
(14.9098 0 5.51013)
(14.6009 0 5.29651)
(14.2845 0 5.09145)
(13.9749 0 4.89538)
(13.6839 0 4.70669)
(13.4196 0 4.52156)
(13.1848 0 4.33445)
(12.9773 0 4.13903)
(12.7899 0 3.92949)
(12.6123 0 3.70195)
(12.4319 0 3.45588)
(12.2362 0 3.19514)
(12.0138 0 2.9283)
(11.7568 0 2.66807)
(11.4612 0 2.42963)
(11.1341 0 2.22863)
(10.6677 0 2.07804)
(14.3241 0 6.64988)
(14.6203 0 6.74281)
(14.9486 0 6.80866)
(15.2729 0 6.84363)
(15.5716 0 6.84637)
(15.836 0 6.81682)
(16.0593 0 6.7562)
(16.235 0 6.66696)
(16.3582 0 6.55238)
(16.4265 0 6.4161)
(16.4398 0 6.26182)
(16.4002 0 6.0931)
(16.3116 0 5.91326)
(16.1799 0 5.72532)
(16.0127 0 5.53189)
(15.8188 0 5.33503)
(15.6082 0 5.13604)
(15.3902 0 4.93524)
(15.1734 0 4.73182)
(14.9636 0 4.52393)
(14.7638 0 4.30906)
(14.573 0 4.08474)
(14.3871 0 3.84944)
(14.1992 0 3.60369)
(14.001 0 3.351)
(13.7842 0 3.09828)
(13.5423 0 2.85558)
(13.2715 0 2.63505)
(12.9767 0 2.44952)
(12.5615 0 2.31016)
(14.3696 0 6.22809)
(14.6491 0 6.32202)
(14.9645 0 6.39768)
(15.2864 0 6.45231)
(15.5979 0 6.4846)
(15.8929 0 6.49363)
(16.1663 0 6.47901)
(16.4121 0 6.44106)
(16.6244 0 6.38073)
(16.7989 0 6.29941)
(16.9329 0 6.19873)
(17.0251 0 6.08043)
(17.0756 0 5.94625)
(17.086 0 5.79789)
(17.0594 0 5.63688)
(16.9998 0 5.46462)
(16.9125 0 5.28222)
(16.8031 0 5.09045)
(16.6776 0 4.88968)
(16.5408 0 4.67988)
(16.3965 0 4.46084)
(16.2462 0 4.23251)
(16.0896 0 3.99555)
(15.9239 0 3.75199)
(15.7451 0 3.50588)
(15.5487 0 3.26359)
(15.331 0 3.03369)
(15.0896 0 2.82634)
(14.829 0 2.65234)
(14.4656 0 2.52118)
(14.4016 0 5.82173)
(14.6657 0 5.9129)
(14.9664 0 5.99093)
(15.2787 0 6.05398)
(15.5891 0 6.10117)
(15.894 0 6.13171)
(16.1905 0 6.14486)
(16.4743 0 6.14011)
(16.7401 0 6.11727)
(16.9837 0 6.0764)
(17.2013 0 6.01772)
(17.3901 0 5.94159)
(17.5482 0 5.84846)
(17.6745 0 5.73882)
(17.769 0 5.61321)
(17.8324 0 5.4722)
(17.8665 0 5.31636)
(17.8736 0 5.14627)
(17.8563 0 4.96252)
(17.8175 0 4.76578)
(17.7595 0 4.55689)
(17.6838 0 4.33713)
(17.5908 0 4.1085)
(17.4801 0 3.87413)
(17.3501 0 3.63864)
(17.199 0 3.40833)
(17.0254 0 3.19103)
(16.8289 0 2.99567)
(16.6142 0 2.83165)
(16.3129 0 2.70683)
(14.4208 0 5.42829)
(14.6713 0 5.51501)
(14.9577 0 5.59173)
(15.2579 0 5.65713)
(15.5607 0 5.7107)
(15.8641 0 5.75192)
(16.1672 0 5.78017)
(16.4671 0 5.79486)
(16.7603 0 5.79546)
(17.0431 0 5.78148)
(17.3123 0 5.75244)
(17.5647 0 5.70791)
(17.7977 0 5.64747)
(18.009 0 5.57079)
(18.1968 0 5.47758)
(18.3599 0 5.36769)
(18.4977 0 5.24109)
(18.6099 0 5.09795)
(18.6969 0 4.93868)
(18.7591 0 4.76399)
(18.7971 0 4.57508)
(18.8112 0 4.3737)
(18.8014 0 4.16246)
(18.7675 0 3.94499)
(18.7089 0 3.72618)
(18.6251 0 3.51219)
(18.516 0 3.31036)
(18.3824 0 3.1288)
(18.2291 0 2.9759)
(18.0056 0 2.85796)
(14.4278 0 5.04558)
(14.6662 0 5.12706)
(14.9395 0 5.20062)
(15.2274 0 5.2652)
(15.5201 0 5.32047)
(15.8166 0 5.36608)
(16.1172 0 5.40159)
(16.4203 0 5.42652)
(16.7236 0 5.44038)
(17.0246 0 5.4426)
(17.3209 0 5.43252)
(17.6099 0 5.4094)
(17.8891 0 5.37247)
(18.156 0 5.32093)
(18.4082 0 5.25402)
(18.6436 0 5.17108)
(18.8602 0 5.07162)
(19.0564 0 4.95539)
(19.2307 0 4.82249)
(19.3821 0 4.67345)
(19.5093 0 4.50936)
(19.6116 0 4.33203)
(19.688 0 4.14411)
(19.7378 0 3.94928)
(19.7603 0 3.75231)
(19.7553 0 3.55908)
(19.723 0 3.3764)
(19.6648 0 3.21168)
(19.5848 0 3.0725)
(19.4527 0 2.96397)
(14.4234 0 4.67183)
(14.6512 0 4.74768)
(14.9125 0 4.8171)
(15.1887 0 4.87918)
(15.4707 0 4.93362)
(15.7582 0 4.98015)
(16.0519 0 5.01841)
(16.3512 0 5.04804)
(16.6546 0 5.06864)
(16.9606 0 5.07972)
(17.2676 0 5.0807)
(17.5737 0 5.07086)
(17.877 0 5.04937)
(18.1754 0 5.01534)
(18.4666 0 4.96784)
(18.7483 0 4.906)
(19.0183 0 4.82907)
(19.274 0 4.73654)
(19.5134 0 4.62822)
(19.7342 0 4.50439)
(19.9344 0 4.36593)
(20.112 0 4.21442)
(20.2654 0 4.05229)
(20.3931 0 3.88296)
(20.494 0 3.71082)
(20.5676 0 3.54127)
(20.6141 0 3.38053)
(20.6346 0 3.23531)
(20.6324 0 3.11252)
(20.5978 0 3.01653)
(14.4087 0 4.30565)
(14.6269 0 4.37568)
(14.8773 0 4.44042)
(15.1427 0 4.49904)
(15.4143 0 4.55126)
(15.6921 0 4.59679)
(15.9773 0 4.63532)
(16.2694 0 4.66651)
(16.5678 0 4.69003)
(16.8713 0 4.7055)
(17.1791 0 4.71243)
(17.4898 0 4.71025)
(17.8022 0 4.69823)
(18.1148 0 4.67558)
(18.4256 0 4.64143)
(18.7327 0 4.59493)
(19.0339 0 4.53529)
(19.3268 0 4.4619)
(19.6089 0 4.37444)
(19.8778 0 4.27301)
(20.1309 0 4.15824)
(20.3657 0 4.03145)
(20.5801 0 3.89472)
(20.7721 0 3.75106)
(20.9402 0 3.60435)
(21.0834 0 3.4594)
(21.2017 0 3.32175)
(21.2958 0 3.19745)
(21.3676 0 3.09276)
(21.4281 0 3.01176)
(14.3851 0 3.94595)
(14.5945 0 4.01007)
(14.835 0 4.06981)
(15.0902 0 4.12441)
(15.352 0 4.17357)
(15.6203 0 4.21701)
(15.8963 0 4.25441)
(16.1801 0 4.28543)
(16.4711 0 4.30976)
(16.7685 0 4.32708)
(17.0718 0 4.33699)
(17.3802 0 4.33902)
(17.6927 0 4.3326)
(18.0084 0 4.31711)
(18.3258 0 4.29183)
(18.6433 0 4.25605)
(18.9593 0 4.20909)
(19.2715 0 4.15038)
(19.5777 0 4.07962)
(19.8756 0 3.99681)
(20.1625 0 3.90244)
(20.4359 0 3.79758)
(20.6936 0 3.68398)
(20.9333 0 3.5642)
(21.1532 0 3.44159)
(21.3522 0 3.32032)
(21.5298 0 3.20525)
(21.6864 0 3.10175)
(21.8229 0 3.01551)
(21.9688 0 2.95055)
(14.3539 0 3.59182)
(14.5554 0 3.65003)
(14.7868 0 3.70459)
(15.0326 0 3.7548)
(15.2851 0 3.80039)
(15.5442 0 3.84107)
(15.8112 0 3.8765)
(16.0863 0 3.90636)
(16.369 0 3.93033)
(16.6588 0 3.9481)
(16.9552 0 3.95934)
(17.2577 0 3.96366)
(17.5657 0 3.96061)
(17.8783 0 3.9497)
(18.1946 0 3.9304)
(18.5135 0 3.90215)
(18.8334 0 3.86443)
(19.1527 0 3.81683)
(19.4695 0 3.7591)
(19.7818 0 3.69127)
(20.0872 0 3.61375)
(20.3835 0 3.52745)
(20.6684 0 3.43384)
(20.9398 0 3.33508)
(21.1961 0 3.23403)
(21.4359 0 3.13426)
(21.6585 0 3.03996)
(21.8642 0 2.95586)
(22.053 0 2.88707)
(22.2702 0 2.83762)
(14.3169 0 3.24246)
(14.5112 0 3.2948)
(14.7341 0 3.34409)
(14.9713 0 3.38971)
(15.2151 0 3.43139)
(15.4655 0 3.46886)
(15.7239 0 3.50179)
(15.9904 0 3.52986)
(16.2647 0 3.55276)
(16.5463 0 3.57019)
(16.8349 0 3.58185)
(17.1301 0 3.58739)
(17.4313 0 3.58647)
(17.738 0 3.57869)
(18.0494 0 3.56365)
(18.3646 0 3.54096)
(18.6824 0 3.51025)
(19.0015 0 3.47123)
(19.3205 0 3.42377)
(19.6376 0 3.36795)
(19.9509 0 3.30419)
(20.2584 0 3.23326)
(20.5584 0 3.15645)
(20.8488 0 3.07559)
(21.1283 0 2.9931)
(21.3955 0 2.91201)
(21.6499 0 2.83594)
(21.8915 0 2.76899)
(22.1199 0 2.71566)
(22.3933 0 2.68)
(14.2758 0 2.89716)
(14.4634 0 2.9437)
(14.6787 0 2.9877)
(14.9079 0 3.0286)
(15.1436 0 3.06616)
(15.3859 0 3.10013)
(15.6361 0 3.1302)
(15.8944 0 3.15606)
(16.1605 0 3.17742)
(16.4341 0 3.194)
(16.7148 0 3.20551)
(17.0022 0 3.21165)
(17.296 0 3.21214)
(17.5956 0 3.20666)
(17.9005 0 3.19491)
(18.2097 0 3.1766)
(18.5225 0 3.15148)
(18.8378 0 3.11939)
(19.1544 0 3.08029)
(19.4709 0 3.03432)
(19.7857 0 2.9819)
(20.0974 0 2.92373)
(20.4042 0 2.86094)
(20.7048 0 2.79509)
(20.9979 0 2.72826)
(21.2824 0 2.66301)
(21.558 0 2.60243)
(21.8246 0 2.55002)
(22.0818 0 2.50973)
(22.3971 0 2.48543)
(14.2324 0 2.55507)
(14.4141 0 2.5959)
(14.6224 0 2.63462)
(14.8442 0 2.67074)
(15.0726 0 2.70406)
(15.3073 0 2.73433)
(15.5499 0 2.76129)
(15.8005 0 2.78464)
(16.0589 0 2.80412)
(16.3247 0 2.81947)
(16.5977 0 2.83044)
(16.8776 0 2.83676)
(17.1639 0 2.83819)
(17.4563 0 2.83447)
(17.7542 0 2.82538)
(18.0569 0 2.81069)
(18.3636 0 2.79027)
(18.6736 0 2.76401)
(18.9858 0 2.73195)
(19.2991 0 2.69428)
(19.6123 0 2.6514)
(19.9241 0 2.60396)
(20.2332 0 2.55295)
(20.5386 0 2.49972)
(20.8392 0 2.44602)
(21.1342 0 2.39403)
(21.4235 0 2.34634)
(21.7072 0 2.30596)
(21.9848 0 2.27622)
(22.3306 0 2.26072)
(14.1886 0 2.21562)
(14.3649 0 2.25084)
(14.5669 0 2.28433)
(14.7822 0 2.31566)
(15.0038 0 2.34465)
(15.2318 0 2.3711)
(15.4673 0 2.39477)
(15.7108 0 2.4154)
(15.962 0 2.43275)
(16.2207 0 2.4466)
(16.4865 0 2.45672)
(16.7592 0 2.46288)
(17.0385 0 2.46489)
(17.3239 0 2.46253)
(17.615 0 2.45562)
(17.9112 0 2.44402)
(18.2119 0 2.42763)
(18.5162 0 2.40641)
(18.8235 0 2.38045)
(19.1327 0 2.34993)
(19.4428 0 2.31524)
(19.753 0 2.27698)
(20.0622 0 2.236)
(20.3694 0 2.19345)
(20.674 0 2.15081)
(20.9755 0 2.10991)
(21.2738 0 2.07291)
(21.5693 0 2.04231)
(21.8614 0 2.02091)
(22.2293 0 2.0119)
(14.1462 0 1.87735)
(14.3177 0 1.90706)
(14.5142 0 1.93535)
(14.7236 0 1.96188)
(14.9393 0 1.9865)
(15.1611 0 2.00904)
(15.3904 0 2.02928)
(15.6276 0 2.04701)
(15.8723 0 2.06203)
(16.1245 0 2.07414)
(16.3838 0 2.08315)
(16.6499 0 2.08887)
(16.9227 0 2.09113)
(17.2017 0 2.08977)
(17.4866 0 2.08465)
(17.7767 0 2.07566)
(18.0716 0 2.06275)
(18.3706 0 2.04592)
(18.673 0 2.02526)
(18.978 0 2.00096)
(19.2849 0 1.97338)
(19.5928 0 1.94304)
(19.901 0 1.91065)
(20.2087 0 1.8772)
(20.5156 0 1.8439)
(20.8212 0 1.81226)
(21.1257 0 1.78406)
(21.4295 0 1.76136)
(21.7323 0 1.74641)
(22.1162 0 1.74201)
(14.1068 0 1.54057)
(14.2742 0 1.56486)
(14.4659 0 1.58803)
(14.6703 0 1.6098)
(14.8808 0 1.63004)
(15.0974 0 1.64862)
(15.3212 0 1.66537)
(15.5528 0 1.6801)
(15.7919 0 1.69266)
(16.0383 0 1.70287)
(16.2918 0 1.71057)
(16.5523 0 1.71563)
(16.8193 0 1.71791)
(17.0926 0 1.71727)
(17.3719 0 1.71361)
(17.6567 0 1.70687)
(17.9464 0 1.697)
(18.2406 0 1.68404)
(18.5386 0 1.66806)
(18.8397 0 1.64926)
(19.1435 0 1.62794)
(19.4491 0 1.60452)
(19.7559 0 1.57961)
(20.0636 0 1.554)
(20.3717 0 1.52868)
(20.68 0 1.50486)
(20.9889 0 1.48396)
(21.2989 0 1.46763)
(21.6098 0 1.45766)
(22.0056 0 1.45636)
(14.0724 0 1.2013)
(14.2364 0 1.22019)
(14.4241 0 1.23822)
(14.6242 0 1.25517)
(14.8304 0 1.27096)
(15.0426 0 1.28549)
(15.2619 0 1.29861)
(15.4887 0 1.31018)
(15.7231 0 1.32008)
(15.9647 0 1.32817)
(16.2133 0 1.33433)
(16.4689 0 1.33846)
(16.731 0 1.34045)
(16.9995 0 1.34019)
(17.2741 0 1.33763)
(17.5542 0 1.3327)
(17.8395 0 1.3254)
(18.1296 0 1.31575)
(18.4238 0 1.30384)
(18.7216 0 1.28982)
(19.0225 0 1.27393)
(19.326 0 1.25652)
(19.6316 0 1.23807)
(19.9389 0 1.21918)
(20.2476 0 1.20063)
(20.5579 0 1.18335)
(20.87 0 1.16845)
(21.1844 0 1.15719)
(21.5014 0 1.15097)
(21.9057 0 1.15174)
(14.0439 0 0.864166)
(14.2052 0 0.877798)
(14.3897 0 0.890834)
(14.5865 0 0.903101)
(14.7894 0 0.914547)
(14.998 0 0.925101)
(15.2137 0 0.934663)
(15.4368 0 0.943131)
(15.6674 0 0.950408)
(15.9051 0 0.956406)
(16.1499 0 0.961037)
(16.4015 0 0.964219)
(16.6598 0 0.965878)
(16.9245 0 0.96595)
(17.1952 0 0.964384)
(17.4717 0 0.961149)
(17.7535 0 0.956238)
(18.0402 0 0.949676)
(18.3313 0 0.941528)
(18.6265 0 0.93191)
(18.9251 0 0.921002)
(19.2268 0 0.909058)
(19.5312 0 0.896419)
(19.8381 0 0.883525)
(20.1472 0 0.87093)
(20.4588 0 0.859307)
(20.7731 0 0.849454)
(21.0909 0 0.842299)
(21.4125 0 0.838872)
(21.8236 0 0.840734)
(14.0237 0 0.515975)
(14.183 0 0.524132)
(14.3653 0 0.531919)
(14.5597 0 0.539197)
(14.76 0 0.545961)
(14.9661 0 0.552182)
(15.1792 0 0.557801)
(15.3996 0 0.562754)
(15.6274 0 0.566986)
(15.8623 0 0.570443)
(16.1043 0 0.573078)
(16.353 0 0.574842)
(16.6084 0 0.575692)
(16.8702 0 0.575593)
(17.1382 0 0.574518)
(17.4119 0 0.572451)
(17.6911 0 0.569392)
(17.9753 0 0.565361)
(18.2641 0 0.560401)
(18.5572 0 0.554587)
(18.854 0 0.548031)
(19.1543 0 0.540891)
(19.4576 0 0.533375)
(19.7639 0 0.525755)
(20.0731 0 0.518368)
(20.3853 0 0.511629)
(20.7009 0 0.506046)
(21.0208 0 0.502237)
(21.3454 0 0.500988)
(21.7595 0 0.503897)
(13.8036 0 0.177203)
(13.96 0 0.180374)
(14.139 0 0.183409)
(14.3301 0 0.18625)
(14.5272 0 0.188908)
(14.7301 0 0.191379)
(14.9398 0 0.19364)
(15.1568 0 0.195663)
(15.3811 0 0.197429)
(15.6125 0 0.198916)
(15.8508 0 0.200105)
(16.0959 0 0.200978)
(16.3475 0 0.201517)
(16.6054 0 0.201708)
(16.8693 0 0.201539)
(17.139 0 0.201002)
(17.4139 0 0.200096)
(17.6939 0 0.198827)
(17.9783 0 0.197208)
(18.2669 0 0.195265)
(18.5591 0 0.193036)
(18.8548 0 0.190577)
(19.1535 0 0.187961)
(19.4551 0 0.185284)
(19.7596 0 0.182667)
(20.0671 0 0.18026)
(20.3783 0 0.178253)
(20.6941 0 0.176901)
(21.0156 0 0.176581)
(21.4282 0 0.178411)
)
;

boundaryField
{
    inlet
    {
        type            fixedValue;
        value           uniform (10 0 0);
    }
    outlet
    {
        type            zeroGradient;
    }
    flap
    {
        type            movingWallVelocity;
        value           nonuniform List<vector> 
33
(
(0 0 6.93889e-16)
(0 0 0)
(0 0 0)
(0 0 0)
(0 0 0)
(0 0 0)
(0 0 0)
(0 0 0)
(0 0 0)
(0 0 0)
(0 0 0)
(0 0 -1.11022e-14)
(0 0 -1.11022e-14)
(0 0 -1.11022e-14)
(0 0 -2.22045e-14)
(6.93889e-16 -2.77556e-15 0)
(0 -2.77556e-15 0)
(0 0 0)
(0 0 6.93889e-16)
(0 0 0)
(0 0 0)
(0 0 0)
(0 0 0)
(0 0 0)
(0 0 -5.55112e-15)
(0 0 0)
(0 0 -1.11022e-14)
(0 0 0)
(0 0 0)
(0 0 0)
(0 0 0)
(0 -2.77556e-15 -1.11022e-14)
(0 0 -1.11022e-14)
)
;
    }
    upperWall
    {
        type            noSlip;
    }
    lowerWall
    {
        type            noSlip;
    }
    frontAndBack
    {
        type            empty;
    }
}


// ************************************************************************* //
