/*--------------------------------*- C++ -*----------------------------------*\
  =========                 |
  \\      /  F ield         | OpenFOAM: The Open Source CFD Toolbox
   \\    /   O peration     | Website:  https://openfoam.org
    \\  /    A nd           | Version:  dev
     \\/     M anipulation  |
\*---------------------------------------------------------------------------*/
FoamFile
{
    version     2.0;
    format      ascii;
    class       volVectorField;
    location    "7.1";
    object      U;
}
// * * * * * * * * * * * * * * * * * * * * * * * * * * * * * * * * * * * * * //

dimensions      [0 1 -1 0 0 0 0];

internalField   nonuniform List<vector> 
2790
(
(9.94399 0 0.0205231)
(9.87572 0 0.0295876)
(9.77521 0 0.0359893)
(9.64944 0 0.042556)
(9.50409 0 0.0493853)
(9.34007 0 0.0564282)
(9.15655 0 0.0638159)
(8.95263 0 0.0717118)
(8.72747 0 0.0802557)
(8.48009 0 0.0895743)
(8.20928 0 0.0997947)
(7.91365 0 0.111047)
(7.59168 0 0.123463)
(7.24177 0 0.137168)
(6.86232 0 0.152277)
(6.45178 0 0.168875)
(6.00885 0 0.187003)
(5.53265 0 0.206626)
(5.02293 0 0.227598)
(4.4804 0 0.249619)
(3.9071 0 0.272184)
(3.30677 0 0.294532)
(2.68522 0 0.315626)
(2.05056 0 0.334293)
(1.41174 0 0.35061)
(0.797984 0 0.372888)
(0.110635 0 0.325032)
(-0.469567 0 -0.114874)
(-0.453786 0 -0.297142)
(-0.231164 0 -0.423854)
(9.9985 0 0.0407028)
(9.98145 0 0.0623824)
(9.93575 0 0.0791397)
(9.86417 0 0.0966242)
(9.77098 0 0.115123)
(9.65716 0 0.134488)
(9.52206 0 0.154975)
(9.36486 0 0.176943)
(9.18472 0 0.200708)
(8.98068 0 0.226551)
(8.75153 0 0.254747)
(8.49589 0 0.285565)
(8.2122 0 0.319255)
(7.89882 0 0.35603)
(7.55403 0 0.396029)
(7.17618 0 0.439274)
(6.76377 0 0.485606)
(6.31563 0 0.534601)
(5.83122 0 0.585477)
(5.31084 0 0.636969)
(4.75611 0 0.687218)
(4.17036 0 0.733659)
(3.55924 0 0.772962)
(2.9315 0 0.801099)
(2.2999 0 0.813751)
(1.69291 0 0.807253)
(1.10711 0 0.747242)
(0.658868 0 0.547915)
(0.186403 0 0.224588)
(-0.00819878 0 -0.453743)
(9.99559 0 0.0432067)
(9.97556 0 0.0752711)
(9.9318 0 0.103345)
(9.8649 0 0.13237)
(9.77778 0 0.163058)
(9.67155 0 0.195398)
(9.54588 0 0.229742)
(9.40014 0 0.266603)
(9.23366 0 0.306471)
(9.04564 0 0.349809)
(8.83509 0 0.397075)
(8.60082 0 0.448727)
(8.34145 0 0.5052)
(8.0555 0 0.566873)
(7.74137 0 0.634023)
(7.39743 0 0.706745)
(7.02209 0 0.784853)
(6.61393 0 0.867741)
(6.17191 0 0.954213)
(5.6956 0 1.04227)
(5.18559 0 1.1289)
(4.64391 0 1.2098)
(4.07474 0 1.27917)
(3.48532 0 1.32934)
(2.8868 0 1.35009)
(2.29942 0 1.32642)
(1.73181 0 1.22076)
(1.21623 0 0.972988)
(0.701125 0 0.570126)
(0.358028 0 -0.156592)
(9.99403 0 0.0494988)
(9.97181 0 0.0932055)
(9.92788 0 0.133571)
(9.86225 0 0.174208)
(9.77694 0 0.216432)
(9.67299 0 0.26066)
(9.55032 0 0.307429)
(9.4085 0 0.357415)
(9.24703 0 0.411292)
(9.06534 0 0.469708)
(8.86269 0 0.533306)
(8.6382 0 0.602729)
(8.39085 0 0.678601)
(8.11952 0 0.761486)
(7.82299 0 0.851834)
(7.5 0 0.949891)
(7.14923 0 1.05557)
(6.76942 0 1.16826)
(6.35947 0 1.28663)
(5.91856 0 1.40829)
(5.44649 0 1.52949)
(4.94396 0 1.6447)
(4.41312 0 1.74615)
(3.85822 0 1.82322)
(3.28577 0 1.86136)
(2.70636 0 1.84032)
(2.12561 0 1.72599)
(1.55423 0 1.47784)
(0.95793 0 1.08367)
(0.509419 0 0.502291)
(9.99331 0 0.057213)
(9.96994 0 0.110958)
(9.92593 0 0.162102)
(9.86146 0 0.213346)
(9.77799 0 0.266355)
(9.67635 0 0.321912)
(9.55654 0 0.380701)
(9.41822 0 0.443488)
(9.26098 0 0.511057)
(9.08434 0 0.584173)
(8.88771 0 0.663592)
(8.67039 0 0.75007)
(8.43159 0 0.844344)
(8.17046 0 0.947096)
(7.88607 0 1.05889)
(7.57747 0 1.18009)
(7.24365 0 1.31071)
(6.88359 0 1.4502)
(6.49626 0 1.59725)
(6.0807 0 1.74935)
(5.63612 0 1.90243)
(5.16207 0 2.05033)
(4.65872 0 2.18419)
(4.12716 0 2.29174)
(3.56935 0 2.35656)
(2.98884 0 2.35731)
(2.38679 0 2.26493)
(1.76635 0 2.04761)
(1.08997 0 1.69136)
(0.536642 0 1.1541)
(9.99302 0 0.0655379)
(9.96923 0 0.1287)
(9.92556 0 0.190112)
(9.86253 0 0.251841)
(9.78129 0 0.315576)
(9.68245 0 0.382317)
(9.56601 0 0.452873)
(9.43172 0 0.528101)
(9.27921 0 0.608881)
(9.10807 0 0.696087)
(8.91778 0 0.790584)
(8.70775 0 0.893231)
(8.47729 0 1.00487)
(8.22568 0 1.12627)
(7.95215 0 1.25811)
(7.65588 0 1.40083)
(7.33602 0 1.55457)
(6.99162 0 1.71889)
(6.62166 0 1.89258)
(6.22497 0 2.07325)
(5.80024 0 2.25687)
(5.34599 0 2.43722)
(4.86065 0 2.60521)
(4.34264 0 2.74823)
(3.79033 0 2.84954)
(3.20251 0 2.88818)
(2.57651 0 2.83819)
(1.91342 0 2.67157)
(1.17272 0 2.37394)
(0.549954 0 1.89434)
(9.99297 0 0.074074)
(9.96927 0 0.146312)
(9.92637 0 0.217481)
(9.86509 0 0.289289)
(9.78643 0 0.363352)
(9.69085 0 0.440824)
(9.57835 0 0.522658)
(9.44872 0 0.60981)
(9.30166 0 0.703255)
(9.13679 0 0.803967)
(8.95365 0 0.912905)
(8.75171 0 1.03102)
(8.53034 0 1.15923)
(8.28888 0 1.29841)
(8.02659 0 1.44932)
(7.74268 0 1.6125)
(7.43628 0 1.78821)
(7.10638 0 1.97619)
(6.75178 0 2.17544)
(6.37097 0 2.38385)
(5.96206 0 2.59777)
(5.52258 0 2.81141)
(5.04946 0 3.01617)
(4.53893 0 3.19997)
(3.98658 0 3.34667)
(3.38783 0 3.43594)
(2.73718 0 3.44327)
(2.03618 0 3.34143)
(1.24171 0 3.1135)
(0.563496 0 2.69306)
(9.99306 0 0.082587)
(9.96981 0 0.163604)
(9.92807 0 0.244047)
(9.86885 0 0.325476)
(9.79313 0 0.409442)
(9.70126 0 0.497203)
(9.59324 0 0.589836)
(9.46889 0 0.688394)
(9.32797 0 0.793939)
(9.17015 0 0.907531)
(8.99503 0 1.03022)
(8.80212 0 1.16304)
(8.59082 0 1.30702)
(8.36051 0 1.46311)
(8.11045 0 1.63217)
(7.8398 0 1.8149)
(7.5476 0 2.0117)
(7.23265 0 2.22255)
(6.89348 0 2.44677)
(6.52813 0 2.68273)
(6.13404 0 2.92739)
(5.70779 0 3.1758)
(5.2449 0 3.42039)
(4.7397 0 3.65021)
(4.18539 0 3.85023)
(3.57466 0 4.00086)
(2.89942 0 4.07785)
(2.16203 0 4.0523)
(1.31606 0 3.90159)
(0.583193 0 3.54003)
(9.99326 0 0.090927)
(9.97072 0 0.180406)
(9.93046 0 0.269664)
(9.87362 0 0.360237)
(9.80118 0 0.453642)
(9.71344 0 0.551205)
(9.61039 0 0.654108)
(9.49189 0 0.763493)
(9.35777 0 0.880503)
(9.20775 0 1.00628)
(9.04147 0 1.14196)
(8.85849 0 1.28867)
(8.65828 0 1.44753)
(8.44023 0 1.61961)
(8.20358 0 1.80589)
(7.94746 0 2.00724)
(7.67078 0 2.22428)
(7.37215 0 2.45732)
(7.04977 0 2.7061)
(6.70124 0 2.96962)
(6.3233 0 3.24571)
(5.91158 0 3.53058)
(5.46028 0 3.8181)
(4.96191 0 4.09901)
(4.40729 0 4.35987)
(3.78627 0 4.58207)
(3.08744 0 4.74101)
(2.31259 0 4.80435)
(1.41056 0 4.74094)
(0.614269 0 4.44176)
(9.99352 0 0.0989906)
(9.97191 0 0.196576)
(9.93341 0 0.294191)
(9.87925 0 0.393411)
(9.81041 0 0.49575)
(9.72717 0 0.602582)
(9.62954 0 0.715177)
(9.51743 0 0.834757)
(9.3907 0 0.962541)
(9.24914 0 1.09975)
(9.09247 0 1.24759)
(8.9203 0 1.4073)
(8.73215 0 1.58008)
(8.52744 0 1.76712)
(8.30545 0 1.96958)
(8.06527 0 2.18851)
(7.80573 0 2.42483)
(7.52529 0 2.67922)
(7.22189 0 2.95198)
(6.89273 0 3.24288)
(6.53398 0 3.55085)
(6.1404 0 3.87356)
(5.70495 0 4.20676)
(5.21836 0 4.54342)
(4.66884 0 4.87245)
(4.0427 0 5.17694)
(3.32351 0 5.43223)
(2.50959 0 5.60183)
(1.54174 0 5.6433)
(0.663996 0 5.4178)
(9.99384 0 0.106702)
(9.9733 0 0.211996)
(9.9368 0 0.317497)
(9.88558 0 0.424849)
(9.82064 0 0.535582)
(9.74226 0 0.651113)
(9.65046 0 0.77278)
(9.54519 0 0.901879)
(9.42639 0 1.03969)
(9.29392 0 1.18752)
(9.14755 0 1.34663)
(8.98696 0 1.51836)
(8.81177 0 1.704)
(8.62145 0 1.90489)
(8.41533 0 2.12234)
(8.19254 0 2.35763)
(7.95189 0 2.61201)
(7.69178 0 2.8866)
(7.41003 0 3.18235)
(7.10361 0 3.49994)
(6.76829 0 3.83956)
(6.39825 0 4.20063)
(5.98544 0 4.58126)
(5.51893 0 4.9774)
(4.98418 0 5.38135)
(4.36303 0 5.77955)
(3.63164 0 6.14906)
(2.77987 0 6.4505)
(1.73325 0 6.62825)
(0.744734 0 6.50275)
(9.9942 0 0.114004)
(9.97487 0 0.226571)
(9.94056 0 0.339467)
(9.89252 0 0.454416)
(9.83174 0 0.572975)
(9.75852 0 0.6966)
(9.6729 0 0.826685)
(9.5749 0 0.964585)
(9.4645 0 1.11164)
(9.34164 0 1.26921)
(9.20618 0 1.43865)
(9.05789 0 1.62134)
(8.89647 0 1.8187)
(8.7215 0 2.03218)
(8.5324 0 2.26326)
(8.32838 0 2.51348)
(8.10836 0 2.7844)
(7.87082 0 3.07763)
(7.6136 0 3.3948)
(7.3337 0 3.73758)
(7.02686 0 4.10756)
(6.68705 0 4.50614)
(6.30575 0 4.93423)
(5.87089 0 5.39155)
(5.36552 0 5.87543)
(4.76658 0 6.37827)
(4.04034 0 6.88316)
(3.16108 0 7.35331)
(2.02443 0 7.72285)
(0.880565 0 7.75659)
(9.99459 0 0.120851)
(9.97657 0 0.24022)
(9.94462 0 0.360001)
(9.89996 0 0.481992)
(9.84357 0 0.607786)
(9.77576 0 0.738871)
(9.69664 0 0.876686)
(9.60625 0 1.02263)
(9.50466 0 1.17811)
(9.39187 0 1.34451)
(9.26784 0 1.52325)
(9.13245 0 1.71579)
(8.98551 0 1.92362)
(8.82672 0 2.14831)
(8.65566 0 2.39151)
(8.4717 0 2.65497)
(8.27395 0 2.94058)
(8.06109 0 3.25042)
(7.83126 0 3.58678)
(7.58176 0 3.95229)
(7.30872 0 4.34997)
(7.00654 0 4.7833)
(6.66705 0 5.25626)
(6.27823 0 5.77311)
(5.82213 0 6.33783)
(5.27205 0 6.9525)
(4.584 0 7.61362)
(3.70937 0 8.30072)
(2.48764 0 8.95774)
(1.12417 0 9.29243)
(9.99501 0 0.127208)
(9.97838 0 0.252879)
(9.94891 0 0.379013)
(9.9078 0 0.507477)
(9.85599 0 0.639896)
(9.79383 0 0.777789)
(9.72144 0 0.922625)
(9.63895 0 1.07585)
(9.54649 0 1.23888)
(9.44416 0 1.41316)
(9.33199 0 1.60015)
(9.20998 0 1.80136)
(9.07809 0 2.01834)
(8.93619 0 2.25277)
(8.78402 0 2.50641)
(8.6212 0 2.78122)
(8.44712 0 3.07935)
(8.26083 0 3.40327)
(8.06095 0 3.75588)
(7.84543 0 4.14064)
(7.61125 0 4.56184)
(7.35396 0 5.0249)
(7.06695 0 5.53675)
(6.74012 0 6.10639)
(6.35751 0 6.74549)
(5.89351 0 7.46912)
(5.30004 0 8.29641)
(4.50795 0 9.24783)
(3.26788 0 10.3412)
(1.60439 0 11.3578)
(9.99545 0 0.133047)
(9.98027 0 0.264497)
(9.95339 0 0.396433)
(9.91596 0 0.530777)
(9.86889 0 0.669185)
(9.81254 0 0.813197)
(9.74709 0 0.964306)
(9.67273 0 1.12398)
(9.58966 0 1.29366)
(9.49805 0 1.47483)
(9.39806 0 1.66895)
(9.28982 0 1.87757)
(9.17342 0 2.1023)
(9.04891 0 2.34486)
(8.91629 0 2.60712)
(8.77544 0 2.89116)
(8.62611 0 3.19934)
(8.46786 0 3.5344)
(8.29997 0 3.89966)
(8.12128 0 4.29922)
(7.93009 0 4.73829)
(7.72385 0 5.22371)
(7.49869 0 5.7647)
(7.24874 0 6.37409)
(6.96448 0 7.0703)
(6.63036 0 7.88114)
(6.21356 0 8.85201)
(5.66464 0 10.0658)
(4.6886 0 11.7304)
(2.68618 0 14.5896)
(0.119902 0 -0.118948)
(0.280956 0 -0.107253)
(0.443937 0 -0.0831871)
(0.578051 0 -0.0599822)
(0.67787 0 -0.0404282)
(0.747536 0 -0.0246676)
(0.792754 0 -0.0122892)
(0.818573 0 -0.00283089)
(0.829282 0 0.00409287)
(0.828595 0 0.0085911)
(0.819843 0 0.0110583)
(0.805841 0 0.0121354)
(0.788999 0 0.0122391)
(0.771158 0 0.0116761)
(0.753659 0 0.0106977)
(0.737416 0 0.00951405)
(0.722971 0 0.0082931)
(0.710551 0 0.00714657)
(0.700142 0 0.00613287)
(0.691554 0 0.0052821)
(0.684532 0 0.00457146)
(0.678775 0 0.00403725)
(0.673929 0 0.00366643)
(0.669628 0 0.00346682)
(0.665395 0 0.00345937)
(0.660648 0 0.00361179)
(0.654824 0 0.00382746)
(0.647599 0 0.00399401)
(0.639184 0 0.00390591)
(0.629098 0 0.00301756)
(0.103468 0 -0.280035)
(0.261631 0 -0.260799)
(0.415311 0 -0.20962)
(0.545207 0 -0.15878)
(0.64734 0 -0.115429)
(0.725478 0 -0.0801549)
(0.78443 0 -0.0521692)
(0.828345 0 -0.030491)
(0.860545 0 -0.0141804)
(0.883639 0 -0.00244518)
(0.899783 0 0.00554162)
(0.910423 0 0.0104298)
(0.917352 0 0.0128529)
(0.922323 0 0.0134349)
(0.926631 0 0.0127377)
(0.931145 0 0.011219)
(0.936353 0 0.00931523)
(0.942409 0 0.00737439)
(0.949223 0 0.00560911)
(0.956533 0 0.00412922)
(0.964192 0 0.00301433)
(0.972214 0 0.00213577)
(0.980457 0 0.00151091)
(0.988737 0 0.0012407)
(0.996725 0 0.00145687)
(1.00397 0 0.00223235)
(1.00989 0 0.00338335)
(1.0141 0 0.00447847)
(1.01682 0 0.00500021)
(1.01925 0 0.00431496)
(0.0828743 0 -0.443819)
(0.220426 0 -0.413163)
(0.344636 0 -0.335053)
(0.449672 0 -0.257933)
(0.532273 0 -0.192396)
(0.596151 0 -0.139145)
(0.645127 0 -0.0970241)
(0.68245 0 -0.0645402)
(0.71085 0 -0.0401325)
(0.732646 0 -0.0222773)
(0.749657 0 -0.00977154)
(0.763895 0 -0.00170047)
(0.776323 0 0.0028563)
(0.787192 0 0.00474491)
(0.79693 0 0.00474375)
(0.805942 0 0.00354233)
(0.814349 0 0.00170956)
(0.822325 0 -0.000278001)
(0.830136 0 -0.00205737)
(0.837999 0 -0.00345934)
(0.84592 0 -0.00442794)
(0.853803 0 -0.00514976)
(0.861749 0 -0.00560846)
(0.869842 0 -0.00566175)
(0.878104 0 -0.00510519)
(0.886401 0 -0.00382217)
(0.894603 0 -0.00202057)
(0.902596 0 -0.000180856)
(0.909986 0 0.0012452)
(0.917138 0 0.00181403)
(0.0628642 0 -0.575086)
(0.17374 0 -0.528141)
(0.261418 0 -0.426055)
(0.336659 0 -0.328274)
(0.394662 0 -0.246182)
(0.439784 0 -0.179746)
(0.474601 0 -0.127351)
(0.501281 0 -0.0870194)
(0.521735 0 -0.0566965)
(0.53753 0 -0.0345656)
(0.549904 0 -0.0193346)
(0.559948 0 -0.00969647)
(0.568569 0 -0.00421641)
(0.576396 0 -0.00163608)
(0.583468 0 -0.000993234)
(0.589679 0 -0.00154406)
(0.59522 0 -0.00273595)
(0.600041 0 -0.00413313)
(0.603998 0 -0.00543874)
(0.607051 0 -0.00648166)
(0.609242 0 -0.0072524)
(0.610714 0 -0.00775861)
(0.611729 0 -0.00806783)
(0.612542 0 -0.00807454)
(0.613342 0 -0.00747662)
(0.614217 0 -0.00618165)
(0.615078 0 -0.00455694)
(0.615598 0 -0.00322635)
(0.615563 0 -0.0021999)
(0.614703 0 -0.000646598)
(0.0420527 0 -0.675302)
(0.120638 0 -0.607503)
(0.16597 0 -0.485142)
(0.208863 0 -0.373362)
(0.239004 0 -0.280789)
(0.262799 0 -0.206242)
(0.281124 0 -0.147711)
(0.295053 0 -0.102803)
(0.305612 0 -0.0690268)
(0.313571 0 -0.044266)
(0.319411 0 -0.0271697)
(0.32354 0 -0.0160178)
(0.326579 0 -0.00905177)
(0.328806 0 -0.00548049)
(0.329889 0 -0.00439274)
(0.329525 0 -0.00455235)
(0.327654 0 -0.00505639)
(0.324146 0 -0.00551998)
(0.318973 0 -0.00590466)
(0.312245 0 -0.00630206)
(0.30413 0 -0.00681915)
(0.294774 0 -0.00730483)
(0.284469 0 -0.00761088)
(0.273609 0 -0.00763929)
(0.262487 0 -0.00713634)
(0.251808 0 -0.00544225)
(0.239937 0 -0.00240809)
(0.225284 0 0.000533049)
(0.20885 0 0.00234)
(0.192088 0 0.00337086)
(0.0197707 0 -0.738829)
(0.0604007 0 -0.64654)
(0.05908 0 -0.507871)
(0.0673493 0 -0.388668)
(0.0664237 0 -0.290857)
(0.0659128 0 -0.2127)
(0.0645454 0 -0.15188)
(0.062645 0 -0.105557)
(0.0603807 0 -0.0707881)
(0.0577494 0 -0.044918)
(0.0545767 0 -0.0273106)
(0.0498131 0 -0.0172613)
(0.0435812 0 -0.0111421)
(0.0356258 0 -0.00620966)
(0.0236134 0 -0.00246423)
(0.00952264 0 -0.000447658)
(-0.00639217 0 0.000472501)
(-0.0239801 0 0.00117456)
(-0.0438108 0 0.00222324)
(-0.066262 0 0.00367538)
(-0.0912054 0 0.00500594)
(-0.117757 0 0.00574713)
(-0.144459 0 0.00580607)
(-0.169931 0 0.00544114)
(-0.193551 0 0.005285)
(-0.214621 0 0.00648028)
(-0.229014 0 0.00910596)
(-0.238508 0 0.0115218)
(-0.248808 0 0.0118025)
(-0.257919 0 0.00950423)
(-0.00560312 0 -0.758351)
(-0.00877328 0 -0.639021)
(-0.0581343 0 -0.489578)
(-0.0888445 0 -0.369842)
(-0.123758 0 -0.272991)
(-0.153561 0 -0.19737)
(-0.180037 0 -0.139998)
(-0.203435 0 -0.0972916)
(-0.224445 0 -0.0652939)
(-0.24375 0 -0.0396482)
(-0.263863 0 -0.0181407)
(-0.294224 0 -0.00268204)
(-0.327417 0 0.00590714)
(-0.356972 0 0.0111522)
(-0.382899 0 0.0146593)
(-0.407554 0 0.0165145)
(-0.431508 0 0.0174911)
(-0.454394 0 0.0184422)
(-0.475718 0 0.0197517)
(-0.495516 0 0.0212335)
(-0.514423 0 0.022236)
(-0.533333 0 0.0221088)
(-0.552449 0 0.0207334)
(-0.57108 0 0.018483)
(-0.58827 0 0.0159614)
(-0.603228 0 0.0139433)
(-0.615157 0 0.0132741)
(-0.624272 0 0.0137948)
(-0.631943 0 0.0136652)
(-0.637092 0 0.0121677)
(-0.037239 0 -0.725807)
(-0.0887066 0 -0.582453)
(-0.185086 0 -0.432026)
(-0.260822 0 -0.316652)
(-0.333807 0 -0.226186)
(-0.398765 0 -0.156658)
(-0.457241 0 -0.103784)
(-0.510587 0 -0.0631503)
(-0.559969 0 -0.0313226)
(-0.606093 0 -0.00646638)
(-0.644219 0 0.011845)
(-0.669693 0 0.0232673)
(-0.692163 0 0.028909)
(-0.714462 0 0.0311649)
(-0.736354 0 0.0320466)
(-0.757867 0 0.0321812)
(-0.778974 0 0.0316802)
(-0.799421 0 0.0309795)
(-0.818823 0 0.0306088)
(-0.837 0 0.0307791)
(-0.854194 0 0.031131)
(-0.870919 0 0.0309156)
(-0.887415 0 0.0295404)
(-0.903355 0 0.0269659)
(-0.918042 0 0.0237566)
(-0.930774 0 0.0208556)
(-0.941068 0 0.0190959)
(-0.949115 0 0.0182782)
(-0.955408 0 0.0172719)
(-0.958896 0 0.0158653)
(-0.0755185 0 -0.638783)
(-0.176688 0 -0.476058)
(-0.324972 0 -0.32993)
(-0.44876 0 -0.224024)
(-0.561223 0 -0.145668)
(-0.658389 0 -0.0871619)
(-0.741273 0 -0.0439224)
(-0.81137 0 -0.0128433)
(-0.866392 0 0.00830445)
(-0.906968 0 0.0224244)
(-0.938445 0 0.0320402)
(-0.965396 0 0.0387992)
(-0.989097 0 0.0431327)
(-1.01094 0 0.0453009)
(-1.03173 0 0.0460497)
(-1.05191 0 0.0458781)
(-1.0716 0 0.0449967)
(-1.09061 0 0.0437366)
(-1.10863 0 0.0425909)
(-1.12555 0 0.041888)
(-1.14161 0 0.041448)
(-1.15722 0 0.0405977)
(-1.17253 0 0.0385901)
(-1.18717 0 0.0351357)
(-1.20037 0 0.030713)
(-1.21147 0 0.0264232)
(-1.22026 0 0.0233007)
(-1.22716 0 0.0214108)
(-1.23246 0 0.0200011)
(-1.23513 0 0.0188835)
(-0.124442 0 -0.493444)
(-0.280018 0 -0.320127)
(-0.481409 0 -0.188809)
(-0.649878 0 -0.0991616)
(-0.795412 0 -0.0379328)
(-0.909957 0 -0.000352375)
(-0.996888 0 0.0224152)
(-1.06204 0 0.036309)
(-1.11319 0 0.0452922)
(-1.15498 0 0.0516706)
(-1.1895 0 0.0562589)
(-1.21842 0 0.0591273)
(-1.24313 0 0.0604212)
(-1.26502 0 0.0605946)
(-1.28525 0 0.0601196)
(-1.3046 0 0.0591082)
(-1.32332 0 0.0574569)
(-1.34119 0 0.0553065)
(-1.3579 0 0.0531855)
(-1.37346 0 0.0516256)
(-1.38835 0 0.0506105)
(-1.40308 0 0.0494123)
(-1.41775 0 0.0470068)
(-1.43176 0 0.042797)
(-1.44407 0 0.0371754)
(-1.45392 0 0.0314498)
(-1.46134 0 0.026976)
(-1.46707 0 0.0241377)
(-1.47145 0 0.0224178)
(-1.47354 0 0.0214947)
(-0.19553 0 -0.292685)
(-0.429117 0 -0.106798)
(-0.688116 0 0.013793)
(-0.873948 0 0.0625785)
(-1.01477 0 0.0798985)
(-1.12357 0 0.0852416)
(-1.20911 0 0.0861392)
(-1.27669 0 0.085223)
(-1.33048 0 0.0837023)
(-1.37378 0 0.082235)
(-1.40922 0 0.0809528)
(-1.43866 0 0.0794399)
(-1.46341 0 0.0774668)
(-1.48477 0 0.0753906)
(-1.50413 0 0.0735751)
(-1.52261 0 0.07178)
(-1.54051 0 0.0694115)
(-1.5574 0 0.0663062)
(-1.57281 0 0.0630853)
(-1.58692 0 0.0606288)
(-1.60051 0 0.0591564)
(-1.61445 0 0.0578159)
(-1.62881 0 0.0551628)
(-1.64267 0 0.0501797)
(-1.65452 0 0.0431694)
(-1.66335 0 0.0357921)
(-1.66942 0 0.0299377)
(-1.67388 0 0.0263311)
(-1.67732 0 0.0244594)
(-1.67893 0 0.0237015)
(-0.296571 0 0.0725648)
(-0.577452 0 0.209019)
(-0.852569 0 0.224992)
(-1.0517 0 0.214281)
(-1.20326 0 0.193644)
(-1.31814 0 0.171639)
(-1.40576 0 0.152158)
(-1.47348 0 0.135951)
(-1.52636 0 0.122831)
(-1.56827 0 0.112911)
(-1.60246 0 0.10566)
(-1.63092 0 0.0996954)
(-1.6546 0 0.0941646)
(-1.67453 0 0.0894972)
(-1.69238 0 0.0862467)
(-1.70971 0 0.0838135)
(-1.72684 0 0.0808403)
(-1.74292 0 0.0766727)
(-1.75704 0 0.072126)
(-1.76947 0 0.0686967)
(-1.78155 0 0.0669855)
(-1.79468 0 0.0659014)
(-1.80907 0 0.063326)
(-1.82328 0 0.0576104)
(-1.83507 0 0.0489303)
(-1.84299 0 0.0395115)
(-1.84751 0 0.0321161)
(-1.85047 0 0.0279027)
(-1.85289 0 0.0260728)
(-1.85407 0 0.025474)
(-0.369047 0 0.510002)
(-0.708654 0 0.539433)
(-1.03289 0 0.462074)
(-1.24833 0 0.382105)
(-1.40173 0 0.31452)
(-1.51221 0 0.258348)
(-1.59362 0 0.215692)
(-1.65568 0 0.183995)
(-1.7035 0 0.159439)
(-1.7408 0 0.141299)
(-1.77144 0 0.128733)
(-1.79759 0 0.118864)
(-1.8193 0 0.109677)
(-1.83684 0 0.10207)
(-1.8523 0 0.0974567)
(-1.86809 0 0.0948994)
(-1.8846 0 0.0917394)
(-1.90014 0 0.0864438)
(-1.91294 0 0.0801824)
(-1.92327 0 0.075573)
(-1.93338 0 0.0739082)
(-1.94562 0 0.0736908)
(-1.96038 0 0.0717182)
(-1.97557 0 0.0653769)
(-1.98777 0 0.0546314)
(-1.99476 0 0.042561)
(-1.99733 0 0.0333219)
(-1.99838 0 0.0287119)
(-1.99966 0 0.0272408)
(-2.00047 0 0.0268301)
(-0.492622 0 1.03017)
(-0.924569 0 0.945475)
(-1.28506 0 0.724471)
(-1.48507 0 0.545985)
(-1.61785 0 0.426393)
(-1.70977 0 0.332921)
(-1.77406 0 0.269172)
(-1.82371 0 0.226666)
(-1.86254 0 0.19246)
(-1.892 0 0.165879)
(-1.91679 0 0.148713)
(-1.93974 0 0.136087)
(-1.95903 0 0.123436)
(-1.97312 0 0.112585)
(-1.98485 0 0.106987)
(-1.99846 0 0.105468)
(-2.01471 0 0.102969)
(-2.0303 0 0.0963681)
(-2.04178 0 0.0875086)
(-2.0493 0 0.0811033)
(-2.05662 0 0.0797535)
(-2.0677 0 0.0812653)
(-2.0833 0 0.0806637)
(-2.1003 0 0.073873)
(-2.11354 0 0.0604884)
(-2.11949 0 0.0448114)
(-2.11937 0 0.0331997)
(-2.11783 0 0.0285212)
(-2.11785 0 0.0279884)
(-2.11839 0 0.0278663)
(-0.728856 0 2.05345)
(-1.26558 0 1.62119)
(-1.65038 0 1.01952)
(-1.78001 0 0.63123)
(-1.8541 0 0.497247)
(-1.91003 0 0.387636)
(-1.94198 0 0.313422)
(-1.97338 0 0.26513)
(-2.00303 0 0.217451)
(-2.02234 0 0.178386)
(-2.03797 0 0.160301)
(-2.05679 0 0.1507)
(-2.07381 0 0.136582)
(-2.08331 0 0.121311)
(-2.08928 0 0.113847)
(-2.09988 0 0.114487)
(-2.11675 0 0.113639)
(-2.13365 0 0.105316)
(-2.1439 0 0.0924752)
(-2.14732 0 0.0834615)
(-2.15035 0 0.0831777)
(-2.15971 0 0.0881482)
(-2.17674 0 0.0903513)
(-2.19672 0 0.0835534)
(-2.21185 0 0.0667836)
(-2.21653 0 0.0460406)
(-2.21246 0 0.0311422)
(-2.2072 0 0.0269298)
(-2.20584 0 0.0284157)
(-2.20636 0 0.0288615)
(9.9959 0 0.138442)
(9.98225 0 0.275231)
(9.95811 0 0.412514)
(9.92454 0 0.55226)
(9.88243 0 0.696144)
(9.83217 0 0.845722)
(9.774 0 1.0025)
(9.70817 0 1.16795)
(9.63495 0 1.34354)
(9.55461 0 1.53073)
(9.46743 0 1.73101)
(9.37368 0 1.94594)
(9.27361 0 2.17714)
(9.16748 0 2.42636)
(9.05554 0 2.69551)
(8.93802 0 2.98672)
(8.8151 0 3.30245)
(8.68692 0 3.64559)
(8.55354 0 4.01965)
(8.41497 0 4.42901)
(8.27113 0 4.87932)
(8.12191 0 5.37804)
(7.96723 0 5.93533)
(7.80736 0 6.56556)
(7.64348 0 7.2898)
(7.48055 0 8.14062)
(7.33175 0 9.17199)
(7.28701 0 10.4774)
(7.74362 0 12.2016)
(7.92233 0 14.9195)
(9.99638 0 0.143401)
(9.98434 0 0.285085)
(9.96306 0 0.427241)
(9.93352 0 0.571868)
(9.89657 0 0.720657)
(9.85263 0 0.875167)
(9.80198 0 1.03691)
(9.74494 0 1.20735)
(9.68186 0 1.38795)
(9.61312 0 1.58018)
(9.53911 0 1.78549)
(9.46023 0 2.00544)
(9.37693 0 2.24163)
(9.28969 0 2.49578)
(9.19903 0 2.76978)
(9.10552 0 3.06575)
(9.00982 0 3.38612)
(8.91268 0 3.73373)
(8.81501 0 4.11204)
(8.71798 0 4.52531)
(8.6232 0 4.97895)
(8.53304 0 5.48001)
(8.4512 0 6.03781)
(8.38393 0 6.66494)
(8.34239 0 7.37863)
(8.34862 0 8.2023)
(8.4414 0 9.16613)
(8.67657 0 10.3034)
(9.32279 0 11.5591)
(9.81164 0 12.6496)
(9.99688 0 0.147838)
(9.98651 0 0.293896)
(9.96819 0 0.44039)
(9.94283 0 0.589336)
(9.91122 0 0.742428)
(9.87378 0 0.901219)
(9.83087 0 1.0672)
(9.78285 0 1.24184)
(9.73016 0 1.42657)
(9.67326 0 1.62281)
(9.61266 0 1.832)
(9.54893 0 2.05564)
(9.48267 0 2.29528)
(9.41458 0 2.55257)
(9.34547 0 2.82932)
(9.27625 0 3.12753)
(9.20802 0 3.44946)
(9.14211 0 3.79777)
(9.08023 0 4.17556)
(9.02457 0 4.58661)
(8.97815 0 5.03551)
(8.94526 0 5.52794)
(8.93217 0 6.07089)
(8.9484 0 6.67278)
(9.00844 0 7.34304)
(9.13441 0 8.09036)
(9.35732 0 8.91665)
(9.68669 0 9.8109)
(10.2525 0 10.7219)
(10.9402 0 11.44)
(9.9974 0 0.151699)
(9.98874 0 0.301557)
(9.97347 0 0.451796)
(9.95239 0 0.604433)
(9.92624 0 0.761157)
(9.89545 0 0.923501)
(9.86043 0 1.09294)
(9.82159 0 1.27089)
(9.77945 0 1.45877)
(9.73455 0 1.65793)
(9.68751 0 1.86977)
(9.63903 0 2.09569)
(9.58988 0 2.33715)
(9.54097 0 2.5957)
(9.49335 0 2.87299)
(9.44825 0 3.17082)
(9.40715 0 3.4912)
(9.37189 0 3.83639)
(9.34475 0 4.20898)
(9.32872 0 4.61193)
(9.32771 0 5.04866)
(9.34704 0 5.52301)
(9.39394 0 6.03911)
(9.47832 0 6.60094)
(9.6134 0 7.21129)
(9.816 0 7.86984)
(10.1089 0 8.56955)
(10.5009 0 9.29578)
(11.0588 0 10.0384)
(11.8525 0 10.6843)
(9.99792 0 0.154938)
(9.99101 0 0.307975)
(9.97884 0 0.461322)
(9.96212 0 0.616983)
(9.94151 0 0.776624)
(9.91746 0 0.941752)
(9.89041 0 1.1138)
(9.86083 0 1.29416)
(9.8293 0 1.48415)
(9.79643 0 1.6851)
(9.76295 0 1.89829)
(9.72967 0 2.12504)
(9.69751 0 2.36667)
(9.66754 0 2.62457)
(9.64102 0 2.90019)
(9.61943 0 3.19506)
(9.60455 0 3.51083)
(9.59857 0 3.84929)
(9.60416 0 4.21235)
(9.62473 0 4.60207)
(9.66459 0 5.02054)
(9.72927 0 5.4698)
(9.82584 0 5.95145)
(9.96328 0 6.4662)
(10.1526 0 7.01298)
(10.407 0 7.58793)
(10.7437 0 8.18293)
(11.1744 0 8.78331)
(11.7222 0 9.37748)
(12.4761 0 9.89053)
(9.99845 0 0.157512)
(9.9933 0 0.313065)
(9.98427 0 0.468842)
(9.97194 0 0.626818)
(9.9569 0 0.788627)
(9.93962 0 0.955734)
(9.92055 0 1.12953)
(9.90023 0 1.31132)
(9.87926 0 1.50239)
(9.85835 0 1.70396)
(9.83828 0 1.91721)
(9.81996 0 2.14332)
(9.80442 0 2.38347)
(9.79288 0 2.63885)
(9.78673 0 2.91066)
(9.78764 0 3.20012)
(9.79756 0 3.50847)
(9.81887 0 3.83697)
(9.85443 0 4.18683)
(9.90773 0 4.55919)
(9.98306 0 4.95494)
(10.0856 0 5.37456)
(10.2218 0 5.81779)
(10.3991 0 6.28318)
(10.6264 0 6.76749)
(10.9134 0 7.26493)
(11.2713 0 7.76629)
(11.7081 0 8.256)
(12.2247 0 8.71736)
(12.9013 0 9.10883)
(9.99898 0 0.15938)
(9.9956 0 0.316749)
(9.98971 0 0.474243)
(9.98176 0 0.633792)
(9.97229 0 0.796985)
(9.96174 0 0.965236)
(9.9506 0 1.13987)
(9.93943 0 1.32213)
(9.92888 0 1.51321)
(9.9197 0 1.71422)
(9.91273 0 1.92623)
(9.90895 0 2.15027)
(9.90948 0 2.38735)
(9.91559 0 2.63842)
(9.92879 0 2.90442)
(9.95082 0 3.18624)
(9.9837 0 3.4847)
(10.0299 0 3.80052)
(10.0921 0 4.13426)
(10.1738 0 4.48622)
(10.2789 0 4.8563)
(10.4121 0 5.2438)
(10.5785 0 5.64716)
(10.7842 0 6.06355)
(11.0356 0 6.4885)
(11.3391 0 6.91531)
(11.7008 0 7.33463)
(12.1249 0 7.73302)
(12.6054 0 8.09591)
(13.2115 0 8.40274)
(9.99951 0 0.160511)
(9.99789 0 0.318963)
(9.9951 0 0.477427)
(9.99151 0 0.637778)
(9.98753 0 0.801547)
(9.98362 0 0.970085)
(9.98027 0 1.14464)
(9.97807 0 1.32639)
(9.97769 0 1.51641)
(9.9799 0 1.7157)
(9.98558 0 1.92521)
(9.99576 0 2.1458)
(10.0116 0 2.37828)
(10.0343 0 2.62339)
(10.0656 0 2.88179)
(10.1071 0 3.15402)
(10.1608 0 3.44052)
(10.229 0 3.7415)
(10.3144 0 4.05696)
(10.4201 0 4.38652)
(10.5494 0 4.72932)
(10.7062 0 5.08383)
(10.8946 0 5.44767)
(11.119 0 5.81732)
(11.3836 0 6.18787)
(11.6922 0 6.55276)
(12.0477 0 6.9037)
(12.4517 0 7.23037)
(12.8964 0 7.52159)
(13.4401 0 7.76603)
(10 0 0.160875)
(10.0001 0 0.319649)
(10.0004 0 0.478316)
(10.0011 0 0.638677)
(10.0025 0 0.802196)
(10.0051 0 0.970153)
(10.0093 0 1.14372)
(10.0158 0 1.32396)
(10.0252 0 1.51187)
(10.0384 0 1.70832)
(10.0561 0 1.9141)
(10.0795 0 2.12994)
(10.1097 0 2.35643)
(10.1479 0 2.59409)
(10.1957 0 2.84332)
(10.2548 0 3.10435)
(10.3269 0 3.37724)
(10.4143 0 3.6618)
(10.5194 0 3.95756)
(10.6446 0 4.26363)
(10.7929 0 4.57863)
(10.9672 0 4.90053)
(11.1705 0 5.22655)
(11.4058 0 5.55296)
(11.6757 0 5.87502)
(11.9821 0 6.18687)
(12.3258 0 6.48162)
(12.7065 0 6.75145)
(13.1166 0 6.98797)
(13.6048 0 7.18433)
(10.0005 0 0.160452)
(10.0023 0 0.318768)
(10.0056 0 0.476849)
(10.0104 0 0.636413)
(10.0171 0 0.798849)
(10.0259 0 0.965354)
(10.0375 0 1.13701)
(10.0523 0 1.31479)
(10.0711 0 1.49957)
(10.0946 0 1.69209)
(10.1237 0 1.89302)
(10.1594 0 2.10289)
(10.2028 0 2.32214)
(10.2552 0 2.55106)
(10.3179 0 2.78981)
(10.3925 0 3.03834)
(10.4807 0 3.29641)
(10.5844 0 3.5635)
(10.7055 0 3.8388)
(10.8463 0 4.12106)
(11.0088 0 4.40859)
(11.1953 0 4.69915)
(11.4078 0 4.98984)
(11.6482 0 5.27708)
(11.9178 0 5.55658)
(12.2171 0 5.82335)
(12.5457 0 6.07186)
(12.9023 0 6.29619)
(13.2798 0 6.4903)
(13.7201 0 6.65)
(10.001 0 0.159226)
(10.0044 0 0.316289)
(10.0106 0 0.472986)
(10.0194 0 0.630942)
(10.0311 0 0.791459)
(10.0459 0 0.95565)
(10.0645 0 1.1245)
(10.0872 0 1.29888)
(10.1148 0 1.47955)
(10.148 0 1.66714)
(10.1877 0 1.86216)
(10.2347 0 2.065)
(10.2902 0 2.27591)
(10.3553 0 2.49501)
(10.4312 0 2.72222)
(10.5193 0 2.95729)
(10.6211 0 3.19973)
(10.7382 0 3.44879)
(10.8722 0 3.70339)
(11.0247 0 3.96213)
(11.1974 0 4.22316)
(11.3917 0 4.48419)
(11.609 0 4.74245)
(11.85 0 4.99468)
(12.1153 0 5.23717)
(12.4046 0 5.4658)
(12.7166 0 5.67624)
(13.0497 0 5.86413)
(13.3975 0 6.02522)
(13.7965 0 6.15699)
(10.0015 0 0.15719)
(10.0065 0 0.312198)
(10.0154 0 0.46671)
(10.028 0 0.622247)
(10.0445 0 0.78002)
(10.065 0 0.94105)
(10.0901 0 1.10623)
(10.1203 0 1.27632)
(10.1561 0 1.45197)
(10.1983 0 1.63369)
(10.2476 0 1.82185)
(10.3049 0 2.01671)
(10.3712 0 2.21837)
(10.4475 0 2.42676)
(10.5348 0 2.64165)
(10.6344 0 2.86261)
(10.7475 0 3.08897)
(10.8754 0 3.31982)
(11.0192 0 3.55396)
(11.1803 0 3.7899)
(11.3597 0 4.02578)
(11.5582 0 4.25942)
(11.7767 0 4.48829)
(12.0152 0 4.70952)
(12.2736 0 4.92)
(12.5512 0 5.11644)
(12.8463 0 5.29553)
(13.1571 0 5.4541)
(13.4781 0 5.58922)
(13.8418 0 5.69938)
(10.0019 0 0.154342)
(10.0084 0 0.306495)
(10.0199 0 0.458023)
(10.0361 0 0.610339)
(10.0571 0 0.764559)
(10.083 0 0.921608)
(10.1142 0 1.08228)
(10.1512 0 1.24724)
(10.1946 0 1.41702)
(10.245 0 1.59203)
(10.3031 0 1.77251)
(10.3696 0 1.95858)
(10.4454 0 2.15023)
(10.5313 0 2.34725)
(10.6284 0 2.54928)
(10.7375 0 2.75574)
(10.8596 0 2.96588)
(10.9958 0 3.17869)
(11.1469 0 3.39293)
(11.3137 0 3.6071)
(11.4969 0 3.81944)
(11.6969 0 4.02795)
(11.9139 0 4.23038)
(12.1476 0 4.42432)
(12.3976 0 4.60722)
(12.6627 0 4.77649)
(12.9412 0 4.92965)
(13.2314 0 5.06442)
(13.5285 0 5.17882)
(13.8617 0 5.27199)
(10.0024 0 0.150688)
(10.0102 0 0.299193)
(10.0241 0 0.44695)
(10.0438 0 0.595261)
(10.0689 0 0.745141)
(10.0997 0 0.897425)
(10.1366 0 1.05281)
(10.18 0 1.21186)
(10.2302 0 1.375)
(10.288 0 1.54253)
(10.3538 0 1.71461)
(10.4283 0 1.89125)
(10.5123 0 2.0723)
(10.6065 0 2.25748)
(10.7116 0 2.44631)
(10.8284 0 2.63815)
(10.9576 0 2.83218)
(11.1 0 3.02737)
(11.256 0 3.22249)
(11.4262 0 3.41611)
(11.6108 0 3.60663)
(11.8101 0 3.79226)
(12.0237 0 3.97107)
(12.2512 0 4.14106)
(12.4918 0 4.30019)
(12.7442 0 4.44646)
(13.0069 0 4.57804)
(13.2781 0 4.69332)
(13.5539 0 4.79096)
(13.8606 0 4.87054)
(10.0027 0 0.146242)
(10.0119 0 0.290317)
(10.0281 0 0.433535)
(10.0508 0 0.577077)
(10.0798 0 0.721865)
(10.1152 0 0.868636)
(10.1572 0 1.01799)
(10.2062 0 1.17041)
(10.2627 0 1.32623)
(10.3269 0 1.48564)
(10.3995 0 1.64872)
(10.4811 0 1.81539)
(10.572 0 1.98542)
(10.673 0 2.15844)
(10.7846 0 2.33394)
(10.9074 0 2.51123)
(11.0419 0 2.68946)
(11.1884 0 2.86763)
(11.3475 0 3.04457)
(11.5191 0 3.21898)
(11.7034 0 3.38941)
(11.9002 0 3.55431)
(12.1091 0 3.71208)
(12.3294 0 3.86108)
(12.5602 0 3.99969)
(12.8002 0 4.12642)
(13.048 0 4.23991)
(13.3018 0 4.33905)
(13.5586 0 4.42296)
(13.8424 0 4.49149)
(10.0031 0 0.14102)
(10.0134 0 0.279907)
(10.0317 0 0.417837)
(10.0573 0 0.555879)
(10.0898 0 0.694855)
(10.1293 0 0.835414)
(10.1759 0 0.97807)
(10.23 0 1.12321)
(10.2919 0 1.27109)
(10.3619 0 1.42183)
(10.4403 0 1.57542)
(10.5277 0 1.73171)
(10.6244 0 1.89043)
(10.731 0 2.05116)
(10.8477 0 2.21335)
(10.9749 0 2.3763)
(11.113 0 2.5392)
(11.2622 0 2.70108)
(11.4226 0 2.86088)
(11.5942 0 3.01742)
(11.7767 0 3.16944)
(11.9699 0 3.31564)
(12.1731 0 3.45468)
(12.3857 0 3.58526)
(12.6066 0 3.70612)
(12.8347 0 3.81614)
(13.0685 0 3.91435)
(13.3067 0 3.99998)
(13.5465 0 4.07248)
(13.8101 0 4.13186)
(10.0034 0 0.135048)
(10.0148 0 0.268009)
(10.035 0 0.399934)
(10.0632 0 0.531777)
(10.0988 0 0.664264)
(10.142 0 0.797958)
(10.1927 0 0.933293)
(10.2513 0 1.07058)
(10.3179 0 1.20999)
(10.3927 0 1.35159)
(10.4761 0 1.49531)
(10.5684 0 1.64095)
(10.6698 0 1.7882)
(10.7806 0 1.93661)
(10.9012 0 2.08563)
(11.0316 0 2.23459)
(11.172 0 2.38271)
(11.3224 0 2.52911)
(11.4829 0 2.67283)
(11.6531 0 2.81283)
(11.8328 0 2.94804)
(12.0215 0 3.07738)
(12.2186 0 3.19975)
(12.4232 0 3.31413)
(12.6344 0 3.41956)
(12.8511 0 3.51522)
(13.072 0 3.6004)
(13.296 0 3.6746)
(13.5206 0 3.73749)
(13.7665 0 3.78918)
(10.0037 0 0.128353)
(10.0161 0 0.254682)
(10.0379 0 0.379915)
(10.0684 0 0.504896)
(10.1069 0 0.630261)
(10.1533 0 0.75649)
(10.2076 0 0.883943)
(10.27 0 1.01286)
(10.3407 0 1.14336)
(10.4196 0 1.27544)
(10.5071 0 1.409)
(10.6033 0 1.5438)
(10.7084 0 1.67951)
(10.8225 0 1.81569)
(10.9457 0 1.9518)
(11.0781 0 2.08719)
(11.2197 0 2.22116)
(11.3703 0 2.35292)
(11.5298 0 2.4816)
(11.6978 0 2.60634)
(11.8739 0 2.72622)
(12.0576 0 2.84035)
(12.2482 0 2.94786)
(12.4449 0 3.04795)
(12.6468 0 3.13991)
(12.8528 0 3.22311)
(13.0618 0 3.29709)
(13.2728 0 3.36152)
(13.4839 0 3.41621)
(13.7141 0 3.46132)
(10.004 0 0.120966)
(10.0172 0 0.239989)
(10.0405 0 0.357878)
(10.0731 0 0.475375)
(10.114 0 0.593028)
(10.1632 0 0.711244)
(10.2207 0 0.830314)
(10.2864 0 0.950416)
(10.3604 0 1.07162)
(10.4428 0 1.19389)
(10.5336 0 1.31708)
(10.6329 0 1.44094)
(10.7407 0 1.56514)
(10.8571 0 1.68925)
(10.9821 0 1.81275)
(11.1155 0 1.93506)
(11.2573 0 2.05554)
(11.4072 0 2.17348)
(11.5649 0 2.28815)
(11.73 0 2.39881)
(11.9021 0 2.5047)
(12.0805 0 2.6051)
(12.2646 0 2.69933)
(12.4535 0 2.78677)
(12.6465 0 2.86688)
(12.8425 0 2.93922)
(13.0407 0 3.00347)
(13.24 0 3.05944)
(13.4389 0 3.10704)
(13.6553 0 3.14645)
(10.0042 0 0.11292)
(10.0182 0 0.223995)
(10.0428 0 0.333927)
(10.0771 0 0.443357)
(10.1202 0 0.552756)
(10.1718 0 0.66246)
(10.2319 0 0.7727)
(10.3004 0 0.883604)
(10.3772 0 0.995201)
(10.4623 0 1.10742)
(10.5557 0 1.2201)
(10.6574 0 1.333)
(10.7672 0 1.44577)
(10.8851 0 1.55803)
(11.011 0 1.66929)
(11.1447 0 1.77902)
(11.286 0 1.88666)
(11.4345 0 1.9916)
(11.5899 0 2.09322)
(11.7518 0 2.19089)
(11.9195 0 2.284)
(12.0925 0 2.37198)
(12.2702 0 2.45428)
(12.4517 0 2.53044)
(12.6362 0 2.60007)
(12.8231 0 2.66285)
(13.0113 0 2.71859)
(13.2001 0 2.76716)
(13.3882 0 2.80855)
(13.5922 0 2.84296)
(10.0044 0 0.104249)
(10.019 0 0.206769)
(10.0448 0 0.308165)
(10.0807 0 0.408988)
(10.1256 0 0.509634)
(10.1792 0 0.610377)
(10.2415 0 0.711393)
(10.3123 0 0.812768)
(10.3913 0 0.914499)
(10.4786 0 1.0165)
(10.574 0 1.11859)
(10.6773 0 1.22054)
(10.7885 0 1.32202)
(10.9072 0 1.42267)
(11.0334 0 1.52206)
(11.1668 0 1.61973)
(11.307 0 1.71517)
(11.4537 0 1.80788)
(11.6064 0 1.89733)
(11.7647 0 1.983)
(11.928 0 2.0644)
(12.0957 0 2.14108)
(12.2671 0 2.21263)
(12.4416 0 2.27869)
(12.6184 0 2.33897)
(12.7968 0 2.39328)
(12.9761 0 2.44147)
(13.1554 0 2.4835)
(13.3338 0 2.5194)
(13.5269 0 2.54935)
(10.0046 0 0.0949829)
(10.0198 0 0.188375)
(10.0466 0 0.280694)
(10.0837 0 0.37241)
(10.1302 0 0.463847)
(10.1855 0 0.555224)
(10.2496 0 0.646668)
(10.3222 0 0.738231)
(10.4031 0 0.829887)
(10.492 0 0.921533)
(10.5888 0 1.013)
(10.6933 0 1.10406)
(10.8052 0 1.19441)
(10.9243 0 1.28373)
(11.0503 0 1.37164)
(11.1828 0 1.45774)
(11.3216 0 1.54159)
(11.4661 0 1.62277)
(11.616 0 1.70084)
(11.7706 0 1.77539)
(11.9295 0 1.84603)
(12.0921 0 1.9124)
(12.2576 0 1.97418)
(12.4256 0 2.03112)
(12.5953 0 2.08302)
(12.766 0 2.12973)
(12.9372 0 2.17118)
(13.1081 0 2.20737)
(13.2778 0 2.23834)
(13.4612 0 2.26428)
(10.0047 0 0.0851512)
(10.0204 0 0.168872)
(10.0481 0 0.251608)
(10.0863 0 0.333754)
(10.1341 0 0.415569)
(10.1908 0 0.497215)
(10.2564 0 0.57878)
(10.3304 0 0.660286)
(10.4126 0 0.741691)
(10.5028 0 0.822887)
(10.6006 0 0.903713)
(10.7058 0 0.983952)
(10.818 0 1.06335)
(10.937 0 1.1416)
(11.0624 0 1.21839)
(11.1939 0 1.29337)
(11.3309 0 1.36618)
(11.4732 0 1.43646)
(11.6201 0 1.50387)
(11.7711 0 1.56807)
(11.9258 0 1.62875)
(12.0835 0 1.68564)
(12.2436 0 1.7385)
(12.4056 0 1.78715)
(12.5689 0 1.83144)
(12.7327 0 1.87128)
(12.8966 0 1.90665)
(13.0601 0 1.93755)
(13.2222 0 1.96405)
(13.3972 0 1.98632)
(10.0049 0 0.0747739)
(10.021 0 0.148305)
(10.0494 0 0.220985)
(10.0886 0 0.293138)
(10.1374 0 0.364957)
(10.1953 0 0.436549)
(10.262 0 0.507969)
(10.3371 0 0.579216)
(10.4204 0 0.650237)
(10.5114 0 0.720924)
(10.6098 0 0.791126)
(10.7153 0 0.860648)
(10.8276 0 0.929263)
(10.9462 0 0.996716)
(11.0708 0 1.06273)
(11.201 0 1.12702)
(11.3362 0 1.18929)
(11.4761 0 1.24924)
(11.6201 0 1.30661)
(11.7677 0 1.36112)
(11.9185 0 1.41254)
(12.0717 0 1.46065)
(12.2269 0 1.50529)
(12.3835 0 1.54633)
(12.541 0 1.58365)
(12.6987 0 1.61723)
(12.8563 0 1.64703)
(13.0132 0 1.67311)
(13.1687 0 1.69551)
(13.3362 0 1.7144)
(10.005 0 0.0638579)
(10.0215 0 0.126698)
(10.0506 0 0.188883)
(10.0906 0 0.250658)
(10.1403 0 0.312131)
(10.1992 0 0.373358)
(10.2668 0 0.434362)
(10.3427 0 0.495133)
(10.4267 0 0.555611)
(10.5183 0 0.615696)
(10.617 0 0.675252)
(10.7227 0 0.73411)
(10.8347 0 0.792076)
(10.9527 0 0.848935)
(11.0764 0 0.90446)
(11.2051 0 0.958413)
(11.3386 0 1.01056)
(11.4762 0 1.06066)
(11.6175 0 1.1085)
(11.762 0 1.15388)
(11.9091 0 1.19661)
(12.0583 0 1.23653)
(12.2091 0 1.27353)
(12.3609 0 1.3075)
(12.5133 0 1.33838)
(12.6658 0 1.36616)
(12.8179 0 1.39082)
(12.9691 0 1.41242)
(13.1189 0 1.431)
(13.2802 0 1.44671)
(10.0051 0 0.0523827)
(10.0221 0 0.104038)
(10.0518 0 0.155344)
(10.0925 0 0.20644)
(10.143 0 0.257324)
(10.2025 0 0.307991)
(10.2708 0 0.358438)
(10.3474 0 0.408639)
(10.4318 0 0.458529)
(10.5237 0 0.508014)
(10.6227 0 0.556975)
(10.7282 0 0.605271)
(10.8398 0 0.652742)
(10.9572 0 0.699214)
(11.0799 0 0.744505)
(11.2073 0 0.788429)
(11.339 0 0.8308)
(11.4745 0 0.871439)
(11.6134 0 0.910178)
(11.755 0 0.946863)
(11.8989 0 0.98136)
(12.0446 0 1.01356)
(12.1916 0 1.04336)
(12.3394 0 1.07071)
(12.4875 0 1.09557)
(12.6354 0 1.11793)
(12.7828 0 1.13779)
(12.9293 0 1.1552)
(13.0743 0 1.17021)
(13.2302 0 1.18294)
(10.0053 0 0.0402653)
(10.0228 0 0.0802191)
(10.0532 0 0.120212)
(10.0947 0 0.160182)
(10.1458 0 0.200019)
(10.2059 0 0.239704)
(10.2747 0 0.279234)
(10.3517 0 0.318572)
(10.4365 0 0.357654)
(10.5286 0 0.396394)
(10.6275 0 0.434689)
(10.7328 0 0.472425)
(10.844 0 0.509471)
(10.9607 0 0.545691)
(11.0824 0 0.580942)
(11.2085 0 0.615079)
(11.3387 0 0.647962)
(11.4724 0 0.679456)
(11.6091 0 0.709436)
(11.7483 0 0.73779)
(11.8896 0 0.76442)
(12.0323 0 0.789246)
(12.1761 0 0.812207)
(12.3205 0 0.833262)
(12.465 0 0.852387)
(12.6093 0 0.86958)
(12.7529 0 0.884855)
(12.8954 0 0.898243)
(13.0366 0 0.909791)
(13.1882 0 0.919587)
(10.0056 0 0.0273233)
(10.0239 0 0.055584)
(10.0551 0 0.0845745)
(10.0971 0 0.113629)
(10.1486 0 0.142519)
(10.2092 0 0.171263)
(10.2784 0 0.199875)
(10.3557 0 0.228321)
(10.4407 0 0.256545)
(10.5328 0 0.284483)
(10.6317 0 0.312065)
(10.7367 0 0.33921)
(10.8476 0 0.365829)
(10.9636 0 0.391825)
(11.0845 0 0.417099)
(11.2096 0 0.441551)
(11.3385 0 0.465085)
(11.4706 0 0.487607)
(11.6056 0 0.509033)
(11.7428 0 0.529286)
(11.8819 0 0.548301)
(12.0223 0 0.566024)
(12.1636 0 0.582416)
(12.3053 0 0.597451)
(12.447 0 0.611116)
(12.5883 0 0.623411)
(12.7289 0 0.63435)
(12.8684 0 0.643956)
(13.0065 0 0.652265)
(13.1547 0 0.659346)
(10.0068 0 0.0112438)
(10.0271 0 0.0265761)
(10.0593 0 0.0437997)
(10.1017 0 0.0613083)
(10.1534 0 0.0787827)
(10.2142 0 0.096265)
(10.2835 0 0.11375)
(10.3609 0 0.131178)
(10.4458 0 0.148488)
(10.5378 0 0.165625)
(10.6364 0 0.182537)
(10.7412 0 0.199167)
(10.8515 0 0.215455)
(10.967 0 0.23134)
(11.0871 0 0.246759)
(11.2114 0 0.261651)
(11.3392 0 0.275957)
(11.4702 0 0.289623)
(11.6039 0 0.302598)
(11.7397 0 0.314839)
(11.8772 0 0.326309)
(12.0159 0 0.33698)
(12.1553 0 0.346831)
(12.2951 0 0.35585)
(12.4349 0 0.364033)
(12.5742 0 0.371383)
(12.7127 0 0.377913)
(12.8501 0 0.383643)
(12.986 0 0.3886)
(13.132 0 0.392844)
(9.99589 0 0.000921766)
(10.007 0 0.00495264)
(10.0276 0 0.0102598)
(10.0576 0 0.0158005)
(10.0974 0 0.021413)
(10.1466 0 0.0271241)
(10.205 0 0.0329243)
(10.2719 0 0.0387789)
(10.3468 0 0.0446557)
(10.4294 0 0.0505282)
(10.519 0 0.0563723)
(10.6151 0 0.062163)
(10.7174 0 0.0678742)
(10.8251 0 0.0734798)
(10.938 0 0.0789532)
(11.0553 0 0.0842686)
(11.1766 0 0.0894012)
(11.3013 0 0.0943276)
(11.429 0 0.0990265)
(11.5591 0 0.103479)
(11.6911 0 0.107669)
(11.8246 0 0.111584)
(11.959 0 0.115213)
(12.094 0 0.118549)
(12.2291 0 0.12159)
(12.3639 0 0.124334)
(12.4981 0 0.126785)
(12.6313 0 0.128947)
(12.7633 0 0.130825)
(12.905 0 0.132449)
(9.42629 0 13.0933)
(6.2065 0 10.7839)
(-1.09992 0 5.2958)
(10.3609 0 11.2301)
(9.80511 0 9.93653)
(8.21462 0 8.10741)
(11.4629 0 11.1373)
(11.6802 0 10.5862)
(11.4235 0 9.66993)
(12.3546 0 10.7396)
(12.7013 0 10.5733)
(12.8087 0 10.155)
(12.9218 0 10.0021)
(13.2926 0 9.99521)
(13.5364 0 9.85631)
(13.2972 0 9.22612)
(13.6595 0 9.28343)
(13.9432 0 9.27296)
(13.5638 0 8.50888)
(13.8969 0 8.58137)
(14.1717 0 8.61668)
(13.7525 0 7.85435)
(14.0507 0 7.92101)
(14.3004 0 7.96561)
(13.8824 0 7.25634)
(14.148 0 7.3127)
(14.3711 0 7.35436)
(13.9683 0 6.70921)
(14.2056 0 6.75628)
(14.4048 0 6.79246)
(14.02 0 6.20632)
(14.2333 0 6.24589)
(14.4122 0 6.27691)
(14.0443 0 5.74099)
(14.2373 0 5.77464)
(14.3992 0 5.8014)
(14.0464 0 5.3075)
(14.2222 0 5.33647)
(14.3697 0 5.3598)
(14.0301 0 4.90116)
(14.1913 0 4.92634)
(14.3265 0 4.94688)
(13.9987 0 4.51809)
(14.1473 0 4.54015)
(14.272 0 4.55836)
(13.955 0 4.15512)
(14.0927 0 4.17455)
(14.2083 0 4.19076)
(13.9014 0 3.80959)
(14.0296 0 3.82677)
(14.1372 0 3.84124)
(13.8402 0 3.47927)
(13.9601 0 3.49448)
(14.0607 0 3.50742)
(13.7737 0 3.16225)
(13.8861 0 3.17572)
(13.9806 0 3.18727)
(13.7037 0 2.85684)
(13.8096 0 2.86875)
(13.8986 0 2.87904)
(13.6323 0 2.56151)
(13.7325 0 2.57199)
(13.8167 0 2.5811)
(13.5614 0 2.27486)
(13.6564 0 2.28403)
(13.7364 0 2.29205)
(13.4926 0 1.99545)
(13.5832 0 2.00339)
(13.6595 0 2.01037)
(13.4276 0 1.72217)
(13.5144 0 1.72897)
(13.5874 0 1.73496)
(13.368 0 1.45319)
(13.4515 0 1.45887)
(13.5218 0 1.46391)
(13.3151 0 1.18822)
(13.3958 0 1.19285)
(13.4639 0 1.19697)
(13.2708 0 0.923643)
(13.3492 0 0.927206)
(13.4153 0 0.930384)
(13.2353 0 0.66229)
(13.3121 0 0.664874)
(13.3768 0 0.667178)
(13.2113 0 0.394541)
(13.2867 0 0.395967)
(13.3503 0 0.397215)
(12.9821 0 0.133052)
(13.0555 0 0.133525)
(13.1175 0 0.133944)
(-2.65213 0 1.44425)
(-2.07866 0 1.12539)
(-2.38537 0 0.611009)
(-2.19979 0 0.6132)
(-2.06338 0 0.693006)
(-2.09214 0 0.492089)
(-2.09267 0 0.305231)
(-2.10955 0 0.252795)
(-2.13328 0 0.213564)
(-2.13332 0 0.182784)
(-2.12943 0 0.180627)
(-2.14427 0 0.178135)
(-2.16355 0 0.154299)
(-2.16918 0 0.123086)
(-2.16602 0 0.110397)
(-2.17132 0 0.119214)
(-2.19 0 0.125533)
(-2.21012 0 0.117302)
(-2.21904 0 0.0990814)
(-2.2159 0 0.08546)
(-2.21185 0 0.0864933)
(-2.21853 0 0.0968533)
(-2.23797 0 0.103172)
(-2.26276 0 0.0962445)
(-2.2811 0 0.0744037)
(-2.28407 0 0.0459429)
(-2.27384 0 0.0260108)
(-2.26284 0 0.0231816)
(-2.2599 0 0.0288018)
(-2.26092 0 0.0305939)
(6.07014 0 5.45719)
(3.5615 0 3.50366)
(1.41993 0 2.00021)
(-1.62753 0 0.369829)
(-2.11706 0 0.265585)
(-2.40428 0 0.0444281)
(-2.31073 0 0.157134)
(-2.19975 0 0.39903)
(-2.20359 0 0.367241)
(-2.18679 0 0.230711)
(-2.1726 0 0.150679)
(-2.20222 0 0.150899)
(-2.23571 0 0.130435)
(-2.23218 0 0.101092)
(-2.20413 0 0.107291)
(-2.19618 0 0.138442)
(-2.22046 0 0.153683)
(-2.24961 0 0.13828)
(-2.25928 0 0.102271)
(-2.24635 0 0.0741327)
(-2.23035 0 0.0762139)
(-2.23263 0 0.0979771)
(-2.25607 0 0.112858)
(-2.28832 0 0.108042)
(-2.31169 0 0.0810648)
(-2.312 0 0.0427011)
(-2.29157 0 0.0155836)
(-2.27103 0 0.0158247)
(-2.26621 0 0.0297088)
(-2.26881 0 0.0348296)
(10.3506 0 7.6224)
(8.59033 0 5.82485)
(6.66137 0 4.37381)
(4.70812 0 3.1357)
(2.90767 0 2.13579)
(1.51378 0 1.28471)
(-1.16719 0 0.211343)
(-1.91346 0 0.153282)
(-2.30869 0 -0.0193963)
(-2.35768 0 -0.109909)
(-2.24272 0 0.0891942)
(-2.19929 0 0.315241)
(-2.23536 0 0.300651)
(-2.21516 0 0.18539)
(-2.16076 0 0.0912331)
(-2.15519 0 0.107467)
(-2.20252 0 0.141556)
(-2.25229 0 0.126031)
(-2.26328 0 0.0791553)
(-2.22843 0 0.0500971)
(-2.18572 0 0.0741722)
(-2.17888 0 0.120024)
(-2.20934 0 0.147189)
(-2.25304 0 0.143048)
(-2.28439 0 0.104339)
(-2.28139 0 0.0442784)
(-2.24499 0 -0.00255012)
(-2.21064 0 0.00283807)
(-2.20457 0 0.0325413)
(-2.21107 0 0.0451427)
(12.4935 0 8.78529)
(11.611 0 7.3346)
(10.3769 0 6.02286)
(8.97328 0 4.83463)
(7.47069 0 3.81174)
(6.02606 0 2.99105)
(4.5202 0 2.28835)
(3.13179 0 1.68262)
(1.90787 0 1.13341)
(0.638066 0 0.481612)
(-1.33944 0 0.0941535)
(-1.79968 0 0.136543)
(-2.14966 0 -0.00569922)
(-2.21038 0 -0.158694)
(-2.07942 0 -0.0697237)
(-2.04404 0 0.178216)
(-2.08521 0 0.289249)
(-2.16378 0 0.267849)
(-2.17238 0 0.165997)
(-2.10091 0 0.0521742)
(-2.03311 0 0.0384434)
(-2.02967 0 0.099967)
(-2.07907 0 0.1405)
(-2.14302 0 0.134745)
(-2.18882 0 0.0824138)
(-2.18234 0 0.00315393)
(-2.11544 0 -0.0412458)
(-2.05887 0 -0.0200892)
(-2.05622 0 0.0395639)
(-2.07178 0 0.0666977)
(13.6645 0 9.10376)
(13.3771 0 8.09425)
(12.7528 0 7.04159)
(11.8898 0 6.02017)
(10.8607 0 5.08927)
(9.7523 0 4.28394)
(8.59414 0 3.55698)
(7.40386 0 2.90063)
(6.22403 0 2.34065)
(5.08483 0 1.89154)
(3.90666 0 1.52563)
(2.86338 0 1.17271)
(1.89883 0 0.825091)
(1.17176 0 0.434063)
(-0.524552 0 0.0428434)
(-1.26096 0 0.16485)
(-1.63687 0 0.177627)
(-1.8558 0 0.0800816)
(-1.91737 0 -0.0782163)
(-1.80291 0 -0.163853)
(-1.79227 0 -0.0297915)
(-1.77075 0 0.180408)
(-1.83887 0 0.251603)
(-1.92978 0 0.254714)
(-1.99104 0 0.195944)
(-1.96585 0 0.0705185)
(-1.86047 0 -0.0745065)
(-1.80646 0 -0.0519044)
(-1.81705 0 0.0565637)
(-1.85332 0 0.107826)
(14.2893 0 8.92308)
(14.3694 0 8.30222)
(14.1968 0 7.55124)
(13.7906 0 6.75495)
(13.1928 0 5.96858)
(12.4575 0 5.22732)
(11.6271 0 4.53323)
(10.7301 0 3.89894)
(9.79475 0 3.34115)
(8.8509 0 2.86492)
(7.90053 0 2.43771)
(6.96571 0 2.03594)
(6.04554 0 1.67244)
(5.16 0 1.38932)
(4.2474 0 1.17562)
(3.37355 0 0.974698)
(2.59982 0 0.779561)
(1.89714 0 0.585297)
(1.27621 0 0.37339)
(0.56821 0 0.0988886)
(-0.746733 0 0.0243098)
(-1.01197 0 0.155952)
(-1.2681 0 0.191644)
(-1.41538 0 0.159181)
(-1.52407 0 0.0442219)
(-1.54102 0 -0.144503)
(-1.36457 0 -0.24762)
(-1.47159 0 -0.120393)
(-1.50066 0 0.0923043)
(-1.57912 0 0.175653)
(14.5943 0 8.48908)
(14.8763 0 8.148)
(15.0013 0 7.66002)
(14.9355 0 7.08471)
(14.6881 0 6.46779)
(14.2917 0 5.84466)
(13.7797 0 5.23631)
(13.1782 0 4.6589)
(12.5093 0 4.12487)
(11.7958 0 3.63931)
(11.0546 0 3.19501)
(10.299 0 2.78555)
(9.53302 0 2.41659)
(8.76552 0 2.10794)
(8.00625 0 1.84345)
(7.26242 0 1.60309)
(6.55278 0 1.37313)
(5.8655 0 1.15264)
(5.18604 0 0.961659)
(4.51898 0 0.835993)
(3.81515 0 0.740116)
(3.19198 0 0.628666)
(2.61936 0 0.531853)
(2.09017 0 0.446793)
(1.60437 0 0.346173)
(1.21998 0 0.191068)
(0.545178 0 0.0158949)
(-0.68333 0 0.0280777)
(-0.899235 0 0.144818)
(-1.14867 0 0.295404)
(14.7256 0 7.94517)
(15.0953 0 7.77983)
(15.3892 0 7.48735)
(15.5489 0 7.09884)
(15.5605 0 6.64602)
(15.4377 0 6.15766)
(15.2 0 5.65604)
(14.8649 0 5.15817)
(14.4491 0 4.67743)
(13.9705 0 4.22271)
(13.4452 0 3.79661)
(12.8853 0 3.39882)
(12.2979 0 3.03275)
(11.6917 0 2.70583)
(11.0792 0 2.41449)
(10.4707 0 2.15076)
(9.87043 0 1.90299)
(9.27258 0 1.67069)
(8.67211 0 1.4674)
(8.07593 0 1.30601)
(7.48978 0 1.17221)
(6.93034 0 1.04844)
(6.39636 0 0.932448)
(5.87881 0 0.817265)
(5.37318 0 0.695727)
(4.86692 0 0.591079)
(4.34198 0 0.549143)
(3.75344 0 0.518901)
(3.26609 0 0.464325)
(2.53273 0 0.499899)
(14.7681 0 7.37757)
(15.1569 0 7.30957)
(15.5266 0 7.14579)
(15.815 0 6.89735)
(15.9965 0 6.58198)
(16.0714 0 6.21876)
(16.0469 0 5.82527)
(15.9316 0 5.41685)
(15.7357 0 5.00661)
(15.471 0 4.60458)
(15.1495 0 4.21676)
(14.7815 0 3.84651)
(14.3749 0 3.4979)
(13.9384 0 3.17583)
(13.4825 0 2.88093)
(13.0157 0 2.60896)
(12.5415 0 2.35424)
(12.0589 0 2.11714)
(11.5677 0 1.90458)
(11.0734 0 1.72226)
(10.5854 0 1.56593)
(10.1108 0 1.42535)
(9.64762 0 1.29272)
(9.18921 0 1.16346)
(8.72873 0 1.03817)
(8.25867 0 0.933259)
(7.77942 0 0.865045)
(7.29583 0 0.820559)
(6.83594 0 0.789082)
(6.22742 0 0.796458)
(14.7652 0 6.82933)
(15.1391 0 6.80929)
(15.5266 0 6.72174)
(15.8729 0 6.56769)
(16.1499 0 6.35503)
(16.3508 0 6.09439)
(16.4753 0 5.79732)
(16.5249 0 5.47543)
(16.503 0 5.13955)
(16.416 0 4.79889)
(16.2711 0 4.46041)
(16.0758 0 4.12934)
(15.8369 0 3.81044)
(15.5618 0 3.5081)
(15.2584 0 3.22422)
(14.9333 0 2.95773)
(14.5907 0 2.7069)
(14.2321 0 2.47268)
(13.8596 0 2.25898)
(13.4781 0 2.06904)
(13.0944 0 1.90091)
(12.7131 0 1.74811)
(12.3336 0 1.60515)
(11.9516 0 1.46998)
(11.5624 0 1.34496)
(11.1624 0 1.23924)
(10.7538 0 1.16137)
(10.3443 0 1.10841)
(9.94584 0 1.07455)
(9.44134 0 1.05857)
(14.7372 0 6.3155)
(15.0835 0 6.31682)
(15.4587 0 6.27094)
(15.8182 0 6.1754)
(16.1367 0 6.03295)
(16.4059 0 5.84867)
(16.6221 0 5.62914)
(16.7821 0 5.38188)
(16.8852 0 5.11472)
(16.9329 0 4.83508)
(16.9285 0 4.54939)
(16.8762 0 4.2631)
(16.7807 0 3.98103)
(16.6473 0 3.70731)
(16.4814 0 3.44462)
(16.2884 0 3.19397)
(16.0718 0 2.95578)
(15.8345 0 2.73144)
(15.5791 0 2.52356)
(15.3098 0 2.33422)
(15.0314 0 2.16266)
(14.7474 0 2.00548)
(14.4581 0 1.85961)
(14.1614 0 1.72423)
(13.8546 0 1.60152)
(13.5365 0 1.49697)
(13.2094 0 1.41567)
(12.8791 0 1.35655)
(12.5538 0 1.31454)
(12.1423 0 1.28226)
(14.6932 0 5.8378)
(15.0097 0 5.84792)
(15.3605 0 5.82396)
(15.7096 0 5.763)
(16.0361 0 5.66574)
(16.3331 0 5.53441)
(16.5962 0 5.37239)
(16.8209 0 5.18409)
(17.0039 0 4.97466)
(17.1439 0 4.74947)
(17.2413 0 4.51366)
(17.2975 0 4.27201)
(17.315 0 4.02883)
(17.2968 0 3.78794)
(17.2464 0 3.55231)
(17.1674 0 3.32397)
(17.0627 0 3.10441)
(16.9351 0 2.89534)
(16.7871 0 2.69887)
(16.622 0 2.51668)
(16.4435 0 2.34888)
(16.254 0 2.19413)
(16.0546 0 2.05099)
(15.8446 0 1.91935)
(15.6227 0 1.80099)
(15.3889 0 1.6994)
(15.1455 0 1.61762)
(14.8965 0 1.55506)
(14.6479 0 1.50765)
(14.3281 0 1.46761)
(14.6372 0 5.39315)
(14.9261 0 5.40667)
(15.2499 0 5.39443)
(15.5788 0 5.35389)
(15.8958 0 5.28513)
(16.1959 0 5.18916)
(16.4758 0 5.06769)
(16.7313 0 4.92324)
(16.9583 0 4.75902)
(17.1543 0 4.57868)
(17.318 0 4.38601)
(17.4491 0 4.18477)
(17.5481 0 3.97854)
(17.6163 0 3.77063)
(17.6556 0 3.56391)
(17.6679 0 3.36069)
(17.6555 0 3.16293)
(17.6202 0 2.97249)
(17.5643 0 2.7913)
(17.4901 0 2.62094)
(17.4002 0 2.46212)
(17.2968 0 2.31469)
(17.1809 0 2.17832)
(17.0525 0 2.0534)
(16.9115 0 1.94141)
(16.7585 0 1.84471)
(16.5953 0 1.76516)
(16.4247 0 1.70246)
(16.251 0 1.65361)
(16.0208 0 1.61207)
(14.5715 0 4.97724)
(14.8363 0 4.99199)
(15.1344 0 4.98644)
(15.4406 0 4.95853)
(15.7409 0 4.90818)
(16.0317 0 4.8359)
(16.3109 0 4.74264)
(16.5753 0 4.62987)
(16.8213 0 4.49964)
(17.0461 0 4.35441)
(17.2476 0 4.19687)
(17.4249 0 4.02985)
(17.5772 0 3.85618)
(17.7047 0 3.67859)
(17.808 0 3.49961)
(17.888 0 3.32148)
(17.9459 0 3.1462)
(17.983 0 2.97568)
(18.0007 0 2.8117)
(18.0008 0 2.65584)
(17.9849 0 2.50914)
(17.9548 0 2.37213)
(17.9113 0 2.2452)
(17.855 0 2.12907)
(17.7862 0 2.02505)
(17.7057 0 1.93485)
(17.615 0 1.85977)
(17.516 0 1.79972)
(17.4114 0 1.75277)
(17.2656 0 1.71402)
(14.4977 0 4.58602)
(14.7416 0 4.60106)
(15.0168 0 4.59968)
(15.3013 0 4.58018)
(15.5829 0 4.54238)
(15.8593 0 4.48659)
(16.1294 0 4.41337)
(16.3907 0 4.32364)
(16.6403 0 4.21877)
(16.8758 0 4.10047)
(17.0953 0 3.97069)
(17.2972 0 3.83155)
(17.4806 0 3.68523)
(17.6449 0 3.53395)
(17.79 0 3.37984)
(17.916 0 3.22491)
(18.0236 0 3.07105)
(18.1133 0 2.92002)
(18.1859 0 2.77353)
(18.2427 0 2.63307)
(18.2847 0 2.49986)
(18.3131 0 2.37482)
(18.3286 0 2.25873)
(18.332 0 2.15253)
(18.3237 0 2.05743)
(18.3046 0 1.97479)
(18.2758 0 1.90568)
(18.2386 0 1.85028)
(18.1947 0 1.80757)
(18.1248 0 1.77433)
(14.4173 0 4.21598)
(14.643 0 4.23087)
(14.8981 0 4.23228)
(15.1628 0 4.21874)
(15.4265 0 4.19004)
(15.6874 0 4.14634)
(15.945 0 4.08795)
(16.1975 0 4.01551)
(16.4428 0 3.92994)
(16.6788 0 3.83249)
(16.9036 0 3.72461)
(17.1161 0 3.60791)
(17.315 0 3.48412)
(17.4995 0 3.35502)
(17.6693 0 3.2224)
(17.8241 0 3.08799)
(17.964 0 2.95349)
(18.0891 0 2.82052)
(18.2 0 2.69063)
(18.2973 0 2.56525)
(18.3816 0 2.44564)
(18.4538 0 2.33291)
(18.5145 0 2.22803)
(18.5644 0 2.13206)
(18.6039 0 2.04616)
(18.6338 0 1.97154)
(18.6551 0 1.90918)
(18.6687 0 1.85955)
(18.6753 0 1.82243)
(18.6705 0 1.79602)
(14.3317 0 3.86424)
(14.5417 0 3.87871)
(14.7791 0 3.88202)
(15.0263 0 3.87288)
(15.2734 0 3.85107)
(15.5193 0 3.81663)
(15.7638 0 3.76972)
(16.0056 0 3.71074)
(16.243 0 3.64035)
(16.4741 0 3.55947)
(16.6976 0 3.46919)
(16.9122 0 3.37077)
(17.117 0 3.2656)
(17.3111 0 3.15512)
(17.4939 0 3.04084)
(17.665 0 2.92426)
(17.8243 0 2.80686)
(17.9717 0 2.6901)
(18.1075 0 2.5754)
(18.232 0 2.4641)
(18.3455 0 2.35745)
(18.4487 0 2.25659)
(18.5421 0 2.1626)
(18.6261 0 2.07658)
(18.7013 0 1.99966)
(18.7685 0 1.93299)
(18.8283 0 1.87755)
(18.8815 0 1.83407)
(18.9284 0 1.80294)
(18.9767 0 1.78355)
(14.2424 0 3.52835)
(14.4386 0 3.54223)
(14.6606 0 3.54682)
(14.8921 0 3.541)
(15.1244 0 3.52452)
(15.3564 0 3.49737)
(15.5883 0 3.4596)
(15.8191 0 3.41144)
(16.0473 0 3.35335)
(16.2714 0 3.28599)
(16.4903 0 3.21022)
(16.7028 0 3.12701)
(16.9081 0 3.03748)
(17.1053 0 2.94283)
(17.2939 0 2.84432)
(17.4734 0 2.74323)
(17.6436 0 2.64088)
(17.8042 0 2.53857)
(17.9554 0 2.43757)
(18.0973 0 2.33915)
(18.2301 0 2.24449)
(18.3543 0 2.15473)
(18.4702 0 2.07097)
(18.5783 0 1.99431)
(18.6792 0 1.92587)
(18.7735 0 1.86674)
(18.8617 0 1.81798)
(18.9446 0 1.78049)
(19.0223 0 1.75511)
(19.1124 0 1.74209)
(14.1511 0 3.20626)
(14.3352 0 3.21941)
(14.5434 0 3.22481)
(14.7611 0 3.22148)
(14.9801 0 3.20918)
(15.1996 0 3.18785)
(15.4197 0 3.15748)
(15.6398 0 3.11817)
(15.8588 0 3.07023)
(16.0752 0 3.01416)
(16.2881 0 2.95059)
(16.4964 0 2.88028)
(16.6995 0 2.80414)
(16.8965 0 2.72315)
(17.0868 0 2.63837)
(17.2701 0 2.55091)
(17.4458 0 2.46191)
(17.614 0 2.37252)
(17.7744 0 2.28391)
(17.9272 0 2.19723)
(18.0725 0 2.11359)
(18.2107 0 2.0341)
(18.3419 0 1.95984)
(18.4668 0 1.89187)
(18.5857 0 1.83129)
(18.6992 0 1.77919)
(18.808 0 1.73664)
(18.9127 0 1.70469)
(19.0134 0 1.68442)
(19.1356 0 1.6767)
(14.0593 0 2.89619)
(14.2326 0 2.90849)
(14.4289 0 2.91433)
(14.6343 0 2.91285)
(14.8414 0 2.90382)
(15.0494 0 2.88717)
(15.2588 0 2.86282)
(15.4691 0 2.83082)
(15.6791 0 2.79137)
(15.8878 0 2.74481)
(16.0942 0 2.69162)
(16.2976 0 2.6324)
(16.4972 0 2.56787)
(16.6922 0 2.49882)
(16.8821 0 2.42615)
(17.0665 0 2.3508)
(17.2449 0 2.27376)
(17.4172 0 2.19605)
(17.5832 0 2.11871)
(17.7428 0 2.04278)
(17.8964 0 1.96932)
(18.0439 0 1.89934)
(18.1857 0 1.83389)
(18.3222 0 1.774)
(18.4539 0 1.72071)
(18.5813 0 1.6751)
(18.7051 0 1.63825)
(18.8258 0 1.61127)
(18.9438 0 1.59537)
(19.0903 0 1.59174)
(13.9687 0 2.59649)
(14.1325 0 2.60787)
(14.3181 0 2.61385)
(14.5126 0 2.6137)
(14.7091 0 2.60723)
(14.907 0 2.59432)
(15.1066 0 2.57491)
(15.3077 0 2.54897)
(15.5094 0 2.51664)
(15.7106 0 2.47814)
(15.9107 0 2.43384)
(16.1088 0 2.38421)
(16.3043 0 2.3298)
(16.4965 0 2.27127)
(16.6849 0 2.20935)
(16.869 0 2.14484)
(17.0484 0 2.0786)
(17.2228 0 2.0115)
(17.3922 0 1.94448)
(17.5563 0 1.87847)
(17.7154 0 1.81443)
(17.8695 0 1.75331)
(18.0189 0 1.69608)
(18.1639 0 1.64371)
(18.3051 0 1.59722)
(18.4428 0 1.55762)
(18.5778 0 1.52597)
(18.7108 0 1.5034)
(18.8421 0 1.49114)
(19.0074 0 1.49052)
(13.8807 0 2.30574)
(14.0363 0 2.31612)
(14.2124 0 2.32201)
(14.3974 0 2.32279)
(14.5845 0 2.31828)
(14.7732 0 2.30838)
(14.964 0 2.29299)
(15.1568 0 2.27209)
(15.3508 0 2.24574)
(15.5451 0 2.21411)
(15.7391 0 2.17745)
(15.932 0 2.13612)
(16.1232 0 2.09057)
(16.3122 0 2.04133)
(16.4984 0 1.98899)
(16.6814 0 1.93422)
(16.8608 0 1.87775)
(17.0362 0 1.82034)
(17.2076 0 1.7628)
(17.3748 0 1.70596)
(17.5378 0 1.65068)
(17.6967 0 1.59782)
(17.8518 0 1.54828)
(18.0033 0 1.50297)
(18.1517 0 1.46282)
(18.2975 0 1.4288)
(18.4414 0 1.40192)
(18.5842 0 1.38326)
(18.7261 0 1.374)
(18.9062 0 1.37547)
(13.7971 0 2.02241)
(13.9453 0 2.03173)
(14.1133 0 2.03734)
(14.2898 0 2.03871)
(14.4686 0 2.03569)
(14.6492 0 2.02818)
(14.8322 0 2.0161)
(15.0176 0 1.99938)
(15.2045 0 1.97808)
(15.3924 0 1.95229)
(15.5806 0 1.9222)
(15.7685 0 1.8881)
(15.9556 0 1.85032)
(16.1413 0 1.80929)
(16.325 0 1.76549)
(16.5065 0 1.71948)
(16.6852 0 1.67186)
(16.8609 0 1.62329)
(17.0335 0 1.57445)
(17.2027 0 1.52609)
(17.3685 0 1.47894)
(17.5311 0 1.4338)
(17.6906 0 1.39146)
(17.8473 0 1.35276)
(18.0015 0 1.31854)
(18.1539 0 1.28969)
(18.305 0 1.26716)
(18.4557 0 1.25195)
(18.6064 0 1.24514)
(18.7987 0 1.24802)
(13.7192 0 1.74538)
(13.8612 0 1.75359)
(14.0219 0 1.75877)
(14.1911 0 1.76046)
(14.3627 0 1.75855)
(14.5362 0 1.75294)
(14.7124 0 1.74356)
(14.8911 0 1.73034)
(15.0718 0 1.7133)
(15.2539 0 1.69251)
(15.4368 0 1.66811)
(15.6201 0 1.6403)
(15.8031 0 1.60936)
(15.9855 0 1.57561)
(16.1667 0 1.53945)
(16.3464 0 1.50132)
(16.5242 0 1.46174)
(16.6997 0 1.42125)
(16.8728 0 1.38043)
(17.0433 0 1.33991)
(17.2113 0 1.30034)
(17.3766 0 1.2624)
(17.5395 0 1.2268)
(17.7003 0 1.19427)
(17.8593 0 1.16559)
(18.0171 0 1.14155)
(18.1743 0 1.12299)
(18.3317 0 1.11083)
(18.4897 0 1.10602)
(18.6922 0 1.10974)
(13.6486 0 1.47272)
(13.7851 0 1.47978)
(13.9398 0 1.48439)
(14.1027 0 1.48618)
(14.268 0 1.48505)
(14.4355 0 1.48094)
(14.6057 0 1.47376)
(14.7786 0 1.46346)
(14.9538 0 1.45003)
(15.1308 0 1.43353)
(15.3091 0 1.41406)
(15.4881 0 1.39176)
(15.6674 0 1.36684)
(15.8467 0 1.33957)
(16.0255 0 1.31025)
(16.2033 0 1.27924)
(16.3798 0 1.24696)
(16.5549 0 1.21384)
(16.7281 0 1.18039)
(16.8995 0 1.14711)
(17.0689 0 1.11456)
(17.2363 0 1.08333)
(17.402 0 1.05401)
(17.566 0 1.02725)
(17.7289 0 1.00371)
(17.8911 0 0.98409)
(18.0533 0 0.969133)
(18.2163 0 0.959626)
(18.3805 0 0.956414)
(18.5913 0 0.960543)
(13.5865 0 1.20422)
(13.7185 0 1.21009)
(13.8681 0 1.21404)
(14.0256 0 1.21576)
(14.1858 0 1.21519)
(14.3481 0 1.21226)
(14.5132 0 1.2069)
(14.6813 0 1.19907)
(14.8518 0 1.18877)
(15.0244 0 1.176)
(15.1986 0 1.16086)
(15.3739 0 1.14345)
(15.55 0 1.12392)
(15.7264 0 1.10247)
(15.9029 0 1.07935)
(16.0789 0 1.05484)
(16.2543 0 1.02925)
(16.4286 0 1.00295)
(16.6018 0 0.976321)
(16.7736 0 0.949795)
(16.944 0 0.923821)
(17.113 0 0.898877)
(17.2807 0 0.875467)
(17.4473 0 0.854121)
(17.6133 0 0.835397)
(17.7791 0 0.819886)
(17.9454 0 0.808212)
(18.1129 0 0.801042)
(18.2824 0 0.799082)
(18.5001 0 0.80323)
(13.5345 0 0.936024)
(13.6629 0 0.940644)
(13.8082 0 0.943806)
(13.9615 0 0.945288)
(14.1174 0 0.945031)
(14.2755 0 0.942991)
(14.4365 0 0.939113)
(14.6006 0 0.933356)
(14.7673 0 0.925709)
(14.9362 0 0.916191)
(15.1069 0 0.904848)
(15.2791 0 0.891762)
(15.4524 0 0.877045)
(15.6264 0 0.860842)
(15.8009 0 0.843333)
(15.9753 0 0.82473)
(16.1494 0 0.805276)
(16.3231 0 0.785245)
(16.4959 0 0.764939)
(16.6679 0 0.744685)
(16.8389 0 0.724834)
(17.009 0 0.705763)
(17.1783 0 0.687869)
(17.3469 0 0.671574)
(17.5153 0 0.657323)
(17.6839 0 0.64559)
(17.8533 0 0.636881)
(18.0245 0 0.631737)
(18.198 0 0.630733)
(18.421 0 0.634646)
(13.4936 0 0.671265)
(13.6191 0 0.674672)
(13.7612 0 0.677061)
(13.9112 0 0.678264)
(14.0638 0 0.678243)
(14.2187 0 0.676971)
(14.3765 0 0.674409)
(14.5374 0 0.670525)
(14.7011 0 0.665308)
(14.8671 0 0.658769)
(15.0352 0 0.650938)
(15.2049 0 0.64187)
(15.376 0 0.631638)
(15.5481 0 0.620345)
(15.7208 0 0.608113)
(15.8939 0 0.595089)
(16.067 0 0.581446)
(16.24 0 0.567375)
(16.4125 0 0.553091)
(16.5845 0 0.538827)
(16.7559 0 0.524836)
(16.9267 0 0.511388)
(17.097 0 0.498772)
(17.267 0 0.487296)
(17.4371 0 0.477288)
(17.6078 0 0.469098)
(17.7797 0 0.463107)
(17.9537 0 0.459731)
(18.1304 0 0.459416)
(18.3577 0 0.462786)
(13.4651 0 0.399516)
(13.5886 0 0.401573)
(13.7285 0 0.403027)
(13.8761 0 0.403736)
(14.0264 0 0.403695)
(14.1789 0 0.402904)
(14.3344 0 0.401341)
(14.4931 0 0.398986)
(14.6546 0 0.395831)
(14.8185 0 0.391885)
(14.9846 0 0.387165)
(15.1525 0 0.381704)
(15.3219 0 0.375547)
(15.4924 0 0.368754)
(15.6639 0 0.361398)
(15.8358 0 0.35357)
(16.0081 0 0.34537)
(16.1804 0 0.336915)
(16.3525 0 0.328335)
(16.5243 0 0.319771)
(16.6958 0 0.311376)
(16.8669 0 0.303317)
(17.0377 0 0.295768)
(17.2085 0 0.288921)
(17.3796 0 0.282977)
(17.5516 0 0.278161)
(17.725 0 0.274722)
(17.9007 0 0.272955)
(18.0795 0 0.273244)
(18.3088 0 0.276348)
(13.2291 0 0.134838)
(13.3489 0 0.135755)
(13.4848 0 0.136461)
(13.6283 0 0.136888)
(13.7745 0 0.137045)
(13.923 0 0.136938)
(14.0743 0 0.136557)
(14.2287 0 0.135893)
(14.3859 0 0.134942)
(14.5454 0 0.133706)
(14.7071 0 0.132189)
(14.8705 0 0.130403)
(15.0353 0 0.128361)
(15.2012 0 0.126084)
(15.3679 0 0.123597)
(15.5351 0 0.120931)
(15.7025 0 0.118121)
(15.8698 0 0.115208)
(16.0369 0 0.112237)
(16.2035 0 0.109259)
(16.3697 0 0.106329)
(16.5354 0 0.103505)
(16.7007 0 0.10085)
(16.8659 0 0.0984345)
(17.0314 0 0.0963313)
(17.1976 0 0.0946235)
(17.3653 0 0.0934085)
(17.5354 0 0.0928149)
(17.7091 0 0.0930425)
(17.9338 0 0.0946886)
)
;

boundaryField
{
    inlet
    {
        type            fixedValue;
        value           uniform (10 0 0);
    }
    outlet
    {
        type            zeroGradient;
    }
    flap
    {
        type            movingWallVelocity;
        value           nonuniform List<vector> 
33
(
(0 0 6.93889e-16)
(0 0 0)
(0 0 0)
(0 0 0)
(0 0 0)
(0 0 0)
(0 0 0)
(0 0 0)
(0 0 0)
(0 0 0)
(0 0 0)
(0 0 -1.11022e-14)
(0 0 -1.11022e-14)
(0 0 -1.11022e-14)
(0 0 -2.22045e-14)
(6.93889e-16 -2.77556e-15 0)
(0 -2.77556e-15 0)
(0 0 0)
(0 0 6.93889e-16)
(0 0 0)
(0 0 0)
(0 0 0)
(0 0 0)
(0 0 0)
(0 0 -5.55112e-15)
(0 0 0)
(0 0 -1.11022e-14)
(0 0 0)
(0 0 0)
(0 0 0)
(0 0 0)
(0 -2.77556e-15 -1.11022e-14)
(0 0 -1.11022e-14)
)
;
    }
    upperWall
    {
        type            noSlip;
    }
    lowerWall
    {
        type            noSlip;
    }
    frontAndBack
    {
        type            empty;
    }
}


// ************************************************************************* //
