/*--------------------------------*- C++ -*----------------------------------*\
  =========                 |
  \\      /  F ield         | OpenFOAM: The Open Source CFD Toolbox
   \\    /   O peration     | Website:  https://openfoam.org
    \\  /    A nd           | Version:  dev
     \\/     M anipulation  |
\*---------------------------------------------------------------------------*/
FoamFile
{
    version     2.0;
    format      ascii;
    class       surfaceScalarField;
    location    "4.9";
    object      phi;
}
// * * * * * * * * * * * * * * * * * * * * * * * * * * * * * * * * * * * * * //

dimensions      [0 3 -1 0 0 0 0];

internalField   nonuniform List<scalar> 
5457
(
0.198418
0.00158237
0.19648
0.00193734
0.194192
0.00228805
0.191509
0.00268353
0.188428
0.00308114
0.184951
0.00347669
0.181072
0.00387849
0.176778
0.00429392
0.17205
0.00472812
0.166865
0.0051851
0.161197
0.00566838
0.155016
0.00618089
0.148291
0.00672482
0.14099
0.00730118
0.133081
0.00790933
0.124534
0.00854627
0.115329
0.00920572
0.105452
0.00987701
0.0949077
0.0105439
0.0837243
0.0111834
0.0719598
0.0117645
0.0597116
0.0122483
0.0471229
0.0125887
0.0343826
0.0127402
0.0216875
0.0126951
0.00903726
0.0126502
-0.00291645
0.0119537
-0.00847231
0.00555586
-0.0080431
-0.000429207
-0.0080431
0.199928
0.0016542
0.199176
0.00268976
0.197965
0.00349895
0.196332
0.00431667
0.194272
0.00514113
0.191782
0.0059667
0.188855
0.00680539
0.185478
0.0076707
0.181633
0.00857293
0.177298
0.0095204
0.172446
0.0105204
0.167048
0.0115791
0.161071
0.0127014
0.154482
0.01389
0.147247
0.0151442
0.139334
0.0164592
0.130717
0.0178235
0.121377
0.019217
0.111312
0.0206086
0.100542
0.0219531
0.0891179
0.0231889
0.0771303
0.0242358
0.0647244
0.0249947
0.0521168
0.0253478
0.0396564
0.0251556
0.0281061
0.0242005
0.0185955
0.0214644
0.00879759
0.0153538
0.00118369
0.00718469
-0.00685941
0.199781
0.00187363
0.199087
0.00338358
0.197946
0.00463985
0.196409
0.00585324
0.194483
0.00706722
0.192164
0.00828569
0.189447
0.00952276
0.186321
0.0107961
0.182774
0.0121207
0.178785
0.0135092
0.174333
0.0149724
0.169392
0.01652
0.163933
0.0181599
0.157926
0.019897
0.151338
0.0217323
0.144137
0.0236608
0.136291
0.0256688
0.127778
0.0277308
0.118581
0.0298054
0.108703
0.0318309
0.0981713
0.0337207
0.0870491
0.0353581
0.0754523
0.0365914
0.0635751
0.037225
0.0517332
0.0369975
0.0403978
0.0355359
0.0297394
0.0321227
0.0191663
0.0259268
0.00959781
0.0167532
0.0027384
0.199703
0.00217055
0.199008
0.00407887
0.197887
0.00576035
0.196376
0.00736412
0.194488
0.00895528
0.192222
0.0105516
0.189575
0.0121704
0.186539
0.013832
0.183105
0.0155551
0.179258
0.0173556
0.174983
0.0192473
0.170261
0.0212425
0.165069
0.0233514
0.159385
0.0255811
0.153183
0.0279339
0.146438
0.0304059
0.139124
0.032983
0.131217
0.0356379
0.122698
0.0383244
0.113557
0.0409717
0.1038
0.0434775
0.0934578
0.0457006
0.0825965
0.0474526
0.0713337
0.0484878
0.0598416
0.0484896
0.0483175
0.0470601
0.0368114
0.0436288
0.0251881
0.0375501
0.0133357
0.0286057
0.0160741
0.199667
0.00250313
0.198964
0.00478212
0.197863
0.00686164
0.196381
0.00884576
0.194533
0.010804
0.192318
0.0127662
0.189734
0.0147541
0.186776
0.0167905
0.183434
0.0188967
0.179698
0.0210912
0.175556
0.0233901
0.170991
0.0258075
0.165987
0.0283551
0.160527
0.0310412
0.154591
0.0338694
0.148161
0.0368363
0.141215
0.0399287
0.133734
0.0431193
0.125697
0.0463612
0.117088
0.049581
0.107894
0.0526709
0.0981154
0.0554796
0.0877655
0.0578026
0.0768794
0.0593739
0.0655093
0.0598597
0.0537084
0.0588609
0.0414543
0.055883
0.0285879
0.0504165
0.0148524
0.0423411
0.0309265
0.199653
0.00285032
0.198949
0.00548616
0.197871
0.00793956
0.196427
0.0102899
0.194627
0.012604
0.192473
0.0149197
0.189964
0.0172637
0.187093
0.0196613
0.183854
0.022136
0.180237
0.0247084
0.17623
0.0273966
0.171822
0.0302161
0.166997
0.0331798
0.161741
0.036297
0.156038
0.0395721
0.149872
0.0430028
0.143224
0.0465768
0.136074
0.0502686
0.128402
0.0540334
0.120183
0.0578006
0.111388
0.0614653
0.10199
0.0648784
0.0919553
0.0678368
0.0812544
0.0700748
0.0698545
0.0712596
0.0577171
0.0709983
0.0447608
0.0688393
0.0308492
0.0643281
0.0158732
0.0573172
0.0467997
0.19965
0.00320026
0.198954
0.00618213
0.197904
0.00898916
0.196505
0.0116896
0.194763
0.0143462
0.192681
0.0170016
0.190257
0.0196873
0.187487
0.0224309
0.184366
0.0252579
0.180883
0.0281912
0.177029
0.0312504
0.172792
0.0344526
0.16816
0.0378118
0.163119
0.0413385
0.157653
0.0450383
0.151745
0.0489102
0.145378
0.0529443
0.138528
0.057118
0.13117
0.0613916
0.123269
0.0657013
0.114783
0.069952
0.105655
0.0740063
0.0958171
0.0776747
0.0851865
0.0807054
0.0736684
0.0827776
0.0611615
0.0835052
0.0475552
0.0824456
0.0327586
0.0791247
0.0167828
0.0732929
0.0635825
0.199655
0.0035456
0.198975
0.00686223
0.197959
0.0100049
0.19661
0.0130383
0.194934
0.0160222
0.192934
0.0190022
0.190608
0.0220133
0.187952
0.025086
0.184962
0.0282478
0.18163
0.0315232
0.177947
0.0349337
0.173902
0.0384979
0.169482
0.0422312
0.164675
0.0461458
0.159464
0.050249
0.153832
0.0545424
0.147757
0.0590194
0.141212
0.0636626
0.134164
0.0684398
0.126567
0.0732981
0.118362
0.0781571
0.109469
0.0828991
0.0997867
0.0873575
0.0891874
0.0913047
0.0775252
0.0944399
0.0646473
0.096383
0.0504173
0.0966756
0.034768
0.094774
0.0177897
0.0902712
0.0813723
0.199664
0.00388142
0.199006
0.00752002
0.19803
0.0109811
0.196739
0.0143297
0.195137
0.0176242
0.193227
0.0209119
0.191009
0.0242311
0.188481
0.0276146
0.185637
0.0310918
0.182471
0.0346889
0.178976
0.0384291
0.175141
0.0423327
0.170955
0.046417
0.166405
0.0506961
0.161474
0.05518
0.156143
0.0598737
0.150386
0.0647756
0.144174
0.0698755
0.137462
0.0751512
0.130196
0.0805645
0.122298
0.0860548
0.113667
0.0915302
0.104168
0.0968561
0.0936339
0.101839
0.0818646
0.106209
0.0686492
0.109598
0.0538018
0.111523
0.0372364
0.111339
0.0190833
0.108424
0.100456
0.199677
0.00420419
0.199047
0.00815026
0.198116
0.0119124
0.196887
0.015558
0.195367
0.0191451
0.193556
0.0227225
0.191456
0.0263309
0.189065
0.0300053
0.18638
0.0337769
0.183396
0.0376736
0.180104
0.0417202
0.176498
0.0459387
0.172567
0.0503485
0.168297
0.0549661
0.163672
0.0598047
0.158672
0.0648738
0.153269
0.0701781
0.147429
0.0757162
0.141101
0.0814788
0.13422
0.0874451
0.126696
0.0935791
0.118405
0.0998212
0.109184
0.106078
0.0988194
0.112203
0.0870523
0.117976
0.0735896
0.123061
0.0581482
0.126964
0.0405516
0.128936
0.0209012
0.128075
0.121357
0.199693
0.00451126
0.199095
0.00874863
0.198213
0.012794
0.197053
0.0167176
0.19562
0.0205784
0.193916
0.0244263
0.191943
0.0283039
0.1897
0.0322482
0.187185
0.0362919
0.184394
0.0404645
0.181322
0.0447923
0.177962
0.0492992
0.174304
0.0540064
0.170337
0.0589333
0.166045
0.0640966
0.161408
0.069511
0.156398
0.0751883
0.150977
0.0811372
0.145093
0.0873626
0.138674
0.0938642
0.131619
0.100634
0.12379
0.10765
0.114996
0.114872
0.104982
0.122217
0.0934187
0.12954
0.0798977
0.136582
0.0639675
0.142895
0.0452345
0.147669
0.0236114
0.149698
0.144968
0.199711
0.00480057
0.199148
0.00931164
0.19832
0.0136216
0.197234
0.0178039
0.195894
0.0219185
0.194303
0.0260167
0.192465
0.0301424
0.190379
0.0343343
0.188044
0.0386266
0.185459
0.04305
0.182619
0.0476323
0.179519
0.0523988
0.176152
0.057373
0.172509
0.0625767
0.168575
0.0680305
0.164332
0.0737541
0.159754
0.0797667
0.154803
0.0860875
0.14943
0.0927363
0.14356
0.099734
0.137091
0.107103
0.129878
0.114863
0.121716
0.123034
0.112314
0.131618
0.101273
0.140582
0.0880449
0.14981
0.0719225
0.159017
0.0520858
0.167506
0.0278852
0.173898
0.172853
0.19973
0.0050705
0.199205
0.00983641
0.198435
0.0143916
0.197427
0.0188125
0.196185
0.0231606
0.194713
0.0274878
0.193016
0.0318397
0.191094
0.0362561
0.188948
0.0407724
0.186578
0.0454203
0.183982
0.0502288
0.181156
0.0552246
0.178096
0.0604329
0.174795
0.0658778
0.171242
0.0715834
0.167422
0.0775741
0.163313
0.0838758
0.158883
0.0905175
0.154086
0.097533
0.148857
0.104963
0.143101
0.112859
0.136679
0.121285
0.129392
0.130321
0.120942
0.140068
0.110883
0.15064
0.0985426
0.16215
0.0829006
0.174659
0.0624349
0.187971
0.0351242
0.201209
0.207978
0.199751
0.00531979
0.199266
0.0103207
0.198557
0.015101
0.19763
0.0197401
0.19649
0.0243004
0.195142
0.0288351
0.193592
0.0333906
0.19184
0.0380076
0.18989
0.0427224
0.187743
0.0475675
0.185399
0.0525728
0.182858
0.0577659
0.180117
0.0631733
0.177174
0.0688212
0.174021
0.0747361
0.170649
0.0809461
0.167042
0.0874828
0.163177
0.0943829
0.159018
0.101691
0.154516
0.109466
0.149594
0.11778
0.144142
0.126737
0.137992
0.136471
0.130885
0.147176
0.122406
0.15912
0.11186
0.172696
0.0980165
0.188502
0.0785358
0.207452
0.0486626
0.231082
0.25664
0.199772
0.00554749
0.19933
0.0107626
0.198684
0.0157475
0.19784
0.0205836
0.196806
0.0253348
0.195586
0.0300548
0.194186
0.0347907
0.19261
0.0395839
0.190861
0.0444711
0.188943
0.0494855
0.186859
0.0546573
0.18461
0.0600146
0.182198
0.0655849
0.179625
0.0713951
0.176887
0.0774737
0.173982
0.0838511
0.170902
0.0905622
0.167637
0.0976489
0.164165
0.105163
0.160459
0.113172
0.156474
0.121765
0.152145
0.131066
0.147371
0.141245
0.141994
0.152553
0.13575
0.165363
0.128169
0.180277
0.11831
0.198361
0.103921
0.221841
0.0776878
0.257315
0.334328
0.00367529
-0.00367529
0.00720481
-0.00352952
0.0101317
-0.00292684
0.0124531
-0.00232146
0.0142671
-0.00181397
0.0156772
-0.00141009
0.0167732
-0.00109601
0.0176292
-0.000856004
0.0183049
-0.000675687
0.0188478
-0.000542912
0.0192957
-0.000447921
0.0196786
-0.000382895
0.0200199
-0.000341251
0.0203368
-0.000316918
0.0206405
-0.000303747
0.0209357
-0.000295169
0.02122
-0.000284276
0.0214845
-0.000264569
0.0217159
-0.000231405
0.0218996
-0.000183686
0.0220243
-0.000124695
0.0220856
-6.12323e-05
0.0220889
-3.30073e-06
0.0220335
5.53353e-05
0.0219204
0.000113144
0.0217407
0.000179639
0.0214917
0.000249013
0.0211774
0.000314288
0.0208389
0.000338568
0.000251741
0.00338481
-0.0070601
0.00664953
-0.00679424
0.00940395
-0.00568126
0.0116547
-0.00457217
0.0134944
-0.00365373
0.0150137
-0.00292939
0.0162875
-0.00236983
0.0173749
-0.00194334
0.0183214
-0.0016222
0.0191625
-0.00138403
0.0199258
-0.00121123
0.0206328
-0.00108994
0.0213004
-0.0010088
0.0219413
-0.000957826
0.0225649
-0.000927332
0.023177
-0.000907263
0.0237797
-0.00088697
0.0243711
-0.000856006
0.024946
-0.000806242
0.025497
-0.000734714
0.0260177
-0.000645436
0.0265043
-0.000547829
0.0269513
-0.000450279
0.0273588
-0.000352152
0.0277221
-0.000250178
0.0280321
-0.000130339
0.0282736
7.45513e-06
0.0284373
0.00015062
0.0285571
0.000218797
0.000184117
0.00283879
-0.00989889
0.00546973
-0.00942518
0.00763698
-0.00784851
0.00938772
-0.00632291
0.0108167
-0.00508275
0.0120012
-0.00411388
0.0130024
-0.00337099
0.013865
-0.0028059
0.0146221
-0.00237931
0.0152992
-0.00206116
0.0159162
-0.00182823
0.0164887
-0.00166242
0.017029
-0.00154908
0.0175467
-0.00147554
0.0180492
-0.00142991
0.018542
-0.00139999
0.0190277
-0.00137268
0.0195063
-0.00133458
0.0199745
-0.00127448
0.0204271
-0.00118729
0.0208588
-0.0010772
0.0212676
-0.000956624
0.0216563
-0.000838944
0.0220327
-0.000728553
0.0224023
-0.00061981
0.0227703
-0.000498332
0.0231349
-0.000357155
0.0234849
-0.000199378
0.0237777
-7.39642e-05
-1.3667e-06
0.00223448
-0.0121334
0.00412091
-0.0113116
0.00558177
-0.00930937
0.00672286
-0.00746399
0.00763779
-0.00599768
0.0083849
-0.00486099
0.00900961
-0.0039957
0.00954053
-0.00333682
0.00999736
-0.00283614
0.0103954
-0.00245922
0.0107469
-0.00217968
0.0110616
-0.00197709
0.0113474
-0.00183497
0.0116112
-0.00173932
0.0118587
-0.00167741
0.0120952
-0.00163643
0.0123248
-0.00160229
0.0125499
-0.00155966
0.0127698
-0.00149443
0.0129808
-0.0013983
0.0131772
-0.00127362
0.0133546
-0.00113404
0.0135137
-0.000998035
0.0136614
-0.000876192
0.0138065
-0.000764925
0.0139554
-0.000647266
0.0141048
-0.000506536
0.014247
-0.000341609
0.0143431
-0.000170079
-5.387e-05
0.00153087
-0.0136642
0.00259344
-0.0123742
0.00328527
-0.0100012
0.00375735
-0.00793608
0.00409509
-0.00633542
0.00433378
-0.00509968
0.00450387
-0.00416579
0.00461914
-0.00345209
0.0046886
-0.0029056
0.00472027
-0.0024909
0.0047207
-0.00218011
0.00469535
-0.00195174
0.00464897
-0.00178859
0.00458607
-0.00167642
0.00451154
-0.00160288
0.00443096
-0.00155585
0.0043502
-0.00152153
0.00427415
-0.00148361
0.00420487
-0.00142514
0.0041399
-0.00133333
0.0040714
-0.00120511
0.00398749
-0.00105013
0.00387675
-0.000887302
0.00373372
-0.000733159
0.00356053
-0.000591733
0.00336934
-0.000456073
0.00316951
-0.000306712
0.00294056
-0.000112655
0.00270183
6.86495e-05
9.33245e-05
0.000720555
-0.0143848
0.000888576
-0.0125422
0.000772906
-0.00988553
0.000549578
-0.00771275
0.000249374
-0.00603522
-8.26735e-05
-0.00476763
-0.000439115
-0.00380935
-0.00081157
-0.00307964
-0.00119423
-0.00252294
-0.00158141
-0.00210372
-0.00196898
-0.00179255
-0.00235365
-0.00156707
-0.00273247
-0.00140976
-0.0031025
-0.0013064
-0.00346032
-0.00124506
-0.00380173
-0.00121443
-0.00412225
-0.00120101
-0.00441856
-0.0011873
-0.00469015
-0.00115356
-0.00493974
-0.00108374
-0.00517298
-0.000971881
-0.00539792
-0.000825187
-0.00562334
-0.000661874
-0.00585713
-0.000499373
-0.00610313
-0.000345736
-0.00637123
-0.000187965
-0.00666816
-9.78355e-06
-0.00693321
0.000152389
-0.00710269
0.000238135
0.000222718
-0.000234742
-0.0141501
-0.000979457
-0.0117975
-0.00190273
-0.00896226
-0.00287686
-0.00673862
-0.00385361
-0.00505847
-0.00479404
-0.0038272
-0.00568596
-0.00291742
-0.00652624
-0.00223936
-0.00730961
-0.00173958
-0.00803424
-0.00137908
-0.00870111
-0.00112569
-0.0093132
-0.000954979
-0.00987484
-0.000848123
-0.010391
-0.000790254
-0.0108662
-0.000769894
-0.0113034
-0.000777202
-0.0117043
-0.000800068
-0.0120709
-0.000820757
-0.0124071
-0.000817347
-0.0127196
-0.000771176
-0.0130166
-0.000674894
-0.013307
-0.000534811
-0.0135971
-0.000371782
-0.0138927
-0.000203809
-0.0141966
-4.17633e-05
-0.0144855
0.000100946
-0.0147219
0.000226581
-0.0149063
0.00033679
-0.0150593
0.000391078
0.000365439
-0.00124833
-0.0129017
-0.00299415
-0.0100517
-0.00475949
-0.00719692
-0.00647954
-0.00501857
-0.00809786
-0.00344016
-0.00957752
-0.00234754
-0.0108987
-0.0015962
-0.0120671
-0.001071
-0.0130961
-0.000710572
-0.0140036
-0.000471569
-0.0148075
-0.00032179
-0.0155237
-0.000238825
-0.016166
-0.000205836
-0.0167468
-0.00020944
-0.0172765
-0.000240159
-0.0177622
-0.000291457
-0.0182075
-0.000354812
-0.0186148
-0.000413489
-0.0189893
-0.000442852
-0.0193399
-0.000420523
-0.0196759
-0.000338879
-0.0200082
-0.000202574
-0.0203418
-3.81757e-05
-0.0206604
0.000114766
-0.0209369
0.00023483
-0.0211704
0.000334432
-0.0213749
0.000431071
-0.0215526
0.00051451
-0.0217092
0.000547609
0.000525762
-0.00243901
-0.0104627
-0.0052997
-0.00719097
-0.00797414
-0.00452248
-0.0104036
-0.00258906
-0.0125705
-0.00127326
-0.0144898
-0.000428306
-0.016159
7.30592e-05
-0.017565
0.000334981
-0.0187242
0.000448641
-0.0196875
0.000491697
-0.0205028
0.000493529
-0.0212069
0.000465295
-0.0218274
0.000414596
-0.0223858
0.000348999
-0.0228993
0.000273313
-0.0233788
0.000188083
-0.0238288
9.51456e-05
-0.0242492
6.92626e-06
-0.0246386
-5.34745e-05
-0.0250036
-5.54879e-05
-0.0253554
1.2963e-05
-0.025695
0.000136957
-0.026007
0.000273886
-0.0262883
0.000396075
-0.0265436
0.000490116
-0.026771
0.000561819
-0.0269675
0.000627542
-0.0271369
0.00068396
-0.0272936
0.00070428
0.000693604
-0.00400625
-0.00645647
-0.00834765
-0.00284957
-0.0122669
-0.000603183
-0.01551
0.00065397
-0.0180655
0.00128226
-0.020042
0.00154822
-0.0215861
0.00161714
-0.0228319
0.00158073
-0.0238767
0.00149346
-0.0247687
0.00138375
-0.025543
0.00126783
-0.0262248
0.0011471
-0.026832
0.00102178
-0.02738
0.000897013
-0.0278825
0.000775788
-0.028347
0.000652608
-0.0287731
0.000521231
-0.0291572
0.000391039
-0.0295034
0.000292743
-0.0298214
0.000262512
-0.0301222
0.000313716
-0.0304162
0.000430988
-0.0307119
0.000569522
-0.0309994
0.000683603
-0.0312615
0.000752264
-0.0314872
0.000787452
-0.0316759
0.000816307
-0.0318384
0.000846393
-0.0319939
0.000859797
0.000860769
-0.00628764
-0.000168823
-0.0117586
0.00262138
-0.0160509
0.00368908
-0.0193321
0.00393516
-0.0218875
0.00383767
-0.0239117
0.00357248
-0.025534
0.00323945
-0.0268475
0.00289423
-0.0279228
0.00256874
-0.0288239
0.00228482
-0.0296004
0.00204437
-0.0302827
0.00182937
-0.0308873
0.00162638
-0.0314294
0.00143907
-0.0319255
0.00127192
-0.0323852
0.00111236
-0.0328046
0.000940579
-0.0331732
0.0007597
-0.0334904
0.000609942
-0.0337734
0.000545509
-0.0340507
0.000591024
-0.0343414
0.000721601
-0.0346458
0.000873921
-0.0349458
0.000983674
-0.035216
0.0010224
-0.0354397
0.00101119
-0.0356196
0.000996178
-0.0357739
0.00100067
-0.0359256
0.00101158
0.00102448
-0.00786082
0.007692
-0.0141631
0.0089237
-0.0189465
0.00847239
-0.0225876
0.00757631
-0.0253431
0.0065932
-0.0274383
0.00566762
-0.0290668
0.00486793
-0.0303594
0.0041869
-0.0313991
0.0036084
-0.0322597
0.00314539
-0.0330045
0.00278921
-0.0336664
0.00249127
-0.0342541
0.00221406
-0.0347785
0.00196353
-0.0352614
0.0017548
-0.035717
0.00156797
-0.0361361
0.00135964
-0.0364961
0.00111971
-0.0367899
0.000903731
-0.0370423
0.000797889
-0.0372957
0.000844479
-0.03758
0.00100588
-0.0378949
0.00118885
-0.0382125
0.00130125
-0.0384941
0.00130403
-0.0387154
0.0012325
-0.0388828
0.00116352
-0.0390252
0.00114304
-0.0391701
0.00115652
0.00118213
-0.00941109
0.0171031
-0.0171051
0.0166177
-0.022447
0.0138143
-0.0261764
0.0113057
-0.0288752
0.00929202
-0.0308447
0.00763713
-0.0323384
0.00636161
-0.033518
0.00536654
-0.0344517
0.00454204
-0.0352139
0.00390765
-0.0358897
0.00346499
-0.036514
0.00311561
-0.0370736
0.00277362
-0.0375663
0.00245621
-0.0380232
0.00221175
-0.0384707
0.00201547
-0.0388923
0.00178122
-0.0392433
0.00147074
-0.0395026
0.00116304
-0.0397061
0.0010014
-0.0399216
0.00105996
-0.0401954
0.0012797
-0.0405257
0.00151911
-0.0408694
0.00164497
-0.0411685
0.00160306
-0.0413861
0.00145017
-0.041534
0.00131135
-0.0416579
0.00126699
-0.041793
0.00129162
0.00133182
-0.0124717
0.0295748
-0.0217633
0.0259093
-0.0270726
0.0191236
-0.0302915
0.0145246
-0.0326232
0.0116237
-0.034221
0.00923487
-0.0353936
0.00753427
-0.0363646
0.00633753
-0.0371297
0.00530709
-0.0377294
0.00450732
-0.0382948
0.00403044
-0.0388732
0.00369401
-0.0394001
0.00330054
-0.0398423
0.00289835
-0.0402517
0.00262113
-0.0406851
0.00244895
-0.0411181
0.00221419
-0.0414656
0.00181819
-0.0416776
0.00137508
-0.0418064
0.0011302
-0.0419642
0.00121774
-0.0422244
0.00153991
-0.0425796
0.00187433
-0.0429636
0.00202893
-0.0432894
0.00192893
-0.0435013
0.00166204
-0.0436176
0.00142771
-0.0437126
0.00136196
-0.0438356
0.00141462
0.00147348
-0.0177833
0.0473581
-0.0290037
0.0371297
-0.033532
0.0236519
-0.0349827
0.0159753
-0.0366271
0.0132681
-0.0375333
0.0101411
-0.0381266
0.00812754
-0.0388534
0.00706439
-0.03946
0.00591367
-0.0398177
0.00486504
-0.040204
0.00441672
-0.0407403
0.0042303
-0.0412483
0.00380852
-0.0416215
0.00327155
-0.0419516
0.00295119
-0.0423695
0.00286691
-0.0428402
0.00268487
-0.0432047
0.00218265
-0.0433546
0.001525
-0.0433662
0.00114187
-0.0434352
0.00128673
-0.0436788
0.00178351
-0.0440746
0.00227012
-0.0445199
0.00247415
-0.0448865
0.00229556
-0.0450891
0.00186462
-0.0451541
0.00149274
-0.0452028
0.00141063
-0.0453136
0.00152543
0.00161155
0.207447
0.00576026
0.207034
0.0111752
0.206432
0.01635
0.205647
0.0213681
0.204688
0.0262941
0.203561
0.0311823
0.202271
0.0360802
0.200825
0.0410296
0.199229
0.0460674
0.197488
0.0512269
0.195607
0.0565381
0.193592
0.0620294
0.191449
0.0677283
0.189182
0.073662
0.186796
0.0798592
0.184296
0.0863512
0.181685
0.0931737
0.178963
0.10037
0.176133
0.107994
0.173191
0.116114
0.170134
0.124822
0.166956
0.134243
0.163654
0.144547
0.160228
0.155978
0.156702
0.16889
0.153168
0.183811
0.149993
0.201537
0.148853
0.222981
0.160541
0.245628
0.258794
0.236074
0.21249
0.00595268
0.212118
0.011548
0.211574
0.0168936
0.210868
0.022074
0.210008
0.0271546
0.209
0.0321898
0.207853
0.0372273
0.206574
0.0423088
0.20517
0.0474711
0.20365
0.0527469
0.202022
0.0581661
0.200295
0.0637564
0.198479
0.0695444
0.196584
0.0755567
0.194623
0.0818209
0.192607
0.088367
0.190552
0.095229
0.188474
0.102448
0.186396
0.110072
0.184345
0.118164
0.182363
0.126805
0.180509
0.136097
0.178884
0.146173
0.177657
0.157205
0.177153
0.169395
0.178023
0.182941
0.181684
0.197875
0.190739
0.213926
0.206196
0.230172
0.245688
0.219302
0.217658
0.00612262
0.217329
0.011877
0.21685
0.0173723
0.21623
0.0226937
0.215478
0.027907
0.214601
0.0330664
0.213609
0.0382195
0.21251
0.0434075
0.211315
0.0486665
0.210033
0.0540285
0.208677
0.0595224
0.207259
0.0651745
0.205793
0.0710101
0.204296
0.0770538
0.202786
0.0833307
0.201285
0.0898678
0.19982
0.0966946
0.198422
0.103845
0.197134
0.11136
0.196012
0.119287
0.195134
0.127683
0.194613
0.136618
0.194619
0.146167
0.195416
0.156408
0.197414
0.167397
0.201223
0.179131
0.207614
0.191484
0.217248
0.204293
0.229844
0.217575
0.228753
0.246779
0.222951
0.00626809
0.22267
0.0121583
0.222262
0.0177805
0.221735
0.0232201
0.2211
0.0285426
0.220364
0.033802
0.219539
0.0390452
0.218633
0.0443125
0.217661
0.0496392
0.216633
0.0550559
0.215566
0.0605899
0.214475
0.0662657
0.213379
0.0721062
0.212299
0.0781332
0.211262
0.0843681
0.210297
0.090833
0.20944
0.0975508
0.208739
0.104547
0.208251
0.111848
0.208052
0.119485
0.208246
0.127489
0.208972
0.135891
0.210425
0.144715
0.212866
0.153966
0.216643
0.16362
0.222176
0.173599
0.229913
0.183747
0.240426
0.19378
0.254632
0.203369
0.21026
0.273125
0.228374
0.00638721
0.228144
0.0123884
0.227812
0.0181131
0.227385
0.0236464
0.226874
0.0290533
0.226289
0.0343872
0.225641
0.0396938
0.224941
0.0450123
0.224203
0.0503766
0.223444
0.0558156
0.222679
0.0613545
0.221929
0.0670154
0.221217
0.0728183
0.220569
0.0787811
0.220017
0.0849206
0.219597
0.0912528
0.219355
0.0977929
0.219346
0.104556
0.21964
0.111554
0.220324
0.118801
0.221512
0.126301
0.223349
0.134055
0.226018
0.142045
0.229752
0.150232
0.23483
0.158542
0.241581
0.166848
0.250383
0.174945
0.261683
0.182481
0.275953
0.189099
0.193714
0.292498
0.233929
0.00647832
0.233754
0.0125639
0.233502
0.0183653
0.233181
0.0239667
0.232802
0.0294322
0.232376
0.0348139
0.231913
0.0401562
0.231429
0.045497
0.230937
0.0508682
0.230456
0.0562968
0.230005
0.0618054
0.229607
0.0674134
0.229288
0.0731371
0.229079
0.0789903
0.229015
0.0849844
0.229139
0.0911288
0.229502
0.0974305
0.230164
0.103894
0.2312
0.110518
0.232701
0.117299
0.23478
0.124223
0.237572
0.131263
0.241241
0.138376
0.245979
0.145494
0.252006
0.152514
0.259566
0.159288
0.268899
0.165612
0.280185
0.171195
0.293518
0.175765
0.178809
0.308423
0.23962
0.00653991
0.239502
0.012682
0.239334
0.0185331
0.239125
0.0241759
0.238884
0.0296729
0.238623
0.035075
0.238354
0.0404249
0.238092
0.0457586
0.237855
0.051106
0.23766
0.0564917
0.237529
0.0619357
0.237489
0.0674541
0.237567
0.0730593
0.237796
0.0787607
0.238216
0.0845643
0.238872
0.090473
0.239817
0.0964855
0.241114
0.102597
0.242837
0.108795
0.245075
0.115062
0.247929
0.121368
0.25152
0.127672
0.255983
0.133913
0.261467
0.14001
0.268129
0.145852
0.276119
0.151298
0.285557
0.156175
0.296487
0.160265
0.308899
0.163353
0.165173
0.322535
0.245448
0.00657072
0.24539
0.0127403
0.24531
0.0186131
0.245216
0.0242695
0.245119
0.0297706
0.245029
0.0351652
0.244959
0.0404942
0.244926
0.0457915
0.244948
0.0510848
0.245043
0.0563961
0.245237
0.0617423
0.245554
0.0671365
0.246026
0.0725871
0.246688
0.078099
0.247579
0.0836732
0.248746
0.0893063
0.250241
0.0949902
0.252126
0.100712
0.254471
0.10645
0.257355
0.112178
0.260867
0.117856
0.265107
0.123432
0.270177
0.128842
0.276186
0.134001
0.283233
0.138805
0.291399
0.143133
0.30073
0.146843
0.311216
0.149779
0.322789
0.15178
0.152715
0.335247
0.251418
0.00656975
0.251422
0.0127368
0.251432
0.0186024
0.251457
0.0242443
0.251507
0.0297214
0.251591
0.0350805
0.251725
0.0403603
0.251924
0.0455924
0.252207
0.0508021
0.252594
0.0560087
0.25311
0.0612264
0.253782
0.0664645
0.254641
0.0717283
0.255722
0.0770183
0.257064
0.0823309
0.258713
0.0876575
0.260718
0.0929846
0.263137
0.0982927
0.266032
0.103555
0.269471
0.108739
0.273528
0.113799
0.278279
0.118682
0.283798
0.123323
0.290155
0.127643
0.297408
0.131553
0.305589
0.134952
0.314701
0.137732
0.324697
0.139782
0.335479
0.140997
0.141319
0.346876
0.257532
0.00653623
0.257599
0.0126702
0.257702
0.0184992
0.257848
0.024098
0.258047
0.029523
0.258309
0.0348187
0.258648
0.0400214
0.25908
0.0451604
0.259623
0.0502584
0.2603
0.0553321
0.261134
0.0603927
0.262152
0.0654467
0.263384
0.0704958
0.264865
0.0755372
0.266633
0.0805631
0.268729
0.0855613
0.2712
0.090514
0.274095
0.0953977
0.277467
0.100183
0.281373
0.104833
0.28587
0.109303
0.291011
0.113541
0.296847
0.117487
0.303418
0.121072
0.310748
0.124223
0.31884
0.12686
0.327665
0.128907
0.337159
0.130287
0.347219
0.130938
0.130837
0.357701
0.263794
0.0064697
0.263925
0.0125395
0.264122
0.0183023
0.26439
0.0238294
0.264739
0.0291744
0.265178
0.0343792
0.265722
0.0394778
0.266385
0.044497
0.267187
0.0494569
0.268147
0.0543716
0.26929
0.0592499
0.270642
0.0640953
0.272231
0.0689068
0.274089
0.0736785
0.276252
0.0784001
0.278758
0.0830561
0.281645
0.0876265
0.284957
0.0920858
0.288737
0.0964032
0.293027
0.100542
0.297869
0.10446
0.3033
0.10811
0.309347
0.111439
0.316028
0.114391
0.323345
0.116906
0.331279
0.118927
0.339786
0.120399
0.348797
0.121276
0.358213
0.121522
0.121135
0.367915
0.270207
0.00636998
0.270402
0.0123445
0.270693
0.0180115
0.271084
0.0234384
0.271582
0.0286759
0.272198
0.0337632
0.272944
0.0387319
0.273835
0.043606
0.274888
0.0484035
0.276124
0.0531359
0.277564
0.0578097
0.279233
0.0624262
0.281158
0.0669819
0.283368
0.0714689
0.285893
0.0758748
0.288767
0.0801827
0.292022
0.0843712
0.295693
0.0884148
0.299813
0.0922832
0.304413
0.0959422
0.30952
0.0993535
0.315155
0.102476
0.32133
0.105264
0.328045
0.107675
0.335286
0.109664
0.343024
0.11119
0.351207
0.112216
0.359766
0.112717
0.368613
0.112675
0.112101
0.377647
0.276774
0.00623717
0.277033
0.0120854
0.277417
0.0176272
0.277929
0.022926
0.278576
0.0280292
0.279366
0.0329735
0.28031
0.0377877
0.281422
0.0424935
0.28272
0.0471064
0.284219
0.0516361
0.285942
0.0560868
0.287911
0.0604579
0.290148
0.0647445
0.29268
0.068937
0.295532
0.0730221
0.298733
0.0769823
0.302308
0.0807964
0.306283
0.0844397
0.310682
0.0878841
0.315525
0.0910989
0.320828
0.0940508
0.326598
0.0967051
0.332836
0.0990268
0.33953
0.100982
0.346656
0.102538
0.354178
0.103668
0.362043
0.104351
0.370187
0.104573
0.378532
0.10433
0.103639
0.386994
0.283498
0.00607166
0.283821
0.0117629
0.284297
0.0171508
0.284929
0.0222942
0.285721
0.0272375
0.28668
0.0320144
0.287816
0.0366511
0.289142
0.0411672
0.290673
0.0455761
0.292423
0.0498854
0.294413
0.0540977
0.296659
0.0582112
0.299184
0.0622197
0.302008
0.0661129
0.305153
0.0698773
0.30864
0.0734957
0.312488
0.0769479
0.316716
0.0802113
0.32134
0.0832607
0.326369
0.0860695
0.33181
0.0886099
0.337661
0.0908542
0.343913
0.0927753
0.350546
0.0943484
0.357532
0.0955519
0.364831
0.0963688
0.372394
0.0967883
0.38016
0.0968067
0.388063
0.0964272
0.0956705
0.396031
0.290384
0.00587407
0.290768
0.0113785
0.291335
0.0165842
0.292083
0.0215461
0.293016
0.0263048
0.294139
0.0308914
0.29546
0.0353296
0.296991
0.0396368
0.298742
0.0438245
0.300729
0.0478987
0.302966
0.0518608
0.305469
0.055708
0.308255
0.0594334
0.311341
0.0630268
0.314744
0.0664749
0.318478
0.0697616
0.322557
0.0728686
0.326993
0.0757756
0.331793
0.078461
0.33696
0.0809025
0.342491
0.0830779
0.34838
0.0849657
0.354609
0.0865461
0.361156
0.0878019
0.367988
0.0887196
0.375066
0.0892903
0.382344
0.0895104
0.389769
0.0893824
0.397281
0.0889146
0.088128
0.404824
0.297435
0.00564529
0.297879
0.0109337
0.298533
0.0159303
0.299394
0.0206854
0.300463
0.0252363
0.301743
0.0296113
0.30324
0.0338318
0.304964
0.0379131
0.306924
0.0418649
0.30913
0.0456921
0.311596
0.0493952
0.314333
0.0529707
0.317355
0.0564116
0.320674
0.0597082
0.324301
0.062848
0.328246
0.0658164
0.332517
0.0685973
0.337119
0.0711733
0.342054
0.0735263
0.347318
0.0756385
0.352904
0.0774925
0.358797
0.0790726
0.364978
0.080365
0.371421
0.0813588
0.378094
0.0820467
0.384958
0.0824256
0.391972
0.0824968
0.399088
0.0822667
0.406256
0.0817463
0.0809562
0.413428
0.304654
0.00538636
0.305157
0.0104307
0.305895
0.0151922
0.306864
0.0197166
0.308062
0.0240379
0.309492
0.0281817
0.311157
0.0321671
0.313062
0.0360075
0.315216
0.0397114
0.317625
0.0432824
0.3203
0.0467203
0.323249
0.0500217
0.326481
0.0531797
0.330004
0.0561854
0.333824
0.0590274
0.337948
0.0616931
0.342377
0.0641686
0.34711
0.0664394
0.352146
0.0684912
0.357474
0.07031
0.363083
0.0718831
0.368957
0.0731993
0.375072
0.0742498
0.381402
0.0750286
0.387916
0.0755331
0.394577
0.0757641
0.401348
0.0757264
0.408186
0.0754285
0.415049
0.0748826
0.0741083
0.421897
0.312046
0.00509851
0.312605
0.00987194
0.313424
0.0143736
0.314495
0.0186448
0.315817
0.0227162
0.317388
0.0266109
0.319209
0.0303457
0.321284
0.0339325
0.323617
0.0373783
0.326214
0.0406861
0.329078
0.0438555
0.332217
0.0468827
0.335635
0.0497617
0.339336
0.0524844
0.343323
0.0550411
0.347595
0.0574208
0.352151
0.0596122
0.356987
0.0616037
0.362094
0.0633841
0.367461
0.0649431
0.373072
0.0662716
0.378909
0.0673626
0.384948
0.0682111
0.391162
0.0688149
0.39752
0.0691744
0.403991
0.0692933
0.410539
0.0691783
0.417128
0.0688392
0.423723
0.0682884
0.0675439
0.430287
0.319615
0.00478306
0.320227
0.00925996
0.321122
0.0134783
0.322292
0.0174752
0.32373
0.0212781
0.325433
0.0249074
0.327401
0.0283781
0.329633
0.0317003
0.332131
0.0348801
0.334898
0.0379199
0.337934
0.040819
0.341243
0.0435741
0.344825
0.0461799
0.34868
0.0486291
0.352807
0.0509138
0.357203
0.053025
0.361862
0.0549535
0.366775
0.0566904
0.371932
0.0582273
0.377318
0.0595571
0.382916
0.0606739
0.388705
0.0615736
0.394661
0.0622544
0.40076
0.0627165
0.406971
0.0629628
0.413266
0.0629986
0.419613
0.0628317
0.42598
0.0624721
0.432336
0.0619321
0.0612278
0.438652
0.327365
0.00444136
0.328027
0.00859746
0.328995
0.0125105
0.330257
0.0162135
0.331804
0.0197307
0.333632
0.02308
0.335735
0.0262745
0.338113
0.029323
0.340762
0.0322306
0.343683
0.0349992
0.346874
0.0376282
0.350333
0.0401147
0.354059
0.042454
0.358048
0.0446403
0.362295
0.0466669
0.366793
0.0485267
0.371534
0.0502128
0.376506
0.0517184
0.381695
0.0530377
0.387086
0.054166
0.39266
0.0550999
0.398396
0.0558379
0.40427
0.0563801
0.410258
0.0567287
0.416333
0.056888
0.422467
0.0568642
0.428634
0.0566655
0.434804
0.0563019
0.440951
0.0557847
0.0551285
0.447051
0.3353
0.00407477
0.336011
0.00788711
0.337047
0.0114742
0.338396
0.014865
0.340045
0.0180808
0.341988
0.0211371
0.344218
0.024045
0.346729
0.0268121
0.349516
0.0294428
0.352577
0.0319385
0.355907
0.0342988
0.3595
0.036521
0.363353
0.0386016
0.367457
0.0405356
0.371806
0.042318
0.37639
0.0439432
0.381197
0.045406
0.386213
0.0467019
0.391424
0.0478269
0.396811
0.0487783
0.402357
0.0495548
0.408038
0.0501564
0.413833
0.0505848
0.419719
0.0508435
0.425669
0.0509374
0.43166
0.0508731
0.437667
0.0506589
0.443665
0.050304
0.44963
0.049819
0.0492167
0.455542
0.343426
0.00368453
0.344182
0.00713136
0.345283
0.0103731
0.346713
0.013435
0.348458
0.0163352
0.350509
0.0190868
0.352855
0.0216991
0.355488
0.0241785
0.358403
0.0265286
0.36159
0.0287507
0.365045
0.0308443
0.368758
0.0328075
0.372723
0.0346372
0.376929
0.0363297
0.381366
0.0378811
0.386022
0.0392873
0.390883
0.0405448
0.395934
0.0416504
0.401159
0.0426019
0.40654
0.0433982
0.412055
0.0440391
0.417686
0.0445261
0.423409
0.0448617
0.429202
0.0450499
0.435043
0.0450962
0.440909
0.0450071
0.446778
0.0447903
0.452628
0.0444544
0.458438
0.0440089
0.043465
0.46419
0.351746
0.00327168
0.352546
0.00633232
0.353708
0.00921062
0.355215
0.0119282
0.35705
0.0144999
0.3592
0.0169364
0.361654
0.0192452
0.364401
0.0214316
0.367431
0.0234984
0.370735
0.0254469
0.374303
0.0272765
0.378125
0.0289858
0.382189
0.0305724
0.386485
0.0320336
0.391
0.0333664
0.395719
0.0345681
0.400628
0.0356362
0.405709
0.0365689
0.410946
0.0373653
0.416319
0.0380251
0.421809
0.0385494
0.427395
0.0389401
0.433056
0.0392004
0.438771
0.0393346
0.44452
0.0393479
0.45028
0.0392465
0.456033
0.0390376
0.461759
0.0387288
0.467439
0.0383284
0.0378461
0.473058
0.360267
0.00283686
0.361108
0.00549141
0.362329
0.00798936
0.363909
0.0103486
0.365828
0.0125805
0.368072
0.0146926
0.370626
0.016691
0.373478
0.0185798
0.376615
0.0203614
0.380025
0.0220365
0.383697
0.0236049
0.387618
0.0250653
0.391774
0.0264161
0.396152
0.0276552
0.400738
0.0287806
0.405516
0.0297905
0.410468
0.0306834
0.415579
0.0314584
0.420829
0.0321154
0.426199
0.0326549
0.43167
0.0330784
0.437222
0.0333884
0.442834
0.033588
0.448487
0.0336814
0.454162
0.0336737
0.459838
0.0335703
0.465498
0.0333777
0.471124
0.0331026
0.4767
0.032752
0.0323343
0.482212
0.368993
0.00237998
0.369876
0.00460885
0.371154
0.00671092
0.372803
0.00869961
0.374802
0.0105813
0.377134
0.0123608
0.379783
0.0140427
0.382732
0.01563
0.385969
0.0171245
0.389479
0.0185267
0.393248
0.0198363
0.397261
0.0210524
0.401503
0.0221738
0.405959
0.0231991
0.410613
0.0241269
0.415447
0.0249561
0.420444
0.0256859
0.425587
0.0263161
0.430855
0.026847
0.436231
0.0272796
0.441693
0.0276156
0.447224
0.0278575
0.452804
0.0280083
0.458413
0.028072
0.464034
0.0280528
0.469649
0.0279558
0.47524
0.0277862
0.480793
0.0275498
0.486293
0.0272524
0.0269009
0.491726
0.377932
0.00189944
0.378858
0.0036827
0.380193
0.00537596
0.381908
0.00698426
0.383983
0.00850689
0.386397
0.00994629
0.389134
0.0113059
0.392176
0.0125881
0.395507
0.0137937
0.39911
0.014923
0.402971
0.0159756
0.407072
0.016951
0.411398
0.0178483
0.41593
0.0186665
0.420653
0.0194048
0.425546
0.0200624
0.430593
0.0206392
0.435774
0.0211351
0.44107
0.0215509
0.446462
0.0218875
0.451931
0.0221468
0.457458
0.0223309
0.463023
0.0224427
0.46861
0.0224854
0.4742
0.0224626
0.479777
0.0223786
0.485326
0.0222376
0.490831
0.0220444
0.49628
0.0218036
0.0215209
0.50166
0.387091
0.00139003
0.388068
0.00270573
0.389462
0.00398197
0.391243
0.00520282
0.393391
0.00635878
0.395886
0.00745165
0.398708
0.00848438
0.401838
0.00945809
0.405258
0.010373
0.408952
0.011229
0.412902
0.0120259
0.41709
0.0127632
0.421498
0.0134403
0.426108
0.0140564
0.430901
0.0146113
0.435859
0.0151044
0.440963
0.0155358
0.446192
0.0159056
0.451528
0.0162146
0.456952
0.0164639
0.462444
0.0166547
0.467986
0.0167891
0.47356
0.0168692
0.479147
0.0168977
0.484733
0.0168774
0.4903
0.0168114
0.495834
0.0167032
0.501322
0.0165561
0.506752
0.0163736
0.0161597
0.512114
0.396484
0.000838727
0.397517
0.00167238
0.398966
0.00253312
0.40081
0.00335913
0.403029
0.00413987
0.405601
0.00487981
0.408504
0.00558071
0.41172
0.00624222
0.415229
0.00686387
0.419013
0.00744541
0.423052
0.00798656
0.427329
0.00848694
0.431823
0.00894613
0.436515
0.00936371
0.441387
0.00973937
0.446419
0.010073
0.45159
0.0103645
0.456881
0.0106142
0.462273
0.0108227
0.467747
0.0109907
0.473282
0.0111193
0.478861
0.0112099
0.484466
0.011264
0.490081
0.0112835
0.495688
0.0112703
0.501272
0.0112266
0.506821
0.0111548
0.512319
0.0110573
0.517756
0.0109366
0.0107958
0.52312
0.406193
0.00015562
0.40729
0.000575526
0.40879
0.00103357
0.410692
0.00145654
0.412976
0.00185657
0.415616
0.00223914
0.418593
0.0026035
0.421887
0.00294831
0.425478
0.00327297
0.429347
0.00357718
0.433472
0.00386069
0.437836
0.0041232
0.442418
0.00436441
0.447197
0.00458408
0.452155
0.00478201
0.45727
0.00495811
0.462522
0.00511241
0.467891
0.00524504
0.473357
0.00535631
0.478901
0.00544664
0.484504
0.00551661
0.490147
0.00556694
0.495813
0.00559847
0.501484
0.00561217
0.507145
0.00560908
0.512781
0.00559035
0.518379
0.00555716
0.523926
0.00551077
0.52941
0.00545238
0.00538385
0.534822
0.415475
0.41605
0.417084
0.418541
0.420397
0.422636
0.42524
0.428188
0.431461
0.435038
0.438899
0.443022
0.447387
0.451971
0.456753
0.461711
0.466823
0.472068
0.477424
0.482871
0.488388
0.493955
0.499553
0.505165
0.510774
0.516365
0.521922
0.527433
0.532885
0.538269
0.128355
0.10772
0.0385721
0.0897824
0.0573593
-0.0187873
0.21076
0.116262
0.194653
0.105889
0.089886
0.162127
0.25252
0.110521
0.251922
0.106487
0.0995287
0.242279
0.280124
0.103522
0.284046
0.102566
0.0998623
0.283712
0.299931
0.0960891
0.306134
0.0963635
0.0956349
0.310361
0.315783
0.0887294
0.322758
0.0893883
0.0895053
0.328888
0.329401
0.0818633
0.336229
0.0825606
0.0829585
0.342776
0.341519
0.0755915
0.34787
0.0762101
0.0766443
0.354184
0.3526
0.0698673
0.358422
0.0703886
0.0707812
0.364285
0.362949
0.0646193
0.368282
0.0650559
0.065395
0.373668
0.372756
0.0597791
0.377663
0.0601481
0.0604397
0.382619
0.382141
0.0552854
0.386688
0.055601
0.0558539
0.391274
0.391193
0.0510864
0.395434
0.0513593
0.0515808
0.399707
0.399978
0.0471392
0.403961
0.0473773
0.0475729
0.407968
0.408554
0.0434085
0.412314
0.0436176
0.0437914
0.416096
0.416971
0.0398652
0.420539
0.0400498
0.0402047
0.424126
0.425278
0.036485
0.428679
0.0366483
0.0367867
0.432097
0.433525
0.0332471
0.436782
0.0333917
0.0335153
0.440053
0.441766
0.0301335
0.444896
0.0302615
0.0303717
0.44804
0.450056
0.0271283
0.453076
0.0272412
0.0273391
0.456109
0.458454
0.0242166
0.461379
0.0243157
0.0244022
0.464316
0.467022
0.0213846
0.469866
0.0214709
0.0215466
0.472722
0.475824
0.018619
0.478601
0.0186933
0.0187588
0.481389
0.484925
0.0159062
0.487649
0.0159691
0.0160248
0.490383
0.494399
0.0132333
0.497083
0.0132854
0.0133317
0.499776
0.504308
0.0105854
0.506967
0.0106267
0.0106635
0.509635
0.514749
0.00795024
0.517394
0.00798131
0.00800922
0.520048
0.525762
0.00530821
0.528415
0.00532866
0.00534644
0.531078
0.537479
0.00265121
0.540147
0.00266034
0.00266889
0.542825
0.54092
0.54358
0.546249
-0.0373778
0.0659486
-0.0468773
0.0466292
-0.0472577
0.0240323
-0.0408161
0.00953373
-0.041803
0.014255
-0.0422041
0.0105422
-0.0420783
0.00800176
-0.0427077
0.00769378
-0.0432287
0.00643465
-0.0430557
0.00469207
-0.0430922
0.00445325
-0.0436932
0.00483126
-0.0443038
0.00441912
-0.0446171
0.00358485
-0.044799
0.0031331
-0.0452006
0.00326855
-0.0457669
0.00325111
-0.0461961
0.0026119
-0.0462602
0.00158907
-0.0460713
0.000952914
-0.045997
0.00121248
-0.0462371
0.00202357
-0.046722
0.00275508
-0.0472837
0.00303587
-0.0477305
0.00274232
-0.0479269
0.00206103
-0.0479063
0.00147218
-0.0478763
0.00138059
-0.0479828
0.00163193
0.00177321
0.0976922
0.130383
0.0482345
0.0960868
0.000819665
0.0714471
-0.0336004
0.0439538
-0.0476761
0.0283308
-0.0498385
0.0127046
-0.0453012
0.00346439
-0.0448879
0.00728052
-0.0455151
0.00706187
-0.044704
0.00388093
-0.0446127
0.00436199
-0.0456364
0.0058549
-0.0465188
0.0053015
-0.0466056
0.00367174
-0.0463134
0.00284082
-0.04666
0.00361516
-0.0474384
0.00402955
-0.0480481
0.00322153
-0.0480446
0.00158559
-0.0475212
0.000429498
-0.0472065
0.000897829
-0.047451
0.00226803
-0.0480763
0.00338044
-0.0488057
0.00376521
-0.0493632
0.00329985
-0.0495372
0.00223499
-0.0493582
0.00129322
-0.0491791
0.00120149
-0.0492903
0.00174307
0.00200746
0.205077
0.167585
0.16436
0.136803
0.125449
0.110358
0.0836726
0.0857304
0.0457495
0.0662538
0.00618388
0.0522703
-0.0261733
0.0358215
-0.0439025
0.0250098
-0.0500922
0.0132515
-0.0491718
0.00296057
-0.0453746
0.000564816
-0.0461509
0.00663112
-0.0474882
0.00663882
-0.0472427
0.00342622
-0.0464857
0.00208384
-0.0470626
0.00419206
-0.0483841
0.00535105
-0.0494102
0.00424769
-0.0493042
0.00147958
-0.0480084
-0.00086628
-0.0471453
3.47138e-05
-0.0474626
0.00258525
-0.0483387
0.00425655
-0.0493172
0.00474377
-0.0500373
0.00401998
-0.0501731
0.0023707
-0.0497355
0.000855623
-0.0492898
0.000755791
-0.0494256
0.00187891
0.00246993
0.268849
0.182449
0.2448
0.160853
0.216055
0.139103
0.183459
0.118326
0.150147
0.0995653
0.119021
0.0833961
0.0868915
0.0679514
0.0572832
0.054618
0.0271919
0.0433428
-0.00460416
0.0347567
-0.0297243
0.025685
-0.0426824
0.0195892
-0.0481631
0.0121194
-0.0487285
0.0039917
-0.0459521
-0.000692585
-0.0451617
0.00340165
-0.0470846
0.00727397
-0.0488651
0.00602818
-0.0480547
0.000669134
-0.0461696
-0.00275134
-0.0450675
-0.00106741
-0.0458759
0.00339373
-0.0472382
0.0056188
-0.0486038
0.00610935
-0.0495854
0.00500164
-0.0496634
0.00244865
-0.0488036
-4.18048e-06
-0.0477568
-0.00029097
-0.0478929
0.00201502
0.00340725
0.308809
0.184001
0.298382
0.17128
0.28146
0.156025
0.259871
0.139915
0.235478
0.123958
0.209947
0.108927
0.183104
0.0947946
0.155981
0.0817412
0.129208
0.0701161
0.103913
0.0600512
0.0787537
0.0508443
0.0558957
0.0424473
0.0336854
0.0343297
0.00917893
0.0284982
-0.0138493
0.0223356
-0.0296147
0.0191671
-0.0378652
0.0155244
-0.0419773
0.0101403
-0.0434365
0.00212839
-0.0409377
-0.00525015
-0.0399289
-0.00207625
-0.0415006
0.0049655
-0.0435823
0.00770044
-0.045303
0.00783003
-0.0464306
0.00612925
-0.0463093
0.00232736
-0.0445231
-0.00179039
-0.0430445
-0.00176955
-0.0435237
0.00249427
0.00534529
0.335014
0.177875
0.334253
0.17204
0.32742
0.162858
0.315638
0.151698
0.300055
0.139541
0.281811
0.12717
0.261645
0.114961
0.240218
0.103168
0.218222
0.0921112
0.196234
0.0820396
0.174278
0.0728003
0.152668
0.0640577
0.131107
0.0558902
0.110681
0.0489239
0.0902001
0.0428169
0.0716034
0.0377638
0.0547942
0.0323336
0.0386274
0.0263071
0.0193065
0.0214493
-0.00368683
0.0177432
-0.0211821
0.015419
-0.0297614
0.0135448
-0.0339798
0.0119189
-0.0364041
0.0102543
-0.0378852
0.0076104
-0.0382951
0.0027372
-0.0371093
-0.00297614
-0.0356001
-0.0032788
-0.036598
0.00349223
0.00880214
0.352742
0.167909
0.358132
0.166649
0.358729
0.162262
0.354871
0.155556
0.34715
0.147262
0.336306
0.138014
0.322997
0.12827
0.307778
0.118387
0.291199
0.10869
0.273798
0.099441
0.255939
0.090659
0.237749
0.0822479
0.219341
0.0742984
0.201168
0.0670972
0.183283
0.0607015
0.1662
0.0548467
0.149561
0.0489725
0.132786
0.0430822
0.116283
0.0379522
0.0999855
0.0340408
0.0842855
0.031119
0.0695758
0.0282545
0.0561438
0.0253509
0.04396
0.0224381
0.0324627
0.0191077
0.0193925
0.0158075
0.00247005
0.0139463
-0.0134372
0.0126285
-0.0217438
0.0117987
0.0155107
0.365527
0.156565
0.374262
0.157914
0.379707
0.156817
0.381677
0.153586
0.380298
0.14864
0.375904
0.142409
0.368892
0.135283
0.359675
0.127604
0.348688
0.119677
0.336382
0.111747
0.323104
0.103937
0.309053
0.0962984
0.294419
0.0889324
0.279503
0.0820136
0.264598
0.0756061
0.249876
0.0695687
0.23517
0.0636786
0.220298
0.0579541
0.205467
0.0527839
0.190967
0.0485405
0.177042
0.0450434
0.163569
0.0417276
0.150489
0.0384311
0.13778
0.0351474
0.125076
0.0318117
0.112099
0.0287842
0.0992388
0.0268065
0.0861374
0.02573
0.0724867
0.0254494
0.0273355
0.375672
0.145178
0.385806
0.14778
0.393969
0.148654
0.39974
0.147816
0.402943
0.145437
0.403596
0.141755
0.401851
0.137028
0.397939
0.131516
0.392147
0.125469
0.384789
0.119105
0.376144
0.112582
0.366429
0.106013
0.355851
0.0995102
0.344661
0.0932037
0.333103
0.0871643
0.321309
0.0813628
0.309261
0.0757266
0.296922
0.070293
0.284423
0.0652828
0.272055
0.0609086
0.260006
0.0570923
0.248188
0.0535462
0.236503
0.0501161
0.224868
0.0467817
0.213095
0.043585
0.201098
0.0407811
0.189102
0.0388028
0.177099
0.0377324
0.165049
0.0375003
0.0382156
0.384514
0.134332
0.394894
0.1374
0.404251
0.139297
0.412143
0.139924
0.418271
0.139309
0.422477
0.137548
0.424729
0.134776
0.425087
0.131158
0.423687
0.126869
0.42071
0.122083
0.416346
0.116946
0.410775
0.111584
0.404177
0.106109
0.396747
0.100633
0.388673
0.095238
0.380084
0.0899519
0.371032
0.0847792
0.361552
0.0797732
0.351764
0.0750701
0.341875
0.0707982
0.332022
0.0669446
0.322195
0.0633734
0.312331
0.0599807
0.302356
0.056756
0.292173
0.0537686
0.281748
0.0512058
0.271219
0.0493315
0.260708
0.0482439
0.250336
0.0478722
0.0479822
0.392747
0.124204
0.402804
0.127342
0.412419
0.129683
0.421235
0.131107
0.428959
0.131585
0.435373
0.131134
0.440344
0.129805
0.443818
0.127683
0.445811
0.124877
0.44639
0.121503
0.445657
0.11768
0.443725
0.113515
0.440723
0.109111
0.43679
0.104566
0.432066
0.099962
0.426663
0.0953548
0.420656
0.0907862
0.414112
0.0863178
0.407136
0.082046
0.399873
0.0780614
0.392433
0.0743844
0.384844
0.0709629
0.377078
0.0677464
0.369092
0.0647416
0.360841
0.0620194
0.352329
0.0597186
0.343652
0.0580082
0.334932
0.0569634
0.326292
0.0565126
0.0563646
0.400695
0.114783
0.410218
0.117819
0.419609
0.120292
0.428619
0.122097
0.437015
0.12319
0.444591
0.123558
0.451189
0.123207
0.4567
0.122172
0.461069
0.120508
0.464285
0.118288
0.466373
0.115592
0.467385
0.112504
0.46739
0.109106
0.466475
0.105481
0.464733
0.101704
0.46225
0.0978377
0.459097
0.0939394
0.455343
0.0900723
0.451075
0.0863141
0.446398
0.0827376
0.441403
0.0793801
0.436128
0.0762375
0.430574
0.0733006
0.424724
0.0705919
0.418565
0.0681776
0.41212
0.0661636
0.405464
0.064665
0.398691
0.0637361
0.391886
0.0633176
0.0631528
0.408497
0.105993
0.417453
0.108863
0.426428
0.111317
0.435257
0.113268
0.443769
0.114678
0.451805
0.115523
0.45922
0.115792
0.4659
0.115492
0.471759
0.114648
0.476745
0.113301
0.480836
0.111501
0.484033
0.109306
0.48636
0.106779
0.487858
0.103983
0.488579
0.100983
0.488578
0.0978388
0.487908
0.0946088
0.486627
0.0913537
0.484801
0.08814
0.482508
0.0850312
0.479815
0.0820725
0.476765
0.0792872
0.473373
0.0766929
0.469641
0.0743244
0.465575
0.0722434
0.461204
0.0705345
0.456586
0.0692831
0.451789
0.068533
0.446859
0.0682474
0.0682332
0.416213
0.0977484
0.424642
0.100434
0.43316
0.102799
0.441653
0.104775
0.450003
0.106328
0.458091
0.107435
0.465804
0.108078
0.473041
0.108255
0.479718
0.107972
0.485768
0.107251
0.491147
0.106122
0.49583
0.104624
0.499808
0.1028
0.50309
0.100701
0.505696
0.0983769
0.507654
0.0958809
0.508997
0.0932657
0.509764
0.0905866
0.510002
0.0879018
0.509765
0.0852683
0.509103
0.0827342
0.508054
0.0803366
0.506638
0.0781092
0.504868
0.0760946
0.502759
0.0743516
0.500342
0.072952
0.497659
0.071966
0.494756
0.0714356
0.491652
0.0713518
0.0715887
0.423872
0.0899724
0.431835
0.0924699
0.439918
0.094716
0.44804
0.0966535
0.456115
0.0982531
0.464056
0.0994932
0.471778
0.100357
0.479199
0.100834
0.486247
0.100925
0.492858
0.10064
0.498984
0.0999964
0.504588
0.0990199
0.509646
0.0977418
0.514148
0.0961988
0.518094
0.0944316
0.521491
0.0924835
0.524356
0.0904007
0.526711
0.0882317
0.528585
0.0860274
0.530014
0.0838391
0.531034
0.0817148
0.531673
0.0796974
0.531953
0.0778289
0.531892
0.0761563
0.531507
0.0747363
0.530825
0.0736336
0.52988
0.0729112
0.5287
0.0726159
0.527287
0.0727649
0.0732945
0.431499
0.0825992
0.439057
0.0849116
0.446749
0.087024
0.454514
0.0888883
0.462288
0.090479
0.470005
0.0917763
0.477599
0.092763
0.485005
0.0934276
0.492163
0.0937662
0.499021
0.0937823
0.505531
0.0934861
0.511657
0.0928944
0.517369
0.0920296
0.522648
0.0909194
0.527484
0.0895957
0.531873
0.0880945
0.535819
0.0864546
0.539333
0.0847183
0.54243
0.0829302
0.545133
0.0811363
0.547465
0.0793825
0.549449
0.0777133
0.551104
0.0761739
0.552447
0.0748131
0.553498
0.0736859
0.554278
0.0728531
0.554814
0.0723755
0.555124
0.072306
0.555204
0.072685
0.073501
0.439122
0.0755746
0.446328
0.0777057
0.453675
0.0796769
0.461116
0.0814474
0.4686
0.0829947
0.476076
0.0843008
0.483489
0.085349
0.49079
0.0861271
0.497928
0.0866286
0.504857
0.0868531
0.511537
0.086806
0.517933
0.0864983
0.524017
0.0859459
0.529766
0.08517
0.535166
0.0841959
0.540207
0.0830532
0.544887
0.0817749
0.549208
0.0803974
0.553178
0.0789598
0.556811
0.0775036
0.560122
0.0760717
0.563127
0.0747078
0.565844
0.0734572
0.568288
0.0723688
0.570478
0.0714961
0.572434
0.0708975
0.574176
0.0706334
0.575719
0.0707628
0.57706
0.0713435
0.0724048
0.446775
0.0688527
0.453674
0.0708066
0.460718
0.0726325
0.46787
0.0742954
0.475089
0.0757759
0.482332
0.0770576
0.489557
0.0781248
0.496719
0.0789651
0.503777
0.0795706
0.510692
0.0799383
0.517427
0.0800702
0.523952
0.0799731
0.53024
0.0796584
0.536268
0.079142
0.54202
0.0784442
0.547484
0.0775893
0.552653
0.0766052
0.557527
0.0755233
0.562109
0.0743782
0.566406
0.0732071
0.570428
0.0720494
0.574189
0.070947
0.577702
0.0699438
0.580983
0.0690874
0.58405
0.0684296
0.58692
0.068027
0.589614
0.0679398
0.592145
0.0682316
0.594518
0.068971
0.0702163
0.454498
0.062394
0.46113
0.0641746
0.46791
0.0658527
0.474807
0.0673985
0.481788
0.0687951
0.488817
0.0700281
0.495859
0.0710829
0.502877
0.0719474
0.509834
0.0726131
0.516697
0.0730755
0.523433
0.073334
0.530014
0.0733925
0.536414
0.0732587
0.542611
0.0729446
0.548589
0.0724662
0.554335
0.0718434
0.55984
0.0710999
0.565101
0.0702625
0.570118
0.0693617
0.574894
0.0684307
0.579438
0.0675058
0.583759
0.0666257
0.58787
0.0658324
0.591786
0.0651714
0.595523
0.0646923
0.599101
0.0644498
0.602537
0.0645033
0.605851
0.0649182
0.609053
0.0657687
0.0671301
0.462339
0.0561639
0.468739
0.0577747
0.475288
0.0593036
0.481961
0.0607252
0.488731
0.0620252
0.495569
0.0631906
0.502443
0.0642086
0.509323
0.0650677
0.516176
0.0657593
0.522974
0.0662781
0.529686
0.0666219
0.536286
0.0667923
0.542751
0.0667943
0.549058
0.0666367
0.555192
0.0663322
0.561139
0.0658968
0.566889
0.0653502
0.572436
0.0647156
0.577778
0.0640194
0.582918
0.0632912
0.58786
0.0625637
0.592613
0.0618728
0.597188
0.0612574
0.601599
0.0607603
0.605862
0.0604287
0.609998
0.0603145
0.614025
0.0604756
0.617967
0.0609766
0.621843
0.0618925
0.0633058
0.47035
0.0501307
0.476549
0.0515748
0.482899
0.0529538
0.489378
0.0542461
0.495964
0.0554393
0.502632
0.0565226
0.509356
0.0574843
0.51611
0.0583142
0.522865
0.0590039
0.529596
0.0595477
0.536275
0.0599428
0.542878
0.0601889
0.549383
0.0602892
0.55577
0.06025
0.562021
0.060081
0.568123
0.0597951
0.574064
0.0594087
0.579838
0.0589414
0.585442
0.058416
0.590874
0.0578586
0.59614
0.0572984
0.601245
0.0567677
0.6062
0.0563026
0.611017
0.0559424
0.615715
0.0557313
0.620311
0.0557181
0.624829
0.0559574
0.629294
0.0565115
0.633735
0.0574522
0.0588625
0.478588
0.0442649
0.484617
0.0455451
0.490797
0.0467737
0.497111
0.0479326
0.503539
0.0490114
0.510061
0.0500007
0.516655
0.0508905
0.523297
0.0516717
0.529964
0.0523366
0.536633
0.0528795
0.543278
0.0532971
0.549879
0.0535884
0.556413
0.053755
0.562862
0.0538013
0.569208
0.0537345
0.575438
0.0535652
0.58154
0.0533066
0.587506
0.0529753
0.593332
0.0525907
0.599015
0.0521755
0.604558
0.0517554
0.609966
0.0513593
0.615249
0.0510196
0.620419
0.0507723
0.625493
0.0506576
0.63049
0.0507207
0.635435
0.0510122
0.640357
0.0515899
0.645289
0.0525204
0.0538825
0.487116
0.0385381
0.493004
0.0396567
0.499043
0.0407347
0.505219
0.0417569
0.511515
0.0427149
0.517915
0.0436008
0.5244
0.044406
0.530949
0.0451225
0.537542
0.0457435
0.544158
0.0462638
0.550775
0.0466798
0.557373
0.0469902
0.563933
0.0471953
0.570436
0.0472984
0.576865
0.0473049
0.583208
0.0472229
0.589451
0.0470633
0.595587
0.0468398
0.601609
0.0465687
0.607514
0.0462696
0.613305
0.0459646
0.618985
0.0456792
0.624563
0.0454419
0.630051
0.0452849
0.635464
0.0452444
0.640823
0.045361
0.646155
0.0456807
0.651489
0.0462557
0.656864
0.0471459
0.048424
0.495999
0.0329222
0.501775
0.0338809
0.507702
0.034808
0.513767
0.035691
0.519959
0.0365231
0.526262
0.0372978
0.53266
0.0380078
0.539136
0.0386464
0.545672
0.0392078
0.552249
0.0396871
0.558847
0.0400812
0.565449
0.0403883
0.572036
0.0406084
0.578591
0.0407434
0.585099
0.0407976
0.591544
0.0407771
0.597917
0.0406907
0.604207
0.0405495
0.610409
0.0403672
0.616518
0.0401601
0.622536
0.039947
0.628465
0.0397499
0.634314
0.0395934
0.640093
0.0395057
0.645819
0.0395183
0.651513
0.039667
0.657201
0.0399925
0.662916
0.0405406
0.668698
0.0413639
0.0425266
0.505309
0.0273892
0.511
0.0281891
0.516844
0.0289647
0.522828
0.0297062
0.528944
0.0304081
0.535176
0.031065
0.541513
0.0316711
0.547939
0.0322209
0.554437
0.0327094
0.560991
0.0331326
0.567585
0.0334876
0.574201
0.0337726
0.580822
0.0339874
0.587432
0.0341331
0.594017
0.0342127
0.600563
0.0342312
0.607058
0.0341952
0.613494
0.0341138
0.619863
0.033998
0.626162
0.0338611
0.63239
0.0337188
0.638551
0.0335894
0.644651
0.0334936
0.650701
0.0334552
0.656718
0.0335011
0.662723
0.033662
0.668743
0.0339724
0.674812
0.0344718
0.680971
0.0352049
0.0362292
0.515114
0.0219097
0.520752
0.0225511
0.526542
0.0231747
0.532476
0.0237726
0.538544
0.0243403
0.544735
0.024874
0.551037
0.0253689
0.557437
0.0258208
0.563921
0.0262255
0.570474
0.0265799
0.57708
0.0268815
0.583724
0.0271287
0.59039
0.0273211
0.597064
0.0274595
0.603731
0.0275459
0.610378
0.0275839
0.616994
0.0275789
0.62357
0.0275376
0.6301
0.0274687
0.636578
0.0273828
0.643004
0.0272924
0.649382
0.0272121
0.655717
0.0271587
0.66202
0.0271516
0.668309
0.0272127
0.674603
0.0273673
0.680932
0.0276436
0.68733
0.0280742
0.693839
0.0286955
0.029554
0.525504
0.0164536
0.531119
0.0169367
0.536887
0.0174069
0.5428
0.0178587
0.548852
0.0182889
0.555031
0.0186945
0.561328
0.0190721
0.567731
0.0194183
0.574226
0.0197303
0.5808
0.0200054
0.58744
0.0202419
0.59413
0.0204385
0.600857
0.0205946
0.607605
0.0207108
0.614363
0.0207884
0.621117
0.0208301
0.627856
0.0208396
0.634572
0.020822
0.641257
0.0207836
0.647907
0.0207324
0.654522
0.0206777
0.661103
0.0206306
0.667658
0.0206038
0.674198
0.0206122
0.680738
0.0206725
0.687301
0.0208043
0.693915
0.0210297
0.700615
0.0213742
0.707443
0.021867
0.0225494
0.536544
0.0109877
0.54217
0.0113107
0.54795
0.011627
0.553878
0.0119308
0.559946
0.01222
0.566148
0.0124933
0.572472
0.0127482
0.578907
0.0129825
0.585443
0.0131943
0.592067
0.0133819
0.598765
0.0135439
0.605524
0.0136795
0.61233
0.0137884
0.61917
0.0138707
0.626031
0.0139274
0.632901
0.0139601
0.63977
0.0139713
0.646627
0.0139643
0.653468
0.0139434
0.660286
0.0139138
0.667082
0.0138818
0.673858
0.013855
0.68062
0.0138419
0.687379
0.0138527
0.694153
0.0138989
0.700963
0.013994
0.707839
0.0141537
0.714817
0.0143962
0.721941
0.0147427
0.0152222
0.548337
0.00547572
0.554005
0.0056423
0.55983
0.00580185
0.565807
0.00595396
0.571928
0.00609896
0.578185
0.00623603
0.58457
0.00636385
0.591071
0.00648121
0.597678
0.00658711
0.60438
0.00668072
0.611162
0.00676138
0.618013
0.00682863
0.624919
0.00688227
0.631867
0.00692241
0.638845
0.00694949
0.645841
0.00696433
0.652844
0.00696818
0.659846
0.00696272
0.666839
0.00695011
0.67382
0.00693302
0.680787
0.0069147
0.687743
0.00689896
0.694694
0.00689028
0.701653
0.00689386
0.708636
0.00691579
0.715667
0.00696324
0.722776
0.00704497
0.729999
0.00717258
0.737378
0.00736376
0.00766304
0.551725
0.557367
0.563169
0.569123
0.575222
0.581458
0.587822
0.594303
0.60089
0.607571
0.614332
0.621161
0.628043
0.634966
0.641915
0.64888
0.655848
0.66281
0.669761
0.676694
0.683608
0.690507
0.697398
0.704291
0.711207
0.71817
0.725215
0.732388
0.739752
)
;

boundaryField
{
    inlet
    {
        type            calculated;
        value           nonuniform List<scalar> 
45
(
-0.2
-0.2
-0.2
-0.2
-0.2
-0.2
-0.2
-0.2
-0.2
-0.2
-0.2
-0.2
-0.2
-0.2
-0.2
-0.20766
-0.212683
-0.217828
-0.223097
-0.228493
-0.23402
-0.239681
-0.245479
-0.251417
-0.257499
-0.263728
-0.270107
-0.276641
-0.283333
-0.290186
-0.297206
-0.304395
-0.311758
-0.3193
-0.327023
-0.334934
-0.343036
-0.351334
-0.359832
-0.368536
-0.377451
-0.386582
-0.395933
-0.40551
-0.415319
)
;
    }
    outlet
    {
        type            calculated;
        value           nonuniform List<scalar> 
45
(
0.0205871
0.0286247
0.0239632
0.0143956
0.00255463
-0.00723209
-0.015202
-0.0218695
-0.0274615
-0.0321611
-0.0360893
-0.0393277
-0.0419427
-0.0439773
-0.0454517
-0.0481445
-0.0495245
-0.0498881
-0.0488302
-0.0454618
-0.0400549
-0.0284523
0.060662
0.154168
0.240569
0.31791
0.385098
0.441779
0.488297
0.525581
0.554997
0.578157
0.596706
0.612139
0.625667
0.638178
0.650269
0.662322
0.674596
0.687269
0.700514
0.714448
0.729269
0.744937
0.747415
)
;
    }
    flap
    {
        type            calculated;
        value           uniform 0;
    }
    upperWall
    {
        type            calculated;
        value           uniform 0;
    }
    lowerWall
    {
        type            calculated;
        value           uniform 0;
    }
    frontAndBack
    {
        type            empty;
        value           nonuniform 0();
    }
}


// ************************************************************************* //
