/*--------------------------------*- C++ -*----------------------------------*\
  =========                 |
  \\      /  F ield         | OpenFOAM: The Open Source CFD Toolbox
   \\    /   O peration     | Website:  https://openfoam.org
    \\  /    A nd           | Version:  dev
     \\/     M anipulation  |
\*---------------------------------------------------------------------------*/
FoamFile
{
    version     2.0;
    format      ascii;
    class       volVectorField;
    location    "4.9";
    object      U;
}
// * * * * * * * * * * * * * * * * * * * * * * * * * * * * * * * * * * * * * //

dimensions      [0 1 -1 0 0 0 0];

internalField   nonuniform List<vector> 
2790
(
(9.94399 0 0.0205232)
(9.87572 0 0.0295877)
(9.77521 0 0.0359895)
(9.64944 0 0.0425562)
(9.50409 0 0.0493855)
(9.34007 0 0.0564284)
(9.15655 0 0.063816)
(8.95263 0 0.0717118)
(8.72747 0 0.0802555)
(8.48008 0 0.0895739)
(8.20928 0 0.0997941)
(7.91365 0 0.111046)
(7.59169 0 0.123461)
(7.24178 0 0.137166)
(6.86233 0 0.152275)
(6.4518 0 0.168873)
(6.00888 0 0.187)
(5.53268 0 0.206623)
(5.02297 0 0.227594)
(4.48045 0 0.249615)
(3.90716 0 0.272181)
(3.30683 0 0.29453)
(2.68529 0 0.315624)
(2.05063 0 0.334292)
(1.4118 0 0.350609)
(0.798044 0 0.372887)
(0.110724 0 0.325066)
(-0.469564 0 -0.114859)
(-0.453776 0 -0.297158)
(-0.231164 0 -0.423861)
(9.9985 0 0.040703)
(9.98145 0 0.0623828)
(9.93574 0 0.0791402)
(9.86416 0 0.0966248)
(9.77097 0 0.115124)
(9.65715 0 0.134488)
(9.52206 0 0.154975)
(9.36485 0 0.176943)
(9.18472 0 0.200708)
(8.98067 0 0.22655)
(8.75153 0 0.254745)
(8.49589 0 0.285562)
(8.21221 0 0.319252)
(7.89883 0 0.356026)
(7.55405 0 0.396024)
(7.1762 0 0.439267)
(6.76379 0 0.485598)
(6.31567 0 0.534593)
(5.83126 0 0.585468)
(5.31089 0 0.63696)
(4.75617 0 0.68721)
(4.17043 0 0.733653)
(3.55931 0 0.772959)
(2.93157 0 0.801099)
(2.29997 0 0.813755)
(1.69297 0 0.807259)
(1.10718 0 0.74726)
(0.658908 0 0.54794)
(0.186473 0 0.224629)
(-0.00819983 0 -0.453725)
(9.99559 0 0.043207)
(9.97556 0 0.0752717)
(9.9318 0 0.103346)
(9.8649 0 0.132371)
(9.77778 0 0.163059)
(9.67155 0 0.195399)
(9.54588 0 0.229743)
(9.40014 0 0.266603)
(9.23365 0 0.30647)
(9.04564 0 0.349807)
(8.83509 0 0.397073)
(8.60082 0 0.448723)
(8.34145 0 0.505193)
(8.05551 0 0.566865)
(7.74138 0 0.634013)
(7.39745 0 0.706734)
(7.02211 0 0.78484)
(6.61396 0 0.867727)
(6.17195 0 0.954198)
(5.69565 0 1.04226)
(5.18564 0 1.12889)
(4.64398 0 1.20979)
(4.07481 0 1.27916)
(3.48539 0 1.32934)
(2.88687 0 1.3501)
(2.29949 0 1.32644)
(1.73186 0 1.22079)
(1.21627 0 0.973021)
(0.701157 0 0.570165)
(0.358049 0 -0.156533)
(9.99403 0 0.0494993)
(9.97181 0 0.0932064)
(9.92788 0 0.133572)
(9.86225 0 0.174209)
(9.77693 0 0.216434)
(9.67298 0 0.260661)
(9.55031 0 0.30743)
(9.40849 0 0.357415)
(9.24702 0 0.411291)
(9.06533 0 0.469705)
(8.86269 0 0.533302)
(8.6382 0 0.602724)
(8.39085 0 0.678592)
(8.11952 0 0.761475)
(7.823 0 0.851821)
(7.50001 0 0.949875)
(7.14925 0 1.05555)
(6.76945 0 1.16824)
(6.3595 0 1.2866)
(5.91861 0 1.40827)
(5.44654 0 1.52947)
(4.94402 0 1.64468)
(4.41318 0 1.74614)
(3.85829 0 1.82322)
(3.28584 0 1.86137)
(2.70642 0 1.84033)
(2.12567 0 1.72602)
(1.55427 0 1.47788)
(0.957959 0 1.08372)
(0.509428 0 0.502352)
(9.99331 0 0.0572137)
(9.96994 0 0.110959)
(9.92593 0 0.162104)
(9.86146 0 0.213348)
(9.77799 0 0.266357)
(9.67635 0 0.321914)
(9.55654 0 0.380702)
(9.41822 0 0.443488)
(9.26097 0 0.511056)
(9.08433 0 0.58417)
(8.8877 0 0.663587)
(8.67039 0 0.750063)
(8.43159 0 0.844334)
(8.17046 0 0.947082)
(7.88608 0 1.05888)
(7.57748 0 1.18007)
(7.24367 0 1.31068)
(6.88361 0 1.45018)
(6.49629 0 1.59722)
(6.08074 0 1.74932)
(5.63617 0 1.90241)
(5.16213 0 2.05031)
(4.65879 0 2.18417)
(4.12723 0 2.29174)
(3.56942 0 2.35657)
(2.98891 0 2.35733)
(2.38685 0 2.26497)
(1.7664 0 2.04767)
(1.09 0 1.69143)
(0.536655 0 1.15418)
(9.99302 0 0.0655387)
(9.96923 0 0.128702)
(9.92556 0 0.190114)
(9.86253 0 0.251844)
(9.78128 0 0.315579)
(9.68244 0 0.382319)
(9.56601 0 0.452875)
(9.43171 0 0.528102)
(9.2792 0 0.60888)
(9.10806 0 0.696084)
(8.91777 0 0.790579)
(8.70774 0 0.893223)
(8.47728 0 1.00485)
(8.22567 0 1.12625)
(7.95215 0 1.25809)
(7.65589 0 1.40081)
(7.33603 0 1.55454)
(6.99164 0 1.71886)
(6.62169 0 1.89255)
(6.22501 0 2.07322)
(5.80029 0 2.25684)
(5.34605 0 2.4372)
(4.86072 0 2.60519)
(4.34272 0 2.74822)
(3.79041 0 2.84955)
(3.20259 0 2.88821)
(2.57659 0 2.83825)
(1.91348 0 2.67164)
(1.17276 0 2.37403)
(0.549971 0 1.89444)
(9.99297 0 0.074075)
(9.96926 0 0.146314)
(9.92637 0 0.217484)
(9.86508 0 0.289292)
(9.78642 0 0.363356)
(9.69085 0 0.440828)
(9.57835 0 0.522661)
(9.44871 0 0.609811)
(9.30165 0 0.703255)
(9.13678 0 0.803964)
(8.95364 0 0.912899)
(8.7517 0 1.03101)
(8.53033 0 1.15922)
(8.28887 0 1.2984)
(8.02659 0 1.44929)
(7.74269 0 1.61247)
(7.4363 0 1.78818)
(7.1064 0 1.97615)
(6.75181 0 2.1754)
(6.37101 0 2.38381)
(5.96211 0 2.59773)
(5.52265 0 2.81137)
(5.04954 0 3.01614)
(4.53902 0 3.19996)
(3.98668 0 3.34668)
(3.38793 0 3.43598)
(2.73726 0 3.44333)
(2.03625 0 3.34152)
(1.24175 0 3.11361)
(0.563517 0 2.69319)
(9.99306 0 0.0825882)
(9.96981 0 0.163606)
(9.92807 0 0.244051)
(9.86885 0 0.32548)
(9.79313 0 0.409447)
(9.70126 0 0.497207)
(9.59323 0 0.589839)
(9.46888 0 0.688396)
(9.32796 0 0.79394)
(9.17014 0 0.907529)
(8.99502 0 1.03021)
(8.8021 0 1.16303)
(8.59081 0 1.307)
(8.3605 0 1.46309)
(8.11044 0 1.63214)
(7.8398 0 1.81486)
(7.54761 0 2.01166)
(7.23267 0 2.2225)
(6.8935 0 2.44672)
(6.52817 0 2.68268)
(6.1341 0 2.92734)
(5.70786 0 3.17576)
(5.24498 0 3.42035)
(4.7398 0 3.65019)
(4.1855 0 3.85024)
(3.57477 0 4.0009)
(2.89953 0 4.07792)
(2.16212 0 4.05241)
(1.31612 0 3.90174)
(0.583221 0 3.5402)
(9.99326 0 0.0909285)
(9.97072 0 0.180409)
(9.93046 0 0.269668)
(9.87362 0 0.360242)
(9.80118 0 0.453648)
(9.71344 0 0.55121)
(9.61038 0 0.654113)
(9.49188 0 0.763496)
(9.35775 0 0.880505)
(9.20773 0 1.00628)
(9.04145 0 1.14196)
(8.85847 0 1.28866)
(8.65827 0 1.44752)
(8.44021 0 1.61958)
(8.20357 0 1.80586)
(7.94745 0 2.0072)
(7.67078 0 2.22424)
(7.37216 0 2.45726)
(7.0498 0 2.70604)
(6.70128 0 2.96955)
(6.32336 0 3.24565)
(5.91166 0 3.53052)
(5.46038 0 3.81805)
(4.96203 0 4.09898)
(4.40743 0 4.35986)
(3.78641 0 4.58211)
(3.08758 0 4.7411)
(2.31271 0 4.80449)
(1.41064 0 4.74113)
(0.614308 0 4.44197)
(9.99352 0 0.0989924)
(9.97191 0 0.196579)
(9.9334 0 0.294196)
(9.87924 0 0.393418)
(9.8104 0 0.495757)
(9.72717 0 0.602589)
(9.62953 0 0.715183)
(9.51741 0 0.834762)
(9.39068 0 0.962544)
(9.24912 0 1.09975)
(9.09245 0 1.24759)
(8.92027 0 1.40729)
(8.73212 0 1.58006)
(8.52741 0 1.7671)
(8.30543 0 1.96955)
(8.06525 0 2.18847)
(7.80572 0 2.42478)
(7.52529 0 2.67915)
(7.22191 0 2.95191)
(6.89277 0 3.2428)
(6.53403 0 3.55077)
(6.14048 0 3.87348)
(5.70506 0 4.20669)
(5.21849 0 4.54338)
(4.669 0 4.87243)
(4.04287 0 5.17697)
(3.32369 0 5.43233)
(2.50976 0 5.602)
(1.54186 0 5.64354)
(0.664052 0 5.41809)
(9.99384 0 0.106704)
(9.9733 0 0.212)
(9.9368 0 0.317503)
(9.88558 0 0.424857)
(9.82063 0 0.53559)
(9.74225 0 0.651122)
(9.65044 0 0.772788)
(9.54517 0 0.901886)
(9.42637 0 1.0397)
(9.2939 0 1.18752)
(9.14752 0 1.34663)
(8.98694 0 1.51835)
(8.81174 0 1.70398)
(8.62142 0 1.90486)
(8.41531 0 2.1223)
(8.19252 0 2.35759)
(7.95187 0 2.61195)
(7.69178 0 2.88653)
(7.41004 0 3.18227)
(7.10364 0 3.49984)
(6.76835 0 3.83946)
(6.39834 0 4.20052)
(5.98556 0 4.58117)
(5.51909 0 4.97732)
(4.98438 0 5.38131)
(4.36326 0 5.77956)
(3.63189 0 6.14915)
(2.7801 0 6.4507)
(1.73343 0 6.62855)
(0.744822 0 6.50314)
(9.9942 0 0.114006)
(9.97487 0 0.226575)
(9.94056 0 0.339474)
(9.89252 0 0.454424)
(9.83173 0 0.572984)
(9.75851 0 0.69661)
(9.67288 0 0.826695)
(9.57488 0 0.964593)
(9.46448 0 1.11165)
(9.34162 0 1.26922)
(9.20615 0 1.43865)
(9.05786 0 1.62133)
(8.89644 0 1.81868)
(8.72146 0 2.03215)
(8.53236 0 2.26322)
(8.32835 0 2.51343)
(8.10834 0 2.78433)
(7.8708 0 3.07755)
(7.6136 0 3.39471)
(7.33372 0 3.73747)
(7.02691 0 4.10743)
(6.68714 0 4.50601)
(6.30587 0 4.93409)
(5.87107 0 5.39144)
(5.36576 0 5.87535)
(4.76687 0 6.37825)
(4.04068 0 6.88324)
(3.16142 0 7.35353)
(2.0247 0 7.72324)
(0.880709 0 7.75713)
(9.99459 0 0.120854)
(9.97657 0 0.240225)
(9.94461 0 0.360008)
(9.89995 0 0.482002)
(9.84356 0 0.607797)
(9.77575 0 0.738884)
(9.69662 0 0.876698)
(9.60623 0 1.02265)
(9.50463 0 1.17812)
(9.39184 0 1.34451)
(9.26781 0 1.52325)
(9.13241 0 1.71578)
(8.98547 0 1.9236)
(8.82668 0 2.14828)
(8.65562 0 2.39147)
(8.47166 0 2.65492)
(8.27391 0 2.94051)
(8.06106 0 3.25033)
(7.83124 0 3.58667)
(7.58177 0 3.95216)
(7.30876 0 4.34982)
(7.00662 0 4.78314)
(6.66718 0 5.25609)
(6.27843 0 5.77294)
(5.82241 0 6.33769)
(5.27242 0 6.95242)
(4.58445 0 7.61366)
(3.70988 0 8.30095)
(2.4881 0 8.95826)
(1.12443 0 9.29326)
(9.99501 0 0.127211)
(9.97838 0 0.252885)
(9.94891 0 0.379022)
(9.90779 0 0.507488)
(9.85598 0 0.639909)
(9.79381 0 0.777803)
(9.72142 0 0.92264)
(9.63893 0 1.07586)
(9.54647 0 1.23889)
(9.44412 0 1.41317)
(9.33194 0 1.60016)
(9.20994 0 1.80135)
(9.07804 0 2.01833)
(8.93613 0 2.25274)
(8.78396 0 2.50638)
(8.62115 0 2.78116)
(8.44707 0 3.07928)
(8.26079 0 3.40317)
(8.06092 0 3.75575)
(7.84542 0 4.14048)
(7.61126 0 4.56166)
(7.35403 0 5.02469)
(7.06708 0 5.53652)
(6.74033 0 6.10615)
(6.35783 0 6.74526)
(5.89396 0 7.46894)
(5.30065 0 8.29635)
(4.50872 0 9.24802)
(3.26867 0 10.3419)
(1.60491 0 11.3592)
(9.99545 0 0.133051)
(9.98026 0 0.264505)
(9.95339 0 0.396443)
(9.91596 0 0.53079)
(9.86888 0 0.669201)
(9.81252 0 0.813214)
(9.74707 0 0.964324)
(9.67271 0 1.124)
(9.58963 0 1.29368)
(9.49801 0 1.47484)
(9.39801 0 1.66895)
(9.28976 0 1.87757)
(9.17336 0 2.10229)
(9.04885 0 2.34483)
(8.91622 0 2.60708)
(8.77536 0 2.8911)
(8.62604 0 3.19926)
(8.4678 0 3.5343)
(8.29991 0 3.89953)
(8.12124 0 4.29905)
(7.93008 0 4.73808)
(7.72388 0 5.22345)
(7.4988 0 5.76441)
(7.24894 0 6.37376)
(6.96481 0 7.06994)
(6.63088 0 7.88079)
(6.21435 0 8.85175)
(5.66579 0 10.0658)
(4.69009 0 11.731)
(2.68735 0 14.5923)
(0.115299 0 -0.115251)
(0.272133 0 -0.105678)
(0.432605 0 -0.0837175)
(0.567563 0 -0.0629643)
(0.67286 0 -0.0461302)
(0.75346 0 -0.0331068)
(0.815356 0 -0.0232476)
(0.86333 0 -0.0159105)
(0.900913 0 -0.0105456)
(0.930783 0 -0.00670463)
(0.955056 0 -0.0040337)
(0.975415 0 -0.00225495)
(0.993192 0 -0.00114356)
(1.0094 0 -0.000506831)
(1.02475 0 -0.000168474)
(1.03965 0 4.04109e-05)
(1.05414 0 0.000281192)
(1.06795 0 0.000693689)
(1.0805 0 0.00136769)
(1.09104 0 0.00231243)
(1.09888 0 0.00344862)
(1.10358 0 0.0046377)
(1.10506 0 0.00570545)
(1.10378 0 0.00644621)
(1.09961 0 0.00711117)
(1.09235 0 0.00782616)
(1.08167 0 0.00848376)
(1.06748 0 0.00890676)
(1.05073 0 0.00862507)
(1.03162 0 0.00651204)
(0.0992046 0 -0.270267)
(0.252084 0 -0.254809)
(0.401296 0 -0.207809)
(0.529072 0 -0.162422)
(0.632659 0 -0.125505)
(0.716589 0 -0.0969245)
(0.785844 0 -0.0752587)
(0.844256 0 -0.0590582)
(0.894575 0 -0.0470878)
(0.938827 0 -0.038359)
(0.97857 0 -0.0321046)
(1.01502 0 -0.0277318)
(1.04914 0 -0.0247699)
(1.08165 0 -0.0228236)
(1.11311 0 -0.0215367)
(1.14389 0 -0.0205701)
(1.1742 0 -0.0195967)
(1.20404 0 -0.0183263)
(1.23325 0 -0.0165602)
(1.26149 0 -0.0142559)
(1.28839 0 -0.011553)
(1.31364 0 -0.00871662)
(1.33711 0 -0.00601632)
(1.35843 0 -0.00355872)
(1.37769 0 -0.00106917)
(1.39466 0 0.00172861)
(1.40878 0 0.00486484)
(1.41873 0 0.00746959)
(1.4253 0 0.00858252)
(1.43144 0 0.00683336)
(0.0789926 0 -0.427505)
(0.209987 0 -0.401368)
(0.327828 0 -0.328964)
(0.427824 0 -0.259982)
(0.508103 0 -0.204351)
(0.573358 0 -0.161368)
(0.627601 0 -0.128753)
(0.673775 0 -0.104232)
(0.713905 0 -0.0859207)
(0.74945 0 -0.0723533)
(0.781533 0 -0.0624073)
(0.811038 0 -0.0552214)
(0.83866 0 -0.0501187)
(0.864942 0 -0.0465407)
(0.890305 0 -0.0439959)
(0.915063 0 -0.0420242)
(0.939426 0 -0.0401814)
(0.96348 0 -0.0380638)
(0.987164 0 -0.0353788)
(1.01027 0 -0.0320392)
(1.03251 0 -0.0282161)
(1.05361 0 -0.0242684)
(1.07353 0 -0.0205124)
(1.09252 0 -0.0169446)
(1.11102 0 -0.0133613)
(1.12933 0 -0.00936552)
(1.14761 0 -0.00479206)
(1.16624 0 -0.000504798)
(1.18287 0 0.00228637)
(1.19735 0 0.00270899)
(0.0592176 0 -0.551597)
(0.162298 0 -0.508841)
(0.241981 0 -0.412994)
(0.309329 0 -0.325155)
(0.360962 0 -0.255876)
(0.402492 0 -0.20289)
(0.43659 0 -0.162949)
(0.465276 0 -0.132941)
(0.489789 0 -0.110447)
(0.510984 0 -0.0936708)
(0.529547 0 -0.0812576)
(0.546034 0 -0.0721765)
(0.560893 0 -0.0656196)
(0.574486 0 -0.0609274)
(0.587118 0 -0.0575309)
(0.599058 0 -0.0549051)
(0.61055 0 -0.0525384)
(0.621792 0 -0.0499453)
(0.632882 0 -0.0467433)
(0.643757 0 -0.0427738)
(0.654153 0 -0.038196)
(0.663697 0 -0.033445)
(0.672132 0 -0.0290115)
(0.679622 0 -0.0251398)
(0.686676 0 -0.0217246)
(0.69383 0 -0.0183089)
(0.701461 0 -0.0145429)
(0.709309 0 -0.0104303)
(0.716399 0 -0.00673268)
(0.719871 0 -0.00303727)
(0.0385613 0 -0.644225)
(0.108397 0 -0.579614)
(0.144735 0 -0.462986)
(0.177354 0 -0.361576)
(0.197065 0 -0.283454)
(0.211676 0 -0.22425)
(0.221927 0 -0.180015)
(0.229112 0 -0.146678)
(0.233737 0 -0.121492)
(0.236212 0 -0.102527)
(0.236925 0 -0.0883312)
(0.236185 0 -0.077803)
(0.234245 0 -0.0700797)
(0.231338 0 -0.0644656)
(0.227687 0 -0.0603766)
(0.223551 0 -0.0572832)
(0.219233 0 -0.0546552)
(0.215074 0 -0.0519469)
(0.211346 0 -0.048661)
(0.208155 0 -0.0444933)
(0.205227 0 -0.0394832)
(0.201981 0 -0.0340373)
(0.197429 0 -0.0287304)
(0.191056 0 -0.0239599)
(0.182889 0 -0.0197283)
(0.172902 0 -0.0156438)
(0.163375 0 -0.0113456)
(0.154458 0 -0.00615712)
(0.142749 0 -0.000640208)
(0.128441 0 0.000913004)
(0.0163112 0 -0.700014)
(0.0477918 0 -0.609387)
(0.0376943 0 -0.475047)
(0.0343127 0 -0.364966)
(0.0197504 0 -0.281607)
(0.00428268 0 -0.218809)
(-0.0128632 0 -0.172516)
(-0.0307615 0 -0.138042)
(-0.0495326 0 -0.112069)
(-0.068776 0 -0.0926207)
(-0.0882028 0 -0.0781466)
(-0.107628 0 -0.067492)
(-0.126877 0 -0.0597693)
(-0.145783 0 -0.0542726)
(-0.164188 0 -0.0504272)
(-0.181906 0 -0.0477258)
(-0.198695 0 -0.0456445)
(-0.214301 0 -0.0435993)
(-0.228547 0 -0.041012)
(-0.241428 0 -0.0374857)
(-0.253166 0 -0.0329743)
(-0.264221 0 -0.0278156)
(-0.275213 0 -0.0225834)
(-0.286659 0 -0.0177203)
(-0.29886 0 -0.013296)
(-0.311839 0 -0.00884875)
(-0.325416 0 -0.00391336)
(-0.340928 0 0.000984524)
(-0.351034 0 0.0041068)
(-0.359288 0 0.00382091)
(-0.00926253 0 -0.712108)
(-0.0213214 0 -0.592266)
(-0.0777623 0 -0.446229)
(-0.120046 0 -0.333522)
(-0.169621 0 -0.249986)
(-0.217223 0 -0.189499)
(-0.262788 0 -0.144956)
(-0.305891 0 -0.11184)
(-0.3464 0 -0.0873966)
(-0.38409 0 -0.0696046)
(-0.418877 0 -0.0568228)
(-0.450848 0 -0.0478306)
(-0.480188 0 -0.0417089)
(-0.507135 0 -0.0377431)
(-0.531941 0 -0.0353692)
(-0.554805 0 -0.034104)
(-0.575829 0 -0.0334382)
(-0.59506 0 -0.032761)
(-0.612598 0 -0.0314203)
(-0.628688 0 -0.028926)
(-0.643721 0 -0.0251415)
(-0.658183 0 -0.0203104)
(-0.672548 0 -0.0150186)
(-0.687135 0 -0.00980158)
(-0.702117 0 -0.00495773)
(-0.717677 0 -0.000590076)
(-0.731264 0 0.00337638)
(-0.740959 0 0.00644102)
(-0.749641 0 0.00762149)
(-0.754976 0 0.00677394)
(-0.0412942 0 -0.672677)
(-0.0999827 0 -0.529185)
(-0.201353 0 -0.382013)
(-0.28369 0 -0.271472)
(-0.366915 0 -0.19159)
(-0.444188 0 -0.13607)
(-0.514048 0 -0.0973742)
(-0.575992 0 -0.0698445)
(-0.630587 0 -0.0503171)
(-0.678766 0 -0.0369078)
(-0.721367 0 -0.0280256)
(-0.759215 0 -0.0224726)
(-0.793048 0 -0.0193438)
(-0.82353 0 -0.0179393)
(-0.851241 0 -0.0177405)
(-0.876617 0 -0.0183595)
(-0.8999 0 -0.019387)
(-0.921197 0 -0.0202479)
(-0.940668 0 -0.020232)
(-0.958658 0 -0.0187478)
(-0.97566 0 -0.0156012)
(-0.992215 0 -0.0110405)
(-1.00876 0 -0.00589184)
(-1.02551 0 -0.0010999)
(-1.04069 0 0.00285448)
(-1.05308 0 0.00605851)
(-1.06398 0 0.00882703)
(-1.07386 0 0.0110758)
(-1.08211 0 0.0118059)
(-1.08655 0 0.0109463)
(-0.0815246 0 -0.576456)
(-0.19033 0 -0.417094)
(-0.342571 0 -0.277851)
(-0.465222 0 -0.178758)
(-0.578084 0 -0.109383)
(-0.679441 0 -0.0625564)
(-0.769241 0 -0.032542)
(-0.846698 0 -0.0143998)
(-0.909939 0 -0.00421631)
(-0.962308 0 0.00142543)
(-1.00627 0 0.00417541)
(-1.04389 0 0.00494513)
(-1.07672 0 0.00434569)
(-1.106 0 0.00286014)
(-1.1327 0 0.000821854)
(-1.15749 0 -0.00158754)
(-1.18071 0 -0.00416195)
(-1.20245 0 -0.00643102)
(-1.22271 0 -0.00764519)
(-1.24138 0 -0.00709328)
(-1.25914 0 -0.00455245)
(-1.27669 0 -0.000634743)
(-1.29319 0 0.00367288)
(-1.3078 0 0.0073771)
(-1.32112 0 0.0100982)
(-1.33317 0 0.0121734)
(-1.34386 0 0.0139916)
(-1.35343 0 0.0153785)
(-1.36131 0 0.0156228)
(-1.36525 0 0.0148473)
(-0.137862 0 -0.418969)
(-0.309328 0 -0.25346)
(-0.528036 0 -0.130345)
(-0.706019 0 -0.0447354)
(-0.84854 0 0.00388011)
(-0.959098 0 0.0283752)
(-1.04499 0 0.0389068)
(-1.11286 0 0.0414608)
(-1.16967 0 0.0404013)
(-1.2177 0 0.0377633)
(-1.25906 0 0.0344497)
(-1.29521 0 0.0307304)
(-1.32723 0 0.0267369)
(-1.35597 0 0.0226779)
(-1.38219 0 0.0186938)
(-1.40641 0 0.0147184)
(-1.4287 0 0.0106813)
(-1.44886 0 0.00690881)
(-1.46688 0 0.00423099)
(-1.4834 0 0.0035725)
(-1.49888 0 0.00522478)
(-1.51362 0 0.00846298)
(-1.52845 0 0.0121654)
(-1.54317 0 0.0152595)
(-1.55693 0 0.0172176)
(-1.56905 0 0.0182948)
(-1.57951 0 0.0190877)
(-1.58876 0 0.0196826)
(-1.5963 0 0.0195974)
(-1.5999 0 0.0189537)
(-0.222955 0 -0.219018)
(-0.470101 0 -0.0058402)
(-0.716196 0 0.0803118)
(-0.896222 0 0.108489)
(-1.03803 0 0.114868)
(-1.15057 0 0.11127)
(-1.24032 0 0.10301)
(-1.31261 0 0.0929214)
(-1.37151 0 0.0824554)
(-1.42036 0 0.0726668)
(-1.46195 0 0.0639823)
(-1.49817 0 0.0561079)
(-1.5301 0 0.0487388)
(-1.55859 0 0.0419584)
(-1.58452 0 0.0358774)
(-1.60851 0 0.0302096)
(-1.63056 0 0.02453)
(-1.65015 0 0.0189963)
(-1.66701 0 0.0146405)
(-1.68171 0 0.012736)
(-1.69557 0 0.0137763)
(-1.70984 0 0.0170306)
(-1.72494 0 0.0208089)
(-1.74027 0 0.0235261)
(-1.75454 0 0.0245347)
(-1.76676 0 0.0243329)
(-1.77694 0 0.0239275)
(-1.78577 0 0.0237578)
(-1.79292 0 0.0234805)
(-1.79625 0 0.023028)
(-0.297285 0 0.21064)
(-0.570937 0 0.280889)
(-0.848734 0 0.285082)
(-1.05182 0 0.263852)
(-1.20739 0 0.233869)
(-1.32587 0 0.202328)
(-1.4172 0 0.173212)
(-1.48897 0 0.147687)
(-1.54627 0 0.125777)
(-1.5931 0 0.107829)
(-1.63291 0 0.0935734)
(-1.66786 0 0.0816495)
(-1.69884 0 0.0709098)
(-1.72641 0 0.0613255)
(-1.75158 0 0.0531686)
(-1.77525 0 0.0459169)
(-1.79729 0 0.0385526)
(-1.81662 0 0.0309231)
(-1.83254 0 0.0244439)
(-1.84574 0 0.0211392)
(-1.85819 0 0.0218668)
(-1.87178 0 0.0255254)
(-1.88715 0 0.0297207)
(-1.90329 0 0.0322176)
(-1.9183 0 0.0321446)
(-1.93067 0 0.03035)
(-1.94041 0 0.0285143)
(-1.94861 0 0.027579)
(-1.95527 0 0.0272155)
(-1.95833 0 0.0269729)
(-0.34833 0 0.607662)
(-0.689316 0 0.616068)
(-1.01419 0 0.525721)
(-1.23071 0 0.43438)
(-1.38629 0 0.357312)
(-1.4996 0 0.292121)
(-1.5842 0 0.240146)
(-1.64971 0 0.199277)
(-1.70134 0 0.166151)
(-1.74295 0 0.140278)
(-1.7787 0 0.121158)
(-1.81116 0 0.105932)
(-1.84047 0 0.0920308)
(-1.86641 0 0.0795433)
(-1.89015 0 0.0694627)
(-1.91318 0 0.0611049)
(-1.93528 0 0.052382)
(-1.95443 0 0.0424477)
(-1.96902 0 0.0332912)
(-1.97989 0 0.0282682)
(-1.99009 0 0.0289656)
(-2.0026 0 0.0337223)
(-2.01831 0 0.0389644)
(-2.03568 0 0.0414973)
(-2.05179 0 0.0401512)
(-2.06438 0 0.0363097)
(-2.07341 0 0.0327066)
(-2.08064 0 0.0310185)
(-2.08661 0 0.0307407)
(-2.08939 0 0.0307491)
(-0.463077 0 1.11778)
(-0.894833 0 1.01828)
(-1.25147 0 0.78599)
(-1.44999 0 0.597495)
(-1.58303 0 0.469975)
(-1.6771 0 0.368817)
(-1.74437 0 0.295759)
(-1.797 0 0.243871)
(-1.83904 0 0.201483)
(-1.87211 0 0.167714)
(-1.90132 0 0.144765)
(-1.93029 0 0.127955)
(-1.95762 0 0.1117)
(-1.98118 0 0.0964148)
(-2.00242 0 0.0848873)
(-2.02426 0 0.0764952)
(-2.04668 0 0.0671119)
(-2.06602 0 0.0544691)
(-2.07893 0 0.0414831)
(-2.08634 0 0.0339612)
(-2.09313 0 0.0349065)
(-2.10406 0 0.0417008)
(-2.12041 0 0.0488409)
(-2.13969 0 0.0517286)
(-2.15751 0 0.048787)
(-2.17039 0 0.0421839)
(-2.17827 0 0.0362665)
(-2.18396 0 0.0338508)
(-2.18899 0 0.0339728)
(-2.19149 0 0.0343181)
(-0.690381 0 2.09829)
(-1.22464 0 1.67552)
(-1.60179 0 1.07763)
(-1.72684 0 0.686917)
(-1.79919 0 0.545767)
(-1.85784 0 0.428999)
(-1.89368 0 0.344049)
(-1.92742 0 0.286066)
(-1.95925 0 0.231498)
(-1.98137 0 0.185638)
(-2.00047 0 0.161847)
(-2.02488 0 0.149114)
(-2.0507 0 0.13246)
(-2.07139 0 0.113123)
(-2.0887 0 0.0989196)
(-2.1088 0 0.0909236)
(-2.13255 0 0.0812322)
(-2.1533 0 0.0649116)
(-2.16436 0 0.0462593)
(-2.16658 0 0.0352904)
(-2.16809 0 0.0375255)
(-2.17674 0 0.0484237)
(-2.19421 0 0.0591211)
(-2.21647 0 0.0630655)
(-2.23688 0 0.0582121)
(-2.25016 0 0.0478475)
(-2.25614 0 0.0387683)
(-2.25939 0 0.0356971)
(-2.26316 0 0.0368405)
(-2.26545 0 0.0377189)
(9.9959 0 0.138446)
(9.98225 0 0.275239)
(9.9581 0 0.412526)
(9.92453 0 0.552275)
(9.88242 0 0.696162)
(9.83216 0 0.845742)
(9.77398 0 1.00252)
(9.70814 0 1.16797)
(9.63491 0 1.34356)
(9.55457 0 1.53074)
(9.46738 0 1.73103)
(9.37362 0 1.94595)
(9.27354 0 2.17714)
(9.1674 0 2.42635)
(9.05546 0 2.69547)
(8.93793 0 2.98666)
(8.81501 0 3.30237)
(8.68682 0 3.64548)
(8.55346 0 4.0195)
(8.4149 0 4.42882)
(8.27108 0 4.87908)
(8.1219 0 5.37774)
(7.96728 0 5.93497)
(7.80751 0 6.56513)
(7.64378 0 7.28929)
(7.48109 0 8.14004)
(7.33268 0 9.17136)
(7.28863 0 10.4768)
(7.74697 0 12.2012)
(7.92907 0 14.92)
(9.99638 0 0.143406)
(9.98434 0 0.285094)
(9.96305 0 0.427255)
(9.93351 0 0.571885)
(9.89656 0 0.720678)
(9.85261 0 0.875191)
(9.80196 0 1.03693)
(9.74491 0 1.20737)
(9.68182 0 1.38798)
(9.61307 0 1.5802)
(9.53905 0 1.78551)
(9.46016 0 2.00545)
(9.37685 0 2.24163)
(9.2896 0 2.49577)
(9.19893 0 2.76975)
(9.10541 0 3.0657)
(9.00971 0 3.38604)
(8.91256 0 3.73362)
(8.81488 0 4.11189)
(8.71786 0 4.52511)
(8.6231 0 4.97869)
(8.53297 0 5.47968)
(8.45118 0 6.03738)
(8.38399 0 6.6644)
(8.34258 0 7.37795)
(8.34903 0 8.20143)
(8.44218 0 9.16501)
(8.67794 0 10.3019)
(9.32513 0 11.5569)
(9.81554 0 12.6453)
(9.99688 0 0.147843)
(9.98651 0 0.293906)
(9.96819 0 0.440406)
(9.94282 0 0.589356)
(9.9112 0 0.742452)
(9.87376 0 0.901246)
(9.83084 0 1.06723)
(9.78282 0 1.24187)
(9.73012 0 1.4266)
(9.67321 0 1.62284)
(9.6126 0 1.83203)
(9.54885 0 2.05566)
(9.48258 0 2.29529)
(9.41448 0 2.55257)
(9.34535 0 2.8293)
(9.27612 0 3.12748)
(9.20787 0 3.44939)
(9.14196 0 3.79766)
(9.08006 0 4.17541)
(9.0244 0 4.5864)
(8.97799 0 5.03523)
(8.9451 0 5.52758)
(8.93204 0 6.07042)
(8.94832 0 6.67216)
(9.00843 0 7.34222)
(9.13452 0 8.08926)
(9.3576 0 8.91514)
(9.68716 0 9.80874)
(10.253 0 10.7187)
(10.9408 0 11.4349)
(9.9974 0 0.151705)
(9.98873 0 0.301568)
(9.97346 0 0.451813)
(9.95238 0 0.604456)
(9.92622 0 0.761184)
(9.89543 0 0.923532)
(9.8604 0 1.09297)
(9.82155 0 1.27093)
(9.7794 0 1.4588)
(9.73449 0 1.65797)
(9.68744 0 1.8698)
(9.63894 0 2.09571)
(9.58978 0 2.33717)
(9.54086 0 2.59571)
(9.49322 0 2.87298)
(9.4481 0 3.17079)
(9.40698 0 3.49114)
(9.3717 0 3.8363)
(9.34454 0 4.20884)
(9.32849 0 4.61173)
(9.32747 0 5.04839)
(9.34678 0 5.52264)
(9.39367 0 6.03862)
(9.47805 0 6.60028)
(9.61312 0 7.21041)
(9.81572 0 7.86866)
(10.1086 0 8.56794)
(10.5005 0 9.29357)
(11.0581 0 10.0354)
(11.8515 0 10.6803)
(9.99792 0 0.154945)
(9.99101 0 0.307988)
(9.97884 0 0.461341)
(9.96211 0 0.617008)
(9.94149 0 0.776655)
(9.91744 0 0.941788)
(9.89038 0 1.11384)
(9.86079 0 1.2942)
(9.82925 0 1.4842)
(9.79637 0 1.68514)
(9.76288 0 1.89833)
(9.72958 0 2.12508)
(9.6974 0 2.3667)
(9.66741 0 2.62459)
(9.64087 0 2.9002)
(9.61926 0 3.19504)
(9.60435 0 3.51079)
(9.59834 0 3.84921)
(9.60391 0 4.21223)
(9.62444 0 4.60189)
(9.66426 0 5.0203)
(9.7289 0 5.46945)
(9.82543 0 5.95098)
(9.96281 0 6.46558)
(10.1521 0 7.01215)
(10.4064 0 7.58682)
(10.7429 0 8.18148)
(11.1734 0 8.78141)
(11.7208 0 9.37504)
(12.4741 0 9.88746)
(9.99845 0 0.157519)
(9.9933 0 0.313079)
(9.98427 0 0.468863)
(9.97193 0 0.626846)
(9.95689 0 0.788661)
(9.9396 0 0.955775)
(9.92052 0 1.12957)
(9.90019 0 1.31137)
(9.87921 0 1.50245)
(9.85828 0 1.70401)
(9.83819 0 1.91726)
(9.81986 0 2.14337)
(9.8043 0 2.38352)
(9.79274 0 2.63889)
(9.78657 0 2.91069)
(9.78744 0 3.20013)
(9.79734 0 3.50845)
(9.81861 0 3.83692)
(9.85413 0 4.18674)
(9.90738 0 4.55905)
(9.98266 0 4.95473)
(10.0852 0 5.37427)
(10.2213 0 5.81739)
(10.3985 0 6.28265)
(10.6257 0 6.76678)
(10.9125 0 7.264)
(11.2701 0 7.7651)
(11.7066 0 8.2545)
(12.2228 0 8.71551)
(12.8987 0 9.1066)
(9.99898 0 0.159388)
(9.9956 0 0.316765)
(9.9897 0 0.474266)
(9.98175 0 0.633823)
(9.97227 0 0.797023)
(9.96172 0 0.965281)
(9.95057 0 1.13992)
(9.93939 0 1.32219)
(9.92883 0 1.51327)
(9.91963 0 1.71428)
(9.91265 0 1.9263)
(9.90885 0 2.15034)
(9.90935 0 2.38741)
(9.91544 0 2.63848)
(9.92861 0 2.90447)
(9.9506 0 3.18628)
(9.98345 0 3.48472)
(10.0296 0 3.80051)
(10.0918 0 4.13422)
(10.1734 0 4.48613)
(10.2785 0 4.85616)
(10.4115 0 5.24359)
(10.5779 0 5.64686)
(10.7834 0 6.06314)
(11.0347 0 6.48796)
(11.3379 0 6.91462)
(11.6994 0 7.33376)
(12.1232 0 7.73197)
(12.6031 0 8.09466)
(13.2086 0 8.40132)
(9.99951 0 0.16052)
(9.99789 0 0.31898)
(9.9951 0 0.477453)
(9.9915 0 0.637813)
(9.98752 0 0.80159)
(9.9836 0 0.970136)
(9.98024 0 1.1447)
(9.97803 0 1.32646)
(9.97763 0 1.51648)
(9.97983 0 1.71578)
(9.98549 0 1.92529)
(9.99565 0 2.14588)
(10.0114 0 2.37836)
(10.0342 0 2.62347)
(10.0654 0 2.88186)
(10.1068 0 3.15409)
(10.1605 0 3.44057)
(10.2287 0 3.74154)
(10.3141 0 4.05697)
(10.4197 0 4.3865)
(10.5489 0 4.72926)
(10.7056 0 5.08372)
(10.8939 0 5.4475)
(11.1181 0 5.81708)
(11.3825 0 6.18755)
(11.6909 0 6.55234)
(12.0462 0 6.90319)
(12.4498 0 7.22977)
(12.8941 0 7.52092)
(13.4371 0 7.76534)
(10 0 0.160885)
(10.0001 0 0.319669)
(10.0004 0 0.478345)
(10.0011 0 0.638715)
(10.0025 0 0.802244)
(10.005 0 0.97021)
(10.0093 0 1.14378)
(10.0158 0 1.32404)
(10.0252 0 1.51195)
(10.0383 0 1.70841)
(10.056 0 1.9142)
(10.0794 0 2.13004)
(10.1095 0 2.35653)
(10.1477 0 2.5942)
(10.1955 0 2.84342)
(10.2545 0 3.10445)
(10.3266 0 3.37733)
(10.414 0 3.66189)
(10.519 0 3.95764)
(10.6441 0 4.26369)
(10.7923 0 4.57866)
(10.9665 0 4.90053)
(11.1697 0 5.22652)
(11.4049 0 5.55289)
(11.6746 0 5.87492)
(11.9807 0 6.18673)
(12.3241 0 6.48146)
(12.7045 0 6.75128)
(13.1142 0 6.98783)
(13.602 0 7.18427)
(10.0005 0 0.160463)
(10.0023 0 0.318789)
(10.0056 0 0.47688)
(10.0104 0 0.636455)
(10.017 0 0.798901)
(10.0259 0 0.965417)
(10.0374 0 1.13708)
(10.0522 0 1.31488)
(10.071 0 1.49966)
(10.0945 0 1.69219)
(10.1236 0 1.89313)
(10.1593 0 2.10301)
(10.2027 0 2.32227)
(10.255 0 2.5512)
(10.3177 0 2.78995)
(10.3923 0 3.03848)
(10.4804 0 3.29655)
(10.584 0 3.56365)
(10.7051 0 3.83894)
(10.8458 0 4.1212)
(11.0082 0 4.40873)
(11.1946 0 4.69927)
(11.407 0 4.98996)
(11.6473 0 5.2772)
(11.9166 0 5.5567)
(12.2157 0 5.82349)
(12.5441 0 6.07203)
(12.9004 0 6.29642)
(13.2776 0 6.49061)
(13.7175 0 6.65046)
(10.001 0 0.159237)
(10.0044 0 0.316311)
(10.0106 0 0.47302)
(10.0194 0 0.630988)
(10.0311 0 0.791516)
(10.0459 0 0.955719)
(10.0644 0 1.12458)
(10.0872 0 1.29898)
(10.1147 0 1.47966)
(10.1479 0 1.66726)
(10.1876 0 1.86229)
(10.2346 0 2.06514)
(10.2901 0 2.27606)
(10.3551 0 2.49517)
(10.431 0 2.72239)
(10.519 0 2.95747)
(10.6208 0 3.19992)
(10.7379 0 3.44899)
(10.8718 0 3.70361)
(11.0242 0 3.96235)
(11.1968 0 4.22339)
(11.391 0 4.48444)
(11.6082 0 4.74272)
(11.8491 0 4.99498)
(12.1142 0 5.2375)
(12.4033 0 5.46619)
(12.7151 0 5.6767)
(13.0479 0 5.86469)
(13.3954 0 6.02592)
(13.7942 0 6.15787)
(10.0015 0 0.157202)
(10.0065 0 0.312222)
(10.0154 0 0.466747)
(10.028 0 0.622296)
(10.0444 0 0.780081)
(10.065 0 0.941125)
(10.0901 0 1.10632)
(10.1202 0 1.27642)
(10.156 0 1.45208)
(10.1982 0 1.63382)
(10.2475 0 1.822)
(10.3048 0 2.01687)
(10.3711 0 2.21854)
(10.4473 0 2.42695)
(10.5346 0 2.64186)
(10.6342 0 2.86283)
(10.7472 0 3.08921)
(10.875 0 3.32008)
(11.0188 0 3.55425)
(11.1798 0 3.79021)
(11.3591 0 4.02612)
(11.5576 0 4.2598)
(11.7759 0 4.4887)
(12.0143 0 4.70998)
(12.2726 0 4.92053)
(12.5499 0 5.11705)
(12.8449 0 5.29625)
(13.1555 0 5.45495)
(13.4763 0 5.59023)
(13.8398 0 5.70059)
(10.0019 0 0.154354)
(10.0084 0 0.306521)
(10.0199 0 0.458062)
(10.0361 0 0.610392)
(10.0571 0 0.764625)
(10.083 0 0.921689)
(10.1142 0 1.08238)
(10.1512 0 1.24735)
(10.1946 0 1.41715)
(10.245 0 1.59217)
(10.303 0 1.77267)
(10.3695 0 1.95876)
(10.4452 0 2.15043)
(10.5311 0 2.34747)
(10.6282 0 2.54952)
(10.7372 0 2.75601)
(10.8594 0 2.96618)
(10.9955 0 3.17901)
(11.1465 0 3.39329)
(11.3133 0 3.60749)
(11.4964 0 3.81988)
(11.6963 0 4.02843)
(11.9132 0 4.23093)
(12.1468 0 4.42494)
(12.3966 0 4.60792)
(12.6616 0 4.7773)
(12.94 0 4.93058)
(13.23 0 5.0655)
(13.5269 0 5.18008)
(13.8599 0 5.27345)
(10.0024 0 0.150702)
(10.0102 0 0.29922)
(10.0241 0 0.446992)
(10.0438 0 0.595316)
(10.0689 0 0.745212)
(10.0997 0 0.897511)
(10.1366 0 1.05291)
(10.1799 0 1.21197)
(10.2302 0 1.37514)
(10.2879 0 1.54269)
(10.3537 0 1.71479)
(10.4282 0 1.89145)
(10.5122 0 2.07252)
(10.6064 0 2.25772)
(10.7114 0 2.44658)
(10.8282 0 2.63846)
(10.9574 0 2.83252)
(11.0997 0 3.02774)
(11.2556 0 3.22291)
(11.4258 0 3.41658)
(11.6104 0 3.60715)
(11.8095 0 3.79284)
(12.023 0 3.97173)
(12.2505 0 4.1418)
(12.4909 0 4.30103)
(12.7433 0 4.44743)
(13.0059 0 4.57915)
(13.2769 0 4.69458)
(13.5525 0 4.79241)
(13.8592 0 4.8722)
(10.0027 0 0.146256)
(10.0119 0 0.290346)
(10.0281 0 0.433578)
(10.0508 0 0.577136)
(10.0798 0 0.721939)
(10.1152 0 0.868727)
(10.1572 0 1.0181)
(10.2062 0 1.17054)
(10.2626 0 1.32638)
(10.3269 0 1.48581)
(10.3995 0 1.64891)
(10.481 0 1.8156)
(10.5719 0 1.98566)
(10.6729 0 2.15872)
(10.7845 0 2.33425)
(10.9072 0 2.51157)
(11.0417 0 2.68984)
(11.1882 0 2.86806)
(11.3472 0 3.04505)
(11.5188 0 3.21951)
(11.703 0 3.39001)
(11.8997 0 3.55499)
(12.1086 0 3.71284)
(12.3288 0 3.86193)
(12.5595 0 4.00066)
(12.7994 0 4.12751)
(13.0471 0 4.24115)
(13.3009 0 4.34045)
(13.5576 0 4.42454)
(13.8413 0 4.49327)
(10.0031 0 0.141035)
(10.0134 0 0.279936)
(10.0317 0 0.417882)
(10.0573 0 0.55594)
(10.0898 0 0.694933)
(10.1293 0 0.835509)
(10.1759 0 0.978184)
(10.23 0 1.12334)
(10.2919 0 1.27124)
(10.3618 0 1.42201)
(10.4403 0 1.57562)
(10.5276 0 1.73194)
(10.6244 0 1.8907)
(10.7309 0 2.05146)
(10.8475 0 2.21368)
(10.9748 0 2.37668)
(11.1129 0 2.53962)
(11.262 0 2.70155)
(11.4224 0 2.8614)
(11.5939 0 3.01801)
(11.7764 0 3.1701)
(11.9695 0 3.31638)
(12.1727 0 3.45551)
(12.3852 0 3.58619)
(12.6061 0 3.70717)
(12.8341 0 3.81733)
(13.0678 0 3.91568)
(13.3059 0 4.00147)
(13.5457 0 4.07415)
(13.8093 0 4.13373)
(10.0034 0 0.135063)
(10.0148 0 0.26804)
(10.035 0 0.39998)
(10.0632 0 0.531839)
(10.0988 0 0.664344)
(10.142 0 0.798057)
(10.1927 0 0.933411)
(10.2513 0 1.07072)
(10.3178 0 1.21015)
(10.3927 0 1.35178)
(10.4761 0 1.49552)
(10.5683 0 1.64119)
(10.6697 0 1.78847)
(10.7806 0 1.93692)
(10.9011 0 2.08599)
(11.0314 0 2.23499)
(11.1718 0 2.38316)
(11.3223 0 2.52961)
(11.4827 0 2.67339)
(11.6529 0 2.81346)
(11.8326 0 2.94875)
(12.0212 0 3.07817)
(12.2183 0 3.20064)
(12.4229 0 3.31513)
(12.634 0 3.42068)
(12.8507 0 3.51646)
(13.0716 0 3.60179)
(13.2955 0 3.67615)
(13.5201 0 3.73921)
(13.766 0 3.79108)
(10.0037 0 0.128369)
(10.0161 0 0.254713)
(10.0379 0 0.379962)
(10.0684 0 0.50496)
(10.1069 0 0.630342)
(10.1533 0 0.756591)
(10.2076 0 0.884064)
(10.27 0 1.013)
(10.3407 0 1.14352)
(10.4196 0 1.27564)
(10.5071 0 1.40922)
(10.6033 0 1.54405)
(10.7084 0 1.6798)
(10.8225 0 1.81602)
(10.9457 0 1.95217)
(11.078 0 2.08761)
(11.2196 0 2.22163)
(11.3702 0 2.35344)
(11.5296 0 2.48219)
(11.6976 0 2.607)
(11.8738 0 2.72696)
(12.0575 0 2.84117)
(12.248 0 2.94878)
(12.4447 0 3.04899)
(12.6465 0 3.14106)
(12.8525 0 3.22439)
(13.0616 0 3.29851)
(13.2726 0 3.36308)
(13.4836 0 3.41793)
(13.7139 0 3.46322)
(10.004 0 0.120982)
(10.0172 0 0.24002)
(10.0405 0 0.357926)
(10.0731 0 0.475439)
(10.114 0 0.59311)
(10.1632 0 0.711346)
(10.2207 0 0.830436)
(10.2864 0 0.950561)
(10.3604 0 1.07179)
(10.4428 0 1.19409)
(10.5336 0 1.3173)
(10.6329 0 1.4412)
(10.7407 0 1.56544)
(10.8571 0 1.68958)
(10.982 0 1.81313)
(11.1155 0 1.93549)
(11.2572 0 2.05602)
(11.4071 0 2.17402)
(11.5648 0 2.28876)
(11.73 0 2.39949)
(11.9021 0 2.50546)
(12.0805 0 2.60595)
(12.2645 0 2.70027)
(12.4535 0 2.78781)
(12.6464 0 2.86803)
(12.8425 0 2.9405)
(13.0406 0 3.00489)
(13.24 0 3.06099)
(13.4389 0 3.10874)
(13.6553 0 3.14832)
(10.0042 0 0.112936)
(10.0182 0 0.224026)
(10.0428 0 0.333974)
(10.0771 0 0.443421)
(10.1202 0 0.552838)
(10.1718 0 0.662562)
(10.2319 0 0.772822)
(10.3004 0 0.883749)
(10.3772 0 0.995371)
(10.4623 0 1.10762)
(10.5557 0 1.22033)
(10.6574 0 1.33326)
(10.7672 0 1.44607)
(10.8851 0 1.55836)
(11.011 0 1.66966)
(11.1447 0 1.77945)
(11.286 0 1.88714)
(11.4345 0 1.99214)
(11.5899 0 2.09383)
(11.7518 0 2.19157)
(11.9195 0 2.28476)
(12.0926 0 2.37282)
(12.2702 0 2.45521)
(12.4517 0 2.53148)
(12.6363 0 2.60121)
(12.8232 0 2.66411)
(13.0114 0 2.71997)
(13.2003 0 2.76867)
(13.3884 0 2.8102)
(13.5924 0 2.84476)
(10.0044 0 0.104264)
(10.019 0 0.206799)
(10.0448 0 0.308211)
(10.0807 0 0.409051)
(10.1256 0 0.509714)
(10.1793 0 0.610476)
(10.2415 0 0.711513)
(10.3123 0 0.81291)
(10.3914 0 0.914666)
(10.4787 0 1.01669)
(10.574 0 1.11881)
(10.6774 0 1.22079)
(10.7885 0 1.32231)
(10.9073 0 1.423)
(11.0335 0 1.52244)
(11.1669 0 1.62015)
(11.3071 0 1.71565)
(11.4538 0 1.80841)
(11.6065 0 1.89792)
(11.7648 0 1.98366)
(11.9281 0 2.06514)
(12.0958 0 2.1419)
(12.2673 0 2.21354)
(12.4418 0 2.27969)
(12.6187 0 2.34008)
(12.7971 0 2.39449)
(12.9764 0 2.4428)
(13.1558 0 2.48495)
(13.3342 0 2.52097)
(13.5273 0 2.55106)
(10.0046 0 0.0949973)
(10.0198 0 0.188404)
(10.0466 0 0.280739)
(10.0837 0 0.37247)
(10.1302 0 0.463925)
(10.1856 0 0.555319)
(10.2496 0 0.646784)
(10.3222 0 0.738369)
(10.4031 0 0.830048)
(10.492 0 0.921721)
(10.5888 0 1.01322)
(10.6933 0 1.10431)
(10.8053 0 1.1947)
(10.9244 0 1.28405)
(11.0504 0 1.37201)
(11.1829 0 1.45815)
(11.3217 0 1.54205)
(11.4663 0 1.62328)
(11.6161 0 1.70141)
(11.7708 0 1.77603)
(11.9297 0 1.84674)
(12.0923 0 1.91318)
(12.2579 0 1.97505)
(12.4259 0 2.03208)
(12.5956 0 2.08407)
(12.7664 0 2.13088)
(12.9376 0 2.17243)
(13.1086 0 2.20873)
(13.2784 0 2.23982)
(13.4619 0 2.26587)
(10.0047 0 0.0851647)
(10.0204 0 0.168899)
(10.0481 0 0.25165)
(10.0863 0 0.333811)
(10.1341 0 0.415642)
(10.1909 0 0.497305)
(10.2564 0 0.578889)
(10.3304 0 0.660416)
(10.4127 0 0.741843)
(10.5028 0 0.823065)
(10.6006 0 0.903917)
(10.7058 0 0.984187)
(10.8181 0 1.06361)
(10.9371 0 1.1419)
(11.0626 0 1.21873)
(11.194 0 1.29375)
(11.3311 0 1.36661)
(11.4734 0 1.43695)
(11.6203 0 1.50441)
(11.7714 0 1.56867)
(11.9261 0 1.62942)
(12.0838 0 1.68638)
(12.244 0 1.73931)
(12.406 0 1.78804)
(12.5693 0 1.83241)
(12.7332 0 1.87235)
(12.8972 0 1.9078)
(13.0607 0 1.9388)
(13.2229 0 1.96541)
(13.398 0 1.98778)
(10.0049 0 0.0747864)
(10.021 0 0.14833)
(10.0494 0 0.221023)
(10.0886 0 0.293191)
(10.1374 0 0.365024)
(10.1953 0 0.436633)
(10.262 0 0.50807)
(10.3372 0 0.579336)
(10.4204 0 0.650378)
(10.5115 0 0.721088)
(10.6099 0 0.791315)
(10.7154 0 0.860865)
(10.8277 0 0.92951)
(10.9464 0 0.996996)
(11.071 0 1.06305)
(11.2011 0 1.12738)
(11.3364 0 1.18969)
(11.4763 0 1.24969)
(11.6204 0 1.30711)
(11.7681 0 1.36167)
(11.9188 0 1.41315)
(12.0721 0 1.46133)
(12.2273 0 1.50603)
(12.384 0 1.54713)
(12.5415 0 1.58454)
(12.6994 0 1.61819)
(12.857 0 1.64808)
(13.014 0 1.67423)
(13.1695 0 1.69672)
(13.3372 0 1.7157)
(10.005 0 0.0638691)
(10.0215 0 0.12672)
(10.0506 0 0.188917)
(10.0906 0 0.250705)
(10.1403 0 0.312191)
(10.1992 0 0.373432)
(10.2668 0 0.434453)
(10.3428 0 0.49524)
(10.4268 0 0.555737)
(10.5183 0 0.615843)
(10.6171 0 0.675421)
(10.7228 0 0.734303)
(10.8348 0 0.792296)
(10.9529 0 0.849185)
(11.0766 0 0.904742)
(11.2054 0 0.95873)
(11.3388 0 1.01091)
(11.4765 0 1.06106)
(11.6178 0 1.10894)
(11.7623 0 1.15437)
(11.9095 0 1.19715)
(12.0588 0 1.23713)
(12.2096 0 1.27418)
(12.3615 0 1.30821)
(12.514 0 1.33916)
(12.6666 0 1.367)
(12.8187 0 1.39174)
(12.97 0 1.4134)
(13.1199 0 1.43206)
(13.2813 0 1.44784)
(10.0051 0 0.0523923)
(10.0221 0 0.104057)
(10.0518 0 0.155374)
(10.0925 0 0.206481)
(10.143 0 0.257376)
(10.2025 0 0.308055)
(10.2708 0 0.358516)
(10.3474 0 0.408731)
(10.4319 0 0.458637)
(10.5238 0 0.50814)
(10.6228 0 0.55712)
(10.7283 0 0.605437)
(10.84 0 0.652931)
(10.9574 0 0.699429)
(11.0801 0 0.744748)
(11.2075 0 0.788701)
(11.3393 0 0.831105)
(11.4749 0 0.871779)
(11.6138 0 0.910555)
(11.7555 0 0.947281)
(11.8994 0 0.981821)
(12.0452 0 1.01406)
(12.1922 0 1.04392)
(12.3401 0 1.07132)
(12.4882 0 1.09623)
(12.6363 0 1.11864)
(12.7838 0 1.13856)
(12.9303 0 1.15603)
(13.0754 0 1.1711)
(13.2314 0 1.18389)
(10.0053 0 0.040273)
(10.0228 0 0.0802347)
(10.0533 0 0.120236)
(10.0947 0 0.160214)
(10.1458 0 0.200061)
(10.206 0 0.239756)
(10.2748 0 0.279297)
(10.3518 0 0.318647)
(10.4366 0 0.357742)
(10.5287 0 0.396496)
(10.6276 0 0.434807)
(10.7329 0 0.472559)
(10.8442 0 0.509625)
(10.9609 0 0.545865)
(11.0826 0 0.581138)
(11.2088 0 0.6153)
(11.339 0 0.648209)
(11.4728 0 0.679731)
(11.6095 0 0.709741)
(11.7488 0 0.738127)
(11.8901 0 0.764791)
(12.0329 0 0.789653)
(12.1768 0 0.812653)
(12.3212 0 0.833748)
(12.4659 0 0.852915)
(12.6102 0 0.870151)
(12.7539 0 0.885471)
(12.8965 0 0.898905)
(13.0377 0 0.9105)
(13.1895 0 0.920345)
(10.0056 0 0.027329)
(10.0239 0 0.0555955)
(10.0551 0 0.0845921)
(10.0971 0 0.113653)
(10.1487 0 0.14255)
(10.2092 0 0.171301)
(10.2784 0 0.199922)
(10.3558 0 0.228377)
(10.4408 0 0.25661)
(10.533 0 0.284559)
(10.6318 0 0.312152)
(10.7369 0 0.33931)
(10.8477 0 0.365943)
(10.9638 0 0.391954)
(11.0847 0 0.417244)
(11.2099 0 0.441714)
(11.3388 0 0.465267)
(11.471 0 0.48781)
(11.606 0 0.509258)
(11.7434 0 0.529534)
(11.8825 0 0.548574)
(12.0229 0 0.566324)
(12.1643 0 0.582744)
(12.3061 0 0.597808)
(12.4479 0 0.611503)
(12.5893 0 0.62383)
(12.73 0 0.634801)
(12.8696 0 0.644441)
(13.0077 0 0.652784)
(13.156 0 0.659901)
(10.0068 0 0.0112474)
(10.0271 0 0.0265833)
(10.0594 0 0.0438107)
(10.1017 0 0.0613232)
(10.1534 0 0.0788019)
(10.2142 0 0.0962888)
(10.2835 0 0.113778)
(10.3609 0 0.131212)
(10.4459 0 0.148528)
(10.5379 0 0.165672)
(10.6366 0 0.182591)
(10.7413 0 0.199229)
(10.8517 0 0.215526)
(10.9672 0 0.23142)
(11.0874 0 0.246849)
(11.2117 0 0.261752)
(11.3396 0 0.276069)
(11.4707 0 0.289748)
(11.6044 0 0.302736)
(11.7402 0 0.314992)
(11.8778 0 0.326477)
(12.0165 0 0.337164)
(12.1561 0 0.347032)
(12.2959 0 0.356069)
(12.4358 0 0.364269)
(12.5752 0 0.371639)
(12.7138 0 0.378189)
(12.8512 0 0.383939)
(12.9873 0 0.388916)
(13.1334 0 0.393182)
(9.99589 0 0.000923107)
(10.007 0 0.00495519)
(10.0276 0 0.0102635)
(10.0577 0 0.0158056)
(10.0974 0 0.0214196)
(10.1467 0 0.0271323)
(10.2051 0 0.0329342)
(10.272 0 0.0387908)
(10.3469 0 0.0446697)
(10.4295 0 0.0505446)
(10.5191 0 0.0563913)
(10.6153 0 0.0621847)
(10.7176 0 0.0678991)
(10.8254 0 0.0735079)
(10.9382 0 0.078985)
(11.0556 0 0.0843044)
(11.1769 0 0.0894412)
(11.3017 0 0.0943723)
(11.4295 0 0.0990761)
(11.5596 0 0.103534)
(11.6917 0 0.10773)
(11.8253 0 0.11165)
(11.9598 0 0.115285)
(12.0948 0 0.118628)
(12.23 0 0.121675)
(12.365 0 0.124427)
(12.4992 0 0.126885)
(12.6326 0 0.129054)
(12.7646 0 0.130939)
(12.9065 0 0.132571)
(9.4372 0 13.0897)
(6.21905 0 10.7725)
(-1.05724 0 5.34741)
(10.3645 0 11.2208)
(9.80707 0 9.91965)
(8.21666 0 8.0983)
(11.4628 0 11.1302)
(11.6787 0 10.5765)
(11.4213 0 9.66212)
(12.3531 0 10.735)
(12.6989 0 10.5679)
(12.8054 0 10.15)
(12.9193 0 9.99878)
(13.2894 0 9.99152)
(13.5325 0 9.85262)
(13.2941 0 9.22377)
(13.6558 0 9.28096)
(13.9391 0 9.2705)
(13.5605 0 8.50744)
(13.8932 0 8.57995)
(14.1675 0 8.61534)
(13.7492 0 7.85372)
(14.0471 0 7.92045)
(14.2964 0 7.96516)
(13.8793 0 7.25636)
(14.1447 0 7.31283)
(14.3675 0 7.35463)
(13.9655 0 6.70977)
(14.2025 0 6.75697)
(14.4016 0 6.79329)
(14.0175 0 6.20731)
(14.2306 0 6.24701)
(14.4094 0 6.27818)
(14.0421 0 5.74231)
(14.235 0 5.7761)
(14.3968 0 5.80301)
(14.0445 0 5.30909)
(14.2203 0 5.33818)
(14.3676 0 5.36166)
(14.0286 0 4.90293)
(14.1897 0 4.92823)
(14.3249 0 4.94891)
(13.9976 0 4.51999)
(14.1461 0 4.54216)
(14.2708 0 4.5605)
(13.9542 0 4.15709)
(14.0918 0 4.17663)
(14.2074 0 4.19296)
(13.9009 0 3.81159)
(14.0291 0 3.82887)
(14.1367 0 3.84345)
(13.84 0 3.48126)
(13.9598 0 3.49657)
(14.0605 0 3.5096)
(13.7737 0 3.1642)
(13.8861 0 3.17776)
(13.9806 0 3.18939)
(13.704 0 2.85872)
(13.8099 0 2.8707)
(13.899 0 2.88107)
(13.6328 0 2.56328)
(13.733 0 2.57383)
(13.8173 0 2.58302)
(13.562 0 2.27651)
(13.6572 0 2.28574)
(13.7372 0 2.29383)
(13.4935 0 1.99696)
(13.5841 0 2.00496)
(13.6605 0 2.01199)
(13.4286 0 1.72352)
(13.5155 0 1.73036)
(13.5886 0 1.7364)
(13.3692 0 1.45436)
(13.4527 0 1.46008)
(13.5231 0 1.46516)
(13.3164 0 1.1892)
(13.3972 0 1.19387)
(13.4652 0 1.19802)
(13.2722 0 0.924425)
(13.3506 0 0.928013)
(13.4168 0 0.931217)
(13.2368 0 0.662862)
(13.3136 0 0.665464)
(13.3784 0 0.667786)
(13.2128 0 0.394889)
(13.2883 0 0.396325)
(13.3519 0 0.397585)
(12.9837 0 0.133177)
(13.0571 0 0.133654)
(13.1191 0 0.134078)
(-2.63382 0 1.48182)
(-2.00467 0 1.18884)
(-2.30949 0 0.670378)
(-2.12586 0 0.651202)
(-1.99091 0 0.722593)
(-2.02381 0 0.527211)
(-2.02914 0 0.336361)
(-2.04592 0 0.27174)
(-2.07071 0 0.22565)
(-2.07383 0 0.186397)
(-2.07224 0 0.178596)
(-2.09172 0 0.175843)
(-2.12084 0 0.153549)
(-2.14007 0 0.121715)
(-2.15095 0 0.102524)
(-2.16754 0 0.100429)
(-2.19382 0 0.0961052)
(-2.2178 0 0.0783086)
(-2.22656 0 0.0527966)
(-2.22049 0 0.0364492)
(-2.21356 0 0.0406203)
(-2.21904 0 0.0577227)
(-2.23878 0 0.0733601)
(-2.26587 0 0.0783435)
(-2.29034 0 0.0702032)
(-2.30422 0 0.0538273)
(-2.30704 0 0.0397863)
(-2.30631 0 0.0360697)
(-2.30836 0 0.0394514)
(-2.31063 0 0.041324)
(6.0726 0 5.45504)
(3.57664 0 3.51133)
(1.46743 0 2.03631)
(-1.48831 0 0.442615)
(-2.01214 0 0.330951)
(-2.30227 0 0.116141)
(-2.22754 0 0.196216)
(-2.12312 0 0.410564)
(-2.12655 0 0.387119)
(-2.11246 0 0.249638)
(-2.09633 0 0.165058)
(-2.12752 0 0.168353)
(-2.17169 0 0.153525)
(-2.18663 0 0.123072)
(-2.17893 0 0.114838)
(-2.18537 0 0.129604)
(-2.21777 0 0.131723)
(-2.25104 0 0.103544)
(-2.2598 0 0.0557402)
(-2.24194 0 0.0214459)
(-2.22162 0 0.0276681)
(-2.2227 0 0.0580186)
(-2.24665 0 0.0832635)
(-2.28134 0 0.0913872)
(-2.31194 0 0.0801742)
(-2.32639 0 0.0565692)
(-2.32355 0 0.036489)
(-2.31586 0 0.033134)
(-2.31539 0 0.0415765)
(-2.31819 0 0.0457793)
(10.3492 0 7.61931)
(8.59316 0 5.8251)
(6.67154 0 4.37882)
(4.72985 0 3.14508)
(2.94379 0 2.15419)
(1.53364 0 1.31924)
(-0.93296 0 0.309072)
(-1.81961 0 0.185233)
(-2.20306 0 0.00974348)
(-2.26706 0 -0.108834)
(-2.15338 0 0.0721071)
(-2.10759 0 0.309105)
(-2.15858 0 0.304842)
(-2.16817 0 0.199652)
(-2.1405 0 0.108658)
(-2.14638 0 0.101704)
(-2.2013 0 0.11737)
(-2.25731 0 0.0861972)
(-2.26749 0 0.0256965)
(-2.2235 0 -0.00198945)
(-2.17531 0 0.0255653)
(-2.16816 0 0.0812053)
(-2.20071 0 0.119164)
(-2.24738 0 0.129028)
(-2.287 0 0.110163)
(-2.30208 0 0.0712557)
(-2.29005 0 0.0360819)
(-2.27096 0 0.0281776)
(-2.26708 0 0.0447696)
(-2.27179 0 0.0539985)
(12.4896 0 8.78281)
(11.6079 0 7.3339)
(10.3756 0 6.02445)
(8.97603 0 4.84087)
(7.48217 0 3.82232)
(6.04048 0 3.00016)
(4.55451 0 2.2979)
(3.1724 0 1.69838)
(1.94003 0 1.15519)
(0.791298 0 0.541967)
(-1.26438 0 0.104188)
(-1.71469 0 0.175223)
(-2.08154 0 0.0627801)
(-2.17187 0 -0.074644)
(-2.09172 0 -0.0430324)
(-2.03845 0 0.157476)
(-2.08593 0 0.275358)
(-2.17017 0 0.245758)
(-2.17164 0 0.118019)
(-2.09004 0 -0.028895)
(-2.03369 0 -0.0237773)
(-2.03667 0 0.0633691)
(-2.09035 0 0.11767)
(-2.15704 0 0.127735)
(-2.21113 0 0.0992522)
(-2.22784 0 0.0437451)
(-2.20023 0 -0.00254851)
(-2.15843 0 0.00349403)
(-2.14706 0 0.0451224)
(-2.15584 0 0.0678348)
(13.6597 0 9.10136)
(13.3722 0 8.09342)
(12.7484 0 7.04296)
(11.8869 0 6.02453)
(10.8609 0 5.09541)
(9.75443 0 4.28836)
(8.60019 0 3.5632)
(7.41644 0 2.91)
(6.23954 0 2.34802)
(5.11217 0 1.89868)
(3.9369 0 1.53188)
(2.8945 0 1.18396)
(1.93457 0 0.848317)
(1.15255 0 0.503083)
(-0.220493 0 0.110699)
(-1.16279 0 0.162141)
(-1.54585 0 0.174434)
(-1.80658 0 0.0518703)
(-1.88787 0 -0.145298)
(-1.74678 0 -0.228062)
(-1.79338 0 -0.0687729)
(-1.78894 0 0.157348)
(-1.86959 0 0.231854)
(-1.9593 0 0.241863)
(-2.02517 0 0.204578)
(-2.03376 0 0.119792)
(-1.96875 0 0.0136076)
(-1.90462 0 -0.0126656)
(-1.90675 0 0.0559453)
(-1.93196 0 0.104107)
(14.2843 0 8.92135)
(14.364 0 8.30166)
(14.1913 0 7.55221)
(13.7855 0 6.75761)
(13.1887 0 5.97251)
(12.4544 0 5.23154)
(11.6254 0 4.53877)
(10.7303 0 3.90528)
(9.79598 0 3.34594)
(8.8531 0 2.87051)
(7.90468 0 2.44622)
(6.9713 0 2.05056)
(6.0576 0 1.69259)
(5.17238 0 1.40399)
(4.28715 0 1.18339)
(3.41288 0 0.990032)
(2.64595 0 0.798011)
(1.94881 0 0.596509)
(1.37832 0 0.360183)
(0.493026 0 0.0673333)
(-0.864771 0 0.0261683)
(-1.12707 0 0.140739)
(-1.38568 0 0.174257)
(-1.52314 0 0.154475)
(-1.61721 0 0.079455)
(-1.64489 0 -0.0484601)
(-1.55009 0 -0.158682)
(-1.53898 0 -0.107795)
(-1.57995 0 0.0641779)
(-1.62997 0 0.160044)
(14.5895 0 8.48823)
(14.871 0 8.14797)
(14.9956 0 7.66103)
(14.9296 0 7.08688)
(14.6825 0 6.47105)
(14.2866 0 5.84863)
(13.7748 0 5.24099)
(13.1736 0 4.66414)
(12.5048 0 4.13025)
(11.7912 0 3.64607)
(11.0503 0 3.20427)
(10.2959 0 2.79862)
(9.53331 0 2.43194)
(8.76905 0 2.11921)
(8.01481 0 1.85232)
(7.27413 0 1.61272)
(6.5679 0 1.38026)
(5.88388 0 1.15249)
(5.20782 0 0.95837)
(4.52988 0 0.837647)
(3.81086 0 0.741802)
(3.18538 0 0.626586)
(2.60298 0 0.52493)
(2.06217 0 0.437908)
(1.55849 0 0.349383)
(1.1076 0 0.236721)
(0.653165 0 0.0829736)
(-0.417759 0 0.0170683)
(-0.828086 0 0.134712)
(-1.09022 0 0.295045)
(14.7211 0 7.94514)
(15.0903 0 7.78042)
(15.3838 0 7.48873)
(15.5432 0 7.10113)
(15.5547 0 6.64921)
(15.4319 0 6.16158)
(15.1941 0 5.66062)
(14.8589 0 5.16344)
(14.4429 0 4.6834)
(13.964 0 4.22983)
(13.4387 0 3.80543)
(12.8795 0 3.40968)
(12.294 0 3.04472)
(11.6901 0 2.71646)
(11.0796 0 2.42322)
(10.4719 0 2.1577)
(9.87237 0 1.90701)
(9.27474 0 1.67052)
(8.67304 0 1.46637)
(8.07436 0 1.30683)
(7.48525 0 1.1742)
(6.92494 0 1.04901)
(6.38645 0 0.932457)
(5.86139 0 0.821575)
(5.34734 0 0.710808)
(4.83757 0 0.609122)
(4.32281 0 0.551384)
(3.76649 0 0.520457)
(3.25986 0 0.472783)
(2.53379 0 0.507377)
(14.7641 0 7.37822)
(15.1525 0 7.31074)
(15.5217 0 7.14762)
(15.8098 0 6.89994)
(15.9911 0 6.58534)
(16.0658 0 6.22286)
(16.0411 0 5.83008)
(15.9257 0 5.42241)
(15.7295 0 5.01295)
(15.4646 0 4.61188)
(15.1431 0 4.22525)
(14.7755 0 3.85621)
(14.37 0 3.50821)
(13.9349 0 3.18546)
(13.4799 0 2.88898)
(13.0132 0 2.61523)
(12.5387 0 2.35839)
(12.0551 0 2.11897)
(11.5618 0 1.90553)
(11.0652 0 1.72392)
(10.5754 0 1.56868)
(10.0993 0 1.42819)
(9.63327 0 1.29667)
(9.171 0 1.17178)
(8.70812 0 1.05307)
(8.2396 0 0.949048)
(7.76335 0 0.874824)
(7.28237 0 0.825163)
(6.81579 0 0.794544)
(6.20566 0 0.801756)
(14.7616 0 6.83053)
(15.1352 0 6.81096)
(15.5224 0 6.72398)
(15.8684 0 6.57058)
(16.1451 0 6.35863)
(16.3459 0 6.0987)
(16.4703 0 5.80235)
(16.5197 0 5.4812)
(16.4977 0 5.14609)
(16.4106 0 4.80627)
(16.2658 0 4.46869)
(16.0708 0 4.13841)
(15.8326 0 3.81987)
(15.5583 0 3.51707)
(15.2552 0 3.23209)
(14.93 0 2.96423)
(14.5867 0 2.71189)
(14.2268 0 2.4762)
(13.8523 0 2.26178)
(13.4686 0 2.0722)
(13.083 0 1.90491)
(12.6999 0 1.75289)
(12.3181 0 1.61152)
(11.934 0 1.4796)
(11.5441 0 1.35839)
(11.1457 0 1.2534)
(10.7388 0 1.17214)
(10.3284 0 1.11501)
(9.92611 0 1.08038)
(9.41842 0 1.06431)
(14.7342 0 6.31712)
(15.0801 0 6.31887)
(15.4551 0 6.2735)
(15.8144 0 6.17855)
(16.1327 0 6.03674)
(16.4019 0 5.85314)
(16.6179 0 5.6343)
(16.7779 0 5.38774)
(16.881 0 5.12131)
(16.9288 0 4.84241)
(16.9245 0 4.55743)
(16.8725 0 4.27172)
(16.7776 0 3.98989)
(16.6446 0 3.71592)
(16.4789 0 3.45252)
(16.2856 0 3.20092)
(16.0684 0 2.96168)
(15.8299 0 2.73638)
(15.5728 0 2.52803)
(15.3016 0 2.33893)
(15.0214 0 2.16809)
(14.7357 0 2.01189)
(14.4447 0 1.86755)
(14.1467 0 1.73449)
(13.8397 0 1.6141)
(13.5225 0 1.51003)
(13.1963 0 1.42667)
(12.8651 0 1.36488)
(12.5375 0 1.32183)
(12.123 0 1.28921)
(14.6906 0 5.83975)
(15.0069 0 5.85026)
(15.3575 0 5.82676)
(15.7065 0 5.76633)
(16.0329 0 5.66965)
(16.3299 0 5.53895)
(16.5929 0 5.37757)
(16.8177 0 5.18993)
(17.0008 0 4.98117)
(17.141 0 4.75662)
(17.2386 0 4.52142)
(17.2952 0 4.28022)
(17.3131 0 4.03727)
(17.2952 0 3.79629)
(17.245 0 3.56026)
(17.1658 0 3.33131)
(17.0606 0 3.11108)
(16.9321 0 2.90144)
(16.7828 0 2.70473)
(16.6162 0 2.52276)
(16.4362 0 2.35561)
(16.2454 0 2.2018)
(16.0448 0 2.05997)
(15.8339 0 1.92999)
(15.612 0 1.81312)
(15.3788 0 1.71188)
(15.1359 0 1.62892)
(14.8863 0 1.56464)
(14.6361 0 1.51619)
(14.314 0 1.47563)
(14.635 0 5.39532)
(14.9239 0 5.40922)
(15.2475 0 5.39739)
(15.5763 0 5.35732)
(15.8933 0 5.28908)
(16.1935 0 5.19368)
(16.4734 0 5.0728)
(16.729 0 4.92894)
(16.9562 0 4.76532)
(17.1525 0 4.58556)
(17.3165 0 4.39342)
(17.4479 0 4.19259)
(17.5473 0 3.98661)
(17.6159 0 3.77873)
(17.6553 0 3.57183)
(17.6677 0 3.36829)
(17.6549 0 3.17016)
(17.619 0 2.97944)
(17.5622 0 2.79819)
(17.487 0 2.62808)
(17.3961 0 2.46984)
(17.2918 0 2.32325)
(17.1751 0 2.18795)
(17.0463 0 2.06423)
(16.9054 0 1.95325)
(16.7528 0 1.85683)
(16.5899 0 1.77663)
(16.419 0 1.71281)
(16.2443 0 1.66307)
(16.0125 0 1.62096)
(14.5698 0 4.97957)
(14.8345 0 4.99465)
(15.1326 0 4.98948)
(15.4388 0 4.962)
(15.739 0 4.91211)
(16.0299 0 4.84033)
(16.3093 0 4.74759)
(16.5738 0 4.63537)
(16.82 0 4.50567)
(17.0451 0 4.36095)
(17.247 0 4.20389)
(17.4246 0 4.03726)
(17.5774 0 3.86386)
(17.7052 0 3.6864)
(17.8088 0 3.50741)
(17.8889 0 3.32917)
(17.9467 0 3.15376)
(17.9835 0 2.98315)
(18.0007 0 2.81925)
(18.0002 0 2.66368)
(17.9838 0 2.51749)
(17.9531 0 2.3812)
(17.9093 0 2.25514)
(17.853 0 2.13991)
(17.7844 0 2.03662)
(17.7043 0 1.94667)
(17.614 0 1.87125)
(17.5149 0 1.81049)
(17.4098 0 1.76285)
(17.263 0 1.72358)
(14.4964 0 4.58844)
(14.7403 0 4.60378)
(15.0155 0 4.60275)
(15.3 0 4.58362)
(15.5816 0 4.54624)
(15.8581 0 4.49089)
(16.1283 0 4.41813)
(16.3898 0 4.32887)
(16.6398 0 4.22448)
(16.8756 0 4.10664)
(17.0954 0 3.97729)
(17.2977 0 3.83851)
(17.4815 0 3.69249)
(17.6462 0 3.54141)
(17.7916 0 3.38741)
(17.9179 0 3.23252)
(18.0256 0 3.07868)
(18.1152 0 2.92772)
(18.1877 0 2.78139)
(18.2442 0 2.64125)
(18.286 0 2.50852)
(18.3143 0 2.38409)
(18.3298 0 2.2687)
(18.3334 0 2.1632)
(18.3255 0 2.06865)
(18.3069 0 1.98626)
(18.2786 0 1.917)
(18.2416 0 1.86116)
(18.1976 0 1.81797)
(18.1272 0 1.78432)
(14.4164 0 4.21844)
(14.6421 0 4.2336)
(14.8973 0 4.23532)
(15.162 0 4.22211)
(15.4258 0 4.19378)
(15.6868 0 4.15046)
(15.9445 0 4.09249)
(16.1973 0 4.02046)
(16.4429 0 3.93531)
(16.6791 0 3.83827)
(16.9043 0 3.73078)
(17.1171 0 3.61443)
(17.3164 0 3.49094)
(17.5014 0 3.36208)
(17.6716 0 3.22964)
(17.8267 0 3.09537)
(17.9668 0 2.961)
(18.0921 0 2.82819)
(18.2031 0 2.69853)
(18.3004 0 2.57347)
(18.3849 0 2.45431)
(18.4572 0 2.34209)
(18.5182 0 2.2378)
(18.5684 0 2.14239)
(18.6085 0 2.05694)
(18.6391 0 1.98255)
(18.661 0 1.92017)
(18.675 0 1.8703)
(18.6819 0 1.83286)
(18.677 0 1.80615)
(14.3311 0 3.86668)
(14.5412 0 3.88141)
(14.7787 0 3.88499)
(15.0259 0 3.87615)
(15.2731 0 3.85466)
(15.5192 0 3.82056)
(15.7638 0 3.77401)
(16.0059 0 3.71539)
(16.2435 0 3.64537)
(16.4749 0 3.56485)
(16.6988 0 3.47492)
(16.9138 0 3.37683)
(17.119 0 3.27196)
(17.3135 0 3.16174)
(17.4966 0 3.04768)
(17.6682 0 2.9313)
(17.8278 0 2.81409)
(17.9755 0 2.69755)
(18.1116 0 2.58312)
(18.2363 0 2.47214)
(18.3502 0 2.36588)
(18.4537 0 2.26548)
(18.5475 0 2.17198)
(18.6321 0 2.08642)
(18.708 0 2.00989)
(18.7759 0 1.94344)
(18.8365 0 1.88806)
(18.8903 0 1.84448)
(18.9377 0 1.81317)
(18.9864 0 1.79358)
(14.2422 0 3.53074)
(14.4385 0 3.54485)
(14.6605 0 3.54969)
(14.8921 0 3.54413)
(15.1246 0 3.52794)
(15.3567 0 3.50109)
(15.5888 0 3.46363)
(15.8198 0 3.41579)
(16.0482 0 3.35802)
(16.2726 0 3.29099)
(16.4918 0 3.21553)
(16.7047 0 3.13263)
(16.9104 0 3.04338)
(17.108 0 2.94899)
(17.2971 0 2.85072)
(17.477 0 2.74986)
(17.6475 0 2.64773)
(17.8086 0 2.54566)
(17.9601 0 2.44494)
(18.1024 0 2.34684)
(18.2357 0 2.25253)
(18.3604 0 2.16317)
(18.4769 0 2.07982)
(18.5857 0 2.00356)
(18.6873 0 1.93544)
(18.7823 0 1.87654)
(18.8714 0 1.82788)
(18.955 0 1.79039)
(19.0334 0 1.76492)
(19.1243 0 1.7518)
(14.1512 0 3.20857)
(14.3353 0 3.22193)
(14.5437 0 3.22754)
(14.7615 0 3.22445)
(14.9806 0 3.2124)
(15.2002 0 3.19134)
(15.4205 0 3.16123)
(15.6409 0 3.12221)
(15.8601 0 3.07456)
(16.0768 0 3.01878)
(16.29 0 2.95548)
(16.4987 0 2.88546)
(16.7021 0 2.80958)
(16.8995 0 2.72885)
(17.0903 0 2.64431)
(17.274 0 2.55708)
(17.4502 0 2.46832)
(17.6188 0 2.37918)
(17.7796 0 2.29084)
(17.9329 0 2.20445)
(18.0788 0 2.12114)
(18.2175 0 2.04199)
(18.3494 0 1.96808)
(18.4749 0 1.90045)
(18.5946 0 1.84016)
(18.709 0 1.78827)
(18.8186 0 1.74585)
(18.9242 0 1.71395)
(19.0257 0 1.69368)
(19.1488 0 1.68592)
(14.0597 0 2.89839)
(14.2331 0 2.91088)
(14.4294 0 2.91691)
(14.635 0 2.91563)
(14.8422 0 2.90683)
(15.0504 0 2.89041)
(15.26 0 2.8663)
(15.4705 0 2.83455)
(15.6807 0 2.79535)
(15.8897 0 2.74905)
(16.0965 0 2.69611)
(16.3002 0 2.63714)
(16.5001 0 2.57285)
(16.6955 0 2.50405)
(16.8859 0 2.43161)
(17.0706 0 2.35649)
(17.2495 0 2.27968)
(17.4223 0 2.20221)
(17.5887 0 2.12513)
(17.7489 0 2.04948)
(17.903 0 1.9763)
(18.0511 0 1.90662)
(18.1937 0 1.84147)
(18.3309 0 1.78187)
(18.4634 0 1.72884)
(18.5916 0 1.68343)
(18.7163 0 1.64672)
(18.838 0 1.61982)
(18.9568 0 1.60396)
(19.1044 0 1.60035)
(13.9693 0 2.59856)
(14.1332 0 2.6101)
(14.3189 0 2.61625)
(14.5136 0 2.61629)
(14.7102 0 2.61001)
(14.9082 0 2.5973)
(15.1081 0 2.5781)
(15.3094 0 2.55238)
(15.5113 0 2.52027)
(15.7128 0 2.482)
(15.9132 0 2.43793)
(16.1117 0 2.38852)
(16.3075 0 2.33433)
(16.5001 0 2.27602)
(16.6889 0 2.21432)
(16.8734 0 2.15003)
(17.0532 0 2.08401)
(17.2282 0 2.01714)
(17.398 0 1.95036)
(17.5627 0 1.8846)
(17.7224 0 1.82081)
(17.8771 0 1.75995)
(18.0272 0 1.70297)
(18.173 0 1.65086)
(18.3149 0 1.60459)
(18.4535 0 1.56517)
(18.5893 0 1.53367)
(18.7233 0 1.5112)
(18.8554 0 1.49901)
(19.0218 0 1.49843)
(13.8816 0 2.30765)
(14.0372 0 2.31817)
(14.2135 0 2.32421)
(14.3986 0 2.32515)
(14.5858 0 2.32081)
(14.7747 0 2.31108)
(14.9658 0 2.29588)
(15.1588 0 2.27518)
(15.353 0 2.24902)
(15.5476 0 2.21758)
(15.7418 0 2.18112)
(15.935 0 2.14)
(16.1266 0 2.09465)
(16.316 0 2.04561)
(16.5026 0 1.99347)
(16.686 0 1.9389)
(16.8658 0 1.88264)
(17.0418 0 1.82543)
(17.2137 0 1.76811)
(17.3814 0 1.71148)
(17.545 0 1.65642)
(17.7046 0 1.6038)
(17.8603 0 1.55448)
(18.0126 0 1.50938)
(18.1618 0 1.46943)
(18.3084 0 1.43558)
(18.4531 0 1.40883)
(18.5968 0 1.39028)
(18.7396 0 1.3811)
(18.9209 0 1.38264)
(13.7981 0 2.02414)
(13.9465 0 2.03359)
(14.1146 0 2.03933)
(14.2912 0 2.04084)
(14.4702 0 2.03796)
(14.651 0 2.03061)
(14.8342 0 2.01868)
(15.0197 0 2.00214)
(15.207 0 1.981)
(15.3951 0 1.95538)
(15.5836 0 1.92547)
(15.7718 0 1.89154)
(15.9592 0 1.85394)
(16.1453 0 1.81309)
(16.3294 0 1.76947)
(16.5113 0 1.72364)
(16.6905 0 1.6762)
(16.8667 0 1.62782)
(17.0397 0 1.57917)
(17.2095 0 1.531)
(17.3759 0 1.48405)
(17.5391 0 1.4391)
(17.6993 0 1.39696)
(17.8567 0 1.35843)
(18.0117 0 1.32438)
(18.1648 0 1.29568)
(18.3168 0 1.27328)
(18.4684 0 1.25817)
(18.62 0 1.25146)
(18.8134 0 1.2544)
(13.7204 0 1.74692)
(13.8625 0 1.75524)
(14.0234 0 1.76053)
(14.1927 0 1.76234)
(14.3644 0 1.76055)
(14.5382 0 1.75508)
(14.7145 0 1.74583)
(14.8935 0 1.73275)
(15.0744 0 1.71585)
(15.2568 0 1.69521)
(15.44 0 1.67096)
(15.6236 0 1.64331)
(15.807 0 1.61252)
(15.9897 0 1.57893)
(16.1713 0 1.54292)
(16.3514 0 1.50496)
(16.5296 0 1.46554)
(16.7056 0 1.42521)
(16.8792 0 1.38455)
(17.0503 0 1.34419)
(17.2188 0 1.30479)
(17.3848 0 1.26702)
(17.5484 0 1.23158)
(17.7099 0 1.19921)
(17.8696 0 1.17067)
(18.0282 0 1.14676)
(18.1861 0 1.12832)
(18.3444 0 1.11625)
(18.5033 0 1.11153)
(18.7069 0 1.11532)
(13.65 0 1.47406)
(13.7866 0 1.48121)
(13.9414 0 1.48591)
(14.1044 0 1.4878)
(14.27 0 1.48678)
(14.4376 0 1.48277)
(14.608 0 1.4757)
(14.7811 0 1.46552)
(14.9566 0 1.45222)
(15.1339 0 1.43584)
(15.3124 0 1.41649)
(15.4917 0 1.39433)
(15.6714 0 1.36954)
(15.851 0 1.3424)
(16.0302 0 1.31321)
(16.2084 0 1.28234)
(16.3854 0 1.2502)
(16.5609 0 1.21722)
(16.7347 0 1.1839)
(16.9066 0 1.15076)
(17.0765 0 1.11836)
(17.2446 0 1.08726)
(17.4109 0 1.05808)
(17.5756 0 1.03145)
(17.7393 0 1.00803)
(17.9022 0 0.988524)
(18.0652 0 0.973666)
(18.229 0 0.964248)
(18.3942 0 0.961113)
(18.6061 0 0.965314)
(13.588 0 1.20534)
(13.7201 0 1.21128)
(13.8698 0 1.2153)
(14.0275 0 1.21711)
(14.1879 0 1.21662)
(14.3503 0 1.21378)
(14.5157 0 1.20852)
(14.684 0 1.20078)
(14.8548 0 1.19057)
(15.0276 0 1.17791)
(15.202 0 1.16287)
(15.3776 0 1.14557)
(15.5541 0 1.12615)
(15.7309 0 1.10481)
(15.9077 0 1.0818)
(16.0842 0 1.05739)
(16.2599 0 1.03192)
(16.4348 0 1.00573)
(16.6084 0 0.97922)
(16.7807 0 0.952809)
(16.9517 0 0.92695)
(17.1213 0 0.902118)
(17.2896 0 0.878818)
(17.457 0 0.857578)
(17.6237 0 0.838955)
(17.7902 0 0.823536)
(17.9573 0 0.811946)
(18.1257 0 0.804852)
(18.296 0 0.802959)
(18.5148 0 0.807171)
(13.5361 0 0.93691)
(13.6646 0 0.941587)
(13.8101 0 0.944808)
(13.9635 0 0.946353)
(14.1196 0 0.946162)
(14.2779 0 0.94419)
(14.4391 0 0.940383)
(14.6033 0 0.934701)
(14.7703 0 0.927131)
(14.9394 0 0.917691)
(15.1105 0 0.906429)
(15.283 0 0.893426)
(15.4566 0 0.878792)
(15.631 0 0.862675)
(15.8058 0 0.845252)
(15.9806 0 0.826737)
(16.1552 0 0.807371)
(16.3293 0 0.78743)
(16.5026 0 0.767213)
(16.6752 0 0.747048)
(16.8467 0 0.727287)
(17.0174 0 0.708303)
(17.1873 0 0.690495)
(17.3566 0 0.674282)
(17.5256 0 0.660109)
(17.695 0 0.64845)
(17.8653 0 0.639808)
(18.0373 0 0.634725)
(18.2116 0 0.633776)
(18.4357 0 0.637744)
(13.4952 0 0.671912)
(13.6208 0 0.675359)
(13.7631 0 0.677791)
(13.9133 0 0.679039)
(14.0661 0 0.679064)
(14.2211 0 0.677842)
(14.3791 0 0.675331)
(14.5403 0 0.671501)
(14.7042 0 0.666339)
(14.8705 0 0.659856)
(15.0388 0 0.652084)
(15.2089 0 0.643074)
(15.3803 0 0.632904)
(15.5527 0 0.621672)
(15.7258 0 0.609502)
(15.8993 0 0.596542)
(16.0728 0 0.582963)
(16.2462 0 0.568956)
(16.4193 0 0.554737)
(16.5918 0 0.540537)
(16.7637 0 0.52661)
(16.9351 0 0.513225)
(17.106 0 0.500671)
(17.2767 0 0.489255)
(17.4475 0 0.479302)
(17.619 0 0.471166)
(17.7916 0 0.465224)
(17.9664 0 0.461894)
(18.144 0 0.461621)
(18.3723 0 0.465033)
(13.4668 0 0.399909)
(13.5905 0 0.40199)
(13.7305 0 0.40347)
(13.8782 0 0.404205)
(14.0287 0 0.404193)
(14.1814 0 0.403431)
(14.3371 0 0.401899)
(14.496 0 0.399576)
(14.6577 0 0.396454)
(14.8219 0 0.392541)
(14.9883 0 0.387856)
(15.1565 0 0.382431)
(15.3262 0 0.376311)
(15.4971 0 0.369554)
(15.6689 0 0.362237)
(15.8413 0 0.354446)
(16.0139 0 0.346285)
(16.1867 0 0.337869)
(16.3593 0 0.329327)
(16.5316 0 0.320802)
(16.7036 0 0.312446)
(16.8753 0 0.304424)
(17.0467 0 0.296913)
(17.2182 0 0.290101)
(17.39 0 0.284192)
(17.5627 0 0.279407)
(17.7369 0 0.275998)
(17.9134 0 0.274259)
(18.093 0 0.274574)
(18.3235 0 0.277707)
(13.2308 0 0.134979)
(13.3508 0 0.135906)
(13.4868 0 0.136621)
(13.6305 0 0.137057)
(13.7769 0 0.137225)
(13.9255 0 0.137129)
(14.0771 0 0.136759)
(14.2317 0 0.136107)
(14.3891 0 0.135168)
(14.5489 0 0.133944)
(14.7109 0 0.13244)
(14.8746 0 0.130667)
(15.0397 0 0.128638)
(15.206 0 0.126375)
(15.3731 0 0.123902)
(15.5407 0 0.121249)
(15.7085 0 0.118453)
(15.8763 0 0.115554)
(16.0438 0 0.112598)
(16.211 0 0.109634)
(16.3777 0 0.106718)
(16.544 0 0.103907)
(16.71 0 0.101267)
(16.8759 0 0.0988637)
(17.042 0 0.0967729)
(17.209 0 0.0950767)
(17.3774 0 0.0938727)
(17.5484 0 0.0932896)
(17.723 0 0.0935273)
(17.9488 0 0.0951854)
)
;

boundaryField
{
    inlet
    {
        type            fixedValue;
        value           uniform (10 0 0);
    }
    outlet
    {
        type            zeroGradient;
    }
    flap
    {
        type            movingWallVelocity;
        value           nonuniform List<vector> 
33
(
(0 0 6.93889e-16)
(0 0 0)
(0 0 0)
(0 0 0)
(0 0 0)
(0 0 0)
(0 0 0)
(0 0 0)
(0 0 0)
(0 0 0)
(0 0 0)
(0 0 -1.11022e-14)
(0 0 -1.11022e-14)
(0 0 -1.11022e-14)
(0 0 -2.22045e-14)
(6.93889e-16 -2.77556e-15 0)
(0 -2.77556e-15 0)
(0 0 0)
(0 0 6.93889e-16)
(0 0 0)
(0 0 0)
(0 0 0)
(0 0 0)
(0 0 0)
(0 0 -5.55112e-15)
(0 0 0)
(0 0 -1.11022e-14)
(0 0 0)
(0 0 0)
(0 0 0)
(0 0 0)
(0 -2.77556e-15 -1.11022e-14)
(0 0 -1.11022e-14)
)
;
    }
    upperWall
    {
        type            noSlip;
    }
    lowerWall
    {
        type            noSlip;
    }
    frontAndBack
    {
        type            empty;
    }
}


// ************************************************************************* //
