/*--------------------------------*- C++ -*----------------------------------*\
  =========                 |
  \\      /  F ield         | OpenFOAM: The Open Source CFD Toolbox
   \\    /   O peration     | Website:  https://openfoam.org
    \\  /    A nd           | Version:  dev
     \\/     M anipulation  |
\*---------------------------------------------------------------------------*/
FoamFile
{
    version     2.0;
    format      ascii;
    class       surfaceScalarField;
    location    "6.7";
    object      phi;
}
// * * * * * * * * * * * * * * * * * * * * * * * * * * * * * * * * * * * * * //

dimensions      [0 3 -1 0 0 0 0];

internalField   nonuniform List<scalar> 
5457
(
0.198418
0.00158236
0.19648
0.00193733
0.194192
0.00228803
0.191509
0.00268351
0.188428
0.00308111
0.184951
0.00347667
0.181073
0.00387847
0.176779
0.0042939
0.172051
0.0047281
0.166865
0.0051851
0.161197
0.00566839
0.155016
0.00618092
0.148291
0.00672486
0.14099
0.00730124
0.133081
0.00790941
0.124534
0.00854637
0.115328
0.00920583
0.105451
0.00987714
0.0949072
0.010544
0.0837237
0.0111835
0.0719591
0.0117646
0.0597107
0.0122483
0.047122
0.0125888
0.0343817
0.0127403
0.0216866
0.0126951
0.00903634
0.0126502
-0.00291702
0.0119534
-0.0084725
0.00555549
-0.00804316
-0.000429342
-0.00804316
0.199928
0.00165418
0.199176
0.00268973
0.197965
0.00349891
0.196332
0.00431662
0.194272
0.00514108
0.191782
0.00596664
0.188855
0.00680534
0.185478
0.00767065
0.181633
0.0085729
0.177298
0.00952039
0.172446
0.0105204
0.167048
0.0115792
0.161071
0.0127015
0.154482
0.0138901
0.147247
0.0151444
0.139334
0.0164594
0.130716
0.0178237
0.121376
0.0192173
0.111312
0.0206089
0.100542
0.0219534
0.0891172
0.0231891
0.0771295
0.024236
0.0647234
0.0249948
0.0521159
0.0253478
0.0396555
0.0251555
0.0281053
0.0242004
0.0185947
0.021464
0.00879678
0.0153534
0.00118328
0.00718416
-0.00685988
0.199781
0.0018736
0.199087
0.00338354
0.197946
0.00463978
0.196409
0.00585316
0.194483
0.00706713
0.192164
0.0082856
0.189447
0.00952268
0.186322
0.010796
0.182774
0.0121207
0.178785
0.0135092
0.174333
0.0149724
0.169392
0.0165201
0.163934
0.01816
0.157926
0.0198972
0.151338
0.0217326
0.144137
0.0236611
0.136291
0.0256691
0.127777
0.0277311
0.11858
0.0298057
0.108702
0.0318313
0.0981706
0.033721
0.0870482
0.0353584
0.0754514
0.0365916
0.0635742
0.0372251
0.0517323
0.0369975
0.0403969
0.0355357
0.0297387
0.0321223
0.0191658
0.0259263
0.00959746
0.0167525
0.00273758
0.199703
0.00217052
0.199008
0.00407881
0.197887
0.00576026
0.196376
0.00736401
0.194488
0.00895517
0.192223
0.0105515
0.189575
0.0121703
0.186539
0.0138319
0.183105
0.0155551
0.179258
0.0173555
0.174983
0.0192473
0.170261
0.0212426
0.165069
0.0233516
0.159385
0.0255813
0.153184
0.0279342
0.146438
0.0304063
0.139124
0.0329835
0.131217
0.0356384
0.122698
0.0383249
0.113557
0.0409722
0.1038
0.043478
0.0934569
0.0457011
0.0825956
0.0474529
0.0713327
0.048488
0.0598407
0.0484895
0.0483166
0.0470598
0.0368106
0.0436283
0.0251876
0.0375493
0.0133354
0.0286047
0.016073
0.199667
0.00250309
0.198964
0.00478204
0.197863
0.00686153
0.196381
0.00884563
0.194533
0.0108039
0.192318
0.0127661
0.189734
0.014754
0.186776
0.0167904
0.183434
0.0188966
0.179699
0.0210912
0.175556
0.0233902
0.170991
0.0258076
0.165987
0.0283553
0.160527
0.0310415
0.154591
0.0338697
0.148161
0.0368368
0.141215
0.0399293
0.133734
0.04312
0.125697
0.0463619
0.117087
0.0495817
0.107894
0.0526716
0.0981146
0.0554802
0.0877645
0.057803
0.0768784
0.0593741
0.0655083
0.0598596
0.0537075
0.0588605
0.0414535
0.0558823
0.0285873
0.0504154
0.0148521
0.0423399
0.0309251
0.199653
0.00285027
0.198949
0.00548606
0.197871
0.00793942
0.196427
0.0102897
0.194627
0.0126038
0.192473
0.0149195
0.189964
0.0172635
0.187093
0.0196611
0.183854
0.0221358
0.180237
0.0247083
0.17623
0.0273966
0.171822
0.0302162
0.166997
0.03318
0.161741
0.0362973
0.156038
0.0395726
0.149872
0.0430033
0.143224
0.0465775
0.136074
0.0502694
0.128402
0.0540342
0.120182
0.0578014
0.111388
0.0614661
0.101989
0.0648792
0.0919543
0.0678374
0.0812533
0.0700751
0.0698534
0.0712595
0.057716
0.0709979
0.0447598
0.0688384
0.0308485
0.0643268
0.0158728
0.0573156
0.0467979
0.19965
0.0032002
0.198954
0.00618201
0.197905
0.008989
0.196505
0.0116894
0.194763
0.0143459
0.192681
0.0170014
0.190257
0.0196871
0.187488
0.0224307
0.184366
0.0252578
0.180883
0.0281911
0.177029
0.0312504
0.172793
0.0344527
0.168161
0.037812
0.163119
0.0413389
0.157653
0.0450388
0.151745
0.0489108
0.145378
0.0529451
0.138528
0.0571189
0.13117
0.0613926
0.123269
0.0657024
0.114782
0.069953
0.105654
0.0740072
0.095816
0.0776754
0.0851852
0.0807058
0.0736671
0.0827776
0.0611602
0.0835048
0.0475541
0.0824446
0.0327577
0.0791232
0.0167824
0.0732909
0.0635803
0.199655
0.00354553
0.198975
0.00686209
0.197959
0.0100047
0.19661
0.013038
0.194934
0.0160219
0.192934
0.0190019
0.190608
0.022013
0.187953
0.0250858
0.184963
0.0282476
0.181631
0.0315231
0.177948
0.0349337
0.173902
0.038498
0.169483
0.0422315
0.164675
0.0461462
0.159465
0.0502496
0.153832
0.0545432
0.147757
0.0590203
0.141212
0.0636637
0.134164
0.068441
0.126567
0.0732994
0.118362
0.0781584
0.109468
0.0829003
0.0997854
0.0873585
0.0891859
0.0913053
0.0775235
0.0944401
0.0646457
0.0963826
0.0504158
0.0966744
0.0347669
0.0947721
0.0177891
0.0902687
0.0813694
0.199664
0.00388134
0.199006
0.00751986
0.19803
0.0109809
0.196739
0.0143294
0.195137
0.0176239
0.193227
0.0209116
0.191009
0.0242308
0.188481
0.0276143
0.185637
0.0310915
0.182472
0.0346887
0.178976
0.038429
0.175141
0.0423328
0.170956
0.0464173
0.166405
0.0506965
0.161474
0.0551806
0.156143
0.0598745
0.150387
0.0647766
0.144174
0.0698767
0.137462
0.0751526
0.130195
0.0805661
0.122297
0.0860564
0.113666
0.0915318
0.104167
0.0968574
0.0936321
0.10184
0.0818626
0.10621
0.0686471
0.109598
0.0537998
0.111522
0.0372348
0.111337
0.0190824
0.108421
0.100452
0.199677
0.0042041
0.199047
0.00815007
0.198116
0.0119122
0.196888
0.0155576
0.195367
0.0191447
0.193556
0.0227221
0.191456
0.0263305
0.189066
0.0300049
0.186381
0.0337766
0.183396
0.0376734
0.180105
0.0417201
0.176499
0.0459388
0.172567
0.0503488
0.168297
0.0549665
0.163673
0.0598054
0.158672
0.0648747
0.15327
0.0701793
0.147429
0.0757177
0.141101
0.0814804
0.13422
0.087447
0.126695
0.093581
0.118404
0.0998231
0.109182
0.10608
0.0988172
0.112205
0.0870498
0.117977
0.0735868
0.123061
0.0581455
0.126963
0.0405494
0.128933
0.0208999
0.128071
0.121352
0.199693
0.00451115
0.199095
0.00874842
0.198213
0.0127937
0.197053
0.0167172
0.19562
0.020578
0.193916
0.0244259
0.191944
0.0283034
0.189701
0.0322477
0.187186
0.0362915
0.184395
0.0404642
0.181323
0.0447922
0.177963
0.0492992
0.174305
0.0540066
0.170338
0.0589337
0.166046
0.0640973
0.161408
0.069512
0.156398
0.0751896
0.150977
0.0811388
0.145093
0.0873645
0.138673
0.0938664
0.131618
0.100636
0.123788
0.107653
0.114994
0.114874
0.10498
0.122219
0.0934155
0.129541
0.079894
0.136583
0.0639637
0.142893
0.0452311
0.147666
0.0236094
0.149692
0.144961
0.199711
0.00480044
0.199148
0.00931139
0.19832
0.0136213
0.197234
0.0178034
0.195894
0.021918
0.194304
0.0260161
0.192465
0.0301418
0.190379
0.0343337
0.188045
0.0386261
0.185459
0.0430496
0.182619
0.047632
0.17952
0.0523987
0.176153
0.0573731
0.17251
0.0625771
0.168576
0.0680312
0.164333
0.0737551
0.159754
0.0797681
0.154804
0.0860893
0.14943
0.0927385
0.14356
0.0997366
0.13709
0.107105
0.129877
0.114867
0.121713
0.123037
0.112311
0.131621
0.101269
0.140584
0.08804
0.149811
0.0719171
0.159016
0.0520807
0.167502
0.0278819
0.173891
0.172843
0.19973
0.00507036
0.199205
0.00983614
0.198435
0.0143912
0.197427
0.018812
0.196185
0.02316
0.194714
0.0274872
0.193016
0.0318391
0.191095
0.0362555
0.188949
0.0407718
0.186579
0.0454198
0.183982
0.0502285
0.181157
0.0552244
0.178097
0.0604329
0.174796
0.0658782
0.171243
0.0715841
0.167423
0.0775751
0.163314
0.0838773
0.158883
0.0905195
0.154087
0.0975354
0.148857
0.104966
0.1431
0.112862
0.136678
0.121289
0.12939
0.130326
0.120938
0.140073
0.110878
0.150644
0.0985362
0.162153
0.0828928
0.17466
0.0624269
0.187968
0.0351182
0.2012
0.207961
0.199751
0.00531963
0.199267
0.0103203
0.198557
0.0151006
0.19763
0.0197395
0.19649
0.0242998
0.195143
0.0288344
0.193592
0.0333898
0.191841
0.0380069
0.189891
0.0427217
0.187744
0.0475669
0.1854
0.0525723
0.182859
0.0577656
0.180118
0.0631733
0.177175
0.0688215
0.174022
0.0747367
0.17065
0.0809472
0.167043
0.0874843
0.163178
0.094385
0.159019
0.101694
0.154516
0.109469
0.149594
0.117785
0.144141
0.126741
0.13799
0.136477
0.130881
0.147181
0.1224
0.159126
0.111851
0.172702
0.0980054
0.188506
0.0785228
0.207451
0.0486511
0.231071
0.256612
0.199772
0.00554731
0.19933
0.0107622
0.198684
0.015747
0.197841
0.020583
0.196806
0.0253341
0.195587
0.030054
0.194187
0.0347898
0.192611
0.039583
0.190862
0.0444703
0.188944
0.0494848
0.18686
0.0546566
0.184611
0.0600142
0.1822
0.0655847
0.179626
0.0713953
0.176888
0.0774742
0.173984
0.0838521
0.170904
0.0905638
0.167638
0.0976511
0.164166
0.105166
0.16046
0.113176
0.156474
0.12177
0.152144
0.131071
0.147369
0.141252
0.14199
0.15256
0.135744
0.165372
0.128159
0.180286
0.118295
0.19837
0.1039
0.221846
0.0776623
0.257309
0.334274
0.00377925
-0.00377925
0.00734741
-0.00356817
0.0102464
-0.00289897
0.0124582
-0.00221179
0.0140692
-0.00161103
0.0151818
-0.00111261
0.0158936
-0.000711781
0.016293
-0.000399447
0.0164582
-0.000165187
0.0164631
-4.85643e-06
0.0163473
0.000115786
0.0161662
0.000181112
0.0159541
0.000212116
0.0157365
0.000217524
0.0155315
0.000205044
0.0153502
0.000181255
0.0151986
0.000151656
0.0150775
0.000121095
0.0149834
9.41208e-05
0.014909
7.43614e-05
0.0148455
6.34806e-05
0.0147847
6.08701e-05
0.0147201
6.46063e-05
0.0146465
7.35937e-05
0.0145572
8.92467e-05
0.0144435
0.000113694
0.0142981
0.000145381
0.0141201
0.00017803
0.0139254
0.000194731
0.000154067
0.00349422
-0.00727347
0.00683216
-0.00690611
0.00961463
-0.00568143
0.0118289
-0.00442602
0.0135554
-0.00333754
0.0148844
-0.00244164
0.0158993
-0.00172668
0.0166729
-0.00117308
0.0172653
-0.000757556
0.0177162
-0.000455736
0.0180723
-0.000240332
0.0183566
-0.000103219
0.0185958
-2.70726e-05
0.01881
3.38177e-06
0.0190137
1.32093e-06
0.0192174
-2.24367e-05
0.0194275
-5.84329e-05
0.0196464
-9.78747e-05
0.0198726
-0.000132081
0.0201011
-0.000154137
0.020326
-0.000161407
0.0205429
-0.00015603
0.0207498
-0.000142309
0.0209456
-0.000122218
0.0211266
-9.17396e-05
0.0212844
-4.40879e-05
0.0214098
1.99824e-05
0.0214988
8.90043e-05
0.0215645
0.000129014
0.00011806
0.0029565
-0.01023
0.00569675
-0.00964636
0.00794872
-0.0079334
0.0097344
-0.0062117
0.0111314
-0.0047345
0.0122153
-0.00352555
0.0130554
-0.00256684
0.0137121
-0.00182973
0.0142339
-0.00127936
0.014657
-0.000878825
0.0150124
-0.000595739
0.0153192
-0.000410005
0.0155942
-0.000302157
0.0158494
-0.000251807
0.0160922
-0.000241439
0.016327
-0.000257242
0.0165572
-0.000288659
0.0167848
-0.000325415
0.0170093
-0.000356618
0.0172285
-0.000373349
0.0174402
-0.000373046
0.0176443
-0.000360171
0.0178435
-0.000341487
0.0180421
-0.00032084
0.0182423
-0.000291924
0.0184405
-0.000242357
0.0186313
-0.000170764
0.0188134
-9.30896e-05
0.018976
-3.36174e-05
8.93983e-06
0.00236423
-0.0125942
0.00439476
-0.0116769
0.00599528
-0.00953391
0.00724697
-0.0074634
0.00822046
-0.00570798
0.00897184
-0.00427693
0.009553
-0.00314799
0.0100091
-0.0022858
0.0103755
-0.00164576
0.010675
-0.00117837
0.0109237
-0.000844448
0.0111353
-0.000621591
0.0113211
-0.000487911
0.011487
-0.000417732
0.0116359
-0.000390345
0.0117685
-0.000389848
0.0118866
-0.000406744
0.0119919
-0.000430743
0.0120846
-0.000449288
0.0121623
-0.000451097
0.0122233
-0.000434009
0.0122693
-0.000406179
0.0123052
-0.000377362
0.0123401
-0.000355725
0.0123799
-0.000331761
0.0124212
-0.000283672
0.0124558
-0.00020535
0.0124827
-0.000119992
0.0124956
-4.65106e-05
1.59146e-05
0.00167326
-0.0142675
0.00290756
-0.0129112
0.00378371
-0.0104101
0.0044421
-0.00812179
0.00493782
-0.00620371
0.00530655
-0.00464566
0.00558048
-0.00342192
0.00578842
-0.00249374
0.00595238
-0.00180972
0.00607873
-0.00130472
0.00616657
-0.000932288
0.00622173
-0.00067675
0.00625056
-0.000516744
0.00625358
-0.000420752
0.00623053
-0.000367292
0.00617868
-0.000337997
0.00610059
-0.000328658
0.00600082
-0.000330966
0.00588231
-0.000330786
0.00574395
-0.000312733
0.00558279
-0.000272852
0.00540205
-0.000225436
0.00520503
-0.000180339
0.00500372
-0.000154416
0.0048122
-0.000140247
0.00463293
-0.000104397
0.00442046
7.11637e-06
0.00413833
0.00016214
0.00383878
0.000253041
0.000234087
0.000876013
-0.0151435
0.00122265
-0.0132578
0.00131945
-0.0105069
0.00133933
-0.00814167
0.00130097
-0.00616535
0.00122721
-0.0045719
0.0011342
-0.00332891
0.00103344
-0.00239298
0.000931245
-0.00170752
0.000819293
-0.00119277
0.000681104
-0.000794098
0.000513887
-0.000509532
0.000315659
-0.000318516
7.92006e-05
-0.000184294
-0.000195421
-9.26709e-05
-0.000497903
-3.55155e-05
-0.000823661
-2.90054e-06
-0.00116498
1.03487e-05
-0.00152108
2.53196e-05
-0.0019077
7.38865e-05
-0.00234832
0.00016777
-0.00284767
0.000273908
-0.0033735
0.000345499
-0.00388808
0.000360159
-0.00436551
0.000337183
-0.00478493
0.000315027
-0.00510383
0.000326008
-0.00532708
0.000385396
-0.00550104
0.000426994
0.000382751
-0.000101601
-0.0150419
-0.00066841
-0.012691
-0.00138513
-0.00979014
-0.00208311
-0.0074437
-0.00274052
-0.00550793
-0.0033432
-0.00396923
-0.00389236
-0.00277975
-0.00439557
-0.00188977
-0.00485686
-0.00124624
-0.00528942
-0.000760205
-0.00572947
-0.000354047
-0.00623454
-4.4623e-06
-0.00679955
0.000246494
-0.00737632
0.000392476
-0.0079437
0.000474706
-0.00850166
0.000522449
-0.00904989
0.000545322
-0.00958787
0.00054833
-0.010107
0.000544481
-0.010587
0.000553808
-0.0110105
0.000591365
-0.011386
0.0006494
-0.0117329
0.000692395
-0.012062
0.000689181
-0.0123673
0.000642516
-0.0126371
0.000584858
-0.0128655
0.000554401
-0.0130451
0.000565012
-0.0131858
0.0005677
0.000530128
-0.0011202
-0.0139217
-0.00274022
-0.011071
-0.00436055
-0.00816981
-0.00588724
-0.00591701
-0.00726406
-0.00413111
-0.00848925
-0.00274404
-0.0095903
-0.0016787
-0.0106188
-0.000861275
-0.0116105
-0.00025457
-0.0125354
0.00016478
-0.0133247
0.000435221
-0.0139408
0.000611653
-0.0144378
0.000743414
-0.0148898
0.00084454
-0.0153279
0.000912742
-0.0157573
0.000951905
-0.0161773
0.000965305
-0.016587
0.000958042
-0.0169859
0.000943423
-0.0173725
0.000940331
-0.0177417
0.000960644
-0.0180871
0.000994764
-0.018406
0.00101128
-0.018698
0.00098115
-0.0189598
0.000904316
-0.019187
0.000812125
-0.0193769
0.000744311
-0.0195265
0.000714539
-0.0196514
0.000692623
0.000664868
-0.00230407
-0.0116176
-0.00504376
-0.00833132
-0.0077035
-0.00551007
-0.0101335
-0.00348704
-0.0122773
-0.00198725
-0.0141186
-0.000902805
-0.015673
-0.000124216
-0.0169216
0.000387239
-0.017885
0.000708864
-0.0186386
0.000918378
-0.0192682
0.0010648
-0.0198243
0.00116781
-0.0203217
0.00124084
-0.0207729
0.00129574
-0.0211955
0.00133531
-0.0216006
0.00135696
-0.0219914
0.00135617
-0.0223683
0.0013349
-0.0227322
0.00130731
-0.0230853
0.00129343
-0.0234278
0.00130317
-0.0237557
0.00132271
-0.0240622
0.00131777
-0.0243389
0.00125784
-0.0245778
0.00114319
-0.0247752
0.00100953
-0.0249332
0.000902336
-0.0250582
0.000839494
-0.0251688
0.000803287
0.00078641
-0.00370404
-0.00791356
-0.00766535
-0.00437
-0.011382
-0.00179346
-0.0146121
-0.000256866
-0.017217
0.000617619
-0.0192199
0.00110006
-0.0207194
0.0013753
-0.0218684
0.00153631
-0.0227967
0.00163714
-0.0235747
0.00169639
-0.0242391
0.00172915
-0.0248137
0.00174244
-0.0253171
0.00174423
-0.0257672
0.00174585
-0.0261835
0.00175165
-0.0265794
0.00175283
-0.0269579
0.00173471
-0.0273167
0.00169368
-0.0276557
0.00164627
-0.0279806
0.00161834
-0.0282986
0.00162114
-0.028611
0.00163512
-0.0289098
0.00161656
-0.0291793
0.00152733
-0.0294038
0.00136767
-0.0295775
0.00118322
-0.0297079
0.00103275
-0.0298106
0.000942265
-0.0299063
0.000898914
0.000891477
-0.00572207
-0.00219149
-0.0112346
0.00114257
-0.0156097
0.00258163
-0.018934
0.00306741
-0.0214437
0.00312732
-0.0233872
0.0030435
-0.0249171
0.00290529
-0.026133
0.0027522
-0.0271053
0.00260944
-0.0279012
0.0024922
-0.0285711
0.00239906
-0.0291442
0.00231562
-0.0296383
0.00223831
-0.0300734
0.00218096
-0.0304741
0.00215228
-0.0308572
0.00213599
-0.0312241
0.00210161
-0.0315664
0.0020359
-0.0318805
0.00196037
-0.0321761
0.00191395
-0.0324692
0.00191432
-0.0327683
0.00193422
-0.0330646
0.00191281
-0.0333336
0.00179635
-0.033549
0.00158306
-0.0337009
0.00133513
-0.0338037
0.00113552
-0.0338838
0.00102234
-0.0339631
0.000978264
0.000979086
-0.00786111
0.00566962
-0.014259
0.00754048
-0.0189762
0.00729881
-0.0225282
0.00661937
-0.0252165
0.00581562
-0.0272414
0.00506844
-0.0287916
0.00445546
-0.0299996
0.00396025
-0.0309491
0.00355892
-0.0317144
0.00325753
-0.032357
0.00304161
-0.0329068
0.00286541
-0.0333737
0.00270524
-0.0337765
0.00258372
-0.034148
0.00252386
-0.0345128
0.00250071
-0.0348682
0.00245702
-0.0351944
0.00236214
-0.0354808
0.00224676
-0.035742
0.00217518
-0.0360074
0.00217967
-0.0362952
0.002222
-0.0365956
0.00221321
-0.0368723
0.00207312
-0.0370835
0.00179427
-0.0372125
0.00146406
-0.0372829
0.00120592
-0.0373367
0.00107621
-0.0373988
0.00104032
0.00104936
-0.00969894
0.0153686
-0.0174076
0.0152491
-0.0227493
0.0126405
-0.0264443
0.0103144
-0.0290925
0.00846384
-0.0309998
0.00697571
-0.0324259
0.00588156
-0.0335326
0.00506695
-0.0343865
0.00441281
-0.0350625
0.00393357
-0.0356406
0.00361966
-0.0361488
0.00337364
-0.0365737
0.00313013
-0.0369245
0.00293457
-0.0372503
0.00284957
-0.037591
0.00284143
-0.0379386
0.00280466
-0.0382522
0.00267572
-0.0385064
0.00250096
-0.0387232
0.00239199
-0.0389535
0.00240997
-0.0392311
0.0024996
-0.0395445
0.00252658
-0.0398402
0.00236879
-0.0400531
0.00200721
-0.0401548
0.00156582
-0.0401826
0.00123364
-0.0402035
0.00109712
-0.0402486
0.00108542
0.00110435
-0.0128923
0.0282608
-0.0223138
0.0246706
-0.0276497
0.0179765
-0.0308765
0.0135411
-0.0331843
0.0107716
-0.0347229
0.00851436
-0.0358326
0.00699131
-0.0367419
0.00597616
-0.0374368
0.00510775
-0.0379606
0.00445741
-0.0384363
0.00409536
-0.0388962
0.0038335
-0.0392713
0.00350525
-0.039545
0.00320823
-0.039799
0.00310363
-0.0401094
0.00315176
-0.0404597
0.003155
-0.04077
0.00298598
-0.0409861
0.00271713
-0.0411409
0.00254671
-0.0413225
0.00259162
-0.0415903
0.00276736
-0.0419287
0.00286506
-0.0422592
0.00269926
-0.0424823
0.00223027
-0.0425492
0.00163277
-0.042516
0.00120043
-0.0424925
0.00107355
-0.042524
0.00111695
0.0011511
-0.0183731
0.0466339
-0.029784
0.0360815
-0.0343916
0.0225841
-0.0358973
0.0150469
-0.0375458
0.0124201
-0.0383624
0.00933094
-0.038885
0.00751395
-0.0395754
0.00666652
-0.0401239
0.00565623
-0.040416
0.00474956
-0.0407274
0.00440675
-0.0411432
0.00424931
-0.0414741
0.00383617
-0.0416388
0.00337292
-0.0417799
0.00324473
-0.0420553
0.00342711
-0.0424335
0.0035333
-0.042762
0.00331445
-0.0429315
0.00288664
-0.0429916
0.00260677
-0.0430989
0.00269891
-0.0433552
0.00302374
-0.0437355
0.00324526
-0.0441231
0.0030869
-0.0443687
0.0024759
-0.0443889
0.00165295
-0.0442639
0.00107545
-0.0441761
0.000985728
-0.0442031
0.001144
0.00120826
0.207447
0.00576006
0.207034
0.0111748
0.206432
0.0163495
0.205647
0.0213674
0.204688
0.0262932
0.203561
0.0311814
0.202272
0.0360792
0.200826
0.0410286
0.19923
0.0460665
0.197489
0.0512259
0.195608
0.0565373
0.193593
0.0620288
0.19145
0.067728
0.189183
0.073662
0.186798
0.0798596
0.184298
0.086352
0.181687
0.0931752
0.178966
0.100372
0.176135
0.107997
0.173193
0.116118
0.170135
0.124827
0.166957
0.134249
0.163653
0.144555
0.160225
0.155988
0.156696
0.168902
0.153157
0.183825
0.149973
0.201554
0.148818
0.223002
0.160468
0.245658
0.258858
0.235885
0.21249
0.00595246
0.212118
0.0115476
0.211574
0.016893
0.210868
0.0220732
0.210008
0.0271536
0.209001
0.0321887
0.207854
0.0372262
0.206575
0.0423076
0.205171
0.0474699
0.203651
0.0527458
0.202023
0.0581651
0.200297
0.0637555
0.198481
0.0695438
0.196586
0.0755564
0.194625
0.081821
0.192609
0.0883676
0.190554
0.0952303
0.188477
0.10245
0.186399
0.110075
0.184348
0.118168
0.182365
0.12681
0.180511
0.136104
0.178884
0.146182
0.177656
0.157216
0.177148
0.16941
0.178014
0.18296
0.181666
0.197901
0.190705
0.213963
0.206137
0.230226
0.245771
0.219224
0.217658
0.00612238
0.217329
0.0118765
0.21685
0.0173716
0.21623
0.0226928
0.215478
0.0279059
0.214602
0.0330653
0.21361
0.0382182
0.212511
0.0434061
0.211316
0.0486651
0.210035
0.0540272
0.208679
0.0595211
0.207261
0.0651734
0.205795
0.0710092
0.204298
0.0770532
0.202789
0.0833306
0.201288
0.0898681
0.199823
0.0966956
0.198426
0.103847
0.197138
0.111363
0.196016
0.11929
0.195138
0.127688
0.194617
0.136625
0.194622
0.146176
0.195418
0.15642
0.197414
0.167414
0.201221
0.179153
0.207609
0.191514
0.217238
0.204333
0.229836
0.217629
0.228825
0.246782
0.222951
0.00626781
0.22267
0.0121578
0.222262
0.0177797
0.221736
0.0232191
0.2211
0.0285414
0.220365
0.0338007
0.219539
0.0390437
0.218634
0.044311
0.217662
0.0496376
0.216635
0.0550543
0.215568
0.0605883
0.214477
0.0662643
0.213381
0.072105
0.212302
0.0781323
0.211265
0.0843676
0.2103
0.0908329
0.209444
0.0975513
0.208743
0.104548
0.208255
0.11185
0.208057
0.119489
0.208252
0.127494
0.208978
0.135898
0.210431
0.144724
0.212873
0.153979
0.21665
0.163636
0.222183
0.17362
0.229922
0.183775
0.240438
0.193817
0.254652
0.203416
0.210321
0.273156
0.228374
0.00638691
0.228144
0.0123878
0.227812
0.0181122
0.227386
0.0236453
0.226875
0.029052
0.22629
0.0343857
0.225641
0.0396921
0.224942
0.0450106
0.224205
0.0503748
0.223445
0.0558137
0.222681
0.0613526
0.221932
0.0670137
0.22122
0.0728167
0.220573
0.0787797
0.220021
0.0849196
0.219601
0.0912522
0.21936
0.0977929
0.219351
0.104556
0.219646
0.111556
0.220331
0.118803
0.22152
0.126305
0.223357
0.134061
0.226028
0.142053
0.229764
0.150243
0.234843
0.158556
0.241597
0.166866
0.250403
0.174969
0.261709
0.182511
0.275988
0.189136
0.19376
0.292549
0.233929
0.00647799
0.233754
0.0125632
0.233502
0.0183644
0.233182
0.0239655
0.232803
0.0294307
0.232376
0.0348122
0.231914
0.0401543
0.23143
0.045495
0.230938
0.0508661
0.230458
0.0562946
0.230007
0.0618032
0.229609
0.0674113
0.229291
0.0731351
0.229082
0.0789884
0.229019
0.0849828
0.229144
0.0911276
0.229507
0.0974297
0.23017
0.103893
0.231207
0.110519
0.23271
0.117301
0.23479
0.124225
0.237583
0.131267
0.241254
0.138382
0.245994
0.145503
0.252025
0.152525
0.259589
0.159303
0.268928
0.16563
0.280221
0.171217
0.293566
0.175792
0.178839
0.308487
0.23962
0.00653955
0.239502
0.0126813
0.239334
0.0185321
0.239125
0.0241746
0.238884
0.0296713
0.238623
0.0350732
0.238355
0.0404228
0.238094
0.0457564
0.237856
0.0511036
0.237661
0.0564892
0.237531
0.0619331
0.237491
0.0674514
0.23757
0.0730567
0.2378
0.0787582
0.238221
0.084562
0.238877
0.0904709
0.239823
0.0964839
0.241121
0.102595
0.242846
0.108794
0.245084
0.115062
0.24794
0.121369
0.251533
0.127674
0.255999
0.133917
0.261486
0.140015
0.268152
0.145859
0.276147
0.151308
0.285592
0.156186
0.29653
0.160278
0.308954
0.163368
0.165189
0.322604
0.245448
0.00657034
0.24539
0.0127395
0.24531
0.018612
0.245217
0.0242681
0.245119
0.0297688
0.245029
0.0351631
0.24496
0.0404919
0.244928
0.045789
0.244949
0.0510821
0.245045
0.0563931
0.245239
0.0617393
0.245557
0.0671333
0.24603
0.0725839
0.246692
0.0780959
0.247584
0.0836701
0.248752
0.0893033
0.250248
0.0949876
0.252134
0.100709
0.25448
0.106448
0.257366
0.112176
0.26088
0.117855
0.265122
0.123432
0.270196
0.128843
0.276208
0.134003
0.283259
0.138808
0.29143
0.143137
0.300769
0.146848
0.311263
0.149784
0.322847
0.151785
0.152719
0.335317
0.251418
0.00656933
0.251422
0.012736
0.251432
0.0186012
0.251458
0.0242428
0.251507
0.0297195
0.251592
0.0350782
0.251726
0.0403577
0.251926
0.0455896
0.252209
0.0507991
0.252596
0.0560054
0.253113
0.0612229
0.253785
0.0664609
0.254645
0.0717245
0.255726
0.0770145
0.257069
0.082327
0.258719
0.0876536
0.260726
0.0929808
0.263146
0.098289
0.266042
0.103552
0.269483
0.108735
0.273542
0.113796
0.278295
0.118679
0.283818
0.12332
0.290179
0.127641
0.297436
0.131551
0.305623
0.13495
0.314741
0.13773
0.324745
0.13978
0.335536
0.140994
0.141313
0.346943
0.257532
0.00653578
0.257599
0.0126693
0.257702
0.0184979
0.257849
0.0240963
0.258047
0.0295209
0.258309
0.0348162
0.258648
0.0400186
0.259081
0.0451573
0.259625
0.050255
0.260302
0.0553284
0.261136
0.0603887
0.262154
0.0654425
0.263388
0.0704914
0.26487
0.0755325
0.266638
0.0805584
0.268735
0.0855564
0.271207
0.090509
0.274104
0.0953926
0.277478
0.100178
0.281386
0.104827
0.285885
0.109297
0.291029
0.113535
0.296868
0.117481
0.303443
0.121066
0.310777
0.124217
0.318874
0.126854
0.327705
0.128899
0.337206
0.130278
0.347273
0.130926
0.130822
0.357764
0.263794
0.00646922
0.263925
0.0125386
0.264122
0.0183009
0.264391
0.0238276
0.264739
0.0291721
0.265179
0.0343766
0.265723
0.0394748
0.266387
0.0444936
0.267188
0.0494531
0.268149
0.0543675
0.269293
0.0592454
0.270645
0.0640905
0.272234
0.0689017
0.274094
0.0736731
0.276258
0.0783944
0.278764
0.0830501
0.281653
0.0876202
0.284966
0.0920793
0.288747
0.0963963
0.29304
0.100535
0.297884
0.104453
0.303317
0.108102
0.309368
0.111431
0.316053
0.114381
0.323374
0.116896
0.331312
0.118915
0.339825
0.120386
0.348841
0.121261
0.358264
0.121504
0.121114
0.367972
0.270207
0.00636947
0.270402
0.0123435
0.270693
0.01801
0.271084
0.0234365
0.271583
0.0286735
0.272199
0.0337604
0.272945
0.0387286
0.273836
0.0436024
0.27489
0.0483994
0.276126
0.0531314
0.277567
0.0578048
0.279236
0.0624208
0.281162
0.0669761
0.283372
0.0714627
0.285898
0.0758682
0.288773
0.0801756
0.292029
0.0843638
0.295702
0.0884068
0.299824
0.0922747
0.304425
0.0959331
0.309535
0.0993436
0.315172
0.102465
0.32135
0.105253
0.328068
0.107663
0.335314
0.10965
0.343055
0.111174
0.351242
0.112199
0.359806
0.112697
0.368658
0.112652
0.112075
0.377698
0.276774
0.00623663
0.277033
0.0120843
0.277417
0.0176256
0.27793
0.022924
0.278576
0.0280267
0.279366
0.0329705
0.280311
0.0377842
0.281424
0.0424895
0.282721
0.047102
0.284221
0.0516312
0.285945
0.0560814
0.287913
0.0604521
0.290151
0.0647381
0.292684
0.0689301
0.295537
0.0730147
0.298739
0.0769743
0.302315
0.0807877
0.306291
0.0844303
0.310692
0.0878741
0.315537
0.091088
0.320842
0.0940389
0.326615
0.0966922
0.332855
0.0990127
0.339551
0.100966
0.346681
0.102521
0.354206
0.103649
0.362075
0.104329
0.370223
0.104549
0.378572
0.104303
0.103609
0.387037
0.283498
0.0060711
0.283821
0.0117618
0.284297
0.0171491
0.284929
0.0222921
0.285721
0.0272349
0.28668
0.0320112
0.287817
0.0366475
0.289143
0.0411631
0.290674
0.0455714
0.292425
0.0498801
0.294415
0.0540919
0.296662
0.0582049
0.299187
0.0622127
0.302012
0.0661053
0.305158
0.069869
0.308645
0.0734867
0.312495
0.0769382
0.316724
0.0802007
0.321349
0.0832492
0.32638
0.086057
0.331823
0.0885963
0.337676
0.0908393
0.34393
0.092759
0.350565
0.0943304
0.357554
0.0955321
0.364856
0.096347
0.372421
0.0967642
0.38019
0.09678
0.388096
0.0963977
0.0956378
0.396067
0.290384
0.00587349
0.290768
0.0113773
0.291335
0.0165825
0.292083
0.0215439
0.293016
0.0263021
0.294139
0.0308881
0.295461
0.0353258
0.296991
0.0396324
0.298743
0.0438195
0.30073
0.0478931
0.302968
0.0518546
0.305471
0.0557012
0.308258
0.0594259
0.311345
0.0630186
0.314748
0.0664659
0.318483
0.0697519
0.322563
0.0728579
0.327
0.0757639
0.331801
0.0784483
0.336969
0.0808887
0.342502
0.0830628
0.348393
0.0849492
0.354624
0.0865279
0.361172
0.087782
0.368006
0.0886978
0.375087
0.0892664
0.382367
0.0894842
0.389793
0.0893537
0.397308
0.0888831
0.0880936
0.404852
0.297435
0.00564469
0.297879
0.0109325
0.298533
0.0159286
0.299394
0.0206831
0.300463
0.0252335
0.301743
0.0296079
0.303241
0.0338278
0.304965
0.0379085
0.306925
0.0418597
0.309132
0.0456863
0.311598
0.0493887
0.314335
0.0529635
0.317357
0.0564037
0.320676
0.0596995
0.324304
0.0628385
0.32825
0.065806
0.332522
0.0685859
0.337125
0.0711608
0.342061
0.0735126
0.347326
0.0756235
0.352912
0.0774762
0.358807
0.0790548
0.364989
0.0803456
0.371434
0.0813376
0.378108
0.0820235
0.384974
0.0824002
0.391989
0.0824692
0.399106
0.0822367
0.406275
0.0817137
0.0809209
0.413448
0.304654
0.00538576
0.305157
0.0104295
0.305895
0.0151904
0.306864
0.0197143
0.308062
0.024035
0.309492
0.0281782
0.311157
0.032163
0.313063
0.0360028
0.315216
0.039706
0.317626
0.0432763
0.320301
0.0467136
0.323251
0.0500142
0.326483
0.0531715
0.330006
0.0561763
0.333827
0.0590174
0.337951
0.0616821
0.34238
0.0641565
0.347115
0.0664263
0.35215
0.0684769
0.35748
0.0702943
0.36309
0.071866
0.368964
0.0731806
0.37508
0.0742294
0.381411
0.0750065
0.387926
0.075509
0.394588
0.075738
0.401359
0.0756981
0.408198
0.0753979
0.415062
0.0748496
0.0740728
0.42191
0.312046
0.0050979
0.312605
0.00987073
0.313424
0.0143718
0.314495
0.0186424
0.315817
0.0227133
0.317388
0.0266074
0.319209
0.0303416
0.321285
0.0339277
0.323618
0.0373729
0.326214
0.04068
0.329079
0.0438486
0.332218
0.0468751
0.335636
0.0497533
0.339338
0.0524751
0.343324
0.0550308
0.347597
0.0574095
0.352153
0.0595998
0.35699
0.0615902
0.362097
0.0633693
0.367465
0.0649269
0.373076
0.066254
0.378914
0.0673435
0.384953
0.0681903
0.391167
0.0687923
0.397526
0.0691499
0.403997
0.0692669
0.410545
0.0691499
0.417134
0.0688087
0.423728
0.0682556
0.0675089
0.430292
0.319615
0.00478245
0.320227
0.00925876
0.321122
0.0134765
0.322292
0.0174729
0.32373
0.0212752
0.325433
0.0249039
0.327401
0.0283739
0.329633
0.0316955
0.332131
0.0348746
0.334898
0.0379138
0.337934
0.0408121
0.341243
0.0435664
0.344825
0.0461713
0.34868
0.0486197
0.352808
0.0509034
0.357204
0.0530135
0.361862
0.0549409
0.366776
0.0566767
0.371933
0.0582124
0.377319
0.0595408
0.382917
0.0606562
0.388706
0.0615544
0.394663
0.0622335
0.400761
0.062694
0.406972
0.0629385
0.413267
0.0629725
0.419613
0.0628036
0.42598
0.0624422
0.432335
0.0619001
0.0611939
0.43865
0.327365
0.00444076
0.328027
0.00859629
0.328995
0.0125088
0.330257
0.0162112
0.331804
0.0197278
0.333632
0.0230765
0.335735
0.0262704
0.338112
0.0293183
0.340762
0.0322252
0.343683
0.0349931
0.346873
0.0376214
0.350333
0.0401071
0.354058
0.0424455
0.358047
0.0446309
0.362294
0.0466566
0.366792
0.0485154
0.371533
0.0502003
0.376505
0.0517048
0.381694
0.0530229
0.387085
0.0541499
0.392659
0.0550825
0.398394
0.055819
0.404268
0.0563596
0.410255
0.0567067
0.41633
0.0568643
0.422463
0.0568388
0.428628
0.0566384
0.434798
0.0562731
0.440944
0.055754
0.0550961
0.447041
0.3353
0.00407419
0.336011
0.00788597
0.337047
0.0114725
0.338395
0.0148628
0.340045
0.018078
0.341988
0.0211337
0.344217
0.0240411
0.346728
0.0268076
0.349516
0.0294375
0.352576
0.0319326
0.355906
0.0342921
0.359499
0.0365136
0.363351
0.0385933
0.367456
0.0405265
0.371804
0.0423079
0.376387
0.0439321
0.381194
0.045394
0.38621
0.0466887
0.39142
0.0478125
0.396807
0.0487627
0.402352
0.0495379
0.408033
0.0501381
0.413827
0.0505652
0.419712
0.0508223
0.425661
0.0509147
0.431651
0.050849
0.437656
0.0506332
0.443653
0.0502767
0.449617
0.0497901
0.0491863
0.455526
0.343426
0.00368398
0.344182
0.00713029
0.345283
0.0103715
0.346713
0.0134329
0.348458
0.0163325
0.350508
0.0190836
0.352854
0.0216953
0.355487
0.0241741
0.358401
0.0265236
0.361589
0.028745
0.365043
0.030838
0.368756
0.0328004
0.37272
0.0346293
0.376926
0.036321
0.381362
0.0378715
0.386018
0.0392768
0.390878
0.0405333
0.395929
0.0416378
0.401154
0.0425883
0.406533
0.0433834
0.412048
0.0440231
0.417677
0.0445088
0.423399
0.0448431
0.429191
0.0450301
0.435031
0.045075
0.440895
0.0449845
0.446762
0.0447663
0.45261
0.0444291
0.458418
0.0439821
0.0434369
0.464167
0.351746
0.00327117
0.352545
0.00633132
0.353708
0.00920914
0.355214
0.0119262
0.35705
0.0144974
0.3592
0.0169334
0.361653
0.0192417
0.3644
0.0214275
0.36743
0.0234938
0.370733
0.0254416
0.3743
0.0272706
0.378122
0.0289792
0.382186
0.0305651
0.386481
0.0320255
0.390995
0.0333574
0.395714
0.0345583
0.400622
0.0356255
0.405702
0.0365573
0.410938
0.0373526
0.41631
0.0380114
0.421798
0.0385346
0.427383
0.0389242
0.433043
0.0391834
0.438757
0.0393163
0.444503
0.0393284
0.450262
0.0392259
0.456012
0.0390157
0.461736
0.0387058
0.467414
0.0383042
0.0378207
0.47303
0.360267
0.0028364
0.361108
0.0054905
0.362329
0.00798801
0.363908
0.0103468
0.365828
0.0125782
0.368071
0.0146899
0.370625
0.0166878
0.373476
0.0185761
0.376613
0.0203572
0.380023
0.0220317
0.383694
0.0235995
0.387614
0.0250593
0.391769
0.0264094
0.396147
0.0276478
0.400732
0.0287725
0.405509
0.0297816
0.41046
0.0306737
0.41557
0.0314479
0.420818
0.032104
0.426187
0.0326426
0.431657
0.0330651
0.437207
0.0333741
0.442818
0.0335727
0.448469
0.0336651
0.454141
0.0336563
0.459815
0.0335519
0.465472
0.0333583
0.471096
0.0330821
0.47667
0.0327306
0.0323118
0.482178
0.368993
0.00237957
0.369876
0.00460806
0.371154
0.00670975
0.372803
0.00869804
0.374802
0.0105793
0.377133
0.0123585
0.379781
0.0140399
0.38273
0.0156268
0.385967
0.0171208
0.389476
0.0185225
0.393244
0.0198316
0.397256
0.0210472
0.401497
0.022168
0.405953
0.0231926
0.410605
0.0241198
0.415439
0.0249483
0.420435
0.0256774
0.425576
0.0263069
0.430843
0.026837
0.436216
0.0272688
0.441678
0.027604
0.447207
0.0278451
0.452784
0.0279951
0.458391
0.0280579
0.46401
0.0280378
0.469622
0.0279399
0.475211
0.0277695
0.480761
0.0275323
0.486257
0.0272341
0.0268817
0.491687
0.377932
0.0018991
0.378858
0.00368204
0.380192
0.00537498
0.381907
0.00698295
0.383982
0.00850526
0.386396
0.00994431
0.389132
0.0113036
0.392173
0.0125854
0.395504
0.0137906
0.399107
0.0149195
0.402967
0.0159717
0.407067
0.0169466
0.411392
0.0178434
0.415923
0.0186611
0.420644
0.0193988
0.425537
0.0200559
0.430582
0.0206321
0.435761
0.0211274
0.441056
0.0215426
0.446446
0.0218786
0.451913
0.0221372
0.457437
0.0223207
0.463001
0.0224317
0.468585
0.0224737
0.474172
0.0224503
0.479747
0.0223655
0.485292
0.0222239
0.490795
0.0220299
0.49624
0.0217885
0.0215051
0.501617
0.387091
0.00138977
0.388068
0.00270522
0.389461
0.00398121
0.391243
0.0052018
0.39339
0.0063575
0.395885
0.00745011
0.398706
0.00848256
0.401835
0.00945598
0.405255
0.0103706
0.408948
0.0112263
0.412897
0.0120229
0.417084
0.0127598
0.421491
0.0134365
0.4261
0.0140523
0.430892
0.0146067
0.435848
0.0150994
0.44095
0.0155303
0.446178
0.0158997
0.451512
0.0162082
0.456934
0.0164569
0.462424
0.0166473
0.467963
0.0167811
0.473534
0.0168607
0.47912
0.0168887
0.484702
0.0168678
0.490266
0.0168014
0.495797
0.0166926
0.501282
0.016545
0.506709
0.016362
0.0161477
0.512066
0.396484
0.00083855
0.397517
0.00167203
0.398966
0.0025326
0.400809
0.00335843
0.403028
0.00413899
0.405599
0.00487875
0.408502
0.00557946
0.411717
0.00624077
0.415226
0.00686221
0.419008
0.00744352
0.423047
0.00798444
0.427322
0.00848459
0.431815
0.00894351
0.436506
0.00936083
0.441377
0.0097362
0.446407
0.0100695
0.451576
0.0103607
0.456866
0.0106101
0.462256
0.0108183
0.467727
0.010986
0.47326
0.0111142
0.478836
0.0112045
0.484439
0.0112582
0.49005
0.0112773
0.495654
0.0112638
0.501236
0.0112198
0.506781
0.0111476
0.512276
0.0110498
0.51771
0.0109287
0.0107876
0.52307
0.406193
0.000155537
0.40729
0.000575343
0.408789
0.0010333
0.410691
0.00145618
0.412974
0.00185612
0.415614
0.0022386
0.418591
0.00260285
0.421884
0.00294756
0.425474
0.00327211
0.429342
0.00357621
0.433467
0.0038596
0.437829
0.00412198
0.44241
0.00436306
0.447188
0.00458259
0.452144
0.00478037
0.457257
0.00495632
0.462507
0.00511046
0.467874
0.00524293
0.473339
0.00535403
0.47888
0.00544418
0.484481
0.00551398
0.490121
0.00556413
0.495784
0.00559548
0.501452
0.005609
0.50711
0.00560573
0.512743
0.00558682
0.518337
0.00555346
0.52388
0.00550689
0.52936
0.00544833
0.00537964
0.534768
0.415475
0.41605
0.417083
0.41854
0.420396
0.422634
0.425237
0.428185
0.431457
0.435033
0.438893
0.443015
0.447378
0.45196
0.456741
0.461697
0.466807
0.47205
0.477404
0.482849
0.488363
0.493927
0.499522
0.505131
0.510737
0.516324
0.521877
0.527384
0.532832
0.538212
0.128078
0.107806
0.0381155
0.0899629
0.0572971
-0.0191816
0.210707
0.116323
0.194686
0.105984
0.0899228
0.16206
0.252539
0.110566
0.251975
0.106547
0.0995804
0.242318
0.280166
0.103556
0.284107
0.102606
0.0999016
0.283786
0.299992
0.0961132
0.306208
0.0963895
0.0956608
0.310449
0.315855
0.0887447
0.322841
0.0894038
0.0895204
0.328981
0.329477
0.0818711
0.336313
0.0825678
0.0829648
0.342869
0.341595
0.075593
0.347952
0.0762106
0.0766437
0.354273
0.352672
0.0698636
0.358499
0.0703837
0.0707751
0.364368
0.363016
0.0646113
0.368353
0.0650468
0.0653845
0.373744
0.372816
0.0597678
0.377727
0.0601356
0.0604259
0.382686
0.382194
0.0552716
0.386743
0.055586
0.0558376
0.391332
0.391238
0.0510707
0.395481
0.0513425
0.0515628
0.399756
0.400016
0.0471222
0.403999
0.0473592
0.0475537
0.408008
0.408583
0.0433907
0.412344
0.0435988
0.0437715
0.416126
0.416992
0.039847
0.42056
0.0400306
0.0401846
0.424147
0.42529
0.0364668
0.428692
0.0366292
0.0367667
0.43211
0.43353
0.0332292
0.436786
0.033373
0.0334958
0.440057
0.441763
0.0301162
0.444893
0.0302435
0.0303529
0.448036
0.450046
0.0271118
0.453065
0.027224
0.0273213
0.456097
0.458437
0.0242012
0.461361
0.0242997
0.0243855
0.464297
0.466998
0.0213704
0.469842
0.0214561
0.0215313
0.472696
0.475794
0.0186061
0.47857
0.01868
0.0187451
0.481356
0.48489
0.0158948
0.487612
0.0159574
0.0160126
0.490345
0.494358
0.0132236
0.49704
0.0132753
0.0133213
0.499732
0.504263
0.0105774
0.50692
0.0106185
0.010655
0.509586
0.514699
0.00794415
0.517343
0.00797504
0.00800275
0.519995
0.52571
0.00530407
0.52836
0.0053244
0.00534204
0.531021
0.537423
0.00264908
0.54009
0.00265815
0.00266663
0.542765
0.540861
0.543519
0.546186
-0.03833
0.0657823
-0.048243
0.0459945
-0.048625
0.0229661
-0.042054
0.00847594
-0.0430987
0.0134647
-0.043335
0.00956725
-0.0431485
0.0073275
-0.0438102
0.00732823
-0.0442586
0.00610458
-0.044006
0.00449701
-0.0440025
0.00440322
-0.044477
0.00472381
-0.0448709
0.00423008
-0.0449115
0.00341351
-0.0448429
0.00317612
-0.0450733
0.00365757
-0.0455347
0.00399465
-0.0459296
0.00370939
-0.0460383
0.00299524
-0.0459389
0.0025074
-0.0459233
0.00268329
-0.0461771
0.00327762
-0.0466438
0.00371194
-0.0471411
0.00358419
-0.0474401
0.00277489
-0.0473932
0.00160606
-0.0471115
0.000793713
-0.0469154
0.0007896
-0.0469577
0.00118639
0.00132831
0.0974926
0.13035
0.047502
0.0959851
-0.000848267
0.0713164
-0.0357467
0.0433744
-0.0497556
0.0274736
-0.0515991
0.0114107
-0.0466005
0.00232896
-0.0463396
0.00706729
-0.0468364
0.00660136
-0.0459852
0.00364579
-0.0459426
0.00436068
-0.0468606
0.00564181
-0.0474903
0.00485975
-0.0471712
0.00309445
-0.0464868
0.00249172
-0.0466441
0.00381486
-0.047308
0.00465857
-0.0478784
0.00427976
-0.0479364
0.00305324
-0.0475649
0.00213586
-0.0473215
0.00243996
-0.0475715
0.0035276
-0.0481684
0.00430887
-0.0488245
0.00424026
-0.0492035
0.0031539
-0.0490534
0.00145597
-0.0485027
0.000242987
-0.0481195
0.000406377
-0.0482113
0.0012782
0.00161409
0.205043
0.167625
0.164226
0.136802
0.125274
0.110268
0.08318
0.0854687
0.0447561
0.0658976
0.0039781
0.0521887
-0.028825
0.035132
-0.0461798
0.0244222
-0.0519467
0.0123683
-0.0507269
0.00242593
-0.0470454
0.000679241
-0.0477572
0.00635353
-0.0487459
0.00584847
-0.047743
0.0020916
-0.0465794
0.00132807
-0.047046
0.0042815
-0.0482243
0.00583681
-0.0491671
0.00522257
-0.0491187
0.00300489
-0.0481124
0.00112958
-0.0473201
0.00164759
-0.0475951
0.00380266
-0.0484064
0.0051201
-0.0492999
0.0051338
-0.0498098
0.0036638
-0.0495305
0.00117668
-0.0485567
-0.000730793
-0.0478705
-0.000279818
-0.0480743
0.00148199
0.00224334
0.268915
0.182496
0.244857
0.160861
0.216066
0.139058
0.183319
0.118216
0.149803
0.0994136
0.118727
0.0832649
0.0861904
0.0676685
0.0562975
0.054315
0.0254409
0.0432249
-0.00646956
0.0343364
-0.0313389
0.0255486
-0.0441315
0.0191461
-0.0491825
0.0108995
-0.0492267
0.00213581
-0.0454939
-0.00240476
-0.0451092
0.00389682
-0.0469933
0.00772095
-0.0485028
0.00673205
-0.0482343
0.0027364
-0.0461597
-0.000945068
-0.0450018
0.000489722
-0.0456431
0.00444392
-0.0468843
0.00636133
-0.0481755
0.006425
-0.0488922
0.00438045
-0.0485269
0.000811384
-0.046679
-0.00257864
-0.045548
-0.00141086
-0.0459982
0.00193222
0.00347017
0.30891
0.184035
0.298483
0.171288
0.281538
0.156002
0.259901
0.139853
0.235455
0.12386
0.209903
0.108816
0.182914
0.0946578
0.155643
0.0815859
0.128867
0.070001
0.10335
0.0598535
0.078275
0.0506233
0.0554304
0.0419908
0.032663
0.0336668
0.00664044
0.0281584
-0.0174202
0.0216559
-0.0321569
0.0186335
-0.0394571
0.0150211
-0.0429941
0.010269
-0.0437713
0.00351361
-0.0416791
-0.00303724
-0.0399284
-0.00126098
-0.040882
0.0053975
-0.0427772
0.00825653
-0.0444932
0.00814105
-0.04566
0.00554718
-0.044397
-0.000451605
-0.0422512
-0.00472442
-0.0407609
-0.00290118
-0.0416963
0.00286768
0.00564241
0.335122
0.177894
0.334368
0.172042
0.327533
0.162837
0.315738
0.151649
0.300132
0.139466
0.281866
0.127082
0.261665
0.114859
0.240202
0.103048
0.218216
0.0919875
0.196185
0.0818847
0.174227
0.0725807
0.152501
0.0637173
0.1307
0.0554676
0.110284
0.048574
0.0894434
0.042497
0.0706056
0.0374713
0.0535125
0.0321142
0.0373631
0.0264184
0.0193297
0.021547
-0.00175692
0.0180494
-0.018484
0.0154661
-0.0269884
0.0139019
-0.0311835
0.0124516
-0.0338287
0.0107862
-0.0353256
0.00704409
-0.0360004
0.000223194
-0.0337608
-0.00696395
-0.033477
-0.00318499
-0.0353769
0.00476759
0.00922937
0.35285
0.167914
0.358251
0.16664
0.358853
0.162235
0.354993
0.155509
0.347264
0.147194
0.336415
0.137932
0.323102
0.128172
0.307879
0.118271
0.291306
0.108561
0.273906
0.0992843
0.256035
0.0904516
0.237781
0.0819709
0.219279
0.0739702
0.201053
0.0667997
0.183077
0.0604732
0.16589
0.0546586
0.149143
0.0488606
0.13244
0.0431212
0.11596
0.0380271
0.0999345
0.0340753
0.084335
0.0310655
0.0699043
0.0283327
0.0568597
0.0254963
0.0452335
0.0224124
0.0337857
0.0184919
0.0188956
0.0151133
-0.00128077
0.0132124
-0.0171429
0.0126771
-0.0237498
0.0113746
0.0152955
0.36563
0.156557
0.374376
0.157895
0.379828
0.156783
0.381802
0.153536
0.380424
0.148571
0.376032
0.142324
0.369023
0.135181
0.359809
0.127485
0.34883
0.11954
0.33653
0.111584
0.323245
0.103737
0.309161
0.0960549
0.294471
0.0886601
0.279511
0.0817598
0.264583
0.0754009
0.249832
0.0694101
0.235108
0.0635843
0.220282
0.0579475
0.205495
0.0528139
0.191041
0.0485289
0.177121
0.0449856
0.163763
0.0416915
0.150881
0.0383774
0.138373
0.0349207
0.125589
0.0312758
0.112535
0.0281674
0.0993162
0.0264314
0.086289
0.0257042
0.0724124
0.0252512
0.0271303
0.375766
0.145158
0.38591
0.147751
0.394081
0.148612
0.399858
0.147759
0.403064
0.145365
0.403722
0.141666
0.401981
0.136922
0.398074
0.131392
0.392288
0.125326
0.384933
0.118939
0.376282
0.112388
0.366547
0.10579
0.355937
0.0992708
0.344722
0.0929742
0.333157
0.0869665
0.321361
0.0812054
0.309327
0.0756185
0.297035
0.0702393
0.284595
0.0652542
0.272265
0.0608591
0.260242
0.0570081
0.248494
0.05344
0.236913
0.0499585
0.225345
0.0464881
0.213515
0.0431058
0.201436
0.0402462
0.189428
0.0384395
0.177568
0.0375643
0.165505
0.0373146
0.0380078
0.384598
0.134304
0.394986
0.137363
0.40435
0.139249
0.412247
0.139862
0.418379
0.139233
0.422589
0.137456
0.424844
0.134667
0.425205
0.131031
0.423808
0.126723
0.420831
0.121916
0.416461
0.116757
0.410877
0.111374
0.40426
0.105888
0.396817
0.100417
0.388741
0.0950421
0.380161
0.0897854
0.371132
0.0846471
0.361697
0.0796744
0.351965
0.0749868
0.342121
0.0707025
0.33231
0.0668191
0.322538
0.0632119
0.312736
0.0597611
0.302789
0.056435
0.292564
0.0533312
0.282078
0.0507318
0.271567
0.0489502
0.26115
0.0479821
0.250824
0.0476402
0.0477476
0.39282
0.12417
0.402884
0.127299
0.412503
0.12963
0.421324
0.131042
0.429051
0.131506
0.435467
0.13104
0.440439
0.129695
0.443914
0.127556
0.445906
0.124731
0.446482
0.121339
0.445742
0.117498
0.4438
0.113316
0.440785
0.108903
0.436845
0.104358
0.432121
0.0997655
0.42673
0.0951769
0.420747
0.0906298
0.414241
0.0861804
0.407312
0.0819161
0.400094
0.0779206
0.392696
0.0742167
0.385151
0.0707572
0.377425
0.0674868
0.369453
0.0644066
0.361177
0.0616078
0.352629
0.0592794
0.343963
0.0576161
0.335299
0.0566459
0.326707
0.0562324
0.0560936
0.400758
0.114744
0.410285
0.117771
0.419679
0.120235
0.428692
0.122029
0.437089
0.12311
0.444665
0.123464
0.451262
0.123098
0.456772
0.122046
0.461137
0.120366
0.464348
0.118129
0.466428
0.115417
0.46743
0.112315
0.467425
0.108907
0.466504
0.10528
0.464763
0.101507
0.46229
0.0976501
0.459156
0.0937631
0.455432
0.089905
0.4512
0.0861476
0.446561
0.0825594
0.441601
0.0791771
0.436359
0.0759989
0.430831
0.0730153
0.424988
0.0702496
0.418814
0.0677818
0.412348
0.0657447
0.405696
0.0642683
0.398958
0.0633847
0.392192
0.0629978
0.0628464
0.40855
0.10595
0.417508
0.108813
0.426485
0.111258
0.435315
0.113199
0.443827
0.114597
0.451861
0.115429
0.459274
0.115685
0.46595
0.115371
0.471803
0.114512
0.476782
0.11315
0.480864
0.111335
0.484052
0.109127
0.486369
0.10659
0.487861
0.103788
0.48858
0.100787
0.488585
0.0976457
0.487928
0.0944192
0.486668
0.0911656
0.484868
0.0879476
0.482601
0.0848257
0.479934
0.0818441
0.476906
0.0790269
0.473529
0.0763932
0.469798
0.0739803
0.46572
0.0718594
0.461335
0.0701301
0.456717
0.0688864
0.45194
0.0681619
0.447038
0.0678992
0.0678977
0.416254
0.0977039
0.424685
0.100382
0.433204
0.102739
0.441696
0.104706
0.450045
0.106249
0.458131
0.107344
0.46584
0.107975
0.473072
0.108139
0.479741
0.107842
0.485784
0.107108
0.491153
0.105965
0.495826
0.104455
0.499794
0.102621
0.503068
0.100514
0.50567
0.0981856
0.507629
0.0956869
0.508979
0.0930695
0.509758
0.0903866
0.510011
0.0876939
0.509791
0.0850461
0.509144
0.0824906
0.508106
0.080065
0.506695
0.0778042
0.504921
0.0757541
0.502801
0.0739795
0.50037
0.0725611
0.497682
0.0715741
0.494788
0.0710561
0.491701
0.0709865
0.071233
0.423903
0.0899269
0.431867
0.092418
0.43995
0.0946566
0.44807
0.0965858
0.456143
0.0981761
0.464081
0.099406
0.471798
0.100258
0.479213
0.100724
0.486253
0.100803
0.492856
0.100505
0.498972
0.0998495
0.504565
0.0988615
0.509613
0.0975731
0.514106
0.0960213
0.518045
0.0942468
0.521439
0.0922928
0.524304
0.090204
0.526663
0.0880276
0.528544
0.085813
0.52998
0.0836099
0.531005
0.0814656
0.531647
0.0794235
0.531924
0.0775267
0.531854
0.0758247
0.531455
0.0743785
0.530758
0.0732579
0.529803
0.0725295
0.528621
0.0722375
0.527214
0.0723934
0.0729284
0.43152
0.0825537
0.439078
0.0848601
0.446769
0.0869657
0.454532
0.0888225
0.462303
0.0904049
0.470016
0.091693
0.477605
0.0926699
0.485004
0.0933241
0.492155
0.0936517
0.499004
0.0936566
0.505504
0.0933493
0.511619
0.0927467
0.51732
0.0918717
0.522589
0.090752
0.527417
0.0894198
0.531799
0.0879104
0.535741
0.0862623
0.539252
0.0845165
0.542348
0.0827166
0.54505
0.0809079
0.54738
0.0791356
0.549359
0.0774445
0.551005
0.0758808
0.552335
0.0744951
0.553368
0.0733454
0.55413
0.0724957
0.554651
0.0720087
0.554951
0.0719368
0.555028
0.0723168
0.073134
0.439134
0.0755298
0.446338
0.0776554
0.453684
0.0796205
0.461122
0.0813842
0.468603
0.082924
0.476074
0.0842219
0.483483
0.0852614
0.490776
0.0860301
0.497906
0.0865219
0.504827
0.0867363
0.511497
0.0866791
0.517882
0.0863611
0.523955
0.0857989
0.529694
0.0850134
0.535083
0.0840301
0.540115
0.0828783
0.544787
0.0815905
0.549101
0.0802024
0.553065
0.0787526
0.556691
0.077282
0.559994
0.075833
0.562989
0.0744497
0.565691
0.073178
0.568118
0.0720682
0.570288
0.0711758
0.572222
0.0705611
0.573945
0.070286
0.575473
0.0704092
0.576803
0.0709866
0.0720456
0.446778
0.0688092
0.453675
0.0707581
0.460717
0.0725784
0.467866
0.0742352
0.475081
0.075709
0.482319
0.0769834
0.489538
0.0780428
0.496693
0.0788748
0.503744
0.0794716
0.51065
0.0798303
0.517376
0.0799529
0.52389
0.0798464
0.530167
0.0795223
0.536184
0.0789966
0.541925
0.0782895
0.547378
0.0774251
0.552537
0.0764311
0.557401
0.0753385
0.561972
0.0741813
0.566258
0.0729964
0.570268
0.0718232
0.574014
0.0707035
0.57751
0.0696819
0.580771
0.0688069
0.583816
0.0681317
0.586663
0.067714
0.589334
0.0676151
0.591844
0.0678984
0.594199
0.0686317
0.0698719
0.454492
0.0623524
0.461122
0.0641284
0.467899
0.0658015
0.474792
0.0673418
0.481769
0.0687325
0.488793
0.0699589
0.495829
0.0710067
0.50284
0.0718639
0.50979
0.0725218
0.516644
0.072976
0.523371
0.0732262
0.529942
0.073276
0.53633
0.0731335
0.542516
0.0728105
0.548483
0.0723231
0.554217
0.071691
0.55971
0.0709377
0.564959
0.0700898
0.569963
0.0691775
0.574725
0.0682337
0.579254
0.0672947
0.583558
0.0663994
0.58765
0.06559
0.591544
0.0649127
0.595258
0.0644181
0.59881
0.0641616
0.602222
0.0642033
0.605512
0.0646087
0.608692
0.0654514
0.0668059
0.462325
0.0561246
0.468722
0.0577313
0.475268
0.0592557
0.481937
0.0606724
0.488703
0.061967
0.495535
0.0631267
0.502403
0.0641385
0.509276
0.064991
0.516122
0.0656757
0.522911
0.0661872
0.529614
0.0665234
0.536204
0.066686
0.542657
0.0666799
0.548954
0.0665141
0.555076
0.066201
0.56101
0.0657567
0.566747
0.0652008
0.57228
0.0645563
0.577608
0.0638494
0.582733
0.0631095
0.587658
0.0623695
0.592392
0.061665
0.596947
0.0610355
0.601335
0.0605242
0.605574
0.0601788
0.609684
0.0600519
0.613686
0.0602016
0.617602
0.0606929
0.621453
0.0616001
0.0630055
0.470328
0.0500942
0.476524
0.0515346
0.48287
0.0529095
0.489345
0.0541975
0.495926
0.055386
0.502589
0.0564641
0.509307
0.0574204
0.516054
0.0582445
0.522801
0.058928
0.529523
0.0594654
0.536193
0.0598536
0.542786
0.0600927
0.54928
0.0601857
0.555655
0.0601389
0.561894
0.059962
0.567983
0.0596679
0.573911
0.0592729
0.579671
0.0587964
0.585259
0.0582612
0.590676
0.0576933
0.595923
0.0571219
0.601009
0.0565794
0.605942
0.0561019
0.610737
0.0557294
0.61541
0.0555061
0.61998
0.0554813
0.624472
0.0557101
0.62891
0.0562546
0.633324
0.0571865
0.0585885
0.478559
0.0442314
0.484585
0.0455084
0.490761
0.0467335
0.49707
0.0478885
0.503493
0.0489631
0.510009
0.0499479
0.516596
0.050833
0.523232
0.0516091
0.529891
0.0522685
0.536551
0.0528057
0.543187
0.0532173
0.549778
0.0535024
0.556301
0.0536624
0.562738
0.0537018
0.569072
0.053628
0.575289
0.0534512
0.581377
0.0531848
0.587328
0.0528452
0.593138
0.0524518
0.598804
0.0520273
0.604328
0.0515973
0.609717
0.0511909
0.614978
0.0508405
0.620125
0.0505824
0.625174
0.0504571
0.630146
0.0505098
0.635064
0.0507917
0.639958
0.0513604
0.644863
0.0522824
0.0536363
0.48708
0.038508
0.492964
0.0396238
0.498999
0.0406987
0.50517
0.0417176
0.511461
0.042672
0.517855
0.043554
0.524333
0.044355
0.530875
0.0450671
0.53746
0.0456834
0.544067
0.0461986
0.550675
0.0466095
0.557263
0.0469143
0.563812
0.0471137
0.570303
0.0472107
0.57672
0.0472109
0.583049
0.0471223
0.589278
0.0469557
0.595398
0.0467249
0.601404
0.0464461
0.607293
0.0461388
0.613065
0.0458252
0.618725
0.0455309
0.624281
0.0452844
0.629745
0.0451182
0.635133
0.0450684
0.640467
0.045176
0.645772
0.045487
0.651078
0.0460538
0.656425
0.0469362
0.0482067
0.495957
0.0328959
0.501729
0.0338521
0.507651
0.0347765
0.513712
0.0356567
0.519898
0.0364857
0.526195
0.037257
0.532586
0.0379636
0.539055
0.0385984
0.545583
0.0391557
0.552151
0.0396308
0.55874
0.0400204
0.565331
0.0403227
0.571907
0.0405378
0.57845
0.0406677
0.584945
0.0407163
0.591377
0.0406901
0.597735
0.0405977
0.60401
0.0404502
0.610195
0.0402612
0.616286
0.0400471
0.622285
0.0398267
0.628194
0.039622
0.63402
0.0394578
0.639776
0.0393621
0.645478
0.0393668
0.651146
0.0395078
0.656807
0.0398257
0.662495
0.0403666
0.668248
0.0411828
0.0423387
0.505261
0.0273667
0.510948
0.0281646
0.516787
0.028938
0.522766
0.0296772
0.528876
0.0303764
0.535102
0.0310306
0.541432
0.0316338
0.54785
0.0321804
0.55434
0.0326656
0.560886
0.0330852
0.56747
0.0334364
0.574075
0.0337175
0.580685
0.0339281
0.587283
0.0340694
0.593855
0.0341444
0.600387
0.0341581
0.606867
0.0341171
0.613287
0.0340303
0.61964
0.0339089
0.62592
0.0337662
0.632129
0.0336178
0.638269
0.0334821
0.644347
0.0333798
0.650374
0.0333349
0.656367
0.0333742
0.662346
0.0335286
0.668339
0.0338327
0.67438
0.0343259
0.68051
0.0350529
0.0360711
0.515061
0.0218913
0.520695
0.0225311
0.52648
0.023153
0.532408
0.0237489
0.53847
0.0243146
0.544655
0.0248461
0.55095
0.0253387
0.557342
0.025788
0.563818
0.02619
0.570361
0.0265416
0.576958
0.0268401
0.583591
0.0270842
0.590246
0.0272732
0.596907
0.027408
0.603561
0.0274907
0.610194
0.0275249
0.616795
0.0275157
0.623355
0.0274701
0.629868
0.0273968
0.636328
0.0273062
0.642735
0.0272109
0.649091
0.0271255
0.655404
0.027067
0.661684
0.0270547
0.667948
0.0271106
0.674216
0.0272598
0.680518
0.027531
0.686887
0.0279566
0.693367
0.0285728
0.0294263
0.525447
0.0164396
0.531057
0.0169215
0.536819
0.0173903
0.542728
0.0178407
0.548773
0.0182694
0.554946
0.0186733
0.561235
0.0190491
0.56763
0.0193934
0.574116
0.0197033
0.580682
0.0199763
0.587311
0.0202105
0.593991
0.0204047
0.600706
0.0205583
0.607442
0.0206718
0.614186
0.0207466
0.620926
0.0207854
0.62765
0.0207918
0.634349
0.0207709
0.641017
0.0207291
0.647648
0.0206744
0.654243
0.020616
0.660804
0.0205651
0.667336
0.0205344
0.673852
0.0205388
0.680368
0.0205953
0.686904
0.0207231
0.693491
0.0209445
0.700162
0.0212851
0.706961
0.021774
0.0224525
0.536483
0.0109782
0.542104
0.0113004
0.547878
0.0116157
0.5538
0.0119185
0.559863
0.0122068
0.566057
0.0124789
0.572374
0.0127326
0.578801
0.0129657
0.585329
0.0131761
0.591943
0.0133622
0.598631
0.0135227
0.605379
0.0136567
0.612173
0.0137638
0.619001
0.0138443
0.625848
0.0138991
0.632704
0.0139298
0.639556
0.0139389
0.646398
0.0139298
0.65322
0.0139066
0.66002
0.0138746
0.666796
0.0138402
0.67355
0.0138108
0.680289
0.0137951
0.687025
0.0138032
0.693773
0.0138468
0.700557
0.0139392
0.707406
0.0140962
0.714355
0.014336
0.721449
0.0146799
0.0151566
0.548272
0.00547083
0.553936
0.00563699
0.559755
0.00579609
0.565726
0.00594771
0.571841
0.00609217
0.578091
0.00622867
0.584468
0.00635589
0.590961
0.0064726
0.597559
0.0065778
0.604251
0.00667067
0.611023
0.00675055
0.617863
0.00681697
0.624757
0.00686974
0.631692
0.00690895
0.638656
0.00693506
0.645637
0.00694889
0.652624
0.00695167
0.659609
0.00694509
0.666584
0.00693131
0.673546
0.00691301
0.680492
0.00689343
0.687427
0.00687639
0.694356
0.00686638
0.70129
0.00686861
0.708248
0.00688918
0.715252
0.00693525
0.722332
0.00701562
0.729526
0.00714185
0.736875
0.00733165
0.0076294
0.551657
0.557294
0.56309
0.569038
0.57513
0.581358
0.587714
0.594187
0.600765
0.607435
0.614186
0.621003
0.627873
0.634782
0.641717
0.648666
0.655617
0.662562
0.669494
0.676407
0.6833
0.690176
0.697043
0.703911
0.710801
0.717736
0.724751
0.731893
0.739225
)
;

boundaryField
{
    inlet
    {
        type            calculated;
        value           nonuniform List<scalar> 
45
(
-0.2
-0.2
-0.2
-0.2
-0.2
-0.2
-0.2
-0.2
-0.2
-0.2
-0.2
-0.2
-0.2
-0.2
-0.2
-0.20766
-0.212683
-0.217828
-0.223097
-0.228493
-0.23402
-0.239681
-0.245479
-0.251417
-0.257499
-0.263728
-0.270107
-0.276641
-0.283333
-0.290186
-0.297206
-0.304395
-0.311758
-0.3193
-0.327023
-0.334934
-0.343036
-0.351334
-0.359832
-0.368536
-0.377451
-0.386582
-0.395933
-0.40551
-0.415319
)
;
    }
    outlet
    {
        type            calculated;
        value           nonuniform List<scalar> 
45
(
0.0137713
0.0216006
0.0190851
0.0124886
0.00362061
-0.0056497
-0.0133332
-0.0197861
-0.0252904
-0.0300113
-0.0340507
-0.0374691
-0.0403036
-0.0425707
-0.0442603
-0.0470778
-0.0484971
-0.0487036
-0.047225
-0.0438686
-0.0389639
-0.029816
0.0605776
0.154627
0.241084
0.318361
0.385439
0.441987
0.488366
0.525519
0.554822
0.577891
0.596373
0.611758
0.625253
0.637741
0.649815
0.661854
0.674116
0.686778
0.700012
0.713935
0.728745
0.744402
0.746854
)
;
    }
    flap
    {
        type            calculated;
        value           uniform 0;
    }
    upperWall
    {
        type            calculated;
        value           uniform 0;
    }
    lowerWall
    {
        type            calculated;
        value           uniform 0;
    }
    frontAndBack
    {
        type            empty;
        value           nonuniform 0();
    }
}


// ************************************************************************* //
