/*--------------------------------*- C++ -*----------------------------------*\
  =========                 |
  \\      /  F ield         | OpenFOAM: The Open Source CFD Toolbox
   \\    /   O peration     | Website:  https://openfoam.org
    \\  /    A nd           | Version:  dev
     \\/     M anipulation  |
\*---------------------------------------------------------------------------*/
FoamFile
{
    version     2.0;
    format      ascii;
    class       surfaceScalarField;
    location    "9";
    object      phi;
}
// * * * * * * * * * * * * * * * * * * * * * * * * * * * * * * * * * * * * * //

dimensions      [0 3 -1 0 0 0 0];

internalField   nonuniform List<scalar> 
5457
(
0.198418
0.00158239
0.19648
0.00193739
0.194192
0.00228811
0.191508
0.00268362
0.188427
0.00308125
0.18495
0.00347683
0.181072
0.00387865
0.176778
0.00429411
0.172049
0.00472834
0.166864
0.00518536
0.161195
0.00566867
0.155014
0.00618121
0.148289
0.00672517
0.140987
0.00730155
0.133078
0.00790973
0.124531
0.00854668
0.115325
0.00920612
0.105447
0.00987739
0.0949032
0.0105443
0.0837195
0.0111837
0.0719548
0.0117647
0.0597065
0.0122483
0.0471178
0.0125886
0.0343778
0.01274
0.021683
0.0126948
0.00903301
0.01265
-0.00291905
0.0119521
-0.00847321
0.00555416
-0.00804338
-0.000429834
-0.00804338
0.199928
0.00165424
0.199176
0.00268985
0.197965
0.00349908
0.196331
0.00431684
0.194271
0.00514135
0.191781
0.00596697
0.188854
0.00680572
0.185477
0.00767108
0.181632
0.00857337
0.177297
0.00952091
0.172444
0.010521
0.167046
0.0115798
0.161069
0.0127021
0.15448
0.0138907
0.147244
0.015145
0.139331
0.01646
0.130713
0.0178243
0.121372
0.0192178
0.111307
0.0206093
0.100537
0.0219537
0.0891127
0.0231893
0.0771251
0.024236
0.0647191
0.0249946
0.0521118
0.0253474
0.0396518
0.0251548
0.0281023
0.0241994
0.0185919
0.0214625
0.0087942
0.0153519
0.00118202
0.00718234
-0.00686135
0.199781
0.00187369
0.199087
0.00338371
0.197946
0.00464004
0.196409
0.0058535
0.194483
0.00706754
0.192164
0.00828609
0.189446
0.00952324
0.186321
0.0107967
0.182773
0.0121214
0.178784
0.0135099
0.174331
0.0149732
0.16939
0.016521
0.163931
0.0181609
0.157924
0.0198981
0.151335
0.0217335
0.144133
0.0236621
0.136288
0.02567
0.127774
0.0277319
0.118576
0.0298064
0.108698
0.0318318
0.0981663
0.0337213
0.0870439
0.0353584
0.0754472
0.0365913
0.0635702
0.0372244
0.0517286
0.0369964
0.0403939
0.0355342
0.029736
0.0321203
0.0191639
0.025924
0.00959634
0.0167499
0.00273498
0.199703
0.00217064
0.199008
0.00407904
0.197887
0.0057606
0.196376
0.00736445
0.194488
0.00895571
0.192222
0.0105521
0.189574
0.012171
0.186538
0.0138327
0.183104
0.015556
0.179257
0.0173566
0.174982
0.0192484
0.170259
0.0212438
0.165067
0.0233528
0.159383
0.0255825
0.153181
0.0279355
0.146435
0.0304075
0.139121
0.0329847
0.131213
0.0356395
0.122694
0.0383259
0.113552
0.0409729
0.103795
0.0434784
0.0934526
0.0457011
0.0825914
0.0474526
0.0713287
0.0484871
0.059837
0.0484881
0.0483134
0.0470578
0.0368081
0.0436257
0.0251858
0.0375462
0.0133345
0.0286012
0.0160695
0.199667
0.00250323
0.198964
0.00478232
0.197863
0.00686194
0.196381
0.00884617
0.194532
0.0108045
0.192318
0.0127669
0.189734
0.0147549
0.186775
0.0167914
0.183433
0.0188978
0.179697
0.0210924
0.175554
0.0233915
0.170989
0.0258091
0.165985
0.0283568
0.160524
0.031043
0.154589
0.0338713
0.148158
0.0368383
0.141212
0.0399308
0.13373
0.0431213
0.125693
0.046363
0.117083
0.0495826
0.107889
0.0526721
0.0981102
0.0554803
0.0877602
0.0578026
0.0768742
0.059373
0.0655045
0.0598578
0.0537042
0.0588581
0.0414508
0.055879
0.0285855
0.0504116
0.0148511
0.0423355
0.0309206
0.199653
0.00285045
0.198949
0.0054864
0.197871
0.00793991
0.196427
0.0102904
0.194626
0.0126046
0.192473
0.0149204
0.189963
0.0172646
0.187092
0.0196624
0.183853
0.0221372
0.180235
0.0247098
0.176229
0.0273982
0.17182
0.0302179
0.166995
0.0331818
0.161739
0.0362992
0.156036
0.0395744
0.149869
0.0430052
0.14322
0.0465793
0.13607
0.050271
0.128398
0.0540357
0.120178
0.0578026
0.111383
0.0614668
0.101984
0.0648794
0.0919497
0.067837
0.0812489
0.0700739
0.0698493
0.0712575
0.0577124
0.070995
0.0447569
0.0688345
0.0308464
0.0643221
0.0158717
0.0573102
0.0467923
0.19965
0.0032004
0.198954
0.0061824
0.197904
0.00898957
0.196505
0.0116901
0.194762
0.0143469
0.19268
0.0170025
0.190257
0.0196883
0.187487
0.0224321
0.184365
0.0252594
0.180882
0.0281928
0.177028
0.0312523
0.172791
0.0344547
0.168159
0.0378141
0.163117
0.041341
0.15765
0.045041
0.151742
0.0489131
0.145374
0.0529472
0.138524
0.0571209
0.131166
0.0613943
0.123265
0.0657038
0.114777
0.069954
0.105649
0.0740076
0.095811
0.0776751
0.0851803
0.0807045
0.0736625
0.0827753
0.0611561
0.0835013
0.0475507
0.08244
0.0327553
0.0791175
0.0167811
0.0732844
0.0635734
0.199655
0.00354576
0.198975
0.00686253
0.197959
0.0100054
0.19661
0.0130389
0.194934
0.0160229
0.192933
0.0190031
0.190607
0.0220144
0.187952
0.0250874
0.184962
0.0282494
0.18163
0.0315251
0.177946
0.0349358
0.1739
0.0385002
0.169481
0.0422339
0.164673
0.0461487
0.159462
0.0502522
0.153829
0.0545457
0.147754
0.0590229
0.141208
0.0636661
0.13416
0.0684431
0.126562
0.0733012
0.118357
0.0781597
0.109463
0.0829009
0.09978
0.0873583
0.0891805
0.0913041
0.0775182
0.0944376
0.0646408
0.0963787
0.0504118
0.0966691
0.0347639
0.0947653
0.0177875
0.0902608
0.0813609
0.199664
0.00388159
0.199006
0.00752035
0.19803
0.0109816
0.196739
0.0143303
0.195137
0.017625
0.193227
0.020913
0.191009
0.0242323
0.18848
0.0276161
0.185636
0.0310935
0.18247
0.0346909
0.178975
0.0384314
0.17514
0.0423353
0.170954
0.0464199
0.166403
0.0506993
0.161471
0.0551835
0.15614
0.0598775
0.150383
0.0647796
0.14417
0.0698795
0.137458
0.0751552
0.13019
0.0805683
0.122292
0.0860582
0.11366
0.0915328
0.104161
0.0968575
0.0936258
0.101839
0.0818563
0.106207
0.0686413
0.109594
0.0537947
0.111516
0.037231
0.111329
0.0190803
0.108411
0.100441
0.199677
0.00420437
0.199047
0.00815061
0.198116
0.011913
0.196887
0.0155586
0.195366
0.0191459
0.193556
0.0227236
0.191456
0.0263322
0.189065
0.0300069
0.18638
0.0337788
0.183395
0.0376758
0.180103
0.0417227
0.176497
0.0459416
0.172565
0.0503518
0.168295
0.0549697
0.16367
0.0598087
0.158669
0.0648781
0.153266
0.0701827
0.147425
0.075721
0.141096
0.0814836
0.134215
0.0874498
0.12669
0.0935834
0.118398
0.0998248
0.109175
0.10608
0.0988099
0.112204
0.0870423
0.117975
0.0735796
0.123057
0.058139
0.126956
0.0405444
0.128924
0.0208971
0.128059
0.121338
0.199693
0.00451145
0.199095
0.008749
0.198213
0.0127946
0.197053
0.0167183
0.19562
0.0205793
0.193916
0.0244275
0.191943
0.0283053
0.1897
0.0322498
0.187185
0.0362939
0.184394
0.0404668
0.181322
0.044795
0.177961
0.0493022
0.174303
0.0540099
0.170335
0.0589372
0.166043
0.064101
0.161405
0.0695158
0.156394
0.0751935
0.150973
0.0811427
0.145088
0.0873683
0.138668
0.09387
0.131612
0.100639
0.123781
0.107655
0.114986
0.114875
0.104971
0.122219
0.0934065
0.12954
0.0798849
0.136578
0.0639552
0.142886
0.0452243
0.147655
0.0236054
0.149678
0.144944
0.199711
0.00480076
0.199148
0.00931201
0.19832
0.0136222
0.197234
0.0178046
0.195894
0.0219195
0.194303
0.0260178
0.192465
0.0301438
0.190379
0.034336
0.188044
0.0386287
0.185458
0.0430524
0.182618
0.0476351
0.179518
0.0524021
0.176151
0.0573768
0.172508
0.062581
0.168573
0.0680353
0.16433
0.0737594
0.159751
0.0797725
0.1548
0.0860938
0.149425
0.092743
0.143554
0.099741
0.137084
0.107109
0.129869
0.11487
0.121705
0.12304
0.112301
0.131622
0.101258
0.140583
0.0880285
0.149807
0.0719058
0.159009
0.0520709
0.16749
0.0278759
0.173873
0.17282
0.19973
0.0050707
0.199205
0.00983679
0.198435
0.0143922
0.197427
0.0188133
0.196185
0.0231615
0.194713
0.0274891
0.193016
0.0318412
0.191094
0.0362579
0.188948
0.0407745
0.186578
0.0454229
0.183981
0.0502318
0.181155
0.0552281
0.178095
0.0604369
0.174794
0.0658824
0.17124
0.0715886
0.16742
0.0775799
0.16331
0.0838823
0.158879
0.0905247
0.154081
0.0975407
0.148851
0.104971
0.143093
0.112867
0.13667
0.121293
0.12938
0.13033
0.120927
0.140075
0.110865
0.150645
0.0985215
0.162151
0.0828774
0.174653
0.0624124
0.187954
0.0351083
0.201177
0.207928
0.199751
0.00531999
0.199266
0.010321
0.198557
0.0151016
0.19763
0.0197408
0.19649
0.0243014
0.195142
0.0288364
0.193592
0.0333921
0.19184
0.0380094
0.18989
0.0427246
0.187743
0.0475701
0.185399
0.0525758
0.182857
0.0577695
0.180117
0.0631775
0.177173
0.0688261
0.17402
0.0747416
0.170647
0.0809524
0.16704
0.08749
0.163174
0.0943909
0.159014
0.1017
0.15451
0.109475
0.149586
0.117791
0.144132
0.126748
0.137979
0.136482
0.130868
0.147186
0.122384
0.159129
0.111833
0.172702
0.0979842
0.188501
0.0785005
0.207438
0.0486331
0.231044
0.256561
0.199772
0.00554768
0.19933
0.0107629
0.198684
0.015748
0.19784
0.0205844
0.196806
0.0253358
0.195586
0.030056
0.194186
0.0347921
0.19261
0.0395857
0.190861
0.0444733
0.188943
0.0494882
0.186859
0.0546604
0.18461
0.0600183
0.182198
0.0655892
0.179624
0.0714002
0.176886
0.0774795
0.173981
0.0838578
0.170901
0.09057
0.167634
0.0976577
0.164161
0.105173
0.160454
0.113183
0.156467
0.121778
0.152135
0.131079
0.147358
0.14126
0.141976
0.152568
0.135726
0.165379
0.128136
0.180292
0.118266
0.198371
0.103864
0.22184
0.077625
0.257283
0.334186
0.00384246
-0.00384246
0.00750907
-0.00366661
0.010532
-0.00302296
0.0128876
-0.00235557
0.0146479
-0.00176027
0.0158905
-0.00124266
0.0166814
-0.00079091
0.0170763
-0.00039486
0.0171338
-5.74961e-05
0.0168893
0.000244537
0.0164102
0.000479078
0.0157508
0.000659391
0.0149646
0.000786236
0.0141066
0.000858004
0.0132313
0.000875256
0.0123881
0.000843226
0.0116167
0.000771408
0.010944
0.00067264
0.0103821
0.000561943
0.00992703
0.00045505
0.00956215
0.000364884
0.00926503
0.000297116
0.00901552
0.000249516
0.0088001
0.000215412
0.00861254
0.000187568
0.00845086
0.000161681
0.00831316
0.000137691
0.00819483
0.000118333
0.00808961
0.000105223
8.40203e-05
0.00356892
-0.00741138
0.00699734
-0.00709503
0.0098875
-0.00591312
0.0122284
-0.00469649
0.0140921
-0.00362398
0.0155505
-0.00270103
0.0166626
-0.00190306
0.017474
-0.00120619
0.0180054
-0.000588965
0.01829
-4.00328e-05
0.0183152
0.000453876
0.018138
0.000836568
0.0178116
0.00111271
0.0173918
0.00127777
0.0169342
0.00133284
0.0164887
0.00128879
0.0160948
0.00116528
0.0157786
0.000988806
0.0155506
0.000789937
0.0154053
0.0006004
0.0153247
0.000445444
0.0152872
0.000334614
0.0152749
0.000261863
0.015277
0.00021326
0.01529
0.000174605
0.0153132
0.000138414
0.0153453
0.000105603
0.0153817
8.1926e-05
0.0154151
7.18778e-05
7.6864e-05
0.00303722
-0.0104486
0.00586445
-0.00992225
0.00821165
-0.00826032
0.0101115
-0.00659634
0.0116389
-0.00515138
0.0128537
-0.00391587
0.0138029
-0.00285223
0.0145233
-0.00192663
0.0150482
-0.00111382
0.0154047
-0.000396552
0.0156168
0.000241827
0.015675
0.000778389
0.0156167
0.00117096
0.0154866
0.00140792
0.0153273
0.0014921
0.0151757
0.00144044
0.0150599
0.00128099
0.0149983
0.00105046
0.0149959
0.000792349
0.0150442
0.000552065
0.0151237
0.000365945
0.0152137
0.000244605
0.0152993
0.000176332
0.0153729
0.000139625
0.0154343
0.000113141
0.015486
8.67494e-05
0.0155298
6.18142e-05
0.0155653
4.64747e-05
0.0155885
4.86482e-05
7.80899e-05
0.00245169
-0.0129003
0.00457002
-0.0120406
0.00625535
-0.00994565
0.00760776
-0.00794875
0.00870164
-0.00624527
0.00958113
-0.00479536
0.0102786
-0.00354971
0.0108175
-0.00246556
0.0112185
-0.00151479
0.0115083
-0.00068637
0.0117036
4.65885e-05
0.0117892
0.000692779
0.0117989
0.00116125
0.0117729
0.00143393
0.0117418
0.00152318
0.0117272
0.00145506
0.0117431
0.00126508
0.0117952
0.000998302
0.0118798
0.000707806
0.0119812
0.000450591
0.012073
0.000274158
0.0121345
0.00018312
0.0121553
0.000155538
0.0121356
0.000159352
0.0120832
0.000165554
0.0120077
0.000162253
0.011917
0.000152458
0.0118164
0.000147066
0.0117088
0.000156237
0.000178383
0.00177299
-0.0146733
0.00310236
-0.0133699
0.00405543
-0.0108987
0.00479866
-0.00869197
0.00539554
-0.00684215
0.00587557
-0.00527539
0.00625991
-0.00393405
0.00656155
-0.0027672
0.00678743
-0.00174067
0.00694231
-0.000841244
0.00706035
-7.14515e-05
0.00711589
0.000637231
0.00712359
0.00115356
0.00711963
0.00143789
0.00712231
0.00152051
0.00713764
0.00143972
0.00716328
0.00123944
0.00719061
0.000970967
0.00720709
0.000691334
0.00719457
0.000463109
0.007122
0.000346727
0.00698142
0.000323698
0.00677723
0.000359729
0.00652525
0.000411327
0.00624204
0.000448766
0.00594186
0.000462433
0.00563342
0.000460901
0.00532094
0.000459548
0.00501706
0.000460112
0.000415304
0.00100154
-0.0156748
0.00145588
-0.0138243
0.0016315
-0.0110743
0.00171848
-0.00877894
0.00175259
-0.00687626
0.00175971
-0.00528251
0.00175338
-0.00392773
0.00174371
-0.00275753
0.0017438
-0.00174075
0.00176724
-0.00086468
0.00172748
-3.16906e-05
0.001674
0.000690709
0.00160605
0.00122151
0.0015372
0.00150674
0.00145664
0.00160107
0.00133949
0.00155688
0.00115796
0.00142096
0.000892216
0.00123672
0.000538473
0.00104508
0.000118721
0.00088286
-0.000306902
0.00077235
-0.000720821
0.000737618
-0.00110828
0.000747187
-0.00146784
0.000770884
-0.00179944
0.000780373
-0.00210804
0.000771028
-0.00240024
0.000753102
-0.00267978
0.000739093
-0.00293515
0.000715478
0.000634745
5.22509e-05
-0.0157271
-0.000378193
-0.0133938
-0.00100194
-0.0104506
-0.00163054
-0.00815035
-0.0022372
-0.00626959
-0.00279136
-0.00472835
-0.00327915
-0.00343993
-0.00369855
-0.00233813
-0.00407504
-0.00136426
-0.0044624
-0.000477323
-0.00479524
0.000301154
-0.00502334
0.000918809
-0.00518105
0.00137921
-0.00535438
0.00168007
-0.00557539
0.00182208
-0.0058563
0.00183779
-0.00619694
0.00176161
-0.00658733
0.0016271
-0.00701168
0.00146943
-0.0074512
0.00132238
-0.00789128
0.00121244
-0.0083055
0.00115184
-0.00868111
0.00112279
-0.00900917
0.00109895
-0.00929025
0.00106145
-0.00952988
0.00101066
-0.00973713
0.000960359
-0.00991773
0.000919693
-0.0100739
0.000871627
0.000807038
-0.00090971
-0.0148174
-0.00234719
-0.0119564
-0.00382684
-0.00897094
-0.00526155
-0.00671564
-0.00657747
-0.00495367
-0.00775433
-0.00355149
-0.00878796
-0.0024063
-0.00968295
-0.00144314
-0.0104556
-0.000591625
-0.0110867
0.000153812
-0.0115302
0.000744591
-0.011838
0.00122664
-0.0120857
0.00162693
-0.012317
0.00191132
-0.0125672
0.00207232
-0.0128513
0.00212189
-0.0131696
0.00207987
-0.0135156
0.00197318
-0.0138818
0.00183556
-0.0142604
0.00170098
-0.0146416
0.00159367
-0.0150082
0.00151844
-0.015343
0.0014576
-0.0156317
0.00138758
-0.0158678
0.00129763
-0.0160553
0.00119808
-0.0162046
0.00110967
-0.0163269
0.00104204
-0.0164388
0.000983531
0.000940609
-0.00202982
-0.0127875
-0.00448669
-0.00949948
-0.00692578
-0.00653186
-0.00918395
-0.00445747
-0.0111783
-0.0029593
-0.0128934
-0.00183636
-0.0143462
-0.000953598
-0.015556
-0.000233257
-0.0164962
0.00034855
-0.017163
0.000820623
-0.0176487
0.00123028
-0.0180266
0.00160451
-0.0183211
0.00192143
-0.0185704
0.00216065
-0.0188101
0.00231204
-0.0190617
0.00237352
-0.0193326
0.0023507
-0.0196215
0.00226204
-0.0199253
0.00213939
-0.0202418
0.00201754
-0.0205666
0.00191842
-0.0208879
0.00183976
-0.0211882
0.00175793
-0.0214485
0.00164786
-0.0216562
0.00150533
-0.0218116
0.00135344
-0.0219263
0.00122437
-0.0220166
0.00113241
-0.022104
0.00107093
0.00104584
-0.00336328
-0.00942426
-0.00699068
-0.00587209
-0.0104356
-0.00308694
-0.0134675
-0.00142557
-0.0160347
-0.00039209
-0.0181184
0.000247363
-0.0197335
0.000661447
-0.0209332
0.00096647
-0.0218208
0.00123617
-0.0225048
0.00150456
-0.0230449
0.00177044
-0.0234613
0.00202085
-0.0237795
0.0022397
-0.0240352
0.00241632
-0.0242648
0.00254166
-0.0244939
0.00260264
-0.0247325
0.00258924
-0.02498
0.00250959
-0.0252354
0.00239474
-0.0255013
0.00228349
-0.0257805
0.00219754
-0.0260672
0.0021265
-0.0263444
0.00203519
-0.0265878
0.00189122
-0.0267773
0.00169481
-0.0269092
0.00148535
-0.0269977
0.00131289
-0.027065
0.00119973
-0.0271332
0.00113912
0.00112733
-0.0051787
-0.00424557
-0.0106442
-0.000406633
-0.015064
0.0013329
-0.0184859
0.00199638
-0.0210512
0.00217312
-0.0229745
0.00217072
-0.0244538
0.0021407
-0.0256152
0.00212788
-0.0265282
0.0021492
-0.0272439
0.0022202
-0.0278038
0.0023304
-0.0282344
0.00245144
-0.0285591
0.00256444
-0.0288117
0.0026689
-0.0290317
0.00276159
-0.0292477
0.00281866
-0.0294682
0.00280977
-0.0296884
0.00272981
-0.029906
0.00261231
-0.0301294
0.00250694
-0.0303711
0.00243919
-0.0306329
0.00238832
-0.030898
0.00230024
-0.0311344
0.00212762
-0.031312
0.00187244
-0.0314225
0.00159584
-0.0314851
0.00137549
-0.0315305
0.0012451
-0.0315806
0.00118928
0.00118759
-0.00795073
0.00370516
-0.0144576
0.00610029
-0.0191412
0.0060165
-0.0226184
0.00547353
-0.0252329
0.0047876
-0.0272071
0.00414494
-0.0287166
0.00365025
-0.0298809
0.00329215
-0.0307776
0.00304589
-0.0314726
0.00291517
-0.0320188
0.00287659
-0.0324419
0.00287455
-0.0327558
0.00287835
-0.032991
0.00290412
-0.0331944
0.00296497
-0.0334006
0.00302486
-0.0336131
0.00302232
-0.0338159
0.00293262
-0.0340011
0.00279747
-0.0341841
0.00268994
-0.0343915
0.00264664
-0.0346358
0.00263257
-0.0348993
0.00256379
-0.0351391
0.00236738
-0.0353101
0.00204345
-0.0353974
0.00168314
-0.0354289
0.00140704
-0.0354493
0.00126547
-0.0354818
0.00122176
0.0012288
-0.0100454
0.0137505
-0.0177939
0.0138488
-0.0231629
0.0113855
-0.026855
0.00916569
-0.0294711
0.00740369
-0.0313422
0.00601602
-0.0327382
0.00504623
-0.033814
0.00436794
-0.0346269
0.00385877
-0.0352461
0.00353438
-0.0357439
0.00337444
-0.0361422
0.00327287
-0.0364296
0.00316575
-0.0366275
0.00310199
-0.0367996
0.00313708
-0.036995
0.00322024
-0.0372088
0.00323612
-0.0374028
0.00312657
-0.0375559
0.00295056
-0.0376932
0.00282724
-0.0378639
0.00281736
-0.0380958
0.00286448
-0.0383696
0.00283758
-0.0386253
0.00262307
-0.0387955
0.00221368
-0.0388546
0.00174223
-0.0388443
0.00139671
-0.0388332
0.00125443
-0.0388494
0.00123795
0.00125453
-0.0133119
0.0270624
-0.0229162
0.0234532
-0.0283338
0.0168031
-0.0316095
0.0124414
-0.03392
0.00971414
-0.0354348
0.00753084
-0.036526
0.00613738
-0.0374215
0.0052635
-0.0380904
0.00452766
-0.0385747
0.00401872
-0.0389903
0.00378997
-0.0393582
0.00364083
-0.0396088
0.00341628
-0.0397402
0.00323337
-0.0398544
0.00325137
-0.0400351
0.00340088
-0.0402637
0.00346478
-0.0404604
0.00332326
-0.0405775
0.00306763
-0.0406542
0.00290398
-0.0407781
0.00294125
-0.0410012
0.00308759
-0.0412997
0.003136
-0.0415879
0.00291131
-0.0417651
0.00239087
-0.0417872
0.00176434
-0.0417162
0.00132576
-0.0416628
0.00120097
-0.0416672
0.0012424
0.00127314
-0.0189442
0.0460065
-0.0305945
0.0351035
-0.0353598
0.0215684
-0.036991
0.0140726
-0.0386577
0.0113809
-0.0394251
0.00829823
-0.039929
0.00664126
-0.0406407
0.0059752
-0.0411836
0.00507055
-0.0414538
0.00428891
-0.0417288
0.00406498
-0.0420697
0.0039817
-0.042282
0.00362866
-0.0423065
0.00325785
-0.0423186
0.00326343
-0.0424819
0.00356418
-0.0427527
0.00373555
-0.0429733
0.00354387
-0.0430445
0.00313882
-0.0430292
0.0028887
-0.0430833
0.00299541
-0.0432985
0.00330276
-0.0436395
0.00347695
-0.0439825
0.00325432
-0.0441774
0.00258582
-0.0441487
0.00173561
-0.0439857
0.00116277
-0.043871
0.00108629
-0.0438744
0.00124575
0.00130517
0.207447
0.00576044
0.207034
0.0111755
0.206432
0.0163506
0.205647
0.0213688
0.204688
0.026295
0.203561
0.0311834
0.202271
0.0360816
0.200825
0.0410314
0.199229
0.0460696
0.197488
0.0512295
0.195607
0.0565412
0.193592
0.0620332
0.191449
0.0677327
0.189182
0.0736672
0.186796
0.0798653
0.184295
0.0863582
0.181683
0.0931819
0.178962
0.100379
0.17613
0.108005
0.173187
0.116126
0.170128
0.124837
0.166947
0.134259
0.163641
0.144566
0.16021
0.156
0.156675
0.168914
0.153129
0.183837
0.149935
0.201566
0.14876
0.223015
0.160369
0.245675
0.258905
0.23565
0.21249
0.00595286
0.212118
0.0115484
0.211574
0.0168941
0.210868
0.0220747
0.210008
0.0271554
0.209
0.0321909
0.207853
0.0372287
0.206574
0.0423105
0.205171
0.0474732
0.20365
0.0527495
0.202023
0.0581692
0.200296
0.0637601
0.19848
0.0695488
0.196585
0.0755619
0.194623
0.0818271
0.192607
0.0883743
0.190551
0.0952376
0.188473
0.102458
0.186394
0.110084
0.184342
0.118178
0.182358
0.126821
0.180502
0.136115
0.178873
0.146195
0.177641
0.157231
0.177128
0.169427
0.177985
0.18298
0.181624
0.197927
0.190642
0.213997
0.206041
0.230275
0.245848
0.219099
0.217658
0.00612278
0.217329
0.0118773
0.21685
0.0173728
0.21623
0.0226943
0.215478
0.0279078
0.214601
0.0330675
0.213609
0.0382208
0.212511
0.0434091
0.211315
0.0486685
0.210034
0.054031
0.208678
0.0595253
0.20726
0.0651781
0.205794
0.0710144
0.204297
0.077059
0.202787
0.0833369
0.201286
0.0898752
0.199821
0.0967033
0.198423
0.103856
0.197134
0.111372
0.196011
0.119301
0.195132
0.127701
0.194609
0.136638
0.194612
0.146192
0.195405
0.156439
0.197397
0.167435
0.201197
0.179179
0.207577
0.191547
0.217198
0.204376
0.229787
0.217686
0.2289
0.246735
0.222951
0.00626822
0.22267
0.0121586
0.222262
0.0177809
0.221736
0.0232206
0.2211
0.0285433
0.220365
0.0338029
0.219539
0.0390463
0.218634
0.044314
0.217662
0.049641
0.216634
0.0550582
0.215567
0.0605926
0.214476
0.0662691
0.21338
0.0721103
0.212301
0.0781382
0.211264
0.0843742
0.210299
0.0908402
0.209442
0.0975595
0.208741
0.104557
0.208252
0.111861
0.208054
0.1195
0.208247
0.127507
0.208972
0.135913
0.210423
0.144741
0.212863
0.153999
0.216638
0.16366
0.222168
0.173649
0.229903
0.183811
0.240418
0.193861
0.254632
0.203472
0.210392
0.27314
0.228374
0.00638733
0.228144
0.0123886
0.227812
0.0181134
0.227385
0.0236468
0.226875
0.0290539
0.22629
0.034388
0.225641
0.0396948
0.224942
0.0450136
0.224205
0.0503782
0.223445
0.0558176
0.222681
0.061357
0.221931
0.0670185
0.22122
0.0728221
0.220572
0.0787858
0.22002
0.0849263
0.2196
0.0912597
0.219358
0.0978013
0.21935
0.104566
0.219644
0.111567
0.220329
0.118815
0.221517
0.126319
0.223353
0.134076
0.226024
0.142071
0.229758
0.150264
0.234837
0.158581
0.24159
0.166896
0.250397
0.175005
0.261704
0.182554
0.275987
0.189189
0.193823
0.292556
0.233929
0.00647841
0.233754
0.012564
0.233502
0.0183656
0.233182
0.0239671
0.232803
0.0294326
0.232376
0.0348145
0.231914
0.040157
0.23143
0.045498
0.230938
0.0508695
0.230458
0.0562985
0.230007
0.0618076
0.229609
0.0674161
0.229291
0.0731405
0.229082
0.0789945
0.229019
0.0849896
0.229144
0.0911352
0.229507
0.0974382
0.230169
0.103903
0.231206
0.11053
0.232709
0.117313
0.234789
0.124239
0.237582
0.131283
0.241253
0.138401
0.245993
0.145524
0.252025
0.15255
0.259589
0.159331
0.268931
0.165664
0.280228
0.171257
0.29358
0.175837
0.178892
0.308511
0.23962
0.00653997
0.239502
0.0126821
0.239334
0.0185333
0.239125
0.0241761
0.238884
0.0296732
0.238623
0.0350754
0.238355
0.0404255
0.238094
0.0457594
0.237856
0.051107
0.237662
0.0564931
0.237532
0.0619374
0.237492
0.0674563
0.23757
0.0730621
0.2378
0.0787642
0.238221
0.0845688
0.238878
0.0904784
0.239824
0.0964923
0.241122
0.102605
0.242846
0.108805
0.245085
0.115074
0.247942
0.121383
0.251535
0.12769
0.256001
0.133934
0.26149
0.140035
0.268158
0.145882
0.276155
0.151334
0.285603
0.156216
0.296547
0.160312
0.308978
0.163406
0.165231
0.322639
0.245448
0.00657075
0.24539
0.0127403
0.24531
0.0186131
0.245217
0.0242696
0.245119
0.0297707
0.245029
0.0351654
0.24496
0.0404945
0.244928
0.045792
0.244949
0.0510855
0.245045
0.0563969
0.245239
0.0617436
0.245558
0.0671381
0.24603
0.0725892
0.246693
0.0781018
0.247585
0.0836767
0.248753
0.0893106
0.250249
0.0949957
0.252136
0.100718
0.254482
0.106459
0.257368
0.112188
0.260884
0.117868
0.265126
0.123447
0.270201
0.128859
0.276216
0.134021
0.283269
0.138829
0.291444
0.14316
0.300786
0.146873
0.311287
0.149812
0.322878
0.151815
0.152752
0.335358
0.251418
0.00656973
0.251422
0.0127368
0.251432
0.0186023
0.251458
0.0242443
0.251507
0.0297213
0.251592
0.0350804
0.251726
0.0403603
0.251926
0.0455925
0.252209
0.0508023
0.252597
0.0560091
0.253113
0.061227
0.253786
0.0664655
0.254646
0.0717296
0.255727
0.0770201
0.257071
0.0823333
0.258721
0.0876606
0.260728
0.0929885
0.263149
0.0982976
0.266046
0.103561
0.269488
0.108746
0.273548
0.113808
0.278302
0.118693
0.283826
0.123335
0.29019
0.127657
0.29745
0.131569
0.30564
0.134969
0.314763
0.13775
0.324773
0.139802
0.335572
0.141017
0.141337
0.346987
0.257532
0.00653617
0.257599
0.0126701
0.257702
0.018499
0.257849
0.0240978
0.258048
0.0295227
0.25831
0.0348183
0.258649
0.040021
0.259081
0.0451601
0.259625
0.0502581
0.260303
0.0553319
0.261137
0.0603926
0.262156
0.0654468
0.263389
0.0704962
0.264871
0.0755379
0.26664
0.0805642
0.268738
0.0855629
0.271211
0.0905161
0.274108
0.0954005
0.277483
0.100186
0.281392
0.104837
0.285892
0.109308
0.291037
0.113547
0.296879
0.117494
0.303456
0.12108
0.310794
0.124231
0.318894
0.126869
0.32773
0.128915
0.337237
0.130295
0.347311
0.130943
0.130839
0.357809
0.263794
0.00646959
0.263925
0.0125393
0.264122
0.018302
0.264391
0.023829
0.26474
0.0291738
0.265179
0.0343786
0.265723
0.0394771
0.266387
0.0444963
0.267189
0.0494561
0.26815
0.0543708
0.269294
0.0592491
0.270646
0.0640946
0.272236
0.0689062
0.274096
0.073678
0.27626
0.0783997
0.278767
0.083056
0.281657
0.0876267
0.284971
0.0920863
0.288753
0.0964039
0.293047
0.100543
0.297893
0.104462
0.303328
0.108112
0.30938
0.111441
0.316068
0.114392
0.323392
0.116907
0.331334
0.118927
0.339851
0.120398
0.348873
0.121273
0.358301
0.121515
0.121124
0.368016
0.270207
0.00636982
0.270402
0.0123442
0.270693
0.018011
0.271084
0.0234378
0.271583
0.0286751
0.272199
0.0337623
0.272945
0.0387308
0.273837
0.0436048
0.274891
0.0484021
0.276127
0.0531345
0.277568
0.0578082
0.279238
0.0624246
0.281164
0.0669802
0.283375
0.0714672
0.285902
0.075873
0.288777
0.0801808
0.292034
0.0843694
0.295708
0.0884129
0.29983
0.0922812
0.304434
0.09594
0.309544
0.0993509
0.315184
0.102473
0.321364
0.105261
0.328085
0.107671
0.335333
0.109658
0.343078
0.111182
0.35127
0.112206
0.359838
0.112704
0.368695
0.112658
0.112079
0.37774
0.276774
0.00623697
0.277033
0.012085
0.277417
0.0176266
0.27793
0.0229252
0.278577
0.0280282
0.279367
0.0329723
0.280311
0.0377862
0.281424
0.0424918
0.282722
0.0471045
0.284222
0.051634
0.285946
0.0560845
0.287915
0.0604554
0.290154
0.0647417
0.292687
0.068934
0.295541
0.0730188
0.298743
0.0769787
0.30232
0.0807925
0.306298
0.0844353
0.3107
0.0878793
0.315546
0.0910934
0.320852
0.0940446
0.326627
0.0966979
0.33287
0.0990184
0.339569
0.100972
0.346701
0.102526
0.354229
0.103654
0.362102
0.104334
0.370254
0.104552
0.378607
0.104305
0.10361
0.387076
0.283498
0.00607141
0.283821
0.0117624
0.284297
0.01715
0.284929
0.0222932
0.285721
0.0272362
0.286681
0.0320128
0.287818
0.0366493
0.289144
0.0411651
0.290675
0.0455737
0.292427
0.0498826
0.294416
0.0540946
0.296664
0.0582078
0.29919
0.0622158
0.302015
0.0661087
0.305162
0.0698725
0.30865
0.0734904
0.3125
0.076942
0.316731
0.0802046
0.321357
0.0832532
0.32639
0.086061
0.331834
0.0886003
0.337689
0.0908431
0.343944
0.0927626
0.350583
0.0943337
0.357574
0.0955348
0.364879
0.096349
0.372447
0.0967653
0.38022
0.0967798
0.388128
0.0963961
0.0956346
0.396103
0.290384
0.00587378
0.290769
0.0113779
0.291335
0.0165833
0.292083
0.0215449
0.293016
0.0263033
0.29414
0.0308896
0.295462
0.0353274
0.296992
0.0396343
0.298745
0.0438215
0.300732
0.0478953
0.302969
0.051857
0.305474
0.0557036
0.308261
0.0594285
0.311348
0.0630213
0.314752
0.0664688
0.318488
0.0697547
0.322569
0.0728608
0.327007
0.0757668
0.331809
0.0784511
0.336978
0.0808914
0.342513
0.0830653
0.348405
0.0849513
0.354638
0.0865297
0.361189
0.0877831
0.368025
0.0886982
0.375108
0.0892659
0.382391
0.0894827
0.38982
0.0893508
0.397337
0.0888787
0.0880875
0.404884
0.297435
0.00564495
0.297879
0.010933
0.298534
0.0159293
0.299394
0.020684
0.300463
0.0252346
0.301744
0.0296092
0.303242
0.0338293
0.304966
0.0379101
0.306926
0.0418614
0.309133
0.0456882
0.311599
0.0493907
0.314338
0.0529655
0.31736
0.0564058
0.32068
0.0597016
0.324308
0.0628406
0.328255
0.0658081
0.332528
0.0685879
0.337132
0.0711626
0.342069
0.0735143
0.347335
0.075625
0.352923
0.0774773
0.358819
0.0790554
0.365003
0.0803456
0.371449
0.0813369
0.378126
0.082022
0.384994
0.0823977
0.392011
0.0824654
0.39913
0.0822316
0.406302
0.0817071
0.0809127
0.413477
0.304654
0.00538599
0.305157
0.01043
0.305895
0.0151911
0.306864
0.0197151
0.308063
0.024036
0.309493
0.0281794
0.311158
0.0321643
0.313064
0.0360042
0.315217
0.0397075
0.317628
0.0432779
0.320303
0.0467152
0.323253
0.0500158
0.326486
0.0531731
0.330009
0.0561778
0.333831
0.0590189
0.337956
0.0616835
0.342386
0.0641577
0.347121
0.0664272
0.352158
0.0684775
0.357488
0.0702946
0.3631
0.0718657
0.368976
0.0731798
0.375093
0.074228
0.381426
0.0750042
0.387942
0.0755059
0.394606
0.0757337
0.401379
0.0756926
0.408219
0.0753911
0.415085
0.0748414
0.074063
0.421935
0.312046
0.00509811
0.312605
0.00987113
0.313424
0.0143723
0.314496
0.0186431
0.315818
0.0227141
0.317389
0.0266083
0.31921
0.0303427
0.321286
0.0339289
0.323619
0.0373741
0.326216
0.0406812
0.329081
0.0438498
0.332221
0.0468763
0.335639
0.0497544
0.339341
0.0524761
0.343328
0.0550317
0.347601
0.0574102
0.352159
0.0596003
0.356996
0.0615903
0.362104
0.063369
0.367473
0.0649262
0.373086
0.0662527
0.378924
0.0673415
0.384964
0.0681877
0.39118
0.0687888
0.39754
0.0691455
0.404012
0.0692613
0.410562
0.0691432
0.417152
0.0688007
0.423748
0.0682462
0.067498
0.430313
0.319615
0.00478263
0.320227
0.0092591
0.321122
0.013477
0.322292
0.0174735
0.32373
0.0212759
0.325434
0.0249047
0.327402
0.0283748
0.329634
0.0316964
0.332133
0.0348756
0.334899
0.0379147
0.337936
0.040813
0.341245
0.0435673
0.344827
0.046172
0.348683
0.0486202
0.352811
0.0509037
0.357208
0.0530136
0.361867
0.0549407
0.366782
0.0566761
0.371939
0.0582113
0.377326
0.0595393
0.382925
0.060654
0.388715
0.0615516
0.394673
0.0622299
0.400772
0.0626895
0.406984
0.0629331
0.41328
0.062966
0.419627
0.062796
0.425994
0.0624334
0.43235
0.06189
0.0611824
0.438666
0.327365
0.00444091
0.328028
0.00859658
0.328995
0.0125092
0.330257
0.0162117
0.331805
0.0197284
0.333632
0.0230772
0.335736
0.0262711
0.338113
0.029319
0.340763
0.0322259
0.343684
0.0349938
0.346875
0.037622
0.350335
0.0401075
0.354061
0.0424459
0.35805
0.044631
0.362297
0.0466564
0.366796
0.048515
0.371537
0.0501996
0.37651
0.0517036
0.3817
0.0530212
0.387091
0.0541477
0.392666
0.0550796
0.398402
0.0558154
0.404276
0.0563553
0.410264
0.0567015
0.416339
0.0568582
0.422473
0.0568318
0.428639
0.0566303
0.434809
0.0562638
0.440955
0.0557436
0.0550844
0.447053
0.3353
0.00407432
0.336011
0.00788621
0.337047
0.0114728
0.338396
0.0148632
0.340046
0.0180785
0.341988
0.0211342
0.344218
0.0240416
0.346729
0.0268081
0.349517
0.029438
0.352578
0.031933
0.355907
0.0342924
0.359501
0.0365138
0.363353
0.0385933
0.367458
0.0405263
0.371807
0.0423074
0.376391
0.0439313
0.381198
0.0453928
0.386214
0.0466871
0.391425
0.0478104
0.396813
0.0487601
0.402358
0.0495346
0.408039
0.0501342
0.413834
0.0505604
0.419719
0.0508168
0.425668
0.0509083
0.431659
0.0508416
0.437664
0.0506248
0.44366
0.0502674
0.449624
0.0497797
0.0491747
0.455534
0.343426
0.00368408
0.344182
0.00713048
0.345283
0.0103718
0.346713
0.0134332
0.348458
0.0163329
0.350509
0.0190839
0.352855
0.0216957
0.355488
0.0241745
0.358402
0.0265239
0.36159
0.0287452
0.365044
0.0308381
0.368758
0.0328003
0.372722
0.034629
0.376928
0.0363205
0.381365
0.0378707
0.38602
0.0392757
0.390881
0.0405318
0.395933
0.0416359
0.401157
0.0425858
0.406537
0.0433804
0.412052
0.0440195
0.417681
0.0445046
0.423404
0.0448382
0.429196
0.0450244
0.435036
0.0450685
0.4409
0.0449772
0.446767
0.0447581
0.452614
0.0444199
0.458422
0.043972
0.0434258
0.464171
0.351746
0.00327125
0.352545
0.00633147
0.353708
0.00920935
0.355215
0.0119264
0.35705
0.0144977
0.3592
0.0169337
0.361654
0.0192419
0.364401
0.0214277
0.367431
0.0234939
0.370734
0.0254417
0.374302
0.0272705
0.378123
0.0289789
0.382187
0.0305646
0.386483
0.0320248
0.390997
0.0333565
0.395716
0.034557
0.400624
0.0356238
0.405705
0.0365552
0.410941
0.0373501
0.416313
0.0380083
0.421801
0.038531
0.427386
0.03892
0.433046
0.0391785
0.438759
0.0393108
0.444506
0.0393221
0.450264
0.0392188
0.456014
0.0390079
0.461737
0.0386971
0.467414
0.0382947
0.0378104
0.47303
0.360267
0.00283646
0.361108
0.00549062
0.362329
0.00798817
0.363908
0.010347
0.365828
0.0125784
0.368071
0.0146901
0.370625
0.016688
0.373477
0.0185762
0.376613
0.0203572
0.380023
0.0220317
0.383695
0.0235993
0.387615
0.0250589
0.391771
0.0264088
0.396148
0.027647
0.400733
0.0287714
0.40551
0.0297802
0.410462
0.030672
0.415571
0.0314458
0.42082
0.0321014
0.426189
0.0326395
0.431658
0.0330616
0.437208
0.03337
0.442818
0.033568
0.448469
0.0336599
0.454141
0.0336504
0.459814
0.0335454
0.465471
0.0333511
0.471094
0.0330742
0.476667
0.0327219
0.0323025
0.482175
0.368993
0.00237962
0.369876
0.00460814
0.371154
0.00670986
0.372803
0.00869817
0.374802
0.0105795
0.377133
0.0123586
0.379781
0.01404
0.382731
0.0156268
0.385967
0.0171208
0.389477
0.0185224
0.393244
0.0198313
0.397257
0.0210467
0.401498
0.0221674
0.405953
0.0231918
0.410606
0.0241187
0.415439
0.024947
0.420436
0.0256758
0.425576
0.0263049
0.430843
0.0268347
0.436217
0.027266
0.441677
0.0276008
0.447206
0.0278414
0.452783
0.0279909
0.45839
0.0280531
0.464008
0.0280326
0.469619
0.0279341
0.475207
0.0277631
0.480756
0.0275253
0.486251
0.0272265
0.0268735
0.49168
0.377932
0.00189913
0.378858
0.0036821
0.380192
0.00537506
0.381908
0.00698303
0.383982
0.00850534
0.386396
0.00994437
0.389132
0.0113036
0.392174
0.0125853
0.395504
0.0137905
0.399107
0.0149193
0.402967
0.0159714
0.407068
0.0169462
0.411392
0.0178428
0.415924
0.0186603
0.420644
0.0193979
0.425537
0.0200547
0.430582
0.0206306
0.435761
0.0211257
0.441055
0.0215405
0.446445
0.0218762
0.451911
0.0221344
0.457435
0.0223175
0.462998
0.0224281
0.468582
0.0224697
0.474168
0.0224458
0.479742
0.0223606
0.485286
0.0222185
0.490788
0.0220241
0.496232
0.0217822
0.0214983
0.501607
0.387091
0.00138979
0.388068
0.00270526
0.389461
0.00398126
0.391243
0.00520185
0.39339
0.00635755
0.395885
0.00745014
0.398706
0.00848256
0.401835
0.00945593
0.405255
0.0103705
0.408948
0.0112261
0.412897
0.0120226
0.417084
0.0127594
0.421491
0.0134359
0.4261
0.0140516
0.430892
0.0146058
0.435848
0.0150984
0.44095
0.0155291
0.446177
0.0158982
0.451511
0.0162065
0.456932
0.016455
0.462421
0.016645
0.46796
0.0167786
0.473531
0.0168579
0.479115
0.0168855
0.484696
0.0168643
0.490259
0.0167975
0.495789
0.0166884
0.501273
0.0165405
0.506698
0.0163571
0.0161424
0.512054
0.396484
0.000838563
0.397517
0.00167205
0.398966
0.00253263
0.400809
0.00335846
0.403028
0.00413901
0.405599
0.00487876
0.408502
0.00557945
0.411717
0.00624072
0.415226
0.00686212
0.419009
0.00744338
0.423047
0.00798424
0.427322
0.0084843
0.431815
0.00894314
0.436506
0.00936035
0.441376
0.00973561
0.446406
0.0100688
0.451575
0.0103598
0.456864
0.0106091
0.462254
0.0108171
0.467724
0.0109846
0.473256
0.0111127
0.478832
0.0112027
0.484434
0.0112562
0.490044
0.0112751
0.495647
0.0112613
0.501228
0.0112171
0.506772
0.0111447
0.512265
0.0110466
0.517697
0.0109254
0.010784
0.523056
0.406193
0.000155542
0.40729
0.000575354
0.408789
0.00103331
0.410691
0.00145619
0.412974
0.00185613
0.415615
0.0022386
0.418591
0.00260284
0.421884
0.00294754
0.425474
0.00327206
0.429342
0.00357613
0.433466
0.00385949
0.437829
0.00412183
0.442409
0.00436286
0.447187
0.00458234
0.452143
0.00478006
0.457256
0.00495594
0.462505
0.00511
0.467872
0.00524239
0.473336
0.0053534
0.478877
0.00544346
0.484476
0.00551316
0.490116
0.0055632
0.495778
0.00559445
0.501445
0.00560785
0.507102
0.00560446
0.512733
0.00558543
0.518326
0.00555195
0.523868
0.00550526
0.529346
0.00544659
0.00537778
0.534753
0.415475
0.41605
0.417084
0.41854
0.420396
0.422634
0.425237
0.428185
0.431457
0.435033
0.438892
0.443014
0.447377
0.45196
0.45674
0.461696
0.466806
0.472048
0.477401
0.482845
0.488358
0.493921
0.499516
0.505123
0.510728
0.516313
0.521865
0.527371
0.532817
0.538195
0.127764
0.107886
0.0376279
0.090136
0.057217
-0.0195891
0.210603
0.116382
0.194663
0.106076
0.0899568
0.161924
0.252503
0.110613
0.251969
0.10661
0.0996357
0.24229
0.280156
0.103597
0.284113
0.102653
0.0999484
0.283801
0.300006
0.0961467
0.306234
0.0964257
0.0956977
0.310484
0.315886
0.0887716
0.32288
0.089432
0.0895491
0.329029
0.329518
0.0818922
0.336361
0.0825895
0.0829866
0.342923
0.341641
0.0756089
0.348004
0.0762266
0.0766595
0.354331
0.352721
0.0698751
0.358552
0.070395
0.070786
0.364426
0.363065
0.064619
0.368406
0.0650541
0.0653913
0.3738
0.372863
0.0597723
0.377778
0.0601396
0.0604293
0.38274
0.382239
0.0552734
0.386791
0.0555873
0.0558383
0.391382
0.391279
0.0510704
0.395525
0.0513416
0.0515612
0.399802
0.400054
0.0471201
0.404039
0.0473565
0.0475504
0.40805
0.408617
0.0433872
0.412379
0.0435948
0.0437669
0.416163
0.417021
0.0398425
0.420591
0.0400256
0.0401789
0.424179
0.425316
0.0364615
0.428718
0.0366234
0.0367604
0.432136
0.433551
0.0332234
0.436807
0.0333668
0.0334891
0.440079
0.441779
0.0301102
0.444909
0.030237
0.030346
0.448052
0.450058
0.0271057
0.453077
0.0272175
0.0273144
0.456109
0.458445
0.0241952
0.461369
0.0242933
0.0243788
0.464304
0.467002
0.0213646
0.469845
0.0214501
0.021525
0.472699
0.475794
0.0186008
0.478569
0.0186744
0.0187392
0.481355
0.484886
0.01589
0.487608
0.0159523
0.0160073
0.490339
0.494351
0.0132194
0.497032
0.013271
0.0133167
0.499723
0.504253
0.0105739
0.506909
0.0106149
0.0106512
0.509574
0.514687
0.00794146
0.517329
0.00797222
0.00799981
0.519981
0.525695
0.00530222
0.528345
0.00532247
0.00534003
0.531004
0.537407
0.00264813
0.540072
0.00265715
0.00266559
0.542746
0.540843
0.5435
0.546166
-0.039235
0.0656524
-0.0495594
0.0454279
-0.0500648
0.0220738
-0.0435714
0.0075793
-0.0445886
0.012398
-0.0447196
0.00842921
-0.0445327
0.00645438
-0.0453084
0.00675098
-0.0457544
0.00551649
-0.0454703
0.00400477
-0.0454643
0.00405901
-0.0458798
0.00439727
-0.0461521
0.00390088
-0.0460413
0.00314703
-0.0458438
0.00306597
-0.0459799
0.0037003
-0.0463472
0.0041028
-0.0466333
0.00383005
-0.046636
0.00314146
-0.0464602
0.00271293
-0.0463969
0.00293211
-0.046613
0.00351883
-0.0470394
0.00390342
-0.0474858
0.0037007
-0.0477234
0.00282339
-0.0476176
0.00162984
-0.0472952
0.000840396
-0.0470764
0.00086749
-0.0470998
0.00126915
0.00140443
0.0972373
0.130339
0.0467232
0.095942
-0.00218662
0.0709836
-0.0375778
0.0429704
-0.0518192
0.0266395
-0.0535945
0.0102045
-0.0481202
0.000980055
-0.0481718
0.00680253
-0.0486238
0.00596858
-0.0477413
0.0031222
-0.0478004
0.00411818
-0.0486935
0.00529029
-0.049193
0.00440047
-0.0486659
0.0026199
-0.0478097
0.00220981
-0.0479079
0.00379844
-0.048503
0.00469786
-0.0489614
0.00428845
-0.0488953
0.00307537
-0.0484365
0.00225416
-0.0481568
0.00265241
-0.048375
0.00373705
-0.0489302
0.00445858
-0.0495261
0.00429657
-0.0498262
0.00312352
-0.0495995
0.00140311
-0.0490044
0.000245318
-0.0486077
0.000470791
-0.048688
0.00134942
0.00167785
0.204949
0.16768
0.164068
0.136822
0.124901
0.11015
0.0826418
0.0852301
0.0437169
0.0655643
0.00176417
0.0521572
-0.0317478
0.034492
-0.0487444
0.0237991
-0.0541852
0.0114094
-0.0526119
0.00154889
-0.0490866
0.000592911
-0.0498092
0.00601291
-0.0506296
0.00522083
-0.0492024
0.00119275
-0.0479472
0.000954627
-0.0484758
0.00432704
-0.0496303
0.00585233
-0.0504402
0.00509838
-0.0502102
0.00284532
-0.049078
0.00112194
-0.0483057
0.00188014
-0.0485606
0.00399196
-0.049326
0.005224
-0.0501455
0.00511607
-0.0505478
0.00352575
-0.0501615
0.00101687
-0.0491424
-0.000773767
-0.0484633
-0.000208338
-0.0486663
0.00155243
0.00229903
0.268919
0.182562
0.244848
0.160893
0.215973
0.139026
0.183081
0.118121
0.14936
0.0992859
0.118354
0.0831626
0.085425
0.0674215
0.0552104
0.0540136
0.0235301
0.0430897
-0.00876173
0.0338407
-0.0334916
0.0253228
-0.0461731
0.0186944
-0.0509932
0.0100409
-0.0507041
0.000903703
-0.0464574
-0.00329214
-0.0464845
0.0043542
-0.0484135
0.00778125
-0.0497561
0.00644107
-0.0491759
0.00226506
-0.047039
-0.00101494
-0.0459843
0.000825425
-0.0465838
0.00459143
-0.0477717
0.00641192
-0.0489801
0.0063245
-0.0495428
0.00408849
-0.0490483
0.000522378
-0.0471318
-0.00269026
-0.0460598
-0.00128036
-0.0465241
0.00201675
0.00351892
0.308951
0.184095
0.298517
0.171327
0.281537
0.156006
0.25984
0.139819
0.235334
0.123792
0.209759
0.108737
0.18263
0.094551
0.155197
0.0814462
0.128401
0.069886
0.102593
0.0596484
0.077503
0.0504133
0.0545706
0.0416268
0.0314286
0.0331829
0.00445549
0.0278769
-0.020215
0.0213784
-0.0342682
0.0184074
-0.0411677
0.0146807
-0.0443493
0.0096227
-0.0448287
0.00274449
-0.0423324
-0.00351123
-0.0408447
-0.000662278
-0.0417615
0.00550822
-0.0436013
0.00825167
-0.0452369
0.00796018
-0.0462275
0.00507908
-0.0447588
-0.00094636
-0.0426126
-0.00483641
-0.041241
-0.00265197
-0.042194
0.00296973
0.00567405
0.335179
0.177945
0.334426
0.172079
0.32758
0.162852
0.315761
0.151637
0.300124
0.139429
0.281829
0.127033
0.261585
0.114794
0.240073
0.102958
0.218071
0.0918884
0.19596
0.0817592
0.17396
0.0724132
0.152114
0.0634733
0.13012
0.0551764
0.109646
0.0483514
0.0886707
0.0423533
0.0697804
0.0372977
0.0526471
0.031814
0.0362211
0.0260487
0.0175675
0.021398
-0.00361727
0.0176736
-0.0196593
0.0153798
-0.0279367
0.0137856
-0.0320151
0.0123301
-0.034602
0.010547
-0.0359458
0.0064229
-0.0364615
-0.000430651
-0.0341738
-0.00712417
-0.0340875
-0.00273822
-0.0359545
0.0048367
0.00922143
0.352915
0.167953
0.358323
0.166671
0.358923
0.162251
0.355054
0.155507
0.34731
0.147173
0.336447
0.137897
0.32312
0.128121
0.307877
0.118201
0.291289
0.108476
0.273869
0.0991795
0.255969
0.0903133
0.237653
0.0817891
0.21907
0.0737597
0.200802
0.0666191
0.182814
0.0603413
0.165609
0.0545026
0.148785
0.0486384
0.131959
0.0428743
0.11551
0.0378477
0.0992812
0.0339021
0.0837083
0.0309526
0.0692956
0.0281983
0.056292
0.0253338
0.0446843
0.0221547
0.0329085
0.0181987
0.0174718
0.015006
-0.00271132
0.013059
-0.0180203
0.0125708
-0.0244657
0.0112821
0.0151887
0.365698
0.156586
0.374452
0.157917
0.379908
0.156795
0.38188
0.153534
0.380498
0.148555
0.376101
0.142294
0.369086
0.135136
0.359864
0.127423
0.348878
0.119462
0.33657
0.111487
0.323269
0.103614
0.309154
0.0959042
0.294422
0.0884911
0.27944
0.0816012
0.26452
0.0752616
0.249764
0.0692589
0.235002
0.0634004
0.220127
0.057749
0.205331
0.052644
0.190843
0.04839
0.176932
0.044863
0.163573
0.0415573
0.150694
0.0382126
0.138142
0.0347068
0.125281
0.0310597
0.112248
0.0280395
0.0989724
0.0263344
0.0859361
0.025607
0.0720742
0.0251441
0.0270268
0.375834
0.145177
0.385986
0.147765
0.394163
0.148618
0.399943
0.147755
0.403149
0.145349
0.403806
0.141637
0.402064
0.136878
0.398153
0.131334
0.392364
0.125251
0.385006
0.118846
0.376345
0.112275
0.366593
0.105656
0.355961
0.0991229
0.344737
0.0928255
0.333176
0.0868223
0.321381
0.0810542
0.309331
0.0754501
0.297018
0.0700624
0.284571
0.065091
0.272246
0.0607152
0.260237
0.0568723
0.248497
0.0532969
0.236915
0.0497942
0.225323
0.0462987
0.213464
0.0429187
0.201398
0.0401059
0.189398
0.0383344
0.177544
0.0374612
0.16548
0.0372073
0.0379012
0.384663
0.134315
0.395059
0.137369
0.404429
0.139249
0.41233
0.139853
0.418465
0.139214
0.422677
0.137425
0.424932
0.134624
0.425292
0.130973
0.423894
0.12665
0.420913
0.121826
0.416537
0.116651
0.410943
0.111251
0.404314
0.105751
0.396865
0.100274
0.388792
0.0948962
0.380212
0.0896332
0.371178
0.0844844
0.361735
0.0795058
0.352002
0.0748234
0.342169
0.0705486
0.332372
0.0666695
0.322611
0.0630572
0.312813
0.0595931
0.302857
0.056254
0.292623
0.0531535
0.282147
0.050581
0.271657
0.0488248
0.261255
0.0478637
0.25094
0.0475219
0.0476291
0.392881
0.124173
0.402952
0.127298
0.412577
0.129624
0.421402
0.131028
0.429132
0.131484
0.435551
0.131007
0.440524
0.12965
0.443998
0.127498
0.445989
0.124659
0.446562
0.121253
0.445817
0.117396
0.443868
0.1132
0.440846
0.108773
0.436901
0.10422
0.432177
0.0996205
0.426785
0.0950248
0.4208
0.0904696
0.414291
0.0860146
0.407364
0.0817505
0.400154
0.0777584
0.392768
0.0740556
0.385233
0.0705918
0.377514
0.067313
0.369542
0.0642258
0.361265
0.0614299
0.352729
0.0591173
0.344083
0.0574712
0.335437
0.0565091
0.326862
0.0560975
0.055959
0.400814
0.114742
0.410346
0.117766
0.419746
0.120224
0.428763
0.122011
0.437163
0.123084
0.444741
0.123429
0.451339
0.123052
0.456848
0.121989
0.461212
0.120296
0.46442
0.118045
0.466496
0.11532
0.467492
0.112204
0.467481
0.108784
0.466554
0.105146
0.46481
0.101365
0.462335
0.0975001
0.459199
0.0936053
0.455473
0.0897411
0.451242
0.0859808
0.446609
0.0823918
0.441656
0.0790081
0.436422
0.0758259
0.430899
0.0728364
0.425058
0.0700663
0.418888
0.0676001
0.412433
0.0655721
0.405798
0.0641069
0.399077
0.0632302
0.392328
0.0628458
0.0626949
0.4086
0.105944
0.417563
0.108803
0.426544
0.111243
0.435377
0.113178
0.443892
0.114569
0.451927
0.115393
0.459341
0.115639
0.466016
0.115314
0.471868
0.114444
0.476843
0.11307
0.48092
0.111243
0.484102
0.109022
0.486414
0.106473
0.487899
0.103661
0.488614
0.10065
0.488614
0.0974999
0.487954
0.0942653
0.48669
0.0910048
0.484889
0.0877819
0.482624
0.0846565
0.479961
0.0816715
0.476937
0.07885
0.473562
0.0762114
0.469833
0.0737949
0.465759
0.0716742
0.461382
0.0699496
0.456776
0.0687126
0.452013
0.0679929
0.447127
0.0677321
0.0677313
0.416299
0.0976942
0.424733
0.100369
0.433255
0.102721
0.44175
0.104683
0.4501
0.106219
0.458187
0.107306
0.465896
0.107929
0.473127
0.108083
0.479794
0.107777
0.485833
0.107031
0.491197
0.105878
0.495864
0.104356
0.499826
0.102511
0.503093
0.100393
0.505688
0.0980549
0.507641
0.0955471
0.508985
0.0929213
0.509759
0.0902309
0.510009
0.087532
0.509786
0.084879
0.509139
0.0823188
0.508101
0.0798882
0.50669
0.0776227
0.504916
0.0755689
0.502797
0.0737931
0.50037
0.0723763
0.49769
0.0713925
0.494806
0.0708771
0.49173
0.0708084
0.0710549
0.423942
0.0899146
0.431909
0.0924021
0.439994
0.0946365
0.448116
0.0965606
0.45619
0.098145
0.464128
0.0993682
0.471844
0.100213
0.479258
0.10067
0.486295
0.10074
0.492893
0.100433
0.499004
0.0997669
0.504591
0.0987685
0.509632
0.0974697
0.514118
0.0959079
0.518049
0.0941238
0.521435
0.0921606
0.524293
0.0900632
0.526645
0.087879
0.52852
0.0856574
0.529951
0.0834481
0.530971
0.0812981
0.531609
0.0792505
0.531883
0.0773486
0.531809
0.0756425
0.531409
0.0741939
0.530712
0.0730727
0.52976
0.0723448
0.528584
0.0720534
0.527183
0.0722088
0.0727429
0.431554
0.0825396
0.439113
0.0848426
0.446805
0.0869443
0.45457
0.0887965
0.462341
0.0903735
0.470054
0.0916556
0.477641
0.0926258
0.485038
0.0932725
0.492186
0.0935921
0.49903
0.0935884
0.505525
0.0932719
0.511634
0.09266
0.517328
0.0917755
0.52259
0.0906464
0.527408
0.089305
0.531782
0.0877868
0.535715
0.0861303
0.539218
0.0843765
0.542306
0.0825693
0.545
0.0807539
0.547323
0.0789753
0.549295
0.0772784
0.550934
0.0757093
0.552258
0.074319
0.553286
0.0731659
0.554044
0.0723139
0.554564
0.0718255
0.554865
0.0717523
0.554943
0.0721305
0.0729457
0.439161
0.0755145
0.446367
0.0776369
0.453713
0.0795983
0.461152
0.0813578
0.468632
0.0828928
0.476103
0.0841854
0.48351
0.0852189
0.490801
0.0859811
0.497928
0.0864656
0.504843
0.0866724
0.511508
0.0866071
0.517888
0.0862808
0.523953
0.0857099
0.529684
0.0849158
0.535065
0.0839241
0.540088
0.0827639
0.54475
0.081468
0.549054
0.0800722
0.553008
0.0786151
0.556625
0.0771376
0.559918
0.0756822
0.562904
0.0742927
0.565598
0.0730155
0.568016
0.0719007
0.570178
0.0710041
0.572105
0.070386
0.573823
0.0701081
0.575347
0.0702287
0.576674
0.0708031
0.0718588
0.4468
0.0687932
0.453698
0.0707391
0.46074
0.0725561
0.467888
0.0742091
0.475103
0.0756786
0.48234
0.0769482
0.489556
0.0780023
0.496709
0.0788285
0.503756
0.0794189
0.510657
0.0797708
0.517378
0.0798863
0.523887
0.0797723
0.530156
0.0794405
0.536165
0.078907
0.541897
0.0781921
0.547341
0.07732
0.55249
0.0763185
0.557344
0.0752185
0.561905
0.0740542
0.56618
0.0728626
0.570179
0.071683
0.573914
0.0705573
0.5774
0.06953
0.580651
0.0686498
0.583685
0.0679699
0.586523
0.0675481
0.589185
0.0674455
0.591689
0.0677252
0.594037
0.0684546
0.0696906
0.454509
0.0623362
0.461139
0.0641096
0.467915
0.0657796
0.474808
0.0673164
0.481783
0.0687032
0.488806
0.0699254
0.49584
0.0709685
0.502848
0.0718205
0.509794
0.0724728
0.516644
0.0729211
0.523365
0.0731649
0.529929
0.0732082
0.536311
0.0730587
0.542489
0.0727288
0.548447
0.0722343
0.554172
0.0715952
0.559655
0.0708349
0.564894
0.0699802
0.569887
0.0690612
0.574638
0.0681111
0.579155
0.0671659
0.583448
0.0662647
0.587528
0.0654498
0.591411
0.0647673
0.595113
0.0642678
0.598654
0.0640068
0.602055
0.0640442
0.605335
0.0644454
0.608506
0.0652836
0.0666331
0.462336
0.0561087
0.468733
0.0577129
0.475278
0.0592345
0.481946
0.0606482
0.48871
0.0619393
0.49554
0.0630952
0.502406
0.0641028
0.509276
0.0649508
0.516118
0.0656306
0.522902
0.0661368
0.5296
0.0664675
0.536184
0.0666242
0.54263
0.0666121
0.548919
0.0664401
0.555033
0.0661207
0.560958
0.0656701
0.566685
0.0651079
0.572208
0.0644571
0.577525
0.063744
0.582638
0.0629982
0.587552
0.0622523
0.592274
0.0615423
0.596816
0.0609075
0.601192
0.0603911
0.605419
0.0600409
0.609517
0.0599093
0.613506
0.0600546
0.617411
0.0605413
0.62125
0.0614437
0.0628437
0.470334
0.0500788
0.47653
0.0515171
0.482875
0.0528895
0.489349
0.0541747
0.495928
0.0553602
0.502588
0.056435
0.509303
0.0573876
0.516046
0.0582077
0.52279
0.0588869
0.529507
0.0594197
0.536172
0.0598031
0.542759
0.060037
0.549246
0.0601247
0.555614
0.0600725
0.561845
0.05989
0.567924
0.0595902
0.573843
0.0591895
0.579592
0.0587074
0.58517
0.0581666
0.590575
0.0575933
0.595811
0.0570165
0.600884
0.0564688
0.605805
0.0559864
0.610587
0.055609
0.615247
0.055381
0.619805
0.0553517
0.624283
0.055576
0.628709
0.0561158
0.63311
0.0570428
0.0584394
0.47856
0.044217
0.484585
0.045492
0.49076
0.0467149
0.497067
0.0478675
0.503488
0.0489394
0.510002
0.0499213
0.516586
0.0508032
0.523218
0.0515758
0.529873
0.0522315
0.536528
0.0527647
0.543159
0.0531721
0.549744
0.0534527
0.55626
0.0536081
0.56269
0.0536428
0.569016
0.053564
0.575224
0.0533823
0.581302
0.0531109
0.587244
0.0527662
0.593042
0.0523679
0.598697
0.0519384
0.60421
0.0515036
0.609586
0.0510925
0.614835
0.0507375
0.619969
0.0504749
0.625005
0.0503452
0.629963
0.0503936
0.634868
0.0506711
0.639749
0.0512353
0.644639
0.0521526
0.0535013
0.487077
0.0384947
0.49296
0.0396088
0.498994
0.0406818
0.505162
0.0416986
0.511451
0.0426507
0.517842
0.0435301
0.524317
0.0443284
0.530855
0.0450375
0.537436
0.0456506
0.544039
0.0461625
0.550641
0.0465697
0.557223
0.0468707
0.563765
0.0470661
0.570249
0.047159
0.576658
0.047155
0.582978
0.047062
0.589198
0.0468911
0.595308
0.0466558
0.601303
0.0463727
0.607181
0.046061
0.612941
0.0457432
0.618589
0.0454446
0.624132
0.045194
0.629584
0.0450236
0.634959
0.0449699
0.640279
0.0450734
0.64557
0.0453804
0.650862
0.0459429
0.656194
0.0468209
0.0480864
0.49595
0.032884
0.50172
0.0338387
0.507641
0.0347615
0.513699
0.03564
0.519883
0.036467
0.526177
0.0372362
0.532565
0.0379404
0.53903
0.0385727
0.545553
0.0391273
0.552116
0.0395995
0.5587
0.039986
0.565285
0.0402852
0.571854
0.0404969
0.57839
0.0406233
0.584877
0.0406683
0.5913
0.0406384
0.597649
0.0405422
0.603914
0.040391
0.610089
0.0401982
0.616169
0.0399803
0.622156
0.0397563
0.628053
0.0395478
0.633867
0.0393799
0.63961
0.0392806
0.645298
0.0392817
0.650953
0.0394191
0.6566
0.0397334
0.662272
0.0402704
0.66801
0.0410826
0.042234
0.505251
0.0273564
0.510936
0.0281531
0.516772
0.0289252
0.52275
0.0296628
0.528856
0.0303605
0.53508
0.0310128
0.541406
0.0316141
0.54782
0.0321587
0.554305
0.0326416
0.560846
0.0330589
0.567424
0.0334076
0.574024
0.033686
0.580627
0.0338938
0.587218
0.0340322
0.593782
0.0341043
0.600305
0.0341149
0.606777
0.0340708
0.613187
0.0339809
0.619529
0.0338563
0.625799
0.0337104
0.631996
0.0335589
0.638124
0.03342
0.644189
0.0333146
0.650203
0.0332665
0.656182
0.0333028
0.662148
0.033454
0.668126
0.0337549
0.674152
0.0342447
0.680266
0.0349683
0.0359826
0.515048
0.0218828
0.520679
0.0225217
0.526462
0.0231424
0.532388
0.0237372
0.538446
0.0243016
0.544628
0.0248316
0.550919
0.0253227
0.557308
0.0257704
0.563778
0.0261706
0.570317
0.0265203
0.576908
0.0268169
0.583535
0.0270588
0.590183
0.0272456
0.596837
0.0273781
0.603483
0.0274585
0.610108
0.0274902
0.6167
0.0274785
0.623251
0.0274304
0.629752
0.0273545
0.636201
0.0272613
0.642597
0.0271635
0.648941
0.0270756
0.655241
0.0270145
0.661508
0.0269996
0.667758
0.0270529
0.674013
0.0271996
0.680299
0.0274681
0.686653
0.0278909
0.693117
0.0285042
0.0293545
0.52543
0.016433
0.531038
0.0169142
0.536798
0.0173822
0.542704
0.0178317
0.548746
0.0182594
0.554915
0.0186622
0.561201
0.0190369
0.567591
0.01938
0.574073
0.0196886
0.580633
0.0199602
0.587257
0.0201929
0.593931
0.0203855
0.600639
0.0205374
0.607368
0.0206492
0.614104
0.0207222
0.620835
0.0207591
0.62755
0.0207637
0.63424
0.0207409
0.640897
0.0206972
0.647518
0.0206405
0.654101
0.0205802
0.660649
0.0205273
0.667169
0.0204947
0.673672
0.0204971
0.680173
0.0205516
0.686695
0.0206774
0.693267
0.0208967
0.699922
0.0212352
0.706705
0.0217218
0.0223977
0.536464
0.0109737
0.542082
0.0112954
0.547854
0.0116102
0.553774
0.0119124
0.559833
0.0122
0.566024
0.0124714
0.572336
0.0127244
0.57876
0.0129566
0.585282
0.0131661
0.591891
0.0133513
0.598573
0.0135108
0.605315
0.0136437
0.612103
0.0137497
0.618923
0.0138291
0.625762
0.0138827
0.632609
0.0139122
0.639453
0.01392
0.646284
0.0139095
0.653097
0.013885
0.659885
0.0138518
0.666649
0.013816
0.673391
0.0137853
0.680118
0.0137683
0.68684
0.0137751
0.693574
0.0138173
0.700343
0.0139083
0.707176
0.0140638
0.714109
0.0143022
0.721186
0.0146445
0.0151195
0.548252
0.00546853
0.553913
0.00563443
0.55973
0.00579325
0.565697
0.00594456
0.571809
0.00608869
0.578055
0.00622483
0.584428
0.00635166
0.590917
0.00646794
0.59751
0.0065727
0.604196
0.00666509
0.610963
0.00674446
0.617796
0.00681034
0.624683
0.00686255
0.631611
0.00690118
0.638567
0.00692668
0.645539
0.00693987
0.652517
0.00694201
0.659492
0.00693477
0.666457
0.00692033
0.673407
0.00690136
0.680342
0.0068811
0.687264
0.00686338
0.69418
0.00685268
0.701101
0.00685422
0.708044
0.00687409
0.715033
0.00691945
0.722097
0.00699908
0.729275
0.00712455
0.736606
0.0073135
0.00761028
0.551634
0.557269
0.563062
0.569007
0.575095
0.58132
0.587672
0.59414
0.600712
0.607377
0.614122
0.620932
0.627795
0.634696
0.641623
0.648563
0.655505
0.662439
0.66936
0.676261
0.683142
0.690005
0.696858
0.703712
0.710586
0.717506
0.724505
0.73163
0.738943
)
;

boundaryField
{
    inlet
    {
        type            calculated;
        value           nonuniform List<scalar> 
45
(
-0.2
-0.2
-0.2
-0.2
-0.2
-0.2
-0.2
-0.2
-0.2
-0.2
-0.2
-0.2
-0.2
-0.2
-0.2
-0.20766
-0.212683
-0.217828
-0.223097
-0.228493
-0.23402
-0.239681
-0.245479
-0.251417
-0.257499
-0.263728
-0.270107
-0.276641
-0.283333
-0.290186
-0.297206
-0.304395
-0.311758
-0.3193
-0.327023
-0.334934
-0.343036
-0.351334
-0.359832
-0.368536
-0.377451
-0.386582
-0.395933
-0.40551
-0.415319
)
;
    }
    outlet
    {
        type            calculated;
        value           nonuniform List<scalar> 
45
(
0.00800559
0.0154222
0.0155873
0.0116085
0.00478014
-0.00315459
-0.0102462
-0.0165724
-0.0222093
-0.0272147
-0.0316409
-0.035523
-0.0388751
-0.0416859
-0.0439064
-0.0471991
-0.0489614
-0.0492875
-0.047744
-0.0443491
-0.0395019
-0.030433
0.0602361
0.154606
0.241212
0.318532
0.385592
0.442091
0.488406
0.525495
0.55474
0.577761
0.596206
0.611564
0.62504
0.637514
0.649577
0.661609
0.673863
0.686517
0.699745
0.713661
0.728465
0.744115
0.746553
)
;
    }
    flap
    {
        type            calculated;
        value           uniform 0;
    }
    upperWall
    {
        type            calculated;
        value           uniform 0;
    }
    lowerWall
    {
        type            calculated;
        value           uniform 0;
    }
    frontAndBack
    {
        type            empty;
        value           nonuniform 0();
    }
}


// ************************************************************************* //
