/*--------------------------------*- C++ -*----------------------------------*\
  =========                 |
  \\      /  F ield         | OpenFOAM: The Open Source CFD Toolbox
   \\    /   O peration     | Website:  https://openfoam.org
    \\  /    A nd           | Version:  dev
     \\/     M anipulation  |
\*---------------------------------------------------------------------------*/
FoamFile
{
    version     2.0;
    format      ascii;
    class       volVectorField;
    location    "0.6";
    object      U;
}
// * * * * * * * * * * * * * * * * * * * * * * * * * * * * * * * * * * * * * //

dimensions      [0 1 -1 0 0 0 0];

internalField   nonuniform List<vector> 
2790
(
(9.94381 0 0.0206253)
(9.87498 0 0.0297829)
(9.77354 0 0.0362655)
(9.64657 0 0.0429005)
(9.49983 0 0.0497869)
(9.33427 0 0.0568754)
(9.14911 0 0.0642968)
(8.94351 0 0.0722135)
(8.71667 0 0.0807637)
(8.46766 0 0.0900718)
(8.19532 0 0.100261)
(7.89833 0 0.111459)
(7.57524 0 0.123788)
(7.22452 0 0.13737)
(6.84465 0 0.152308)
(6.4342 0 0.168677)
(5.992 0 0.186504)
(5.51728 0 0.205735)
(5.00994 0 0.226201)
(4.47087 0 0.247567)
(3.9023 0 0.269264)
(3.30822 0 0.290403)
(2.69488 0 0.309629)
(2.07117 0 0.324821)
(1.4491 0 0.332296)
(0.843576 0 0.324361)
(0.289652 0 0.281393)
(-0.213384 0 0.0883579)
(-0.348171 0 -0.151441)
(-0.136265 0 -0.267507)
(9.99832 0 0.0410166)
(9.98071 0 0.0629706)
(9.93407 0 0.0799626)
(9.86128 0 0.0976442)
(9.76669 0 0.116306)
(9.65133 0 0.135797)
(9.5146 0 0.156375)
(9.35571 0 0.178397)
(9.17389 0 0.202174)
(8.96822 0 0.227981)
(8.73754 0 0.256083)
(8.48054 0 0.286741)
(8.19573 0 0.32019)
(7.88154 0 0.356626)
(7.53636 0 0.396167)
(7.15863 0 0.438812)
(6.74699 0 0.484376)
(6.30043 0 0.532406)
(5.81854 0 0.582081)
(5.30184 0 0.632087)
(4.75218 0 0.680481)
(4.1732 0 0.724526)
(3.57094 0 0.760489)
(2.95459 0 0.783314)
(2.33749 0 0.785896)
(1.73811 0 0.757188)
(1.18278 0 0.677709)
(0.695492 0 0.497584)
(0.327394 0 0.195975)
(0.0706228 0 -0.305867)
(9.99542 0 0.043736)
(9.97483 0 0.0762567)
(9.93015 0 0.104721)
(9.86206 0 0.134075)
(9.77357 0 0.165036)
(9.66581 0 0.197588)
(9.53853 0 0.232087)
(9.39112 0 0.269041)
(9.22295 0 0.308932)
(9.03329 0 0.352214)
(8.82117 0 0.399332)
(8.58546 0 0.450723)
(8.32486 0 0.506801)
(8.03794 0 0.567917)
(7.72319 0 0.634311)
(7.37908 0 0.70604)
(7.00413 0 0.782871)
(6.59706 0 0.864146)
(6.15698 0 0.948608)
(5.68362 0 1.03418)
(5.17775 0 1.11773)
(4.64158 0 1.19477)
(4.07933 0 1.25907)
(3.49787 0 1.30223)
(2.90735 0 1.31275)
(2.32116 0 1.27431)
(1.75459 0 1.16309)
(1.21767 0 0.943828)
(0.712701 0 0.607342)
(0.329522 0 0.126754)
(9.99385 0 0.0502363)
(9.97108 0 0.0945781)
(9.92624 0 0.135486)
(9.85942 0 0.176581)
(9.77273 0 0.219183)
(9.66726 0 0.26371)
(9.54298 0 0.310698)
(9.39948 0 0.36082)
(9.23632 0 0.414741)
(9.05295 0 0.473096)
(8.84868 0 0.536512)
(8.62268 0 0.605606)
(8.37397 0 0.68097)
(8.1015 0 0.763131)
(7.80411 0 0.852492)
(7.4806 0 0.949243)
(7.12975 0 1.05323)
(6.75041 0 1.16378)
(6.34157 0 1.27947)
(5.90255 0 1.39784)
(5.43319 0 1.515)
(4.93421 0 1.6253)
(4.40756 0 1.72077)
(3.85682 0 1.79061)
(3.28738 0 1.82047)
(2.70606 0 1.79158)
(2.11966 0 1.68047)
(1.53212 0 1.4614)
(0.928999 0 1.12957)
(0.425408 0 0.667032)
(9.99314 0 0.0581585)
(9.96922 0 0.112718)
(9.92429 0 0.16456)
(9.85864 0 0.216391)
(9.7738 0 0.269888)
(9.67064 0 0.325832)
(9.54921 0 0.384908)
(9.40919 0 0.447879)
(9.25022 0 0.515519)
(9.07186 0 0.588579)
(8.87356 0 0.667795)
(8.65464 0 0.753894)
(8.41435 0 0.847578)
(8.15189 0 0.949483)
(7.86638 0 1.06012)
(7.55692 0 1.17979)
(7.22256 0 1.30842)
(6.86233 0 1.4454)
(6.47528 0 1.58931)
(6.06048 0 1.73758)
(5.61716 0 1.88607)
(5.14477 0 2.02858)
(4.64322 0 2.15632)
(4.11302 0 2.25739)
(3.55535 0 2.31634)
(2.97183 0 2.3141)
(2.36378 0 2.22889)
(1.73271 0 2.03946)
(1.05656 0 1.74101)
(0.474045 0 1.30728)
(9.99285 0 0.0666905)
(9.96851 0 0.130847)
(9.92393 0 0.193108)
(9.85972 0 0.255555)
(9.77711 0 0.319888)
(9.67675 0 0.387105)
(9.55868 0 0.458021)
(9.42268 0 0.533486)
(9.26841 0 0.614373)
(9.09551 0 0.701541)
(8.90347 0 0.795832)
(8.69173 0 0.898075)
(8.45965 0 1.00907)
(8.20652 0 1.12955)
(7.93161 0 1.26011)
(7.63414 0 1.40115)
(7.31328 0 1.55271)
(6.96812 0 1.71429)
(6.59765 0 1.88458)
(6.20073 0 2.06114)
(5.77598 0 2.23992)
(5.32185 0 2.41477)
(4.83656 0 2.57688)
(4.31815 0 2.71425)
(3.7646 0 2.81142)
(3.17387 0 2.84968)
(2.54377 0 2.80826)
(1.87542 0 2.667)
(1.1418 0 2.41918)
(0.503025 0 2.02387)
(9.9928 0 0.0754322)
(9.96855 0 0.148842)
(9.92475 0 0.221013)
(9.8623 0 0.293671)
(9.78227 0 0.368443)
(9.68517 0 0.446485)
(9.57103 0 0.528755)
(9.43968 0 0.616205)
(9.29083 0 0.709804)
(9.12414 0 0.810508)
(8.93918 0 0.919254)
(8.73543 0 1.03696)
(8.51229 0 1.16452)
(8.26912 0 1.30273)
(8.00519 0 1.45231)
(7.71974 0 1.61373)
(7.4119 0 1.78717)
(7.08068 0 1.97229)
(6.72487 0 2.16802)
(6.34296 0 2.37221)
(5.933 0 2.58124)
(5.49248 0 2.78945)
(5.0182 0 2.9886)
(4.50626 0 3.16731)
(3.95215 0 3.3107)
(3.35118 0 3.40047)
(2.69866 0 3.41591)
(1.99633 0 3.33561)
(1.21283 0 3.14883)
(0.526206 0 2.79732)
(9.99289 0 0.0841491)
(9.9691 0 0.166514)
(9.92647 0 0.248112)
(9.86608 0 0.330522)
(9.789 0 0.41531)
(9.69562 0 0.503737)
(9.58595 0 0.596887)
(9.45986 0 0.695812)
(9.31712 0 0.801567)
(9.15744 0 0.915196)
(8.98043 0 1.03773)
(8.78559 0 1.17017)
(8.57238 0 1.31349)
(8.34016 0 1.46862)
(8.0882 0 1.63635)
(7.81568 0 1.8173)
(7.52162 0 2.01181)
(7.20483 0 2.21979)
(6.86382 0 2.44049)
(6.49662 0 2.67225)
(6.10066 0 2.91207)
(5.67248 0 3.15516)
(5.2076 0 3.3943)
(4.7004 0 3.61923)
(4.14424 0 3.81603)
(3.53208 0 3.96684)
(2.85685 0 4.05028)
(2.12083 0 4.04194)
(1.28799 0 3.92472)
(0.551884 0 3.62077)
(9.99309 0 0.092691)
(9.97002 0 0.183693)
(9.92888 0 0.274257)
(9.87089 0 0.365942)
(9.79709 0 0.460284)
(9.70784 0 0.558612)
(9.60314 0 0.662118)
(9.48289 0 0.771946)
(9.34693 0 0.889233)
(9.195 0 1.01511)
(9.02675 0 1.15068)
(8.84176 0 1.29706)
(8.63949 0 1.45531)
(8.41933 0 1.62647)
(8.18053 0 1.81146)
(7.92221 0 2.01108)
(7.64327 0 2.22589)
(7.34232 0 2.45611)
(7.01753 0 2.70145)
(6.6665 0 2.96086)
(6.28597 0 3.23221)
(5.87162 0 3.51185)
(5.4177 0 3.79397)
(4.91694 0 4.06985)
(4.36049 0 4.32702)
(3.73869 0 4.54829)
(3.04126 0 4.71133)
(2.26973 0 4.78747)
(1.38222 0 4.75081)
(0.586683 0 4.50032)
(9.99336 0 0.100954)
(9.97122 0 0.200234)
(9.93184 0 0.299305)
(9.87654 0 0.399769)
(9.80637 0 0.50316)
(9.72163 0 0.610859)
(9.62236 0 0.724149)
(9.50849 0 0.844255)
(9.3799 0 0.972391)
(9.23639 0 1.10977)
(9.07769 0 1.25758)
(8.9034 0 1.41702)
(8.71306 0 1.58927)
(8.50606 0 1.77548)
(8.28168 0 1.97673)
(8.039 0 2.19404)
(7.77683 0 2.42824)
(7.49361 0 2.67994)
(7.18727 0 2.9494)
(6.855 0 3.23634)
(6.49302 0 3.5397)
(6.09615 0 3.85724)
(5.65753 0 4.18494)
(5.16814 0 4.51621)
(4.61671 0 4.84068)
(3.99015 0 5.1426)
(3.27331 0 5.39916)
(2.46418 0 5.57703)
(1.51197 0 5.6389)
(0.638466 0 5.45428)
(9.99368 0 0.108861)
(9.97263 0 0.21602)
(9.93526 0 0.323126)
(9.88293 0 0.431852)
(9.81666 0 0.543752)
(9.7368 0 0.660255)
(9.64336 0 0.782712)
(9.53634 0 0.912426)
(9.41567 0 1.05068)
(9.28122 0 1.19876)
(9.13276 0 1.35793)
(8.96998 0 1.52948)
(8.79247 0 1.7147)
(8.5997 0 1.91487)
(8.39098 0 2.13125)
(8.16539 0 2.36507)
(7.92176 0 2.6175)
(7.65844 0 2.8896)
(7.37324 0 3.18226)
(7.06313 0 3.49609)
(6.72395 0 3.83126)
(6.34996 0 4.18721)
(5.93333 0 4.56219)
(5.46348 0 4.95238)
(4.92647 0 5.35064)
(4.30488 0 5.74423)
(3.57629 0 6.11176)
(2.73038 0 6.41661)
(1.70049 0 6.60822)
(0.71972 0 6.51596)
(9.99404 0 0.116355)
(9.97421 0 0.230953)
(9.93905 0 0.3456)
(9.88992 0 0.462052)
(9.82784 0 0.581895)
(9.75315 0 0.706598)
(9.66592 0 0.837572)
(9.56617 0 0.976182)
(9.4539 0 1.12378)
(9.32905 0 1.2817)
(9.19146 0 1.45129)
(9.04091 0 1.63393)
(8.87707 0 1.831)
(8.6995 0 2.04391)
(8.50759 0 2.2741)
(8.30054 0 2.52305)
(8.07721 0 2.79225)
(7.83604 0 3.08325)
(7.57489 0 3.39761)
(7.29073 0 3.73689)
(6.97936 0 4.10264)
(6.63487 0 4.49619)
(6.24894 0 4.91845)
(5.80994 0 5.36924)
(5.30153 0 5.84612)
(4.70156 0 6.34205)
(3.97791 0 6.84125)
(3.1051 0 7.30931)
(1.98636 0 7.68529)
(0.854238 0 7.74378)
(9.99444 0 0.123389)
(9.97592 0 0.244953)
(9.94315 0 0.366627)
(9.89742 0 0.490249)
(9.83976 0 0.617443)
(9.77052 0 0.749712)
(9.6898 0 0.888518)
(9.59769 0 1.03528)
(9.49423 0 1.19139)
(9.37944 0 1.35825)
(9.25327 0 1.53727)
(9.11556 0 1.72989)
(8.96612 0 1.93759)
(8.80462 0 2.1619)
(8.63059 0 2.40442)
(8.44337 0 2.66687)
(8.24201 0 2.95105)
(8.02517 0 3.25898)
(7.79093 0 3.59287)
(7.53661 0 3.95525)
(7.25834 0 4.349)
(6.95062 0 4.77749)
(6.6055 0 5.24456)
(6.21135 0 5.75434)
(5.75087 0 6.31079)
(5.19837 0 6.91612)
(4.5117 0 7.56743)
(3.64321 0 8.24596)
(2.44047 0 8.9001)
(1.09372 0 9.24827)
(9.99486 0 0.129929)
(9.97775 0 0.257953)
(9.94749 0 0.38612)
(9.90534 0 0.516339)
(9.85229 0 0.650273)
(9.78873 0 0.789456)
(9.71479 0 0.935387)
(9.6306 0 1.08952)
(9.5363 0 1.2533)
(9.43197 0 1.42817)
(9.31765 0 1.61557)
(9.19331 0 1.81701)
(9.05887 0 2.03404)
(8.91416 0 2.2683)
(8.7589 0 2.52152)
(8.59263 0 2.7956)
(8.4147 0 3.09266)
(8.2241 0 3.41507)
(8.01938 0 3.76565)
(7.79846 0 4.14773)
(7.55831 0 4.56546)
(7.29454 0 5.02404)
(7.00067 0 5.53015)
(6.66691 0 6.09246)
(6.27789 0 6.72228)
(5.80897 0 7.43431)
(5.2141 0 8.24748)
(4.42595 0 9.18272)
(3.2048 0 10.2605)
(1.56443 0 11.2716)
(9.9953 0 0.135944)
(9.97966 0 0.269901)
(9.95202 0 0.404004)
(9.91359 0 0.540226)
(9.86532 0 0.68026)
(9.80761 0 0.825668)
(9.74065 0 0.977975)
(9.66464 0 1.13867)
(9.57976 0 1.30921)
(9.48618 0 1.49108)
(9.38406 0 1.68576)
(9.27348 0 1.89478)
(9.15451 0 2.11975)
(9.02715 0 2.36238)
(8.89135 0 2.6245)
(8.74692 0 2.90816)
(8.59355 0 3.21566)
(8.43072 0 3.54969)
(8.2576 0 3.91346)
(8.07299 0 4.31093)
(7.87511 0 4.74715)
(7.66136 0 5.2287)
(7.42793 0 5.76445)
(7.16906 0 6.36672)
(6.87561 0 7.05325)
(6.53275 0 7.85093)
(6.10939 0 8.80393)
(5.55825 0 9.99358)
(4.59606 0 11.6256)
(2.6242 0 14.4376)
(-0.455062 0 0.53968)
(-1.2911 0 0.635226)
(-2.32272 0 0.628466)
(-3.37337 0 0.605278)
(-4.43492 0 0.575131)
(-5.49241 0 0.541399)
(-6.53438 0 0.505432)
(-7.55136 0 0.467918)
(-8.53512 0 0.429224)
(-9.47812 0 0.389523)
(-10.373 0 0.348843)
(-11.2122 0 0.307119)
(-11.9877 0 0.264224)
(-12.6906 0 0.220003)
(-13.3113 0 0.174301)
(-13.8391 0 0.126975)
(-14.2627 0 0.0779092)
(-14.5704 0 0.0269561)
(-14.7494 0 -0.0262324)
(-14.7857 0 -0.0827465)
(-14.6652 0 -0.144958)
(-14.3745 0 -0.213041)
(-13.8968 0 -0.28887)
(-13.212 0 -0.376275)
(-12.2903 0 -0.481495)
(-11.0818 0 -0.614729)
(-9.49778 0 -0.797166)
(-7.38825 0 -1.07866)
(-4.50137 0 -1.53984)
(0.572758 0 -2.17371)
(-0.624033 0 1.28471)
(-1.4987 0 1.41206)
(-2.54414 0 1.43456)
(-3.5861 0 1.42596)
(-4.63109 0 1.39583)
(-5.66687 0 1.3508)
(-6.68363 0 1.2949)
(-7.67288 0 1.23074)
(-8.62711 0 1.16005)
(-9.5393 0 1.08382)
(-10.4025 0 1.00254)
(-11.2096 0 0.916268)
(-11.9527 0 0.824761)
(-12.6231 0 0.727623)
(-13.2113 0 0.624413)
(-13.7066 0 0.514762)
(-14.098 0 0.39849)
(-14.3739 0 0.275627)
(-14.5222 0 0.146183)
(-14.53 0 0.00963663)
(-14.3875 0 -0.13426)
(-14.0878 0 -0.28282)
(-13.6178 0 -0.438022)
(-12.9615 0 -0.605381)
(-12.0958 0 -0.794026)
(-10.9846 0 -1.01815)
(-9.56944 0 -1.30713)
(-7.75023 0 -1.7296)
(-5.36753 0 -2.3784)
(-2.4582 0 -3.11442)
(-0.643529 0 2.24875)
(-1.49958 0 2.37483)
(-2.51966 0 2.39012)
(-3.51304 0 2.36548)
(-4.5005 0 2.30845)
(-5.47307 0 2.22745)
(-6.42415 0 2.12832)
(-7.34755 0 2.01517)
(-8.23751 0 1.89072)
(-9.08839 0 1.75655)
(-9.89433 0 1.61337)
(-10.6489 0 1.46118)
(-11.3451 0 1.29954)
(-11.9744 0 1.12782)
(-12.5277 0 0.945394)
(-12.9946 0 0.751923)
(-13.364 0 0.547579)
(-13.6244 0 0.333178)
(-13.7639 0 0.110126)
(-13.7699 0 -0.119629)
(-13.6351 0 -0.355369)
(-13.3538 0 -0.598684)
(-12.9165 0 -0.851966)
(-12.3123 0 -1.12222)
(-11.5252 0 -1.42105)
(-10.5323 0 -1.76525)
(-9.3022 0 -2.18258)
(-7.78182 0 -2.72316)
(-5.89441 0 -3.44302)
(-3.9248 0 -4.26325)
(-0.605807 0 3.2158)
(-1.40516 0 3.31566)
(-2.36711 0 3.30094)
(-3.28641 0 3.24562)
(-4.1963 0 3.15445)
(-5.08939 0 3.03612)
(-5.96223 0 2.89698)
(-6.81094 0 2.74168)
(-7.63145 0 2.57331)
(-8.41928 0 2.39358)
(-9.16926 0 2.20307)
(-9.87528 0 2.00148)
(-10.5301 0 1.78793)
(-11.125 0 1.56124)
(-11.6503 0 1.32019)
(-12.0947 0 1.06385)
(-12.4465 0 0.791779)
(-12.6937 0 0.504313)
(-12.8241 0 0.20261)
(-12.8253 0 -0.111312)
(-12.6931 0 -0.434087)
(-12.4252 0 -0.763153)
(-12.0163 0 -1.10184)
(-11.4602 0 -1.45908)
(-10.7477 0 -1.84936)
(-9.86655 0 -2.29243)
(-8.80478 0 -2.81431)
(-7.54169 0 -3.44735)
(-6.05007 0 -4.2185)
(-4.63226 0 -5.05597)
(-0.543939 0 4.10956)
(-1.26172 0 4.17914)
(-2.13877 0 4.13078)
(-2.96503 0 4.04341)
(-3.78448 0 3.91968)
(-4.58927 0 3.76805)
(-5.37824 0 3.59442)
(-6.14903 0 3.40315)
(-6.89864 0 3.19694)
(-7.62312 0 2.97694)
(-8.31741 0 2.74304)
(-8.97515 0 2.49416)
(-9.58855 0 2.22865)
(-10.1483 0 1.94465)
(-10.6439 0 1.64054)
(-11.0634 0 1.31535)
(-11.3943 0 0.969202)
(-11.6244 0 0.603744)
(-11.7413 0 0.222413)
(-11.7331 0 -0.169741)
(-11.5998 0 -0.568275)
(-11.3419 0 -0.970815)
(-10.9579 0 -1.38036)
(-10.4466 0 -1.80678)
(-9.80425 0 -2.26601)
(-9.02691 0 -2.77839)
(-8.11586 0 -3.36588)
(-7.07281 0 -4.04642)
(-5.89941 0 -4.82599)
(-4.85122 0 -5.61857)
(-0.469653 0 4.89815)
(-1.08855 0 4.94429)
(-1.86148 0 4.86718)
(-2.58107 0 4.75209)
(-3.30039 0 4.60099)
(-4.00977 0 4.42231)
(-4.70968 0 4.22131)
(-5.39852 0 4.00173)
(-6.07378 0 3.76556)
(-6.73167 0 3.5132)
(-7.36701 0 3.24377)
(-7.97313 0 2.95544)
(-8.54181 0 2.64587)
(-9.0633 0 2.31265)
(-9.52643 0 1.95376)
(-9.91882 0 1.56799)
(-10.2274 0 1.15544)
(-10.439 0 0.718284)
(-10.5408 0 0.261378)
(-10.5209 0 -0.207827)
(-10.3848 0 -0.681196)
(-10.1352 0 -1.15334)
(-9.77495 0 -1.62726)
(-9.3071 0 -2.11409)
(-8.73202 0 -2.63093)
(-8.05115 0 -3.19718)
(-7.27401 0 -3.82926)
(-6.41744 0 -4.53269)
(-5.49914 0 -5.2964)
(-4.71827 0 -6.01964)
(-0.388337 0 5.56516)
(-0.895584 0 5.59752)
(-1.55084 0 5.49917)
(-2.15368 0 5.36331)
(-2.76484 0 5.19209)
(-3.37207 0 4.99408)
(-3.97725 0 4.7737)
(-4.57907 0 4.53385)
(-5.17516 0 4.27557)
(-5.76172 0 3.9983)
(-6.33342 0 3.70021)
(-6.8834 0 3.37858)
(-7.40319 0 3.03027)
(-7.88274 0 2.65218)
(-8.3105 0 2.24182)
(-8.67364 0 1.79781)
(-8.95832 0 1.32053)
(-9.15037 0 0.813295)
(-9.23583 0 0.283617)
(-9.203 0 -0.257198)
(-9.06361 0 -0.797747)
(-8.8224 0 -1.3301)
(-8.48654 0 -1.8572)
(-8.06271 0 -2.392)
(-7.55391 0 -2.95297)
(-6.96404 0 -3.5579)
(-6.30656 0 -4.21705)
(-5.60806 0 -4.92496)
(-4.8934 0 -5.65717)
(-4.31803 0 -6.30493)
(-0.303205 0 6.09982)
(-0.688907 0 6.12867)
(-1.21667 0 6.0174)
(-1.69481 0 5.86911)
(-2.1909 0 5.68636)
(-2.6896 0 5.47774)
(-3.19426 0 5.24661)
(-3.70351 0 4.99489)
(-4.21498 0 4.72252)
(-4.72475 0 4.42793)
(-5.22743 0 4.10834)
(-5.71613 0 3.76018)
(-6.18238 0 3.37953)
(-6.6161 0 2.96262)
(-7.00569 0 2.50648)
(-7.33808 0 2.00949)
(-7.59872 0 1.47211)
(-7.77171 0 0.898577)
(-7.84097 0 0.299298)
(-7.79455 0 -0.309592)
(-7.65214 0 -0.912268)
(-7.41984 0 -1.49703)
(-7.10959 0 -2.06728)
(-6.73099 0 -2.63901)
(-6.2881 0 -3.23283)
(-5.78489 0 -3.86477)
(-5.23518 0 -4.53859)
(-4.67149 0 -5.23851)
(-4.11841 0 -5.93004)
(-3.70957 0 -6.50362)
(-0.216377 0 6.49437)
(-0.47244 0 6.53035)
(-0.865503 0 6.4147)
(-1.21246 0 6.26301)
(-1.58763 0 6.07804)
(-1.97205 0 5.86813)
(-2.37081 0 5.63527)
(-2.78216 0 5.38028)
(-3.20364 0 5.10197)
(-3.63112 0 4.79776)
(-4.05924 0 4.4641)
(-4.4813 0 4.09659)
(-4.88914 0 3.69056)
(-5.27307 0 3.24153)
(-5.62181 0 2.74588)
(-5.92246 0 2.20151)
(-6.15976 0 1.60873)
(-6.31514 0 0.972447)
(-6.36865 0 0.306406)
(-6.30814 0 -0.366824)
(-6.16416 0 -1.02596)
(-5.94265 0 -1.65449)
(-5.66012 0 -2.25726)
(-5.3282 0 -2.85496)
(-4.9507 0 -3.47149)
(-4.53016 0 -4.12129)
(-4.07803 0 -4.80139)
(-3.63074 0 -5.48592)
(-3.20504 0 -6.13218)
(-2.93668 0 -6.63488)
(-0.129487 0 6.74331)
(-0.248912 0 6.79717)
(-0.502191 0 6.68561)
(-0.712535 0 6.53989)
(-0.962106 0 6.36237)
(-1.22746 0 6.16084)
(-1.5159 0 5.93549)
(-1.82491 0 5.68592)
(-2.15175 0 5.40977)
(-2.49191 0 5.10355)
(-2.84006 0 4.76332)
(-3.18994 0 4.38389)
(-3.53395 0 3.95995)
(-3.86321 0 3.48632)
(-4.16727 0 2.95853)
(-4.43404 0 2.37359)
(-4.64811 0 1.73122)
(-4.78744 0 1.03634)
(-4.82585 0 0.305908)
(-4.75216 0 -0.428961)
(-4.61094 0 -1.13861)
(-4.4052 0 -1.80153)
(-4.15448 0 -2.42609)
(-3.87106 0 -3.03952)
(-3.55766 0 -3.67005)
(-3.2153 0 -4.33078)
(-2.85144 0 -5.01177)
(-2.50582 0 -5.67748)
(-2.18083 0 -6.27741)
(-2.03265 0 -6.71241)
(-0.0443889 0 6.84367)
(-0.0207574 0 6.9256)
(-0.130764 0 6.82695)
(-0.199781 0 6.69658)
(-0.320421 0 6.53655)
(-0.463204 0 6.35319)
(-0.638402 0 6.14436)
(-0.842113 0 5.90834)
(-1.07115 0 5.64182)
(-1.32001 0 5.34132)
(-1.58331 0 5.00176)
(-1.85547 0 4.61765)
(-2.12948 0 4.18324)
(-2.39751 0 3.69272)
(-2.65061 0 3.14044)
(-2.87855 0 2.52196)
(-3.06722 0 1.83601)
(-3.19047 0 1.08767)
(-3.21199 0 0.297211)
(-3.12641 0 -0.495424)
(-2.99868 0 -1.24705)
(-2.81961 0 -1.93406)
(-2.60863 0 -2.57045)
(-2.37688 0 -3.19116)
(-2.12573 0 -3.82941)
(-1.85591 0 -4.49705)
(-1.57123 0 -5.17627)
(-1.31417 0 -5.82246)
(-1.07129 0 -6.37719)
(-1.02276 0 -6.74688)
(0.0391724 0 6.79444)
(0.207675 0 6.90991)
(0.247225 0 6.83509)
(0.319341 0 6.72956)
(0.330392 0 6.59842)
(0.311505 0 6.4443)
(0.251263 0 6.26256)
(0.155014 0 6.05007)
(0.0268601 0 5.80237)
(-0.129951 0 5.51117)
(-0.305442 0 5.17865)
(-0.495373 0 4.79627)
(-0.693359 0 4.35811)
(-0.892571 0 3.85813)
(-1.0858 0 3.28979)
(-1.26603 0 2.64684)
(-1.42294 0 1.92658)
(-1.52312 0 1.13372)
(-1.51195 0 0.289415)
(-1.42546 0 -0.556192)
(-1.33054 0 -1.34107)
(-1.19597 0 -2.04418)
(-1.03722 0 -2.68572)
(-0.86258 0 -3.30867)
(-0.672368 0 -3.95113)
(-0.468405 0 -4.62375)
(-0.253846 0 -5.30091)
(-0.071032 0 -5.92953)
(0.100126 0 -6.44005)
(0.0740809 0 -6.74614)
(0.126562 0 6.59243)
(0.439785 0 6.74923)
(0.632657 0 6.70801)
(0.842956 0 6.6366)
(0.985734 0 6.54553)
(1.08706 0 6.43051)
(1.13861 0 6.28422)
(1.14723 0 6.10209)
(1.11876 0 5.87985)
(1.05758 0 5.60934)
(0.971824 0 5.29061)
(0.867566 0 4.91726)
(0.750792 0 4.48346)
(0.627605 0 3.98356)
(0.50422 0 3.41135)
(0.385871 0 2.76013)
(0.274431 0 2.02505)
(0.206438 0 1.2037)
(0.267533 0 0.30321)
(0.334128 0 -0.592376)
(0.379169 0 -1.40591)
(0.451325 0 -2.12382)
(0.545062 0 -2.77119)
(0.656683 0 -3.39763)
(0.786472 0 -4.04405)
(0.931198 0 -4.71822)
(1.08331 0 -5.38701)
(1.2067 0 -5.99429)
(1.31706 0 -6.46879)
(1.24217 0 -6.72161)
(0.225943 0 6.22971)
(0.681353 0 6.44713)
(1.02662 0 6.44487)
(1.37331 0 6.41916)
(1.6453 0 6.38186)
(1.86018 0 6.31696)
(2.01683 0 6.2144)
(2.12445 0 6.06895)
(2.19077 0 5.87668)
(2.2215 0 5.63055)
(2.22383 0 5.32909)
(2.20464 0 4.96752)
(2.17007 0 4.54053)
(2.12598 0 4.04282)
(2.07827 0 3.46877)
(2.03207 0 2.81237)
(1.98976 0 2.06777)
(1.97869 0 1.23412)
(2.0348 0 0.333672)
(2.0778 0 -0.5753)
(2.0823 0 -1.41124)
(2.0895 0 -2.14738)
(2.11372 0 -2.80782)
(2.16073 0 -3.44425)
(2.23401 0 -4.09929)
(2.32903 0 -4.77879)
(2.43332 0 -5.44548)
(2.5117 0 -6.03668)
(2.5746 0 -6.478)
(2.46003 0 -6.68515)
(0.34635 0 5.69932)
(0.939732 0 6.02984)
(1.42819 0 6.05687)
(1.91509 0 6.08853)
(2.31099 0 6.11874)
(2.62861 0 6.11401)
(2.87961 0 6.06226)
(3.07712 0 5.95889)
(3.2305 0 5.80068)
(3.34665 0 5.58233)
(3.43235 0 5.30162)
(3.49442 0 4.95486)
(3.539 0 4.53748)
(3.57168 0 4.0446)
(3.59786 0 3.47105)
(3.62215 0 2.81135)
(3.64692 0 2.05972)
(3.68223 0 1.21846)
(3.73899 0 0.314455)
(3.76363 0 -0.5839)
(3.73278 0 -1.41008)
(3.68365 0 -2.14485)
(3.6448 0 -2.81297)
(3.63456 0 -3.46256)
(3.66144 0 -4.13145)
(3.7189 0 -4.81944)
(3.78808 0 -5.48386)
(3.83197 0 -6.05821)
(3.85678 0 -6.46829)
(3.70647 0 -6.63587)
(9.99576 0 0.141512)
(9.98167 0 0.280957)
(9.95679 0 0.420542)
(9.92226 0 0.562284)
(9.87901 0 0.707908)
(9.82745 0 0.858988)
(9.76782 0 1.01707)
(9.70039 0 1.18365)
(9.62541 0 1.36022)
(9.54316 0 1.54824)
(9.45389 0 1.74924)
(9.35783 0 1.96475)
(9.2552 0 2.19642)
(9.14622 0 2.44596)
(9.03107 0 2.71528)
(8.9099 0 3.0065)
(8.7828 0 3.32201)
(8.64983 0 3.66467)
(8.51093 0 4.0379)
(8.36598 0 4.44595)
(8.21477 0 4.89429)
(8.05702 0 5.39009)
(7.89255 0 5.94316)
(7.72148 0 6.56722)
(7.54497 0 7.28248)
(7.36801 0 8.12015)
(7.20434 0 9.13208)
(7.14377 0 10.4083)
(7.58801 0 12.088)
(7.78456 0 14.7339)
(9.99625 0 0.146641)
(9.98379 0 0.291128)
(9.96181 0 0.435716)
(9.93136 0 0.582458)
(9.89332 0 0.733096)
(9.84814 0 0.889214)
(9.79611 0 1.05236)
(9.73754 0 1.22405)
(9.67278 0 1.40575)
(9.60219 0 1.59895)
(9.52615 0 1.80514)
(9.44503 0 2.02586)
(9.35924 0 2.26274)
(9.26918 0 2.5175)
(9.17533 0 2.79202)
(9.07817 0 3.08842)
(8.97826 0 3.4091)
(8.87623 0 3.75686)
(8.77285 0 4.13511)
(8.66911 0 4.548)
(8.56643 0 5.0008)
(8.46689 0 5.50032)
(8.37387 0 6.05551)
(8.29321 0 6.67841)
(8.23549 0 7.38539)
(8.22189 0 8.1985)
(8.29007 0 9.14574)
(8.49311 0 10.2568)
(9.09509 0 11.4712)
(9.52452 0 12.4914)
(9.99676 0 0.151242)
(9.98599 0 0.300246)
(9.96702 0 0.449298)
(9.9408 0 0.600474)
(9.90817 0 0.755522)
(9.86957 0 0.916025)
(9.82535 0 1.08352)
(9.77589 0 1.25952)
(9.72161 0 1.44546)
(9.66296 0 1.64282)
(9.60044 0 1.85305)
(9.53456 0 2.07766)
(9.4659 0 2.31823)
(9.39511 0 2.57642)
(9.3229 0 2.85406)
(9.25011 0 3.15315)
(9.17774 0 3.47596)
(9.10698 0 3.82512)
(9.03935 0 4.20372)
(8.97687 0 4.61548)
(8.92227 0 5.06491)
(8.87947 0 5.55754)
(8.85428 0 6.10013)
(8.85554 0 6.70073)
(8.89673 0 7.36824)
(8.99843 0 8.11051)
(9.18926 0 8.92829)
(9.47422 0 9.80898)
(9.97567 0 10.6998)
(10.5583 0 11.3906)
(9.99728 0 0.15526)
(9.98826 0 0.3082)
(9.97238 0 0.461117)
(9.95051 0 0.616094)
(9.92341 0 0.774876)
(9.89155 0 0.939032)
(9.85531 0 1.11008)
(9.81514 0 1.2895)
(9.77152 0 1.47871)
(9.725 0 1.67913)
(9.67617 0 1.89216)
(9.62569 0 2.11925)
(9.57429 0 2.36189)
(9.52284 0 2.62164)
(9.47229 0 2.90019)
(9.42381 0 3.19937)
(9.37876 0 3.5212)
(9.33883 0 3.86798)
(9.30614 0 4.24231)
(9.28343 0 4.64717)
(9.27434 0 5.08597)
(9.28376 0 5.56253)
(9.31838 0 6.08095)
(9.38734 0 6.64516)
(9.50271 0 7.25788)
(9.67968 0 7.91884)
(9.93866 0 8.62125)
(10.2845 0 9.35152)
(10.7811 0 10.1022)
(11.4778 0 10.7673)
(9.99782 0 0.158647)
(9.99057 0 0.314895)
(9.97785 0 0.471033)
(9.96041 0 0.629136)
(9.93893 0 0.790932)
(9.91391 0 0.957965)
(9.88576 0 1.13173)
(9.85497 0 1.31364)
(9.82209 0 1.50509)
(9.78776 0 1.70742)
(9.75265 0 1.92196)
(9.71755 0 2.15006)
(9.68335 0 2.3931)
(9.65106 0 2.65249)
(9.62187 0 2.92973)
(9.59718 0 3.2264)
(9.57868 0 3.54421)
(9.5684 0 3.88499)
(9.56886 0 4.25073)
(9.58324 0 4.64357)
(9.61555 0 5.0657)
(9.67095 0 5.51926)
(9.75599 0 6.00603)
(9.87895 0 6.52697)
(10.0499 0 7.08143)
(10.2808 0 7.66624)
(10.5873 0 8.27457)
(10.9789 0 8.89398)
(11.4785 0 9.51678)
(12.1617 0 10.0734)
(9.99836 0 0.161358)
(9.99291 0 0.32024)
(9.98339 0 0.478912)
(9.97041 0 0.639425)
(9.95461 0 0.803476)
(9.93646 0 0.972574)
(9.91642 0 1.14816)
(9.89502 0 1.33161)
(9.87287 0 1.52424)
(9.85067 0 1.7273)
(9.82917 0 1.94204)
(9.80925 0 2.16968)
(9.79193 0 2.41145)
(9.77836 0 2.66859)
(9.76989 0 2.94235)
(9.7681 0 3.23403)
(9.77487 0 3.54495)
(9.79243 0 3.87645)
(9.82352 0 4.22987)
(9.87144 0 4.60648)
(9.94022 0 5.00735)
(10.0348 0 5.43321)
(10.1611 0 5.88411)
(10.3262 0 6.35907)
(10.5382 0 6.85554)
(10.8063 0 7.36875)
(11.1408 0 7.89102)
(11.549 0 8.40901)
(12.0324 0 8.90928)
(12.6638 0 9.35342)
(9.9989 0 0.163352)
(9.99526 0 0.324156)
(9.98894 0 0.484638)
(9.98044 0 0.646806)
(9.9703 0 0.81232)
(9.959 0 0.982636)
(9.94703 0 1.15914)
(9.93495 0 1.34314)
(9.9234 0 1.53586)
(9.91313 0 1.73847)
(9.90497 0 1.95209)
(9.89986 0 2.17781)
(9.89891 0 2.41668)
(9.90335 0 2.66974)
(9.91465 0 2.93798)
(9.93447 0 3.22238)
(9.9648 0 3.52386)
(10.0079 0 3.84326)
(10.0666 0 4.1813)
(10.144 0 4.53845)
(10.244 0 4.91487)
(10.3709 0 5.31016)
(10.5298 0 5.72317)
(10.7264 0 6.15164)
(10.9669 0 6.59187)
(11.2573 0 7.03819)
(11.6037 0 7.48265)
(12.0103 0 7.91362)
(12.4722 0 8.31898)
(13.0562 0 8.68016)
(9.99944 0 0.164592)
(9.9976 0 0.326572)
(9.99446 0 0.488105)
(9.9904 0 0.651147)
(9.98587 0 0.817302)
(9.98135 0 0.987967)
(9.97732 0 1.16446)
(9.97438 0 1.348)
(9.9732 0 1.53973)
(9.97455 0 1.74071)
(9.9793 0 1.95192)
(9.98845 0 2.1743)
(10.0031 0 2.40871)
(10.0247 0 2.65598)
(10.0545 0 2.91683)
(10.0944 0 3.19192)
(10.1462 0 3.48178)
(10.2123 0 3.78678)
(10.2952 0 4.10708)
(10.398 0 4.44251)
(10.5238 0 4.79248)
(10.6766 0 5.15581)
(10.8602 0 5.53055)
(11.0791 0 5.91374)
(11.3375 0 6.30118)
(11.6393 0 6.68721)
(11.9877 0 7.06468)
(12.3847 0 7.42458)
(12.824 0 7.75743)
(13.3646 0 8.05299)
(9.99997 0 0.165049)
(9.9999 0 0.327429)
(9.9999 0 0.48923)
(10.0002 0 0.652339)
(10.0012 0 0.818296)
(10.0033 0 0.988426)
(10.007 0 1.16397)
(10.013 0 1.34606)
(10.0218 0 1.53572)
(10.0343 0 1.7339)
(10.0514 0 1.94146)
(10.0741 0 2.15915)
(10.1035 0 2.38766)
(10.141 0 2.62759)
(10.1879 0 2.8794)
(10.246 0 3.14344)
(10.3171 0 3.4199)
(10.4034 0 3.70872)
(10.5071 0 4.00962)
(10.6309 0 4.32191)
(10.7776 0 4.64448)
(10.9502 0 4.97565)
(11.1517 0 5.31301)
(11.3853 0 5.65335)
(11.6537 0 5.9925)
(11.9592 0 6.3253)
(12.3031 0 6.64568)
(12.6861 0 6.94667)
(13.1015 0 7.22085)
(13.6012 0 7.46176)
(10.0005 0 0.164699)
(10.0022 0 0.32668)
(10.0052 0 0.487945)
(10.0098 0 0.6503)
(10.0161 0 0.815207)
(10.0247 0 0.983916)
(10.0359 0 1.15758)
(10.0503 0 1.33722)
(10.0688 0 1.52378)
(10.0919 0 1.71806)
(10.1207 0 1.92078)
(10.1561 0 2.13254)
(10.1991 0 2.35383)
(10.2512 0 2.58505)
(10.3136 0 2.82641)
(10.388 0 3.07799)
(10.476 0 3.33967)
(10.5795 0 3.61106)
(10.7006 0 3.89151)
(10.8414 0 4.18)
(11.0043 0 4.47506)
(11.1914 0 4.77472)
(11.405 0 5.07645)
(11.6472 0 5.37703)
(11.9196 0 5.67262)
(12.2233 0 5.9587)
(12.5584 0 6.23022)
(12.9245 0 6.48175)
(13.3155 0 6.70763)
(13.7772 0 6.90366)
(10.001 0 0.163524)
(10.0043 0 0.324294)
(10.0104 0 0.484207)
(10.019 0 0.644976)
(10.0305 0 0.807983)
(10.0452 0 0.974388)
(10.0636 0 1.14525)
(10.0862 0 1.3215)
(10.1137 0 1.50394)
(10.1468 0 1.69327)
(10.1864 0 1.89006)
(10.2335 0 2.09476)
(10.2891 0 2.30769)
(10.3543 0 2.52902)
(10.4305 0 2.75878)
(10.5191 0 2.99681)
(10.6216 0 3.24272)
(10.7395 0 3.4959)
(10.8747 0 3.75542)
(11.0288 0 4.02004)
(11.2036 0 4.2881)
(11.4007 0 4.55756)
(11.6216 0 4.82588)
(11.8676 0 5.09008)
(12.1394 0 5.3467)
(12.4373 0 5.59193)
(12.7607 0 5.82165)
(13.1086 0 6.03167)
(13.4755 0 6.21777)
(13.9022 0 6.37719)
(10.0015 0 0.161516)
(10.0064 0 0.320251)
(10.0153 0 0.47799)
(10.0279 0 0.636345)
(10.0443 0 0.796606)
(10.0649 0 0.959842)
(10.09 0 1.12701)
(10.1202 0 1.29894)
(10.1562 0 1.47633)
(10.1986 0 1.65975)
(10.2482 0 1.84962)
(10.3059 0 2.04626)
(10.3727 0 2.24982)
(10.4496 0 2.46032)
(10.5378 0 2.67758)
(10.6385 0 2.90127)
(10.7531 0 3.13082)
(10.8827 0 3.36541)
(11.0289 0 3.60397)
(11.1929 0 3.84513)
(11.376 0 4.08719)
(11.5792 0 4.32812)
(11.8035 0 4.56554)
(12.0495 0 4.79675)
(12.3173 0 5.01878)
(12.6066 0 5.22844)
(12.9165 0 5.42246)
(13.2456 0 5.59762)
(13.5892 0 5.75081)
(13.9839 0 5.88017)
(10.0019 0 0.158671)
(10.0084 0 0.314547)
(10.02 0 0.469295)
(10.0363 0 0.624414)
(10.0574 0 0.781099)
(10.0834 0 0.940324)
(10.1149 0 1.10295)
(10.1522 0 1.2697)
(10.1959 0 1.44116)
(10.2468 0 1.61777)
(10.3054 0 1.79985)
(10.3726 0 1.98757)
(10.4493 0 2.18096)
(10.5364 0 2.37987)
(10.6349 0 2.584)
(10.7457 0 2.79285)
(10.8701 0 3.00573)
(11.0089 0 3.22172)
(11.1633 0 3.43966)
(11.3341 0 3.65815)
(11.5223 0 3.87551)
(11.7285 0 4.08983)
(11.953 0 4.29895)
(12.1961 0 4.5005)
(12.4574 0 4.69197)
(12.7364 0 4.87076)
(13.0318 0 5.03428)
(13.3422 0 5.18009)
(13.6634 0 5.3059)
(14.0286 0 5.41047)
(10.0024 0 0.154993)
(10.0103 0 0.307194)
(10.0244 0 0.45814)
(10.0442 0 0.609217)
(10.0696 0 0.761522)
(10.1007 0 0.915929)
(10.138 0 1.0732)
(10.1818 0 1.23396)
(10.2327 0 1.39869)
(10.2911 0 1.56772)
(10.3578 0 1.74125)
(10.4334 0 1.91935)
(10.5187 0 2.10191)
(10.6144 0 2.28868)
(10.7214 0 2.47926)
(10.8405 0 2.67304)
(10.9725 0 2.86925)
(11.1182 0 3.06691)
(11.2783 0 3.26485)
(11.4534 0 3.4617)
(11.6441 0 3.65587)
(11.8505 0 3.84562)
(12.0729 0 4.02902)
(12.3108 0 4.20407)
(12.564 0 4.36866)
(12.8313 0 4.52069)
(13.1118 0 4.65816)
(13.4038 0 4.77921)
(13.7037 0 4.88218)
(14.0417 0 4.96625)
(10.0028 0 0.150494)
(10.012 0 0.298214)
(10.0285 0 0.444566)
(10.0515 0 0.590819)
(10.0809 0 0.737967)
(10.1167 0 0.88679)
(10.1593 0 1.03796)
(10.209 0 1.19199)
(10.2663 0 1.34926)
(10.3315 0 1.51003)
(10.4052 0 1.67438)
(10.4881 0 1.84228)
(10.5806 0 2.01354)
(10.6835 0 2.18782)
(10.7974 0 2.36464)
(10.9229 0 2.54333)
(11.0606 0 2.72309)
(11.2111 0 2.90292)
(11.3747 0 3.0817)
(11.5519 0 3.25811)
(11.7429 0 3.43071)
(11.9475 0 3.59794)
(12.1657 0 3.75814)
(12.397 0 3.9096)
(12.6408 0 4.05061)
(12.8959 0 4.17951)
(13.1613 0 4.29473)
(13.4355 0 4.39488)
(13.7154 0 4.47877)
(14.0283 0 4.54587)
(10.0032 0 0.145191)
(10.0137 0 0.287644)
(10.0322 0 0.428632)
(10.0582 0 0.569306)
(10.0913 0 0.71056)
(10.1314 0 0.85308)
(10.1788 0 0.997441)
(10.2337 0 1.14407)
(10.2966 0 1.29327)
(10.3677 0 1.44518)
(10.4475 0 1.59983)
(10.5365 0 1.75711)
(10.6351 0 1.91674)
(10.7438 0 2.07834)
(10.863 0 2.24137)
(10.9933 0 2.40515)
(11.135 0 2.56886)
(11.2884 0 2.73154)
(11.4538 0 2.89213)
(11.6312 0 3.04941)
(11.8206 0 3.2021)
(12.0219 0 3.34883)
(12.2345 0 3.48819)
(12.4581 0 3.61876)
(12.6917 0 3.73916)
(12.9343 0 3.84807)
(13.1849 0 3.9443)
(13.4419 0 4.02682)
(13.7029 0 4.09477)
(13.9927 0 4.14785)
(10.0035 0 0.139108)
(10.0151 0 0.275532)
(10.0357 0 0.410415)
(10.0644 0 0.54479)
(10.1007 0 0.679454)
(10.1446 0 0.815)
(10.1962 0 0.951918)
(10.2558 0 1.09055)
(10.3235 0 1.23112)
(10.3997 0 1.37371)
(10.4847 0 1.51826)
(10.5787 0 1.66459)
(10.6822 0 1.81241)
(10.7954 0 1.96129)
(10.9186 0 2.11065)
(11.0522 0 2.25984)
(11.1964 0 2.40805)
(11.3512 0 2.55438)
(11.5167 0 2.69784)
(11.6928 0 2.83735)
(11.8794 0 2.97178)
(12.076 0 3.09995)
(12.2822 0 3.22068)
(12.4972 0 3.3328)
(12.7203 0 3.43522)
(12.9505 0 3.5269)
(13.1866 0 3.60694)
(13.4274 0 3.6746)
(13.6707 0 3.72926)
(13.9392 0 3.77079)
(10.0038 0 0.132271)
(10.0164 0 0.261933)
(10.0387 0 0.390003)
(10.0698 0 0.517398)
(10.1091 0 0.644819)
(10.1563 0 0.772777)
(10.2117 0 0.901678)
(10.2753 0 1.0318)
(10.3472 0 1.16327)
(10.4277 0 1.29614)
(10.5168 0 1.43029)
(10.6149 0 1.5655)
(10.7222 0 1.70144)
(10.8388 0 1.83766)
(10.9648 0 1.97362)
(11.1005 0 2.10864)
(11.2458 0 2.242)
(11.4007 0 2.37284)
(11.5651 0 2.50029)
(11.7388 0 2.62339)
(11.9214 0 2.74115)
(12.1126 0 2.85259)
(12.3116 0 2.95673)
(12.5177 0 3.05262)
(12.7303 0 3.13938)
(12.9482 0 3.21624)
(13.1704 0 3.28252)
(13.3959 0 3.33767)
(13.6227 0 3.38129)
(13.8716 0 3.41334)
(10.0041 0 0.124711)
(10.0176 0 0.246912)
(10.0415 0 0.367496)
(10.0747 0 0.48727)
(10.1165 0 0.606846)
(10.1667 0 0.726652)
(10.2253 0 0.847024)
(10.2923 0 0.968169)
(10.3677 0 1.09018)
(10.4517 0 1.21302)
(10.5442 0 1.33656)
(10.6455 0 1.46055)
(10.7556 0 1.58464)
(10.8745 0 1.7084)
(11.0022 0 1.83128)
(11.1389 0 1.95267)
(11.2843 0 2.07187)
(11.4382 0 2.18815)
(11.6006 0 2.30071)
(11.771 0 2.40871)
(11.949 0 2.51133)
(12.134 0 2.60774)
(12.3255 0 2.69714)
(12.5227 0 2.77877)
(12.7247 0 2.85195)
(12.9308 0 2.91609)
(13.1399 0 2.97069)
(13.351 0 3.01536)
(13.5626 0 3.04984)
(13.7936 0 3.07417)
(10.0043 0 0.116464)
(10.0187 0 0.230537)
(10.0439 0 0.343)
(10.079 0 0.454555)
(10.123 0 0.565728)
(10.1757 0 0.676876)
(10.237 0 0.788268)
(10.3068 0 0.900053)
(10.3852 0 1.01227)
(10.4719 0 1.12487)
(10.5672 0 1.23767)
(10.6708 0 1.35043)
(10.7828 0 1.46279)
(10.9032 0 1.57433)
(11.0318 0 1.68455)
(11.1685 0 1.79287)
(11.3131 0 1.89868)
(11.4654 0 2.0013)
(11.6249 0 2.10006)
(11.7914 0 2.19424)
(11.9642 0 2.28315)
(12.1429 0 2.36609)
(12.3267 0 2.44243)
(12.515 0 2.51157)
(12.707 0 2.57299)
(12.9018 0 2.62623)
(13.0985 0 2.67094)
(13.2963 0 2.70686)
(13.4938 0 2.73383)
(13.7085 0 2.75193)
(10.0045 0 0.107561)
(10.0196 0 0.212878)
(10.046 0 0.316622)
(10.0827 0 0.419404)
(10.1286 0 0.521666)
(10.1834 0 0.6237)
(10.247 0 0.725714)
(10.3192 0 0.827812)
(10.3998 0 0.929998)
(10.4888 0 1.03218)
(10.586 0 1.13419)
(10.6913 0 1.23577)
(10.8045 0 1.33657)
(10.9256 0 1.4362)
(11.0543 0 1.5342)
(11.1904 0 1.63005)
(11.3336 0 1.72321)
(11.4836 0 1.81309)
(11.6398 0 1.8991)
(11.802 0 1.98064)
(11.9694 0 2.05715)
(12.1417 0 2.12805)
(12.318 0 2.19284)
(12.4976 0 2.25105)
(12.68 0 2.30229)
(12.8642 0 2.34622)
(13.0494 0 2.38259)
(13.235 0 2.41124)
(13.4197 0 2.43208)
(13.6196 0 2.44522)
(10.0047 0 0.0980378)
(10.0203 0 0.194001)
(10.0478 0 0.28847)
(10.0859 0 0.381964)
(10.1334 0 0.474853)
(10.19 0 0.567364)
(10.2554 0 0.659657)
(10.3295 0 0.751793)
(10.4119 0 0.843749)
(10.5025 0 0.935422)
(10.6011 0 1.02663)
(10.7075 0 1.11712)
(10.8214 0 1.20658)
(10.9426 0 1.29465)
(11.0709 0 1.3809)
(11.2058 0 1.46488)
(11.3471 0 1.54612)
(11.4943 0 1.62411)
(11.647 0 1.69836)
(11.8047 0 1.76837)
(11.9667 0 1.83367)
(12.1326 0 1.89382)
(12.3016 0 1.94839)
(12.4732 0 1.99706)
(12.6465 0 2.0395)
(12.8209 0 2.07548)
(12.9956 0 2.10485)
(13.17 0 2.12749)
(13.3431 0 2.14337)
(13.5298 0 2.15262)
(10.0049 0 0.0879222)
(10.021 0 0.173968)
(10.0494 0 0.25864)
(10.0886 0 0.342375)
(10.1375 0 0.425471)
(10.1955 0 0.508098)
(10.2625 0 0.590367)
(10.338 0 0.672309)
(10.4218 0 0.753881)
(10.5136 0 0.83497)
(10.6131 0 0.915399)
(10.7201 0 0.994932)
(10.8341 0 1.07328)
(10.955 0 1.15012)
(11.0824 0 1.22508)
(11.2158 0 1.29777)
(11.3549 0 1.36778)
(11.4992 0 1.43469)
(11.6482 0 1.49808)
(11.8014 0 1.55756)
(11.9582 0 1.61273)
(12.118 0 1.66324)
(12.2802 0 1.70879)
(12.4441 0 1.74909)
(12.6091 0 1.78394)
(12.7745 0 1.81316)
(12.9398 0 1.83664)
(13.1042 0 1.85434)
(13.2669 0 1.86625)
(13.4418 0 1.87251)
(10.005 0 0.0772367)
(10.0216 0 0.152829)
(10.0508 0 0.227217)
(10.091 0 0.300762)
(10.141 0 0.373688)
(10.2002 0 0.446111)
(10.2683 0 0.518101)
(10.3449 0 0.589664)
(10.4297 0 0.660744)
(10.5223 0 0.731224)
(10.6224 0 0.800938)
(10.7295 0 0.869669)
(10.8434 0 0.937163)
(10.9637 0 1.00313)
(11.0899 0 1.06725)
(11.2216 0 1.1292)
(11.3584 0 1.18863)
(11.4997 0 1.2452)
(11.6451 0 1.29855)
(11.7939 0 1.34838)
(11.9457 0 1.39437)
(12.0998 0 1.43625)
(12.2557 0 1.47378)
(12.4127 0 1.50676)
(12.5702 0 1.53503)
(12.7276 0 1.55848)
(12.8844 0 1.57705)
(13.0399 0 1.59071)
(13.1935 0 1.59949)
(13.3581 0 1.60351)
(10.0052 0 0.06599)
(10.0222 0 0.13061)
(10.052 0 0.194264)
(10.0931 0 0.257227)
(10.144 0 0.319635)
(10.2042 0 0.381546)
(10.2732 0 0.443)
(10.3506 0 0.503986)
(10.4361 0 0.564443)
(10.5292 0 0.624259)
(10.6295 0 0.683284)
(10.7366 0 0.741326)
(10.8501 0 0.798166)
(10.9695 0 0.853558)
(11.0944 0 0.907236)
(11.2243 0 0.958924)
(11.3588 0 1.00834)
(11.4972 0 1.0552)
(11.6392 0 1.09923)
(11.784 0 1.14018)
(11.9312 0 1.17781)
(12.0801 0 1.21191)
(12.2303 0 1.2423)
(12.3811 0 1.26883)
(12.532 0 1.29139)
(12.6824 0 1.30991)
(12.8317 0 1.32435)
(12.9796 0 1.33472)
(13.1253 0 1.34104)
(13.281 0 1.34345)
(10.0053 0 0.0541634)
(10.0228 0 0.107303)
(10.0533 0 0.159828)
(10.0951 0 0.211904)
(10.1467 0 0.26355)
(10.2076 0 0.314763)
(10.2773 0 0.365552)
(10.3554 0 0.415889)
(10.4413 0 0.465707)
(10.5347 0 0.5149)
(10.635 0 0.563337)
(10.7418 0 0.610854)
(10.8547 0 0.657271)
(10.9732 0 0.702383)
(11.0968 0 0.745979)
(11.225 0 0.787834)
(11.3572 0 0.827727)
(11.493 0 0.865436)
(11.6318 0 0.900751)
(11.7731 0 0.933475)
(11.9162 0 0.963429)
(12.0606 0 0.990455)
(12.2059 0 1.01442)
(12.3513 0 1.03523)
(12.4965 0 1.05279)
(12.6408 0 1.06708)
(12.7839 0 1.07806)
(12.9252 0 1.08576)
(13.0642 0 1.09021)
(13.2124 0 1.09153)
(10.0055 0 0.0416753)
(10.0235 0 0.0828046)
(10.0548 0 0.123761)
(10.0973 0 0.164498)
(10.1496 0 0.204926)
(10.2111 0 0.245027)
(10.2813 0 0.284803)
(10.3598 0 0.32422)
(10.446 0 0.363207)
(10.5394 0 0.401669)
(10.6396 0 0.439492)
(10.7461 0 0.476543)
(10.8584 0 0.512675)
(10.976 0 0.547725)
(11.0983 0 0.581527)
(11.2249 0 0.613906)
(11.3551 0 0.644692)
(11.4886 0 0.673716)
(11.6247 0 0.700822)
(11.7628 0 0.725861)
(11.9025 0 0.748703)
(12.0431 0 0.769236)
(12.1842 0 0.787365)
(12.3252 0 0.803019)
(12.4657 0 0.81615)
(12.6051 0 0.826731)
(12.743 0 0.834757)
(12.879 0 0.840246)
(13.0126 0 0.843234)
(13.1548 0 0.843808)
(10.0058 0 0.0283405)
(10.0246 0 0.0574547)
(10.0566 0 0.0871429)
(10.0997 0 0.116751)
(10.1525 0 0.146064)
(10.2144 0 0.1751)
(10.285 0 0.203879)
(10.3637 0 0.232364)
(10.4501 0 0.260496)
(10.5436 0 0.288206)
(10.6437 0 0.315412)
(10.7498 0 0.342021)
(10.8615 0 0.367927)
(10.9782 0 0.393019)
(11.0995 0 0.417177)
(11.2247 0 0.44028)
(11.3534 0 0.462208)
(11.4849 0 0.482846)
(11.6188 0 0.502084)
(11.7544 0 0.51982)
(11.8913 0 0.535966)
(12.0289 0 0.550445)
(12.1668 0 0.563195)
(12.3043 0 0.574171)
(12.441 0 0.58334)
(12.5765 0 0.590689)
(12.7104 0 0.596218)
(12.8422 0 0.599943)
(12.9716 0 0.601893)
(13.109 0 0.602137)
(10.007 0 0.0118842)
(10.0278 0 0.0277319)
(10.0609 0 0.0453725)
(10.1044 0 0.0632135)
(10.1573 0 0.0809413)
(10.2194 0 0.0985957)
(10.2901 0 0.116174)
(10.3689 0 0.133616)
(10.4552 0 0.150857)
(10.5485 0 0.16784)
(10.6483 0 0.184504)
(10.754 0 0.200785)
(10.8651 0 0.216615)
(10.9811 0 0.231921)
(11.1015 0 0.24663)
(11.2256 0 0.260666)
(11.353 0 0.273958)
(11.4831 0 0.286436)
(11.6153 0 0.298037)
(11.7492 0 0.308701)
(11.8841 0 0.318379)
(12.0195 0 0.327028)
(12.155 0 0.334614)
(12.29 0 0.341113)
(12.4242 0 0.346511)
(12.557 0 0.350804)
(12.688 0 0.353997)
(12.817 0 0.356106)
(12.9434 0 0.357155)
(13.0777 0 0.357202)
(9.99605 0 0.00115466)
(10.0076 0 0.00535669)
(10.0292 0 0.0107995)
(10.0603 0 0.0164497)
(10.1013 0 0.0221463)
(10.1519 0 0.0279141)
(10.2117 0 0.0337437)
(10.2799 0 0.0395995)
(10.3562 0 0.0454478)
(10.44 0 0.0512601)
(10.5307 0 0.0570096)
(10.6278 0 0.0626679)
(10.7307 0 0.0682057)
(10.8389 0 0.0735925)
(10.9518 0 0.0787974)
(11.0688 0 0.0837899)
(11.1894 0 0.08854)
(11.3129 0 0.0930193)
(11.4389 0 0.0972013)
(11.5666 0 0.101062)
(11.6957 0 0.10458)
(11.8254 0 0.107738)
(11.9554 0 0.110521)
(12.085 0 0.112919)
(12.2139 0 0.114925)
(12.3416 0 0.116537)
(12.4676 0 0.117754)
(12.5916 0 0.118581)
(12.7132 0 0.119024)
(12.8423 0 0.119115)
(9.30946 0 12.85)
(6.1459 0 10.3422)
(-0.629797 0 5.88108)
(10.0056 0 10.979)
(9.3314 0 9.50022)
(7.68929 0 7.7223)
(10.9935 0 11.0625)
(11.099 0 10.4646)
(10.7554 0 9.57915)
(11.9171 0 10.845)
(12.1905 0 10.6994)
(12.2327 0 10.3272)
(12.5652 0 10.2194)
(12.8903 0 10.2512)
(13.0936 0 10.1592)
(13.0346 0 9.50645)
(13.3721 0 9.60534)
(13.636 0 9.64155)
(13.3983 0 8.82044)
(13.7228 0 8.93255)
(13.9927 0 9.01165)
(13.6784 0 8.17152)
(13.9798 0 8.27262)
(14.2348 0 8.35489)
(13.8884 0 7.55878)
(14.1652 0 7.64303)
(14.4002 0 7.71481)
(14.0404 0 6.98241)
(14.2941 0 7.05076)
(14.5092 0 7.10954)
(14.1439 0 6.44078)
(14.3764 0 6.49549)
(14.5732 0 6.54225)
(14.2061 0 5.9312)
(14.4194 0 5.9745)
(14.5998 0 6.011)
(14.2331 0 5.4511)
(14.4291 0 5.48497)
(14.5947 0 5.51293)
(14.2301 0 4.99829)
(14.4105 0 5.02438)
(14.5627 0 5.04531)
(14.202 0 4.57082)
(14.3681 0 4.59052)
(14.5082 0 4.60569)
(14.1531 0 4.16696)
(14.3062 0 4.18143)
(14.4352 0 4.19193)
(14.0873 0 3.78512)
(14.2285 0 3.79537)
(14.3475 0 3.80212)
(14.0086 0 3.4238)
(14.139 0 3.43066)
(14.2488 0 3.43446)
(13.9204 0 3.08153)
(14.0409 0 3.08573)
(14.1424 0 3.08724)
(13.8261 0 2.75685)
(13.9378 0 2.759)
(14.0317 0 2.75881)
(13.7288 0 2.44824)
(13.8326 0 2.44887)
(13.9197 0 2.44746)
(13.6316 0 2.15423)
(13.7282 0 2.15376)
(13.8093 0 2.15155)
(13.537 0 1.87309)
(13.6273 0 1.8719)
(13.7031 0 1.86922)
(13.4476 0 1.60341)
(13.5323 0 1.60181)
(13.6035 0 1.59895)
(13.3655 0 1.3429)
(13.4455 0 1.34113)
(13.5127 0 1.33833)
(13.2928 0 1.0908)
(13.3688 0 1.08908)
(13.4327 0 1.08653)
(13.2318 0 0.843027)
(13.3046 0 0.841485)
(13.3657 0 0.839311)
(13.1834 0 0.6015)
(13.2538 0 0.600314)
(13.3129 0 0.598672)
(13.1502 0 0.356703)
(13.2188 0 0.355812)
(13.2763 0 0.354635)
(12.9121 0 0.118918)
(12.9781 0 0.118545)
(13.0334 0 0.118074)
(-1.27277 0 4.16814)
(1.19026 0 5.12644)
(1.837 0 5.41387)
(2.486 0 5.61202)
(3.00338 0 5.75115)
(3.41343 0 5.82341)
(3.74852 0 5.83055)
(4.02736 0 5.77419)
(4.2608 0 5.65391)
(4.45653 0 5.46672)
(4.62107 0 5.21051)
(4.7606 0 4.88235)
(4.88065 0 4.47845)
(4.98602 0 3.99457)
(5.08085 0 3.42624)
(5.16783 0 2.76911)
(5.24653 0 2.0204)
(5.31415 0 1.18899)
(5.36707 0 0.308891)
(5.35865 0 -0.564338)
(5.2884 0 -1.37476)
(5.19255 0 -2.10699)
(5.10687 0 -2.78619)
(5.05807 0 -3.45569)
(5.0569 0 -4.1449)
(5.0926 0 -4.8448)
(5.13915 0 -5.50702)
(5.15694 0 -6.06342)
(5.14953 0 -6.44259)
(4.96364 0 -6.57409)
(5.32064 0 5.60155)
(4.03649 0 4.8107)
(3.43085 0 4.78816)
(3.52538 0 5.02395)
(3.86904 0 5.26706)
(4.25371 0 5.43614)
(4.6211 0 5.51801)
(4.95514 0 5.51734)
(5.25308 0 5.4395)
(5.51729 0 5.28614)
(5.75171 0 5.05704)
(5.96072 0 4.7505)
(6.14836 0 4.36372)
(6.3179 0 3.89333)
(6.47146 0 3.33599)
(6.60903 0 2.68941)
(6.7265 0 1.95525)
(6.81445 0 1.14805)
(6.86497 0 0.303443)
(6.84178 0 -0.531964)
(6.75302 0 -1.31715)
(6.63549 0 -2.04445)
(6.53133 0 -2.73859)
(6.47236 0 -3.43474)
(6.46727 0 -4.14942)
(6.49824 0 -4.86217)
(6.53216 0 -5.51942)
(6.52809 0 -6.05397)
(6.48933 0 -6.39993)
(6.26375 0 -6.49606)
(9.52855 0 7.82072)
(8.05389 0 6.45022)
(6.70055 0 5.59122)
(5.85993 0 5.17567)
(5.51509 0 5.07047)
(5.5053 0 5.11402)
(5.68338 0 5.18099)
(5.94877 0 5.20607)
(6.24307 0 5.16336)
(6.53689 0 5.04377)
(6.81716 0 4.84412)
(7.07895 0 4.56257)
(7.32084 0 4.19713)
(7.54239 0 3.74561)
(7.74254 0 3.20632)
(7.91815 0 2.5796)
(8.06217 0 1.87128)
(8.16296 0 1.09953)
(8.21208 0 0.299259)
(8.18396 0 -0.492486)
(8.09427 0 -1.25078)
(7.98379 0 -1.97629)
(7.89711 0 -2.6912)
(7.86251 0 -3.4185)
(7.87912 0 -4.15856)
(7.91956 0 -4.87921)
(7.94573 0 -5.52403)
(7.91864 0 -6.02992)
(7.84483 0 -6.33877)
(7.57245 0 -6.39951)
(11.8016 0 9.15065)
(10.9391 0 7.92963)
(9.85482 0 6.89788)
(8.84645 0 6.11368)
(8.0676 0 5.58075)
(7.56811 0 5.26461)
(7.33627 0 5.0969)
(7.31708 0 4.99951)
(7.44103 0 4.90835)
(7.64829 0 4.78088)
(7.89661 0 4.59259)
(8.15912 0 4.33026)
(8.41936 0 3.98682)
(8.66678 0 3.55853)
(8.89337 0 3.04424)
(9.09107 0 2.44623)
(9.24998 0 1.77308)
(9.3582 0 1.04423)
(9.40818 0 0.291851)
(9.39089 0 -0.457797)
(9.32909 0 -1.19516)
(9.26507 0 -1.92696)
(9.23652 0 -2.66824)
(9.25716 0 -3.42558)
(9.31133 0 -4.18276)
(9.36372 0 -4.89903)
(9.3764 0 -5.5192)
(9.31702 0 -5.98729)
(9.19874 0 -6.25433)
(8.86938 0 -6.27971)
(13.1472 0 9.54478)
(12.8331 0 8.69662)
(12.2404 0 7.83137)
(11.5156 0 7.04296)
(10.7823 0 6.37039)
(10.1327 0 5.83036)
(9.63051 0 5.41787)
(9.30449 0 5.10728)
(9.14918 0 4.86002)
(9.1362 0 4.63454)
(9.22827 0 4.39448)
(9.38927 0 4.11239)
(9.58887 0 3.76975)
(9.80314 0 3.35545)
(10.0131 0 2.86451)
(10.2029 0 2.29785)
(10.3583 0 1.6636)
(10.467 0 0.979216)
(10.5234 0 0.270301)
(10.5423 0 -0.448847)
(10.5458 0 -1.17902)
(10.566 0 -1.92583)
(10.6211 0 -2.69188)
(10.7041 0 -3.467)
(10.7873 0 -4.22288)
(10.8343 0 -4.91608)
(10.8139 0 -5.49666)
(10.7044 0 -5.91762)
(10.5274 0 -6.13925)
(10.1293 0 -6.1308)
(13.9474 0 9.40426)
(14.0148 0 8.9079)
(13.8583 0 8.29328)
(13.5166 0 7.64675)
(13.057 0 7.01674)
(12.5511 0 6.43427)
(12.0631 0 5.91596)
(11.643 0 5.46407)
(11.3227 0 5.0687)
(11.1148 0 4.71114)
(11.0155 0 4.36794)
(11.0091 0 4.01504)
(11.0736 0 3.63124)
(11.1852 0 3.20037)
(11.3209 0 2.71232)
(11.4599 0 2.16374)
(11.5852 0 1.5585)
(11.6843 0 0.907839)
(11.7551 0 0.225703)
(11.8288 0 -0.484013)
(11.9111 0 -1.22165)
(12.013 0 -1.98404)
(12.1296 0 -2.76099)
(12.2392 0 -3.53127)
(12.3111 0 -4.262)
(12.3154 0 -4.91259)
(12.2315 0 -5.44071)
(12.0493 0 -5.8084)
(11.7983 0 -5.98427)
(11.3211 0 -5.94641)
(14.411 0 8.98193)
(14.7046 0 8.7426)
(14.8606 0 8.35919)
(14.853 0 7.88955)
(14.7029 0 7.37554)
(14.4534 0 6.84915)
(14.1499 0 6.33306)
(13.8332 0 5.83988)
(13.5381 0 5.3731)
(13.2905 0 4.92881)
(13.1061 0 4.49755)
(12.9903 0 4.06631)
(12.9396 0 3.62079)
(12.9435 0 3.14774)
(12.9879 0 2.63686)
(13.0572 0 2.08227)
(13.1376 0 1.48318)
(13.219 0 0.842893)
(13.3041 0 0.162958)
(13.4131 0 -0.555826)
(13.5321 0 -1.30497)
(13.655 0 -2.07194)
(13.7638 0 -2.839)
(13.8333 0 -3.58128)
(13.8377 0 -4.26739)
(13.7564 0 -4.86243)
(13.5792 0 -5.33204)
(13.3055 0 -5.64629)
(12.9698 0 -5.78078)
(12.4091 0 -5.7213)
(14.6766 0 8.4178)
(15.0786 0 8.33685)
(15.4232 0 8.12771)
(15.6536 0 7.81826)
(15.7608 0 7.43585)
(15.7638 0 7.00537)
(15.6885 0 6.54767)
(15.5612 0 6.07781)
(15.4075 0 5.60467)
(15.2508 0 5.13158)
(15.1101 0 4.65724)
(14.9987 0 4.17685)
(14.9241 0 3.68335)
(14.8875 0 3.16895)
(14.8859 0 2.62648)
(14.913 0 2.05067)
(14.962 0 1.43851)
(15.0265 0 0.788118)
(15.1128 0 0.0961036)
(15.2057 0 -0.632444)
(15.2947 0 -1.38252)
(15.3655 0 -2.13686)
(15.398 0 -2.87549)
(15.3711 0 -3.57447)
(15.2666 0 -4.20642)
(15.0729 0 -4.7426)
(14.7877 0 -5.15571)
(14.4165 0 -5.42248)
(13.996 0 -5.52423)
(13.3573 0 -5.4534)
(14.8267 0 7.80502)
(15.2617 0 7.8046)
(15.6968 0 7.70602)
(16.0687 0 7.51642)
(16.3529 0 7.24876)
(16.5524 0 6.91789)
(16.6778 0 6.53855)
(16.7421 0 6.12353)
(16.7602 0 5.68239)
(16.7482 0 5.22116)
(16.7214 0 4.7426)
(16.6927 0 4.24663)
(16.6721 0 3.73108)
(16.6657 0 3.19254)
(16.6765 0 2.62728)
(16.7041 0 2.032)
(16.7464 0 1.40417)
(16.7994 0 0.741398)
(16.8618 0 0.0433975)
(16.9082 0 -0.680408)
(16.93 0 -1.41396)
(16.913 0 -2.13937)
(16.841 0 -2.8373)
(16.6997 0 -3.48622)
(16.4787 0 -4.06295)
(16.1736 0 -4.54415)
(15.7875 0 -4.90822)
(15.3301 0 -5.13715)
(14.8377 0 -5.21692)
(14.1372 0 -5.14536)
(14.9061 0 7.19664)
(15.333 0 7.22701)
(15.7934 0 7.18694)
(16.2298 0 7.07346)
(16.6138 0 6.88978)
(16.94 0 6.64207)
(17.2095 0 6.33821)
(17.4254 0 5.98649)
(17.5936 0 5.59439)
(17.7225 0 5.16775)
(17.8214 0 4.71053)
(17.8996 0 4.2249)
(17.9651 0 3.71145)
(18.0238 0 3.16973)
(18.0798 0 2.59878)
(18.1342 0 1.99773)
(18.186 0 1.36622)
(18.2315 0 0.704845)
(18.2634 0 0.0179235)
(18.2588 0 -0.683318)
(18.2112 0 -1.38438)
(18.1097 0 -2.06896)
(17.9433 0 -2.7194)
(17.7039 0 -3.31678)
(17.3876 0 -3.84156)
(16.9952 0 -4.27466)
(16.5337 0 -4.59886)
(16.0149 0 -4.80018)
(15.4734 0 -4.86819)
(14.7352 0 -4.8048)
(14.9377 0 6.61534)
(15.3385 0 6.65056)
(15.7874 0 6.63505)
(16.2367 0 6.56281)
(16.6603 0 6.43236)
(17.0506 0 6.24448)
(17.4041 0 6.00169)
(17.7183 0 5.70787)
(17.9926 0 5.36739)
(18.229 0 4.98441)
(18.4315 0 4.56242)
(18.6044 0 4.10406)
(18.752 0 3.61122)
(18.878 0 3.08518)
(18.9845 0 2.52704)
(19.0718 0 1.93817)
(19.1378 0 1.32084)
(19.1785 0 0.679176)
(19.1859 0 0.020741)
(19.1418 0 -0.643349)
(19.0424 0 -1.30071)
(18.88 0 -1.93717)
(18.6483 0 -2.53708)
(18.3439 0 -3.08396)
(17.967 0 -3.56124)
(17.5223 0 -3.95316)
(17.0187 0 -4.24577)
(16.4692 0 -4.42804)
(15.9055 0 -4.49223)
(15.1568 0 -4.44275)
(14.9333 0 6.06808)
(15.3025 0 6.09727)
(15.7232 0 6.08813)
(16.1565 0 6.03472)
(16.5806 0 5.93415)
(16.9888 0 5.78476)
(17.3767 0 5.58603)
(17.7395 0 5.33866)
(18.073 0 5.04432)
(18.3753 0 4.70515)
(18.6456 0 4.32345)
(18.8845 0 3.90146)
(19.0924 0 3.4413)
(19.2699 0 2.94511)
(19.4165 0 2.41529)
(19.5308 0 1.85488)
(19.6095 0 1.2682)
(19.6481 0 0.661776)
(19.6404 0 0.0447347)
(19.5732 0 -0.572664)
(19.4442 0 -1.17986)
(19.2488 0 -1.76469)
(18.9837 0 -2.31351)
(18.6487 0 -2.81204)
(18.2465 0 -3.24616)
(17.7837 0 -3.60266)
(17.2701 0 -3.86999)
(16.7188 0 -4.03927)
(16.1579 0 -4.10458)
(15.4239 0 -4.07146)
(14.8999 0 5.55531)
(15.2376 0 5.57534)
(15.6249 0 5.56468)
(16.0292 0 5.51821)
(16.4328 0 5.43307)
(16.8305 0 5.30693)
(17.2189 0 5.138)
(17.5928 0 4.92531)
(17.947 0 4.66878)
(18.2774 0 4.36901)
(18.5807 0 4.02708)
(18.8543 0 3.64452)
(19.0961 0 3.22324)
(19.3038 0 2.76557)
(19.4748 0 2.27453)
(19.606 0 1.75409)
(19.6934 0 1.20963)
(19.7322 0 0.648619)
(19.7182 0 0.0804824)
(19.6423 0 -0.485294)
(19.5031 0 -1.0397)
(19.2981 0 -1.57228)
(19.0261 0 -2.0712)
(18.6884 0 -2.52411)
(18.2892 0 -2.91891)
(17.8355 0 -3.24435)
(17.3372 0 -3.4907)
(16.8066 0 -3.65055)
(16.2681 0 -3.71922)
(15.5682 0 -3.7022)
(14.8423 0 5.07518)
(15.1508 0 5.08624)
(15.5048 0 5.0716)
(15.8764 0 5.02697)
(16.2506 0 4.94983)
(16.6238 0 4.83795)
(16.9935 0 4.68925)
(17.3554 0 4.50215)
(17.7043 0 4.27574)
(18.0355 0 4.0097)
(18.3445 0 3.70433)
(18.6273 0 3.36052)
(18.88 0 2.97977)
(19.0986 0 2.56434)
(19.2793 0 2.11732)
(19.4176 0 1.64293)
(19.5093 0 1.14677)
(19.5496 0 0.636182)
(19.5353 0 0.12015)
(19.4614 0 -0.392887)
(19.3258 0 -0.894829)
(19.1277 0 -1.37659)
(18.8669 0 -1.82794)
(18.5457 0 -2.23822)
(18.1684 0 -2.59696)
(17.7418 0 -2.89449)
(17.2753 0 -3.12247)
(16.7799 0 -3.27455)
(16.2763 0 -3.34678)
(15.6231 0 -3.3439)
(14.7647 0 4.6253)
(15.0466 0 4.62866)
(15.3695 0 4.60998)
(15.709 0 4.5656)
(16.052 0 4.49335)
(16.3956 0 4.39126)
(16.7383 0 4.25737)
(17.0767 0 4.09005)
(17.4061 0 3.8881)
(17.7219 0 3.65085)
(18.0196 0 3.37818)
(18.2945 0 3.07059)
(18.5422 0 2.72926)
(18.758 0 2.35617)
(18.9373 0 1.95424)
(19.0754 0 1.52748)
(19.1678 0 1.08114)
(19.2103 0 0.621913)
(19.1997 0 0.157779)
(19.1338 0 -0.303836)
(19.01 0 -0.75542)
(18.8282 0 -1.18898)
(18.589 0 -1.59567)
(18.2947 0 -1.96626)
(17.9495 0 -2.29169)
(17.5597 0 -2.56357)
(17.1334 0 -2.77463)
(16.6804 0 -2.9193)
(16.2182 0 -2.99407)
(15.618 0 -3.00259)
(14.6707 0 4.20329)
(14.9285 0 4.20049)
(15.2232 0 4.17856)
(15.5329 0 4.13435)
(15.8458 0 4.06599)
(16.1597 0 3.97178)
(16.4736 0 3.85001)
(16.7845 0 3.69913)
(17.0887 0 3.51799)
(17.3818 0 3.30584)
(17.6596 0 3.06242)
(17.9178 0 2.78802)
(18.1517 0 2.4836)
(18.3567 0 2.15088)
(18.5281 0 1.79245)
(18.6614 0 1.4119)
(18.7522 0 1.01389)
(18.7967 0 0.604209)
(18.7918 0 0.189667)
(18.7364 0 -0.223138)
(18.6282 0 -0.627348)
(18.467 0 -1.01585)
(18.2538 0 -1.38095)
(17.9907 0 -1.71468)
(17.6814 0 -2.00914)
(17.3315 0 -2.25701)
(16.948 0 -2.45191)
(16.5394 0 -2.58886)
(16.1202 0 -2.66463)
(15.5745 0 -2.68172)
(14.5641 0 3.80698)
(14.8001 0 3.79945)
(15.0693 0 3.77526)
(15.3519 0 3.73168)
(15.6371 0 3.6671)
(15.9231 0 3.58006)
(16.2092 0 3.46907)
(16.4929 0 3.33278)
(16.7709 0 3.17014)
(17.0395 0 2.98046)
(17.2948 0 2.76346)
(17.5329 0 2.51935)
(17.7496 0 2.24893)
(17.9404 0 1.95369)
(18.101 0 1.63585)
(18.2273 0 1.29854)
(18.3152 0 0.945759)
(18.3613 0 0.582411)
(18.3627 0 0.214206)
(18.3185 0 -0.153069)
(18.2267 0 -0.513246)
(18.087 0 -0.859965)
(17.9003 0 -1.18653)
(17.6686 0 -1.48599)
(17.395 0 -1.75151)
(17.0844 0 -1.97665)
(16.7426 0 -2.1558)
(16.3771 0 -2.28448)
(15.9998 0 -2.35963)
(15.5073 0 -2.38276)
(14.4481 0 3.43432)
(14.6646 0 3.42335)
(14.9108 0 3.39786)
(15.169 0 3.35549)
(15.4292 0 3.29486)
(15.6898 0 3.21473)
(15.9503 0 3.11382)
(16.2086 0 2.99096)
(16.4619 0 2.84524)
(16.7068 0 2.67605)
(16.9401 0 2.48315)
(17.1581 0 2.26671)
(17.3571 0 2.02742)
(17.5331 0 1.76653)
(17.6824 0 1.48597)
(17.8011 0 1.18839)
(17.8856 0 0.877168)
(17.9329 0 0.55643)
(17.9402 0 0.230948)
(17.9067 0 -0.0942481)
(17.8305 0 -0.413722)
(17.7113 0 -0.721823)
(17.5498 0 -1.01269)
(17.3476 0 -1.2803)
(17.1076 0 -1.51869)
(16.8336 0 -1.72223)
(16.5309 0 -1.88594)
(16.2056 0 -2.00579)
(15.8678 0 -2.07888)
(15.4252 0 -2.10592)
(14.3262 0 3.0834)
(14.5251 0 3.07008)
(14.7507 0 3.04415)
(14.9869 0 3.00355)
(15.2247 0 2.94711)
(15.4625 0 2.87378)
(15.6999 0 2.78247)
(15.9353 0 2.67219)
(16.1661 0 2.54216)
(16.3894 0 2.39185)
(16.6023 0 2.22106)
(16.8015 0 2.02995)
(16.9839 0 1.81909)
(17.1461 0 1.58957)
(17.2845 0 1.34301)
(17.3958 0 1.08165)
(17.4769 0 0.808325)
(17.525 0 0.526494)
(17.5376 0 0.240151)
(17.5137 0 -0.0463653)
(17.4517 0 -0.328338)
(17.3512 0 -0.6008)
(17.2127 0 -0.858633)
(17.0375 0 -1.0966)
(16.828 0 -1.30953)
(16.5875 0 -1.49248)
(16.3203 0 -1.64107)
(16.0319 0 -1.75164)
(15.7304 0 -1.82148)
(15.3342 0 -1.8507)
(14.2015 0 2.75235)
(14.3846 0 2.73764)
(14.5918 0 2.71199)
(14.8085 0 2.67365)
(15.0262 0 2.62161)
(15.2437 0 2.55501)
(15.4606 0 2.47292)
(15.6755 0 2.37451)
(15.8861 0 2.2591)
(16.0901 0 2.12627)
(16.2846 0 1.97584)
(16.4671 0 1.80795)
(16.6345 0 1.62308)
(16.784 0 1.42217)
(16.9125 0 1.20657)
(17.017 0 0.97817)
(17.0948 0 0.739338)
(17.1435 0 0.492963)
(17.1607 0 0.242396)
(17.1453 0 -0.00864081)
(17.096 0 -0.256108)
(17.0121 0 -0.49569)
(16.8942 0 -0.72294)
(16.7432 0 -0.933322)
(16.561 0 -1.12234)
(16.3506 0 -1.28569)
(16.1155 0 -1.4195)
(15.8603 0 -1.5205)
(15.592 0 -1.58616)
(15.2382 0 -1.61618)
(14.0769 0 2.4393)
(14.246 0 2.424)
(14.4368 0 2.39926)
(14.6361 0 2.36358)
(14.8361 0 2.31613)
(15.0356 0 2.25618)
(15.2343 0 2.18297)
(15.4311 0 2.09578)
(15.624 0 1.99406)
(15.8108 0 1.87745)
(15.9891 0 1.7458)
(16.1567 0 1.59923)
(16.3109 0 1.43817)
(16.4491 0 1.26337)
(16.5687 0 1.076)
(16.6672 0 0.877602)
(16.742 0 0.670174)
(16.791 0 0.456119)
(16.8121 0 0.238241)
(16.8041 0 0.0197194)
(16.7659 0 -0.196015)
(16.6968 0 -0.405263)
(16.597 0 -0.604183)
(16.4674 0 -0.788863)
(16.3096 0 -0.955411)
(16.1259 0 -1.1001)
(15.9194 0 -1.21953)
(15.6941 0 -1.31078)
(15.4557 0 -1.37154)
(15.1403 0 -1.40123)
(13.9553 0 2.14247)
(14.1119 0 2.12724)
(14.2883 0 2.10392)
(14.4723 0 2.07125)
(14.6567 0 2.02852)
(14.8404 0 1.97515)
(15.0232 0 1.91048)
(15.2041 0 1.83394)
(15.3814 0 1.74507)
(15.5531 0 1.64355)
(15.7173 0 1.52928)
(15.8717 0 1.40236)
(16.0143 0 1.26313)
(16.1427 0 1.11225)
(16.2546 0 0.950653)
(16.3477 0 0.779652)
(16.4198 0 0.60089)
(16.4689 0 0.416371)
(16.4933 0 0.228427)
(16.4917 0 0.0397587)
(16.4632 0 -0.146768)
(16.4069 0 -0.327996)
(16.3231 0 -0.500642)
(16.2123 0 -0.661352)
(16.076 0 -0.806786)
(15.9159 0 -0.933729)
(15.7348 0 -1.03921)
(15.536 0 -1.12066)
(15.3244 0 -1.17599)
(15.0435 0 -1.20446)
(13.8392 0 1.85986)
(13.9849 0 1.84526)
(14.1487 0 1.8238)
(14.3193 0 1.79439)
(14.4901 0 1.75649)
(14.6599 0 1.7096)
(14.8289 0 1.65318)
(14.996 0 1.58677)
(15.1598 0 1.50998)
(15.3185 0 1.42256)
(15.4703 0 1.32442)
(15.6135 0 1.21564)
(15.746 0 1.09652)
(15.8658 0 0.967587)
(15.971 0 0.829625)
(16.0593 0 0.683706)
(16.1291 0 0.53119)
(16.1783 0 0.373729)
(16.2055 0 0.213258)
(16.2093 0 0.0520089)
(16.1891 0 -0.1076)
(16.144 0 -0.2629)
(16.074 0 -0.411117)
(15.9796 0 -0.549414)
(15.8619 0 -0.67495)
(15.7225 0 -0.784978)
(15.5637 0 -0.876941)
(15.3882 0 -0.948588)
(15.2004 0 -0.998066)
(14.9501 0 -1.02458)
(13.7311 0 1.58985)
(13.8672 0 1.57633)
(14.0201 0 1.55706)
(14.1791 0 1.53115)
(14.3382 0 1.49814)
(14.4962 0 1.45764)
(14.6533 0 1.40921)
(14.8085 0 1.35246)
(14.9607 0 1.2871)
(15.1082 0 1.21291)
(15.2495 0 1.12982)
(15.383 0 1.0379)
(15.5069 0 0.9374)
(15.6194 0 0.82874)
(15.7187 0 0.712567)
(15.803 0 0.589754)
(15.8706 0 0.461413)
(15.9199 0 0.328894)
(15.9495 0 0.193787)
(15.958 0 0.0579172)
(15.9448 0 -0.0767361)
(15.9093 0 -0.207946)
(15.8511 0 -0.333386)
(15.7708 0 -0.450683)
(15.6692 0 -0.557457)
(15.5476 0 -0.651385)
(15.4081 0 -0.730294)
(15.253 0 -0.792249)
(15.0859 0 -0.835633)
(14.8625 0 -0.85965)
(13.6329 0 1.3299)
(13.761 0 1.31784)
(13.9046 0 1.30104)
(14.0538 0 1.27879)
(14.2029 0 1.25072)
(14.3509 0 1.21651)
(14.4979 0 1.17581)
(14.6431 0 1.12833)
(14.7855 0 1.07381)
(14.9236 0 1.01209)
(15.056 0 0.943117)
(15.1813 0 0.866941)
(15.2979 0 0.783758)
(15.4042 0 0.693914)
(15.4987 0 0.597927)
(15.5796 0 0.496496)
(15.6454 0 0.390513)
(15.6947 0 0.281065)
(15.7261 0 0.169432)
(15.7386 0 0.0570867)
(15.7313 0 -0.0543577)
(15.7038 0 -0.163078)
(15.6556 0 -0.267165)
(15.5872 0 -0.364666)
(15.4993 0 -0.453621)
(15.3929 0 -0.532108)
(15.2698 0 -0.598317)
(15.1321 0 -0.65062)
(14.9828 0 -0.687642)
(14.7825 0 -0.708647)
(13.5468 0 1.07915)
(13.6682 0 1.06885)
(13.804 0 1.05477)
(13.9451 0 1.03632)
(14.0859 0 1.01323)
(14.2256 0 0.985249)
(14.3642 0 0.952113)
(14.5012 0 0.913576)
(14.6355 0 0.869447)
(14.7659 0 0.819601)
(14.891 0 0.763994)
(15.0095 0 0.70267)
(15.1201 0 0.635782)
(15.2213 0 0.563601)
(15.3117 0 0.486531)
(15.3897 0 0.405122)
(15.4541 0 0.320071)
(15.5033 0 0.232232)
(15.5363 0 0.142606)
(15.552 0 0.0523404)
(15.5496 0 -0.037268)
(15.5286 0 -0.124797)
(15.4888 0 -0.20873)
(15.4303 0 -0.287503)
(15.3536 0 -0.359536)
(15.2599 0 -0.423277)
(15.1504 0 -0.477253)
(15.0273 0 -0.520126)
(14.893 0 -0.550756)
(14.712 0 -0.568497)
(13.4748 0 0.833222)
(13.5907 0 0.824905)
(13.7203 0 0.813685)
(13.8548 0 0.799134)
(13.989 0 0.781034)
(14.1221 0 0.759203)
(14.254 0 0.733441)
(14.3844 0 0.703565)
(14.5122 0 0.66943)
(14.6363 0 0.630944)
(14.7556 0 0.588071)
(14.8687 0 0.540848)
(14.9745 0 0.489386)
(15.0717 0 0.43389)
(15.1588 0 0.374664)
(15.2346 0 0.312119)
(15.2977 0 0.246779)
(15.3469 0 0.179284)
(15.3811 0 0.11039)
(15.3993 0 0.0409622)
(15.4008 0 -0.0280006)
(15.385 0 -0.0954064)
(15.3518 0 -0.160091)
(15.3011 0 -0.220856)
(15.2335 0 -0.276492)
(15.1498 0 -0.325804)
(15.0514 0 -0.367647)
(14.9399 0 -0.400971)
(14.8177 0 -0.424868)
(14.6524 0 -0.438818)
(13.4184 0 0.594132)
(13.5302 0 0.588039)
(13.655 0 0.579892)
(13.7845 0 0.569376)
(13.9137 0 0.556343)
(14.0417 0 0.540671)
(14.1686 0 0.522222)
(14.294 0 0.500866)
(14.417 0 0.476502)
(14.5364 0 0.449064)
(14.6512 0 0.418528)
(14.7603 0 0.384919)
(14.8625 0 0.348316)
(14.9566 0 0.30886)
(15.0412 0 0.266763)
(15.1153 0 0.222315)
(15.1775 0 0.175881)
(15.2267 0 0.127908)
(15.2618 0 0.0789159)
(15.2819 0 0.0294864)
(15.2864 0 -0.0197172)
(15.2746 0 -0.06792)
(15.2462 0 -0.114279)
(15.2015 0 -0.157924)
(15.1406 0 -0.19798)
(15.0644 0 -0.233574)
(14.9741 0 -0.263863)
(14.8712 0 -0.28805)
(14.7577 0 -0.305406)
(14.6034 0 -0.315412)
(13.3791 0 0.351638)
(13.488 0 0.347881)
(13.6095 0 0.342902)
(13.7356 0 0.336465)
(13.8612 0 0.328499)
(13.9857 0 0.318948)
(14.1091 0 0.307732)
(14.231 0 0.294772)
(14.3505 0 0.280007)
(14.4666 0 0.2634)
(14.5783 0 0.244936)
(14.6845 0 0.224627)
(14.7841 0 0.20252)
(14.876 0 0.178696)
(14.9588 0 0.153281)
(15.0316 0 0.126443)
(15.093 0 0.0984042)
(15.142 0 0.0694372)
(15.1775 0 0.0398775)
(15.1985 0 0.0101199)
(15.2041 0 -0.0194096)
(15.1936 0 -0.0482877)
(15.1669 0 -0.0760393)
(15.1238 0 -0.102155)
(15.0647 0 -0.12611)
(14.9904 0 -0.14738)
(14.9019 0 -0.165446)
(14.8008 0 -0.179798)
(14.6892 0 -0.189921)
(14.5375 0 -0.195333)
(13.132 0 0.117011)
(13.2362 0 0.115788)
(13.3525 0 0.114131)
(13.473 0 0.111938)
(13.593 0 0.109193)
(13.7116 0 0.105881)
(13.8289 0 0.101973)
(13.9445 0 0.09744)
(14.0574 0 0.092259)
(14.1667 0 0.0864164)
(14.2713 0 0.0799067)
(14.3701 0 0.0727347)
(14.4619 0 0.0649168)
(14.5456 0 0.0564832)
(14.62 0 0.0474797)
(14.6838 0 0.0379696)
(14.7358 0 0.028037)
(14.7749 0 0.0177918)
(14.8001 0 0.00738321)
(14.8104 0 -0.00299318)
(14.8054 0 -0.0131719)
(14.7845 0 -0.0230531)
(14.7473 0 -0.0325091)
(14.694 0 -0.0413881)
(14.6248 0 -0.0495258)
(14.5404 0 -0.0567516)
(14.442 0 -0.0628909)
(14.331 0 -0.0677627)
(14.2096 0 -0.0711575)
(14.0464 0 -0.0729133)
)
;

boundaryField
{
    inlet
    {
        type            fixedValue;
        value           uniform (10 0 0);
    }
    outlet
    {
        type            zeroGradient;
    }
    flap
    {
        type            movingWallVelocity;
        value           nonuniform List<vector> 
33
(
(0 0 6.93889e-16)
(0 0 0)
(0 0 0)
(0 0 0)
(0 0 0)
(0 0 0)
(0 0 0)
(0 0 0)
(0 0 0)
(0 0 0)
(0 0 0)
(0 0 -1.11022e-14)
(0 0 -1.11022e-14)
(0 0 -1.11022e-14)
(0 0 -2.22045e-14)
(6.93889e-16 -2.77556e-15 0)
(0 -2.77556e-15 0)
(0 0 0)
(0 0 6.93889e-16)
(0 0 0)
(0 0 0)
(0 0 0)
(0 0 0)
(0 0 0)
(0 0 -5.55112e-15)
(0 0 0)
(0 0 -1.11022e-14)
(0 0 0)
(0 0 0)
(0 0 0)
(0 0 0)
(0 -2.77556e-15 -1.11022e-14)
(0 0 -1.11022e-14)
)
;
    }
    upperWall
    {
        type            noSlip;
    }
    lowerWall
    {
        type            noSlip;
    }
    frontAndBack
    {
        type            empty;
    }
}


// ************************************************************************* //
