/*--------------------------------*- C++ -*----------------------------------*\
  =========                 |
  \\      /  F ield         | OpenFOAM: The Open Source CFD Toolbox
   \\    /   O peration     | Website:  https://openfoam.org
    \\  /    A nd           | Version:  dev
     \\/     M anipulation  |
\*---------------------------------------------------------------------------*/
FoamFile
{
    version     2.0;
    format      ascii;
    class       volVectorField;
    location    "7.9";
    object      U;
}
// * * * * * * * * * * * * * * * * * * * * * * * * * * * * * * * * * * * * * //

dimensions      [0 1 -1 0 0 0 0];

internalField   nonuniform List<vector> 
2790
(
(9.94399 0 0.0205232)
(9.87572 0 0.0295878)
(9.77521 0 0.0359897)
(9.64943 0 0.0425565)
(9.50409 0 0.0493859)
(9.34006 0 0.056429)
(9.15654 0 0.0638167)
(8.95262 0 0.0717128)
(8.72745 0 0.0802568)
(8.48007 0 0.0895756)
(8.20925 0 0.0997961)
(7.91362 0 0.111049)
(7.59165 0 0.123464)
(7.24174 0 0.13717)
(6.86227 0 0.152279)
(6.45173 0 0.168877)
(6.0088 0 0.187005)
(5.53259 0 0.206628)
(5.02286 0 0.2276)
(4.48033 0 0.24962)
(3.90703 0 0.272185)
(3.3067 0 0.294533)
(2.68516 0 0.315626)
(2.05049 0 0.334292)
(1.41168 0 0.350608)
(0.797933 0 0.372887)
(0.110565 0 0.325005)
(-0.469571 0 -0.114887)
(-0.453794 0 -0.297133)
(-0.231165 0 -0.423851)
(9.9985 0 0.0407032)
(9.98145 0 0.0623831)
(9.93574 0 0.0791407)
(9.86416 0 0.0966256)
(9.77097 0 0.115125)
(9.65715 0 0.13449)
(9.52205 0 0.154977)
(9.36485 0 0.176946)
(9.18471 0 0.200712)
(8.98066 0 0.226555)
(8.75151 0 0.254751)
(8.49586 0 0.285569)
(8.21217 0 0.31926)
(7.89878 0 0.356035)
(7.55399 0 0.396035)
(7.17613 0 0.439279)
(6.76371 0 0.48561)
(6.31558 0 0.534606)
(5.83115 0 0.585481)
(5.31077 0 0.636972)
(4.75604 0 0.687219)
(4.17029 0 0.733658)
(3.55917 0 0.77296)
(2.93143 0 0.801094)
(2.29984 0 0.813744)
(1.69285 0 0.807244)
(1.10706 0 0.747224)
(0.658837 0 0.547895)
(0.186353 0 0.224559)
(-0.00819857 0 -0.453755)
(9.99559 0 0.0432072)
(9.97556 0 0.0752722)
(9.9318 0 0.103347)
(9.86489 0 0.132372)
(9.77778 0 0.163061)
(9.67155 0 0.195401)
(9.54587 0 0.229746)
(9.40013 0 0.266607)
(9.23364 0 0.306476)
(9.04562 0 0.349815)
(8.83507 0 0.397082)
(8.60079 0 0.448734)
(8.34142 0 0.505207)
(8.05546 0 0.566881)
(7.74133 0 0.634032)
(7.39739 0 0.706754)
(7.02204 0 0.784862)
(6.61388 0 0.867749)
(6.17185 0 0.954219)
(5.69554 0 1.04228)
(5.18552 0 1.1289)
(4.64384 0 1.2098)
(4.07468 0 1.27916)
(3.48526 0 1.32933)
(2.88674 0 1.35008)
(2.29937 0 1.32641)
(1.73176 0 1.22074)
(1.21619 0 0.97296)
(0.7011 0 0.570094)
(0.358013 0 -0.156634)
(9.99403 0 0.0494996)
(9.97181 0 0.093207)
(9.92788 0 0.133573)
(9.86224 0 0.174211)
(9.77693 0 0.216436)
(9.67298 0 0.260665)
(9.55031 0 0.307435)
(9.40848 0 0.357421)
(9.24701 0 0.411299)
(9.06532 0 0.469716)
(8.86267 0 0.533315)
(8.63817 0 0.60274)
(8.39082 0 0.678611)
(8.11948 0 0.761497)
(7.82295 0 0.851846)
(7.49995 0 0.949903)
(7.14918 0 1.05558)
(6.76937 0 1.16827)
(6.35941 0 1.28663)
(5.9185 0 1.40829)
(5.44642 0 1.52949)
(4.94389 0 1.6447)
(4.41305 0 1.74615)
(3.85815 0 1.82321)
(3.28571 0 1.86135)
(2.7063 0 1.84029)
(2.12556 0 1.72595)
(1.55419 0 1.4778)
(0.957908 0 1.08362)
(0.509411 0 0.502245)
(9.99331 0 0.0572141)
(9.96994 0 0.11096)
(9.92593 0 0.162105)
(9.86146 0 0.21335)
(9.77799 0 0.26636)
(9.67635 0 0.321918)
(9.55653 0 0.380708)
(9.41821 0 0.443496)
(9.26096 0 0.511066)
(9.08432 0 0.584183)
(8.88769 0 0.663603)
(8.67036 0 0.750083)
(8.43156 0 0.844358)
(8.17042 0 0.947111)
(7.88603 0 1.05891)
(7.57742 0 1.18011)
(7.2436 0 1.31072)
(6.88353 0 1.45022)
(6.4962 0 1.59726)
(6.08063 0 1.74936)
(5.63605 0 1.90244)
(5.162 0 2.05034)
(4.65865 0 2.18418)
(4.12709 0 2.29173)
(3.56928 0 2.35653)
(2.98878 0 2.35727)
(2.38674 0 2.26489)
(1.76632 0 2.04756)
(1.08995 0 1.6913)
(0.536632 0 1.15404)
(9.99302 0 0.0655391)
(9.96923 0 0.128703)
(9.92556 0 0.190115)
(9.86253 0 0.251846)
(9.78128 0 0.315582)
(9.68244 0 0.382324)
(9.56601 0 0.452882)
(9.43171 0 0.528111)
(9.27919 0 0.608892)
(9.10805 0 0.696099)
(8.91776 0 0.790598)
(8.70772 0 0.893247)
(8.47725 0 1.00488)
(8.22564 0 1.12629)
(7.9521 0 1.25812)
(7.65583 0 1.40085)
(7.33596 0 1.55458)
(6.99156 0 1.71891)
(6.6216 0 1.8926)
(6.22491 0 2.07326)
(5.80017 0 2.25688)
(5.34592 0 2.43723)
(4.86058 0 2.6052)
(4.34257 0 2.74821)
(3.79026 0 2.84951)
(3.20245 0 2.88814)
(2.57646 0 2.83814)
(1.91338 0 2.6715)
(1.17269 0 2.37387)
(0.549942 0 1.89426)
(9.99297 0 0.0740754)
(9.96926 0 0.146315)
(9.92637 0 0.217485)
(9.86508 0 0.289295)
(9.78642 0 0.363359)
(9.69085 0 0.440833)
(9.57834 0 0.522668)
(9.44871 0 0.609821)
(9.30164 0 0.703269)
(9.13677 0 0.803982)
(8.95363 0 0.912921)
(8.75168 0 1.03104)
(8.53031 0 1.15925)
(8.28884 0 1.29844)
(8.02655 0 1.44934)
(7.74264 0 1.61253)
(7.43623 0 1.78824)
(7.10633 0 1.97621)
(6.75172 0 2.17546)
(6.3709 0 2.38387)
(5.96198 0 2.59778)
(5.52251 0 2.81141)
(5.04938 0 3.01617)
(4.53886 0 3.19996)
(3.98651 0 3.34664)
(3.38776 0 3.4359)
(2.73712 0 3.4432)
(2.03613 0 3.34136)
(1.24168 0 3.11341)
(0.563482 0 2.69296)
(9.99306 0 0.0825886)
(9.96981 0 0.163607)
(9.92807 0 0.244052)
(9.86885 0 0.325483)
(9.79313 0 0.40945)
(9.70126 0 0.497212)
(9.59323 0 0.589847)
(9.46888 0 0.688407)
(9.32795 0 0.793954)
(9.17014 0 0.907548)
(8.99501 0 1.03024)
(8.80209 0 1.16307)
(8.59079 0 1.30704)
(8.36048 0 1.46313)
(8.11041 0 1.6322)
(7.83976 0 1.81492)
(7.54755 0 2.01172)
(7.2326 0 2.22258)
(6.89341 0 2.4468)
(6.52806 0 2.68275)
(6.13397 0 2.92741)
(5.70771 0 3.17581)
(5.24481 0 3.42039)
(4.73961 0 3.65019)
(4.1853 0 3.8502)
(3.57458 0 4.00081)
(2.89935 0 4.07778)
(2.16197 0 4.05221)
(1.31603 0 3.90148)
(0.583176 0 3.53991)
(9.99326 0 0.0909288)
(9.97072 0 0.18041)
(9.93046 0 0.269669)
(9.87362 0 0.360244)
(9.80118 0 0.453651)
(9.71344 0 0.551216)
(9.61038 0 0.65412)
(9.49188 0 0.763508)
(9.35776 0 0.880521)
(9.20773 0 1.0063)
(9.04145 0 1.14198)
(8.85847 0 1.2887)
(8.65825 0 1.44756)
(8.44019 0 1.61963)
(8.20354 0 1.80592)
(7.94741 0 2.00727)
(7.67073 0 2.22431)
(7.37209 0 2.45735)
(7.0497 0 2.70613)
(6.70116 0 2.96964)
(6.32322 0 3.24573)
(5.91149 0 3.53059)
(5.46018 0 3.8181)
(4.96181 0 4.099)
(4.40719 0 4.35983)
(3.78618 0 4.58201)
(3.08735 0 4.74093)
(2.31252 0 4.80424)
(1.41051 0 4.74081)
(0.614247 0 4.44161)
(9.99352 0 0.0989926)
(9.97191 0 0.19658)
(9.9334 0 0.294197)
(9.87924 0 0.393419)
(9.8104 0 0.49576)
(9.72717 0 0.602594)
(9.62953 0 0.715191)
(9.51742 0 0.834774)
(9.39068 0 0.96256)
(9.24913 0 1.09977)
(9.09245 0 1.24762)
(8.92027 0 1.40733)
(8.73212 0 1.58011)
(8.5274 0 1.76715)
(8.30541 0 1.96962)
(8.06522 0 2.18855)
(7.80567 0 2.42487)
(7.52523 0 2.67925)
(7.22182 0 2.95201)
(6.89265 0 3.24291)
(6.53389 0 3.55088)
(6.1403 0 3.87357)
(5.70485 0 4.20676)
(5.21824 0 4.54341)
(4.66872 0 4.87242)
(4.04258 0 5.17688)
(3.3234 0 5.43214)
(2.5095 0 5.6017)
(1.54168 0 5.64314)
(0.663966 0 5.41762)
(9.99384 0 0.106704)
(9.9733 0 0.212001)
(9.9368 0 0.317504)
(9.88558 0 0.424858)
(9.82064 0 0.535592)
(9.74226 0 0.651126)
(9.65045 0 0.772796)
(9.54518 0 0.901897)
(9.42638 0 1.03972)
(9.2939 0 1.18754)
(9.14753 0 1.34666)
(8.98694 0 1.51839)
(8.81174 0 1.70403)
(8.62142 0 1.90492)
(8.4153 0 2.12237)
(8.19249 0 2.35767)
(7.95183 0 2.61205)
(7.69172 0 2.88664)
(7.40996 0 3.18239)
(7.10352 0 3.49998)
(6.7682 0 3.83959)
(6.39815 0 4.20065)
(5.98532 0 4.58128)
(5.5188 0 4.97739)
(4.98404 0 5.38133)
(4.36289 0 5.77948)
(3.6315 0 6.14896)
(2.77974 0 6.45035)
(1.73316 0 6.62805)
(0.744692 0 6.50252)
(9.9942 0 0.114006)
(9.97487 0 0.226575)
(9.94056 0 0.339474)
(9.89252 0 0.454425)
(9.83174 0 0.572986)
(9.75851 0 0.696614)
(9.67289 0 0.826701)
(9.57489 0 0.964604)
(9.46449 0 1.11167)
(9.34163 0 1.26924)
(9.20616 0 1.43868)
(9.05787 0 1.62137)
(8.89644 0 1.81874)
(8.72147 0 2.03222)
(8.53236 0 2.2633)
(8.32834 0 2.51352)
(8.10831 0 2.78445)
(7.87075 0 3.07768)
(7.61353 0 3.39485)
(7.33362 0 3.73763)
(7.02676 0 4.1076)
(6.68694 0 4.50618)
(6.30562 0 4.93425)
(5.87074 0 5.39156)
(5.36536 0 5.87541)
(4.7664 0 6.37821)
(4.04016 0 6.88305)
(3.1609 0 7.35313)
(2.02429 0 7.72259)
(0.880499 0 7.75627)
(9.99459 0 0.120853)
(9.97657 0 0.240224)
(9.94461 0 0.360008)
(9.89996 0 0.482001)
(9.84356 0 0.607798)
(9.77576 0 0.738886)
(9.69663 0 0.876704)
(9.60624 0 1.02266)
(9.50465 0 1.17813)
(9.39186 0 1.34454)
(9.26783 0 1.52328)
(9.13243 0 1.71582)
(8.98548 0 1.92366)
(8.82669 0 2.14835)
(8.65562 0 2.39156)
(8.47166 0 2.65502)
(8.2739 0 2.94064)
(8.06103 0 3.25047)
(7.83119 0 3.58684)
(7.58168 0 3.95235)
(7.30862 0 4.35003)
(7.00642 0 4.78336)
(6.6669 0 5.2563)
(6.27807 0 5.77314)
(5.82193 0 6.33783)
(5.27183 0 6.95245)
(4.58375 0 7.61351)
(3.70912 0 8.30052)
(2.48743 0 8.95742)
(1.12405 0 9.29199)
(9.99501 0 0.12721)
(9.97838 0 0.252884)
(9.94891 0 0.379021)
(9.9078 0 0.507487)
(9.85599 0 0.639909)
(9.79382 0 0.777804)
(9.72143 0 0.922643)
(9.63895 0 1.07587)
(9.54648 0 1.23891)
(9.44414 0 1.41319)
(9.33197 0 1.60019)
(9.20996 0 1.80139)
(9.07807 0 2.01838)
(8.93616 0 2.25282)
(8.78399 0 2.50647)
(8.62116 0 2.78128)
(8.44707 0 3.07941)
(8.26077 0 3.40334)
(8.06088 0 3.75595)
(7.84534 0 4.14071)
(7.61114 0 4.56191)
(7.35384 0 5.02497)
(7.0668 0 5.53682)
(6.73993 0 6.10644)
(6.35729 0 6.74552)
(5.89324 0 7.46911)
(5.29972 0 8.29633)
(4.50759 0 9.24763)
(3.26754 0 10.3408)
(1.60418 0 11.3571)
(9.99545 0 0.13305)
(9.98026 0 0.264503)
(9.95339 0 0.396441)
(9.91596 0 0.530788)
(9.86889 0 0.669199)
(9.81254 0 0.813214)
(9.74709 0 0.964325)
(9.67273 0 1.124)
(9.58965 0 1.29369)
(9.49804 0 1.47486)
(9.39805 0 1.66898)
(9.2898 0 1.87761)
(9.1734 0 2.10234)
(9.04889 0 2.34491)
(8.91626 0 2.60718)
(8.7754 0 2.89122)
(8.62607 0 3.1994)
(8.46781 0 3.53447)
(8.2999 0 3.89974)
(8.1212 0 4.2993)
(7.92999 0 4.73838)
(7.72372 0 5.2238)
(7.49854 0 5.7648)
(7.24854 0 6.37418)
(6.96422 0 7.07037)
(6.63004 0 7.88118)
(6.21315 0 8.85198)
(5.66412 0 10.0657)
(4.68798 0 11.73)
(2.68572 0 14.5884)
(0.12049 0 -0.119603)
(0.28282 0 -0.108687)
(0.448278 0 -0.0851401)
(0.585726 0 -0.0622539)
(0.68944 0 -0.042729)
(0.763028 0 -0.0266177)
(0.811424 0 -0.0134865)
(0.838822 0 -0.00293974)
(0.848822 0 0.00520562)
(0.844845 0 0.0105702)
(0.830066 0 0.0138369)
(0.807655 0 0.0156308)
(0.780333 0 0.0162841)
(0.750334 0 0.0160313)
(0.719568 0 0.0150719)
(0.689678 0 0.0136041)
(0.66199 0 0.011837)
(0.637437 0 0.00997278)
(0.61653 0 0.00818728)
(0.599372 0 0.00661264)
(0.585723 0 0.00532602)
(0.575092 0 0.00435831)
(0.56682 0 0.00369795)
(0.560155 0 0.00328382)
(0.554361 0 0.0030458)
(0.548817 0 0.00294016)
(0.543089 0 0.00289837)
(0.536965 0 0.00285907)
(0.530439 0 0.00274273)
(0.52275 0 0.00216079)
(0.104217 0 -0.281498)
(0.263523 0 -0.26366)
(0.419222 0 -0.213626)
(0.551853 0 -0.163675)
(0.65734 0 -0.120625)
(0.73909 0 -0.0847689)
(0.8013 0 -0.0552223)
(0.847411 0 -0.0311321)
(0.880089 0 -0.0118655)
(0.901594 0 0.00305599)
(0.912839 0 0.0139013)
(0.91569 0 0.0212207)
(0.912656 0 0.0255603)
(0.905907 0 0.0274282)
(0.897333 0 0.0272687)
(0.88857 0 0.0255255)
(0.88093 0 0.022665)
(0.875333 0 0.0191601)
(0.872276 0 0.0154531)
(0.871862 0 0.0119187)
(0.873853 0 0.00882267)
(0.877754 0 0.00632068)
(0.882888 0 0.00451747)
(0.888496 0 0.00345999)
(0.893942 0 0.00306879)
(0.898785 0 0.00313397)
(0.902771 0 0.00339292)
(0.905841 0 0.00369535)
(0.908011 0 0.00388504)
(0.909741 0 0.00349531)
(0.0836591 0 -0.446438)
(0.222239 0 -0.417566)
(0.348048 0 -0.34115)
(0.455258 0 -0.265578)
(0.540744 0 -0.200782)
(0.60798 0 -0.146902)
(0.660214 0 -0.102615)
(0.700015 0 -0.0666796)
(0.729635 0 -0.0380633)
(0.751079 0 -0.0155612)
(0.768029 0 0.00183411)
(0.779604 0 0.0143259)
(0.786802 0 0.0222839)
(0.791075 0 0.0263326)
(0.793602 0 0.0271001)
(0.79544 0 0.0252894)
(0.797453 0 0.0216504)
(0.800226 0 0.0169424)
(0.804033 0 0.0118876)
(0.808844 0 0.00710366)
(0.814368 0 0.00305023)
(0.819886 0 5.78676e-05)
(0.824783 0 -0.00171789)
(0.829253 0 -0.00242866)
(0.833452 0 -0.00228026)
(0.837526 0 -0.00154657)
(0.841645 0 -0.000635859)
(0.845935 0 0.000246843)
(0.85019 0 0.00103598)
(0.854273 0 0.00167163)
(0.0636547 0 -0.578753)
(0.17551 0 -0.533705)
(0.264446 0 -0.433634)
(0.341247 0 -0.338055)
(0.401515 0 -0.257287)
(0.449523 0 -0.190355)
(0.487383 0 -0.135329)
(0.516615 0 -0.0905651)
(0.53858 0 -0.0549734)
(0.554804 0 -0.0278068)
(0.566627 0 -0.00773262)
(0.578349 0 0.00675778)
(0.586655 0 0.0167065)
(0.592789 0 0.0222312)
(0.597438 0 0.0238299)
(0.601143 0 0.0223896)
(0.604286 0 0.0188584)
(0.607081 0 0.0141755)
(0.609593 0 0.00923865)
(0.611762 0 0.00482933)
(0.613521 0 0.00158393)
(0.614514 0 -0.000332702)
(0.614823 0 -0.0013608)
(0.6143 0 -0.00181544)
(0.613048 0 -0.00186701)
(0.611203 0 -0.00175745)
(0.608844 0 -0.00150174)
(0.605991 0 -0.00111659)
(0.602829 0 -0.000533551)
(0.599378 0 0.000607606)
(0.0429001 0 -0.680046)
(0.122575 0 -0.614002)
(0.168964 0 -0.493705)
(0.212769 0 -0.38467)
(0.244319 0 -0.294069)
(0.270027 0 -0.219336)
(0.290614 0 -0.157962)
(0.306819 0 -0.107887)
(0.319167 0 -0.0680395)
(0.328338 0 -0.0378426)
(0.335062 0 -0.0154716)
(0.341712 0 0.00132386)
(0.349076 0 0.0123506)
(0.353352 0 0.0187151)
(0.355234 0 0.0209595)
(0.355246 0 0.0200953)
(0.353551 0 0.0170383)
(0.350263 0 0.0127152)
(0.345533 0 0.0080665)
(0.339532 0 0.00382712)
(0.3325 0 0.000615823)
(0.325361 0 -0.00128258)
(0.317245 0 -0.00189508)
(0.307115 0 -0.00130879)
(0.294412 0 8.2292e-05)
(0.279317 0 0.00159131)
(0.262731 0 0.00281925)
(0.245698 0 0.00379143)
(0.229198 0 0.00478038)
(0.212711 0 0.00521344)
(0.0208315 0 -0.744869)
(0.0629421 0 -0.653993)
(0.0626346 0 -0.517049)
(0.071279 0 -0.400773)
(0.0707296 0 -0.30544)
(0.0705636 0 -0.227557)
(0.0699439 0 -0.164023)
(0.0695081 0 -0.112279)
(0.0693364 0 -0.0711024)
(0.0696574 0 -0.0408903)
(0.0696642 0 -0.0217879)
(0.0710456 0 -0.00714031)
(0.0670081 0 0.00738788)
(0.0612386 0 0.0174114)
(0.0522948 0 0.0223574)
(0.04017 0 0.0238623)
(0.0246035 0 0.0231181)
(0.00498359 0 0.0208404)
(-0.017354 0 0.0176835)
(-0.0414904 0 0.014383)
(-0.0666365 0 0.0115826)
(-0.0913261 0 0.0100587)
(-0.114383 0 0.0100564)
(-0.134788 0 0.0110651)
(-0.151783 0 0.0125318)
(-0.165647 0 0.0140321)
(-0.177822 0 0.014863)
(-0.190303 0 0.0148572)
(-0.203156 0 0.013831)
(-0.213764 0 0.0112431)
(-0.0040908 0 -0.766323)
(-0.00495113 0 -0.648133)
(-0.053128 0 -0.499443)
(-0.0836114 0 -0.382038)
(-0.11917 0 -0.287346)
(-0.150154 0 -0.211817)
(-0.17756 0 -0.151678)
(-0.200664 0 -0.10368)
(-0.219965 0 -0.0651209)
(-0.238463 0 -0.0343019)
(-0.262516 0 -0.0106282)
(-0.294855 0 0.00721186)
(-0.312016 0 0.0205119)
(-0.32678 0 0.0293151)
(-0.342341 0 0.0347537)
(-0.359035 0 0.0375664)
(-0.377091 0 0.0382583)
(-0.396528 0 0.0371654)
(-0.417121 0 0.0347233)
(-0.438629 0 0.0315587)
(-0.460609 0 0.0282514)
(-0.482374 0 0.0252109)
(-0.50315 0 0.0226978)
(-0.52198 0 0.0207831)
(-0.537868 0 0.0194975)
(-0.550523 0 0.0188503)
(-0.56069 0 0.018569)
(-0.569668 0 0.0181381)
(-0.577964 0 0.0168728)
(-0.583704 0 0.0148494)
(-0.0350571 0 -0.736976)
(-0.083013 0 -0.594107)
(-0.177032 0 -0.443187)
(-0.251997 0 -0.328764)
(-0.325572 0 -0.239302)
(-0.391799 0 -0.169218)
(-0.451019 0 -0.113889)
(-0.502894 0 -0.0695282)
(-0.54768 0 -0.033454)
(-0.587096 0 -0.00527345)
(-0.619036 0 0.0140282)
(-0.64014 0 0.0255676)
(-0.6606 0 0.0338499)
(-0.678872 0 0.0409336)
(-0.69598 0 0.0460374)
(-0.712699 0 0.048887)
(-0.729445 0 0.0496323)
(-0.746401 0 0.0485524)
(-0.763686 0 0.0461187)
(-0.781426 0 0.042963)
(-0.799663 0 0.0396255)
(-0.818168 0 0.0363853)
(-0.836339 0 0.0332689)
(-0.853194 0 0.0302685)
(-0.867641 0 0.0275213)
(-0.879061 0 0.0252437)
(-0.887774 0 0.0234902)
(-0.894829 0 0.0219776)
(-0.900842 0 0.0202098)
(-0.904418 0 0.01845)
(-0.0723658 0 -0.654804)
(-0.16838 0 -0.491561)
(-0.312052 0 -0.343932)
(-0.432789 0 -0.237981)
(-0.543302 0 -0.16029)
(-0.639011 0 -0.101971)
(-0.720396 0 -0.0572716)
(-0.788488 0 -0.0232119)
(-0.84401 0 0.00224906)
(-0.883512 0 0.020168)
(-0.913213 0 0.032762)
(-0.938952 0 0.0418919)
(-0.961291 0 0.0487622)
(-0.980836 0 0.0540974)
(-0.998417 0 0.0579746)
(-1.01483 0 0.0601633)
(-1.03059 0 0.0605127)
(-1.04592 0 0.0591393)
(-1.06102 0 0.0565068)
(-1.07622 0 0.0532575)
(-1.09184 0 0.0498627)
(-1.10798 0 0.0464055)
(-1.12419 0 0.0426703)
(-1.13945 0 0.0385089)
(-1.15256 0 0.0341632)
(-1.16279 0 0.0302015)
(-1.17035 0 0.0270724)
(-1.17622 0 0.0247186)
(-1.18097 0 0.0227639)
(-1.18351 0 0.0213772)
(-0.12006 0 -0.51496)
(-0.269735 0 -0.339767)
(-0.465802 0 -0.20572)
(-0.629918 0 -0.115856)
(-0.773276 0 -0.0544902)
(-0.891034 0 -0.0140663)
(-0.980673 0 0.011348)
(-1.04806 0 0.0283462)
(-1.0979 0 0.039992)
(-1.1382 0 0.0487634)
(-1.17114 0 0.0555007)
(-1.19865 0 0.0605652)
(-1.22184 0 0.0643705)
(-1.24163 0 0.0673774)
(-1.25908 0 0.0696589)
(-1.27508 0 0.0708578)
(-1.29017 0 0.0705282)
(-1.30445 0 0.0685968)
(-1.31806 0 0.0655526)
(-1.3314 0 0.0621451)
(-1.3451 0 0.0588268)
(-1.35955 0 0.0554375)
(-1.37444 0 0.0513998)
(-1.38867 0 0.0463004)
(-1.40082 0 0.0404213)
(-1.41001 0 0.0347208)
(-1.41646 0 0.0301578)
(-1.42128 0 0.0269886)
(-1.42506 0 0.0248921)
(-1.42695 0 0.0237806)
(-0.189047 0 -0.317809)
(-0.416275 0 -0.13785)
(-0.6793 0 -0.00801132)
(-0.866536 0 0.0454381)
(-1.00946 0 0.0662854)
(-1.11721 0 0.072929)
(-1.20215 0 0.0753607)
(-1.26898 0 0.0764204)
(-1.32181 0 0.0772611)
(-1.36393 0 0.0782308)
(-1.39803 0 0.0791815)
(-1.42603 0 0.0798186)
(-1.44912 0 0.0801255)
(-1.46838 0 0.0804917)
(-1.48514 0 0.0810468)
(-1.50055 0 0.0812155)
(-1.5151 0 0.0801163)
(-1.52864 0 0.0774048)
(-1.54105 0 0.073668)
(-1.5528 0 0.0699341)
(-1.56487 0 0.0667455)
(-1.57806 0 0.0636576)
(-1.59219 0 0.0595789)
(-1.60596 0 0.0536777)
(-1.61753 0 0.0462282)
(-1.62578 0 0.0386781)
(-1.63104 0 0.0326569)
(-1.6347 0 0.0287806)
(-1.63756 0 0.0266313)
(-1.63895 0 0.0257317)
(-0.297485 0 0.032386)
(-0.58174 0 0.188045)
(-0.855518 0 0.206442)
(-1.05365 0 0.197765)
(-1.20411 0 0.178671)
(-1.31815 0 0.158254)
(-1.40519 0 0.140698)
(-1.4723 0 0.126576)
(-1.52443 0 0.115645)
(-1.56541 0 0.107947)
(-1.59847 0 0.102818)
(-1.62557 0 0.0988962)
(-1.64759 0 0.0954513)
(-1.66548 0 0.0929549)
(-1.68089 0 0.0918158)
(-1.69542 0 0.0911716)
(-1.70953 0 0.0894198)
(-1.72255 0 0.0857637)
(-1.73387 0 0.081002)
(-1.74399 0 0.0767381)
(-1.75443 0 0.073789)
(-1.76658 0 0.0713477)
(-1.78044 0 0.067567)
(-1.79433 0 0.0609711)
(-1.80574 0 0.0517625)
(-1.81309 0 0.0420552)
(-1.81692 0 0.0344455)
(-1.81917 0 0.0299989)
(-1.82103 0 0.027951)
(-1.82199 0 0.0272365)
(-0.376154 0 0.48378)
(-0.715088 0 0.51684)
(-1.03958 0 0.442331)
(-1.25523 0 0.364775)
(-1.40834 0 0.298992)
(-1.51838 0 0.244468)
(-1.59941 0 0.203726)
(-1.66109 0 0.174104)
(-1.70842 0 0.151655)
(-1.74506 0 0.1356)
(-1.77482 0 0.125)
(-1.79979 0 0.116977)
(-1.81993 0 0.109634)
(-1.83551 0 0.103958)
(-1.8487 0 0.101271)
(-1.86196 0 0.100386)
(-1.87578 0 0.0984102)
(-1.88858 0 0.0937068)
(-1.89881 0 0.0874628)
(-1.90696 0 0.0823787)
(-1.91543 0 0.0798752)
(-1.92658 0 0.0786377)
(-1.94066 0 0.075668)
(-1.95536 0 0.0685125)
(-1.96709 0 0.0572026)
(-1.97352 0 0.0447816)
(-1.97545 0 0.035307)
(-1.97586 0 0.0304917)
(-1.97663 0 0.028838)
(-1.97722 0 0.0283222)
(-0.501098 0 1.00669)
(-0.933356 0 0.924665)
(-1.29583 0 0.705963)
(-1.49698 0 0.529274)
(-1.63019 0 0.410841)
(-1.72201 0 0.318743)
(-1.7861 0 0.256996)
(-1.83563 0 0.216677)
(-1.87428 0 0.184474)
(-1.9034 0 0.159801)
(-1.92763 0 0.144376)
(-1.94964 0 0.133283)
(-1.96748 0 0.122146)
(-1.9797 0 0.112983)
(-1.9893 0 0.109192)
(-2.00067 0 0.109285)
(-2.01454 0 0.107935)
(-2.02769 0 0.101965)
(-2.03682 0 0.0932993)
(-2.04231 0 0.0867252)
(-2.04807 0 0.0848815)
(-2.05805 0 0.0856634)
(-2.07289 0 0.08425)
(-2.08931 0 0.0767181)
(-2.102 0 0.0627634)
(-2.10737 0 0.0467116)
(-2.10664 0 0.0348686)
(-2.10451 0 0.0300152)
(-2.10406 0 0.0293206)
(-2.10441 0 0.0290901)
(-0.739305 0 2.04185)
(-1.27733 0 1.60601)
(-1.66539 0 1.00314)
(-1.7974 0 0.614612)
(-1.87256 0 0.480958)
(-1.9282 0 0.372798)
(-1.95981 0 0.301059)
(-1.99144 0 0.255117)
(-2.02137 0 0.209003)
(-2.04071 0 0.171603)
(-2.05615 0 0.155184)
(-2.0743 0 0.146866)
(-2.08994 0 0.133985)
(-2.09755 0 0.120228)
(-2.10149 0 0.114545)
(-2.11009 0 0.11683)
(-2.12491 0 0.117117)
(-2.13962 0 0.109427)
(-2.14769 0 0.09691)
(-2.14923 0 0.0879995)
(-2.1508 0 0.0875283)
(-2.15911 0 0.0920097)
(-2.17535 0 0.0935495)
(-2.19468 0 0.0860708)
(-2.20919 0 0.0687353)
(-2.21326 0 0.0476175)
(-2.20859 0 0.0325171)
(-2.20278 0 0.0281695)
(-2.20099 0 0.0295048)
(-2.20134 0 0.0298268)
(9.9959 0 0.138445)
(9.98225 0 0.275237)
(9.95811 0 0.412523)
(9.92454 0 0.552271)
(9.88243 0 0.696158)
(9.83217 0 0.845739)
(9.774 0 1.00252)
(9.70816 0 1.16797)
(9.63494 0 1.34356)
(9.5546 0 1.53076)
(9.46742 0 1.73105)
(9.37366 0 1.94599)
(9.27359 0 2.17719)
(9.16746 0 2.42642)
(9.05552 0 2.69557)
(8.93799 0 2.98679)
(8.81506 0 3.30252)
(8.68687 0 3.64567)
(8.55348 0 4.01974)
(8.41489 0 4.42911)
(8.27103 0 4.87943)
(8.12178 0 5.37815)
(7.96707 0 5.93546)
(7.80715 0 6.5657)
(7.64321 0 7.28993)
(7.48019 0 8.14075)
(7.33125 0 9.17209)
(7.28626 0 10.4774)
(7.74232 0 12.2015)
(7.91998 0 14.919)
(9.99638 0 0.143404)
(9.98434 0 0.285091)
(9.96306 0 0.42725)
(9.93352 0 0.571879)
(9.89657 0 0.720672)
(9.85263 0 0.875185)
(9.80198 0 1.03693)
(9.74494 0 1.20737)
(9.68186 0 1.38798)
(9.61312 0 1.58021)
(9.5391 0 1.78553)
(9.46022 0 2.00549)
(9.37692 0 2.24168)
(9.28967 0 2.49584)
(9.19901 0 2.76985)
(9.10549 0 3.06583)
(9.00979 0 3.3862)
(8.91263 0 3.73382)
(8.81495 0 4.11214)
(8.71791 0 4.52542)
(8.62312 0 4.97908)
(8.53293 0 5.48016)
(8.45106 0 6.03797)
(8.38374 0 6.66512)
(8.34213 0 7.37883)
(8.34826 0 8.20254)
(8.4409 0 9.16641)
(8.67584 0 10.3038)
(9.32168 0 11.5596)
(9.80997 0 12.6507)
(9.99688 0 0.147841)
(9.98651 0 0.293902)
(9.96819 0 0.440399)
(9.94283 0 0.589348)
(9.91121 0 0.742443)
(9.87378 0 0.901237)
(9.83087 0 1.06723)
(9.78285 0 1.24187)
(9.73015 0 1.4266)
(9.67326 0 1.62284)
(9.61266 0 1.83204)
(9.54892 0 2.05569)
(9.48266 0 2.29533)
(9.41457 0 2.55263)
(9.34545 0 2.82938)
(9.27622 0 3.1276)
(9.20799 0 3.44955)
(9.14208 0 3.79787)
(9.08018 0 4.17567)
(9.02451 0 4.58673)
(8.97808 0 5.03565)
(8.94517 0 5.52811)
(8.93205 0 6.07109)
(8.94824 0 6.67301)
(9.00823 0 7.34332)
(9.13412 0 8.0907)
(9.35694 0 8.9171)
(9.68619 0 9.81152)
(10.2519 0 10.7228)
(10.9395 0 11.4414)
(9.9974 0 0.151702)
(9.98874 0 0.301563)
(9.97347 0 0.451804)
(9.95239 0 0.604445)
(9.92623 0 0.761172)
(9.89545 0 0.923519)
(9.86043 0 1.09296)
(9.82159 0 1.27092)
(9.77944 0 1.4588)
(9.73454 0 1.65796)
(9.6875 0 1.86981)
(9.63902 0 2.09573)
(9.58987 0 2.3372)
(9.54097 0 2.59576)
(9.49334 0 2.87306)
(9.44824 0 3.1709)
(9.40714 0 3.49129)
(9.37186 0 3.83649)
(9.34472 0 4.20909)
(9.32868 0 4.61207)
(9.32766 0 5.04882)
(9.34697 0 5.52319)
(9.39385 0 6.03933)
(9.47821 0 6.60121)
(9.61325 0 7.21162)
(9.81581 0 7.87026)
(10.1087 0 8.57008)
(10.5006 0 9.29649)
(11.0585 0 10.0394)
(11.8522 0 10.6856)
(9.99792 0 0.154941)
(9.99101 0 0.307981)
(9.97884 0 0.46133)
(9.96212 0 0.616995)
(9.94151 0 0.776639)
(9.91746 0 0.941771)
(9.89041 0 1.11383)
(9.86083 0 1.29418)
(9.82929 0 1.48418)
(9.79643 0 1.68513)
(9.76295 0 1.89833)
(9.72967 0 2.12509)
(9.69751 0 2.36673)
(9.66754 0 2.62463)
(9.64101 0 2.90026)
(9.61942 0 3.19514)
(9.60454 0 3.51092)
(9.59855 0 3.84939)
(9.60415 0 4.21248)
(9.62471 0 4.60221)
(9.66456 0 5.02071)
(9.72923 0 5.47)
(9.8258 0 5.95169)
(9.96322 0 6.46649)
(10.1526 0 7.01333)
(10.4069 0 7.58837)
(10.7437 0 8.18348)
(11.1744 0 8.784)
(11.7222 0 9.37835)
(12.4761 0 9.89161)
(9.99845 0 0.157515)
(9.9933 0 0.31307)
(9.98427 0 0.468851)
(9.97194 0 0.62683)
(9.9569 0 0.788642)
(9.93962 0 0.955753)
(9.92055 0 1.12955)
(9.90023 0 1.31135)
(9.87926 0 1.50242)
(9.85835 0 1.70399)
(9.83828 0 1.91725)
(9.81996 0 2.14337)
(9.80442 0 2.38353)
(9.79288 0 2.63892)
(9.78673 0 2.91073)
(9.78764 0 3.2002)
(9.79756 0 3.50856)
(9.81887 0 3.83707)
(9.85443 0 4.18696)
(9.90773 0 4.55933)
(9.98306 0 4.95511)
(10.0856 0 5.37476)
(10.2218 0 5.81804)
(10.3991 0 6.28348)
(10.6264 0 6.76784)
(10.9134 0 7.26536)
(11.2713 0 7.76681)
(11.7082 0 8.25664)
(12.2248 0 8.71814)
(12.9016 0 9.10975)
(9.99898 0 0.159383)
(9.9956 0 0.316755)
(9.98971 0 0.474252)
(9.98177 0 0.633803)
(9.97229 0 0.797)
(9.96174 0 0.965254)
(9.9506 0 1.13989)
(9.93943 0 1.32216)
(9.92888 0 1.51324)
(9.9197 0 1.71425)
(9.91274 0 1.92627)
(9.90896 0 2.15032)
(9.90949 0 2.3874)
(9.9156 0 2.63848)
(9.9288 0 2.9045)
(9.95083 0 3.18632)
(9.98371 0 3.4848)
(10.0299 0 3.80063)
(10.0921 0 4.13438)
(10.1738 0 4.48636)
(10.279 0 4.85647)
(10.4121 0 5.244)
(10.5785 0 5.64739)
(10.7843 0 6.06383)
(11.0357 0 6.48883)
(11.3392 0 6.91571)
(11.701 0 7.3351)
(12.1251 0 7.73358)
(12.6057 0 8.09656)
(13.2119 0 8.40348)
(9.99951 0 0.160514)
(9.99789 0 0.318968)
(9.9951 0 0.477436)
(9.99151 0 0.63779)
(9.98753 0 0.801562)
(9.98362 0 0.970103)
(9.98028 0 1.14467)
(9.97808 0 1.32642)
(9.97769 0 1.51644)
(9.9799 0 1.71573)
(9.98559 0 1.92525)
(9.99577 0 2.14584)
(10.0116 0 2.37833)
(10.0344 0 2.62345)
(10.0656 0 2.88186)
(10.1071 0 3.1541)
(10.1608 0 3.44061)
(10.229 0 3.74161)
(10.3145 0 4.05708)
(10.4201 0 4.38666)
(10.5495 0 4.72948)
(10.7063 0 5.08402)
(10.8947 0 5.44789)
(11.1191 0 5.81758)
(11.3837 0 6.18817)
(11.6924 0 6.55311)
(12.048 0 6.90411)
(12.452 0 7.23083)
(12.8968 0 7.52211)
(13.4406 0 7.7666)
(10 0 0.160878)
(10.0001 0 0.319655)
(10.0004 0 0.478325)
(10.0011 0 0.638688)
(10.0025 0 0.80221)
(10.0051 0 0.97017)
(10.0093 0 1.14374)
(10.0158 0 1.32399)
(10.0252 0 1.5119)
(10.0384 0 1.70835)
(10.0561 0 1.91414)
(10.0795 0 2.12998)
(10.1097 0 2.35648)
(10.1479 0 2.59415)
(10.1957 0 2.84338)
(10.2548 0 3.10442)
(10.327 0 3.37732)
(10.4144 0 3.6619)
(10.5194 0 3.95767)
(10.6447 0 4.26376)
(10.793 0 4.57878)
(10.9673 0 4.9007)
(11.1706 0 5.22674)
(11.406 0 5.55319)
(11.6759 0 5.87528)
(11.9823 0 6.18717)
(12.326 0 6.48196)
(12.7068 0 6.75182)
(13.117 0 6.98837)
(13.6054 0 7.18475)
(10.0005 0 0.160455)
(10.0023 0 0.318773)
(10.0056 0 0.476857)
(10.0104 0 0.636424)
(10.0171 0 0.798862)
(10.0259 0 0.965371)
(10.0375 0 1.13703)
(10.0523 0 1.31482)
(10.0711 0 1.49959)
(10.0946 0 1.69212)
(10.1237 0 1.89305)
(10.1594 0 2.10293)
(10.2028 0 2.32219)
(10.2552 0 2.55112)
(10.3179 0 2.78987)
(10.3925 0 3.03841)
(10.4808 0 3.29648)
(10.5844 0 3.56359)
(10.7056 0 3.8389)
(10.8463 0 4.12118)
(11.0089 0 4.40873)
(11.1954 0 4.6993)
(11.408 0 4.99001)
(11.6484 0 5.27727)
(11.918 0 5.5568)
(12.2173 0 5.82359)
(12.546 0 6.07212)
(12.9027 0 6.29647)
(13.2803 0 6.49059)
(13.7207 0 6.65029)
(10.001 0 0.159229)
(10.0044 0 0.316294)
(10.0106 0 0.472994)
(10.0194 0 0.630953)
(10.0311 0 0.791472)
(10.0459 0 0.955666)
(10.0645 0 1.12452)
(10.0872 0 1.29891)
(10.1148 0 1.47958)
(10.148 0 1.66717)
(10.1877 0 1.86219)
(10.2347 0 2.06504)
(10.2902 0 2.27596)
(10.3553 0 2.49506)
(10.4312 0 2.72227)
(10.5193 0 2.95735)
(10.6212 0 3.1998)
(10.7383 0 3.44887)
(10.8723 0 3.70348)
(11.0248 0 3.96223)
(11.1975 0 4.22327)
(11.3919 0 4.48431)
(11.6091 0 4.74259)
(11.8502 0 4.99484)
(12.1155 0 5.23734)
(12.4048 0 5.46598)
(12.7169 0 5.67643)
(13.05 0 5.86432)
(13.3979 0 6.02541)
(13.7971 0 6.15717)
(10.0015 0 0.157192)
(10.0065 0 0.312203)
(10.0154 0 0.466717)
(10.028 0 0.622257)
(10.0445 0 0.780032)
(10.065 0 0.941065)
(10.0901 0 1.10624)
(10.1203 0 1.27634)
(10.1561 0 1.45199)
(10.1983 0 1.63371)
(10.2476 0 1.82188)
(10.305 0 2.01675)
(10.3712 0 2.21841)
(10.4475 0 2.4268)
(10.5348 0 2.6417)
(10.6345 0 2.86266)
(10.7476 0 3.08903)
(10.8754 0 3.31989)
(11.0193 0 3.55404)
(11.1804 0 3.78998)
(11.3598 0 4.02587)
(11.5584 0 4.25952)
(11.7768 0 4.48839)
(12.0154 0 4.70963)
(12.2739 0 4.92012)
(12.5514 0 5.11656)
(12.8466 0 5.29565)
(13.1574 0 5.45421)
(13.4785 0 5.58932)
(13.8423 0 5.69946)
(10.0019 0 0.154344)
(10.0084 0 0.3065)
(10.0199 0 0.45803)
(10.0362 0 0.610349)
(10.0571 0 0.76457)
(10.083 0 0.921622)
(10.1142 0 1.0823)
(10.1513 0 1.24726)
(10.1947 0 1.41705)
(10.245 0 1.59205)
(10.3031 0 1.77253)
(10.3696 0 1.95862)
(10.4454 0 2.15027)
(10.5313 0 2.34729)
(10.6284 0 2.54932)
(10.7375 0 2.75579)
(10.8597 0 2.96593)
(10.9959 0 3.17875)
(11.147 0 3.39299)
(11.3138 0 3.60716)
(11.497 0 3.81951)
(11.697 0 4.02802)
(11.914 0 4.23046)
(12.1478 0 4.4244)
(12.3978 0 4.60729)
(12.6629 0 4.77656)
(12.9416 0 4.92971)
(13.2317 0 5.06447)
(13.5289 0 5.17885)
(13.8621 0 5.27199)
(10.0024 0 0.15069)
(10.0102 0 0.299197)
(10.0241 0 0.446957)
(10.0438 0 0.595269)
(10.0689 0 0.745152)
(10.0997 0 0.897437)
(10.1366 0 1.05282)
(10.18 0 1.21187)
(10.2302 0 1.37502)
(10.288 0 1.54256)
(10.3538 0 1.71464)
(10.4284 0 1.89127)
(10.5124 0 2.07233)
(10.6065 0 2.25751)
(10.7117 0 2.44634)
(10.8285 0 2.63819)
(10.9577 0 2.83222)
(11.1 0 3.02741)
(11.2561 0 3.22253)
(11.4263 0 3.41616)
(11.611 0 3.60668)
(11.8102 0 3.7923)
(12.0238 0 3.97111)
(12.2514 0 4.1411)
(12.492 0 4.30022)
(12.7445 0 4.44649)
(13.0072 0 4.57805)
(13.2784 0 4.69331)
(13.5542 0 4.79093)
(13.861 0 4.87048)
(10.0027 0 0.146243)
(10.0119 0 0.290321)
(10.0281 0 0.43354)
(10.0508 0 0.577085)
(10.0798 0 0.721874)
(10.1152 0 0.868647)
(10.1572 0 1.01801)
(10.2062 0 1.17043)
(10.2627 0 1.32624)
(10.3269 0 1.48566)
(10.3996 0 1.64874)
(10.4811 0 1.81541)
(10.572 0 1.98544)
(10.6731 0 2.15847)
(10.7847 0 2.33397)
(10.9075 0 2.51126)
(11.0419 0 2.68949)
(11.1885 0 2.86766)
(11.3475 0 3.0446)
(11.5192 0 3.21901)
(11.7035 0 3.38943)
(11.9004 0 3.55434)
(12.1093 0 3.7121)
(12.3296 0 3.86108)
(12.5604 0 3.99969)
(12.8004 0 4.1264)
(13.0482 0 4.23988)
(13.3021 0 4.33899)
(13.5589 0 4.42288)
(13.8428 0 4.49137)
(10.0031 0 0.141022)
(10.0134 0 0.27991)
(10.0317 0 0.417842)
(10.0573 0 0.555886)
(10.0898 0 0.694863)
(10.1293 0 0.835423)
(10.1759 0 0.978081)
(10.23 0 1.12322)
(10.2919 0 1.2711)
(10.3619 0 1.42184)
(10.4403 0 1.57543)
(10.5277 0 1.73173)
(10.6245 0 1.89045)
(10.731 0 2.05118)
(10.8477 0 2.21337)
(10.975 0 2.37632)
(11.1131 0 2.53922)
(11.2623 0 2.7011)
(11.4227 0 2.86089)
(11.5943 0 3.01743)
(11.7768 0 3.16945)
(11.97 0 3.31564)
(12.1733 0 3.45467)
(12.3859 0 3.58524)
(12.6068 0 3.70609)
(12.8349 0 3.81609)
(13.0687 0 3.91428)
(13.3069 0 3.99988)
(13.5467 0 4.07236)
(13.8104 0 4.13171)
(10.0034 0 0.13505)
(10.0148 0 0.268012)
(10.035 0 0.399938)
(10.0632 0 0.531782)
(10.0988 0 0.664271)
(10.142 0 0.797966)
(10.1927 0 0.933302)
(10.2513 0 1.07059)
(10.3179 0 1.21)
(10.3927 0 1.3516)
(10.4762 0 1.49532)
(10.5684 0 1.64096)
(10.6698 0 1.78821)
(10.7807 0 1.93662)
(10.9012 0 2.08564)
(11.0316 0 2.2346)
(11.172 0 2.38272)
(11.3225 0 2.52912)
(11.4829 0 2.67283)
(11.6532 0 2.81282)
(11.8329 0 2.94803)
(12.0216 0 3.07735)
(12.2187 0 3.19972)
(12.4234 0 3.31409)
(12.6346 0 3.4195)
(12.8513 0 3.51514)
(13.0722 0 3.6003)
(13.2962 0 3.67447)
(13.5208 0 3.73734)
(13.7667 0 3.78899)
(10.0037 0 0.128355)
(10.0161 0 0.254685)
(10.0379 0 0.379919)
(10.0684 0 0.504901)
(10.1069 0 0.630266)
(10.1533 0 0.756497)
(10.2076 0 0.88395)
(10.2701 0 1.01287)
(10.3407 0 1.14337)
(10.4197 0 1.27545)
(10.5072 0 1.40901)
(10.6034 0 1.54381)
(10.7084 0 1.67952)
(10.8225 0 1.8157)
(10.9458 0 1.9518)
(11.0782 0 2.0872)
(11.2197 0 2.22116)
(11.3703 0 2.35291)
(11.5298 0 2.48159)
(11.6979 0 2.60632)
(11.874 0 2.72619)
(12.0577 0 2.84031)
(12.2483 0 2.94781)
(12.445 0 3.04789)
(12.6469 0 3.13983)
(12.8529 0 3.22301)
(13.062 0 3.29697)
(13.273 0 3.36137)
(13.4841 0 3.41603)
(13.7143 0 3.46111)
(10.004 0 0.120967)
(10.0172 0 0.239991)
(10.0405 0 0.357881)
(10.0731 0 0.475379)
(10.114 0 0.593033)
(10.1632 0 0.711249)
(10.2207 0 0.830319)
(10.2864 0 0.950422)
(10.3604 0 1.07163)
(10.4428 0 1.19389)
(10.5336 0 1.31708)
(10.6329 0 1.44094)
(10.7407 0 1.56514)
(10.8571 0 1.68925)
(10.9821 0 1.81275)
(11.1155 0 1.93506)
(11.2573 0 2.05553)
(11.4072 0 2.17346)
(11.565 0 2.28813)
(11.7301 0 2.39878)
(11.9022 0 2.50466)
(12.0806 0 2.60505)
(12.2647 0 2.69927)
(12.4537 0 2.78669)
(12.6466 0 2.86678)
(12.8427 0 2.9391)
(13.0408 0 3.00333)
(13.2402 0 3.05928)
(13.4391 0 3.10685)
(13.6554 0 3.14624)
(10.0042 0 0.112921)
(10.0182 0 0.223997)
(10.0428 0 0.333929)
(10.0771 0 0.44336)
(10.1202 0 0.552759)
(10.1718 0 0.662464)
(10.2319 0 0.772704)
(10.3004 0 0.883608)
(10.3772 0 0.995204)
(10.4623 0 1.10742)
(10.5557 0 1.22011)
(10.6574 0 1.333)
(10.7672 0 1.44577)
(10.8851 0 1.55802)
(11.011 0 1.66928)
(11.1447 0 1.77901)
(11.286 0 1.88664)
(11.4345 0 1.99158)
(11.59 0 2.09319)
(11.7518 0 2.19085)
(11.9196 0 2.28395)
(12.0926 0 2.37192)
(12.2702 0 2.45421)
(12.4517 0 2.53035)
(12.6363 0 2.59996)
(12.8232 0 2.66273)
(13.0114 0 2.71844)
(13.2002 0 2.76699)
(13.3883 0 2.80836)
(13.5923 0 2.84274)
(10.0044 0 0.104249)
(10.019 0 0.20677)
(10.0448 0 0.308167)
(10.0807 0 0.408991)
(10.1256 0 0.509637)
(10.1793 0 0.610379)
(10.2415 0 0.711395)
(10.3123 0 0.81277)
(10.3914 0 0.9145)
(10.4786 0 1.0165)
(10.574 0 1.11859)
(10.6773 0 1.22053)
(10.7885 0 1.32202)
(10.9073 0 1.42266)
(11.0335 0 1.52205)
(11.1668 0 1.61971)
(11.307 0 1.71515)
(11.4537 0 1.80785)
(11.6065 0 1.89729)
(11.7647 0 1.98295)
(11.928 0 2.06434)
(12.0957 0 2.14101)
(12.2672 0 2.21255)
(12.4417 0 2.27859)
(12.6185 0 2.33886)
(12.7969 0 2.39315)
(12.9761 0 2.44132)
(13.1555 0 2.48333)
(13.3338 0 2.5192)
(13.5269 0 2.54913)
(10.0046 0 0.0949834)
(10.0198 0 0.188376)
(10.0466 0 0.280696)
(10.0837 0 0.372412)
(10.1302 0 0.463849)
(10.1855 0 0.555225)
(10.2496 0 0.646669)
(10.3222 0 0.738232)
(10.4031 0 0.829886)
(10.492 0 0.921532)
(10.5888 0 1.013)
(10.6933 0 1.10405)
(10.8052 0 1.19441)
(10.9243 0 1.28372)
(11.0503 0 1.37163)
(11.1828 0 1.45772)
(11.3216 0 1.54156)
(11.4661 0 1.62273)
(11.616 0 1.7008)
(11.7706 0 1.77534)
(11.9295 0 1.84597)
(12.0921 0 1.91233)
(12.2577 0 1.9741)
(12.4256 0 2.03102)
(12.5953 0 2.0829)
(12.7661 0 2.1296)
(12.9372 0 2.17103)
(13.1081 0 2.2072)
(13.2778 0 2.23815)
(13.4613 0 2.26407)
(10.0047 0 0.0851515)
(10.0204 0 0.168872)
(10.0481 0 0.251609)
(10.0863 0 0.333755)
(10.1341 0 0.41557)
(10.1908 0 0.497216)
(10.2564 0 0.57878)
(10.3304 0 0.660285)
(10.4126 0 0.741689)
(10.5028 0 0.822884)
(10.6006 0 0.903708)
(10.7058 0 0.983945)
(10.818 0 1.06334)
(10.937 0 1.14159)
(11.0624 0 1.21837)
(11.1939 0 1.29334)
(11.3309 0 1.36615)
(11.4732 0 1.43643)
(11.6201 0 1.50383)
(11.7711 0 1.56802)
(11.9258 0 1.62869)
(12.0835 0 1.68557)
(12.2436 0 1.73842)
(12.4056 0 1.78705)
(12.5689 0 1.83132)
(12.7327 0 1.87115)
(12.8967 0 1.9065)
(13.0601 0 1.93739)
(13.2222 0 1.96387)
(13.3971 0 1.98612)
(10.0049 0 0.0747742)
(10.021 0 0.148305)
(10.0494 0 0.220985)
(10.0886 0 0.293139)
(10.1374 0 0.364957)
(10.1953 0 0.436549)
(10.262 0 0.507968)
(10.3371 0 0.579215)
(10.4204 0 0.650234)
(10.5114 0 0.72092)
(10.6098 0 0.79112)
(10.7153 0 0.86064)
(10.8276 0 0.929252)
(10.9462 0 0.996701)
(11.0708 0 1.06271)
(11.201 0 1.127)
(11.3362 0 1.18926)
(11.4761 0 1.24921)
(11.6201 0 1.30657)
(11.7677 0 1.36107)
(11.9185 0 1.41248)
(12.0717 0 1.46058)
(12.2269 0 1.50521)
(12.3835 0 1.54623)
(12.5409 0 1.58355)
(12.6987 0 1.61711)
(12.8563 0 1.6469)
(13.0131 0 1.67295)
(13.1686 0 1.69534)
(13.3362 0 1.71421)
(10.005 0 0.0638581)
(10.0215 0 0.126698)
(10.0506 0 0.188883)
(10.0906 0 0.250658)
(10.1403 0 0.312131)
(10.1992 0 0.373357)
(10.2668 0 0.434361)
(10.3427 0 0.495131)
(10.4267 0 0.555608)
(10.5183 0 0.615692)
(10.617 0 0.675245)
(10.7227 0 0.734101)
(10.8347 0 0.792064)
(10.9527 0 0.84892)
(11.0764 0 0.904441)
(11.2051 0 0.95839)
(11.3386 0 1.01053)
(11.4762 0 1.06063)
(11.6175 0 1.10846)
(11.762 0 1.15383)
(11.9091 0 1.19655)
(12.0583 0 1.23647)
(12.2091 0 1.27345)
(12.3609 0 1.30741)
(12.5133 0 1.33829)
(12.6658 0 1.36605)
(12.8178 0 1.3907)
(12.969 0 1.41228)
(13.1188 0 1.43085)
(13.2801 0 1.44654)
(10.0051 0 0.0523828)
(10.0221 0 0.104038)
(10.0518 0 0.155344)
(10.0925 0 0.20644)
(10.143 0 0.257324)
(10.2025 0 0.30799)
(10.2708 0 0.358437)
(10.3474 0 0.408636)
(10.4318 0 0.458525)
(10.5237 0 0.508009)
(10.6227 0 0.556969)
(10.7282 0 0.605262)
(10.8398 0 0.652731)
(10.9572 0 0.6992)
(11.0799 0 0.744488)
(11.2073 0 0.788408)
(11.339 0 0.830775)
(11.4745 0 0.871409)
(11.6134 0 0.910142)
(11.755 0 0.946821)
(11.8989 0 0.981311)
(12.0446 0 1.0135)
(12.1916 0 1.0433)
(12.3394 0 1.07064)
(12.4874 0 1.09549)
(12.6354 0 1.11783)
(12.7828 0 1.13769)
(12.9292 0 1.15508)
(13.0742 0 1.17008)
(13.2301 0 1.1828)
(10.0053 0 0.0402653)
(10.0228 0 0.0802191)
(10.0532 0 0.120212)
(10.0947 0 0.160181)
(10.1458 0 0.200018)
(10.2059 0 0.239703)
(10.2747 0 0.279233)
(10.3517 0 0.31857)
(10.4365 0 0.357651)
(10.5286 0 0.396389)
(10.6275 0 0.434684)
(10.7328 0 0.472417)
(10.844 0 0.509462)
(10.9607 0 0.545679)
(11.0824 0 0.580927)
(11.2085 0 0.615061)
(11.3387 0 0.647941)
(11.4724 0 0.679431)
(11.6091 0 0.709406)
(11.7483 0 0.737755)
(11.8895 0 0.764379)
(12.0323 0 0.789199)
(12.1761 0 0.812154)
(12.3204 0 0.833202)
(12.465 0 0.852319)
(12.6092 0 0.869504)
(12.7528 0 0.88477)
(12.8954 0 0.89815)
(13.0365 0 0.909688)
(13.1881 0 0.919475)
(10.0056 0 0.0273233)
(10.0239 0 0.055584)
(10.0551 0 0.0845744)
(10.0971 0 0.113629)
(10.1486 0 0.142518)
(10.2092 0 0.171262)
(10.2784 0 0.199874)
(10.3557 0 0.228319)
(10.4407 0 0.256542)
(10.5328 0 0.28448)
(10.6317 0 0.312061)
(10.7367 0 0.339205)
(10.8475 0 0.365822)
(10.9636 0 0.391816)
(11.0844 0 0.417088)
(11.2096 0 0.441538)
(11.3384 0 0.465069)
(11.4706 0 0.487588)
(11.6056 0 0.50901)
(11.7428 0 0.529259)
(11.8819 0 0.54827)
(12.0223 0 0.565989)
(12.1635 0 0.582376)
(12.3052 0 0.597406)
(12.4469 0 0.611065)
(12.5883 0 0.623355)
(12.7288 0 0.634287)
(12.8683 0 0.643887)
(13.0063 0 0.652189)
(13.1545 0 0.659264)
(10.0068 0 0.0112438)
(10.0271 0 0.026576)
(10.0593 0 0.0437997)
(10.1017 0 0.0613082)
(10.1534 0 0.0787824)
(10.2142 0 0.0962645)
(10.2835 0 0.113749)
(10.3609 0 0.131177)
(10.4458 0 0.148486)
(10.5378 0 0.165623)
(10.6364 0 0.182534)
(10.7412 0 0.199163)
(10.8515 0 0.215451)
(10.967 0 0.231334)
(11.0871 0 0.246752)
(11.2113 0 0.261642)
(11.3392 0 0.275947)
(11.4702 0 0.289611)
(11.6039 0 0.302583)
(11.7396 0 0.314822)
(11.8771 0 0.32629)
(12.0158 0 0.336958)
(12.1553 0 0.346807)
(12.295 0 0.355822)
(12.4348 0 0.364001)
(12.5741 0 0.371348)
(12.7126 0 0.377874)
(12.8499 0 0.3836)
(12.9859 0 0.388553)
(13.1318 0 0.392794)
(9.99589 0 0.000921761)
(10.007 0 0.00495262)
(10.0276 0 0.0102597)
(10.0576 0 0.0158004)
(10.0974 0 0.0214129)
(10.1466 0 0.0271239)
(10.205 0 0.032924)
(10.2719 0 0.0387785)
(10.3468 0 0.0446551)
(10.4294 0 0.0505275)
(10.519 0 0.0563713)
(10.6151 0 0.0621616)
(10.7174 0 0.0678726)
(10.8251 0 0.0734777)
(10.9379 0 0.0789506)
(11.0553 0 0.0842655)
(11.1765 0 0.0893975)
(11.3013 0 0.0943232)
(11.4289 0 0.0990214)
(11.559 0 0.103473)
(11.6911 0 0.107662)
(11.8245 0 0.111576)
(11.9589 0 0.115204)
(12.0939 0 0.118539)
(12.229 0 0.121579)
(12.3638 0 0.124322)
(12.498 0 0.126771)
(12.6312 0 0.128932)
(12.7632 0 0.130808)
(12.9048 0 0.132431)
(9.42264 0 13.094)
(6.2024 0 10.7868)
(-1.11273 0 5.28047)
(10.3593 0 11.2326)
(9.80383 0 9.9412)
(8.21323 0 8.10977)
(11.4623 0 11.1393)
(11.6798 0 10.589)
(11.4233 0 9.67216)
(12.3544 0 10.741)
(12.7013 0 10.575)
(12.8089 0 10.1566)
(12.922 0 10.0033)
(13.2929 0 9.99653)
(13.5369 0 9.85765)
(13.2976 0 9.22711)
(13.66 0 9.28447)
(13.9439 0 9.27403)
(13.5643 0 8.50965)
(13.8976 0 8.58217)
(14.1724 0 8.61749)
(13.7531 0 7.85494)
(14.0514 0 7.9216)
(14.3011 0 7.9662)
(13.8831 0 7.25677)
(14.1487 0 7.31312)
(14.3719 0 7.35477)
(13.9689 0 6.7095)
(14.2063 0 6.75656)
(14.4056 0 6.79271)
(14.0206 0 6.20648)
(14.2339 0 6.24604)
(14.4129 0 6.27704)
(14.0449 0 5.74106)
(14.2379 0 5.77469)
(14.3998 0 5.80143)
(14.0469 0 5.30749)
(14.2227 0 5.33643)
(14.3702 0 5.35974)
(14.0305 0 4.90108)
(14.1918 0 4.92624)
(14.327 0 4.94675)
(13.9991 0 4.51796)
(14.1477 0 4.54)
(14.2724 0 4.55818)
(13.9553 0 4.15494)
(14.093 0 4.17436)
(14.2086 0 4.19055)
(13.9017 0 3.80938)
(14.0299 0 3.82654)
(14.1375 0 3.841)
(13.8405 0 3.47905)
(13.9603 0 3.49424)
(14.0609 0 3.50716)
(13.7738 0 3.16202)
(13.8863 0 3.17547)
(13.9807 0 3.18701)
(13.7038 0 2.85661)
(13.8097 0 2.8685)
(13.8987 0 2.87877)
(13.6324 0 2.56127)
(13.7325 0 2.57174)
(13.8167 0 2.58084)
(13.5614 0 2.27464)
(13.6564 0 2.28379)
(13.7364 0 2.2918)
(13.4926 0 1.99524)
(13.5832 0 2.00317)
(13.6595 0 2.01014)
(13.4275 0 1.72198)
(13.5143 0 1.72876)
(13.5874 0 1.73475)
(13.368 0 1.45302)
(13.4514 0 1.45869)
(13.5217 0 1.46372)
(13.315 0 1.18807)
(13.3957 0 1.1927)
(13.4637 0 1.19681)
(13.2707 0 0.923525)
(13.3491 0 0.927083)
(13.4152 0 0.930257)
(13.2352 0 0.662203)
(13.3119 0 0.664784)
(13.3766 0 0.667084)
(13.2112 0 0.394488)
(13.2866 0 0.395912)
(13.3501 0 0.397158)
(12.982 0 0.133033)
(13.0554 0 0.133505)
(13.1173 0 0.133924)
(-2.65632 0 1.43511)
(-2.0989 0 1.10918)
(-2.40744 0 0.596573)
(-2.22351 0 0.600214)
(-2.08752 0 0.680552)
(-2.11506 0 0.478512)
(-2.11518 0 0.292131)
(-2.13319 0 0.243348)
(-2.15777 0 0.205599)
(-2.15786 0 0.176917)
(-2.15409 0 0.176625)
(-2.16861 0 0.174766)
(-2.18655 0 0.151249)
(-2.19018 0 0.120774)
(-2.185 0 0.109704)
(-2.18857 0 0.120377)
(-2.20553 0 0.127818)
(-2.22368 0 0.120103)
(-2.23051 0 0.102212)
(-2.22556 0 0.0889169)
(-2.22017 0 0.090084)
(-2.22587 0 0.100169)
(-2.24451 0 0.105936)
(-2.26856 0 0.0983669)
(-2.28617 0 0.0759631)
(-2.28844 0 0.0471516)
(-2.27759 0 0.0270845)
(-2.2661 0 0.0241818)
(-2.26279 0 0.0296638)
(-2.26365 0 0.0313187)
(6.06845 0 5.45786)
(3.55784 0 3.50207)
(1.39874 0 1.98825)
(-1.65703 0 0.355304)
(-2.14841 0 0.246031)
(-2.43509 0 0.0248866)
(-2.3377 0 0.147014)
(-2.22605 0 0.394725)
(-2.23185 0 0.359555)
(-2.21505 0 0.222733)
(-2.20208 0 0.144298)
(-2.23239 0 0.144358)
(-2.26456 0 0.123447)
(-2.25837 0 0.0951125)
(-2.22763 0 0.104842)
(-2.21805 0 0.138591)
(-2.24111 0 0.154757)
(-2.26847 0 0.139449)
(-2.27594 0 0.103673)
(-2.2611 0 0.0763189)
(-2.24384 0 0.0791643)
(-2.24524 0 0.1008)
(-2.26785 0 0.115157)
(-2.29922 0 0.109691)
(-2.32167 0 0.0821432)
(-2.32111 0 0.0434852)
(-2.29999 0 0.0163547)
(-2.27902 0 0.0166354)
(-2.27391 0 0.0304135)
(-2.27637 0 0.0353964)
(10.35 0 7.62346)
(8.58912 0 5.82518)
(6.65697 0 4.37194)
(4.70031 0 3.13301)
(2.89631 0 2.13097)
(1.50813 0 1.2756)
(-1.23539 0 0.186497)
(-1.94542 0 0.143488)
(-2.34401 0 -0.0297812)
(-2.38894 0 -0.113124)
(-2.27369 0 0.0905434)
(-2.23177 0 0.313726)
(-2.26558 0 0.297311)
(-2.24051 0 0.181072)
(-2.183 0 0.0868859)
(-2.17782 0 0.106908)
(-2.22507 0 0.141791)
(-2.27305 0 0.125975)
(-2.28122 0 0.0795018)
(-2.24396 0 0.0520488)
(-2.20026 0 0.0769901)
(-2.19296 0 0.122404)
(-2.22255 0 0.14897)
(-2.26514 0 0.144145)
(-2.29525 0 0.104843)
(-2.29109 0 0.0445679)
(-2.25391 0 -0.00209062)
(-2.21926 0 0.00353729)
(-2.21299 0 0.0331185)
(-2.21939 0 0.045581)
(12.4937 0 8.78626)
(11.6111 0 7.33513)
(10.3763 0 6.02231)
(8.97108 0 4.83296)
(7.46609 0 3.80905)
(6.02088 0 2.98884)
(4.50943 0 2.28612)
(3.11897 0 1.67835)
(1.89768 0 1.12695)
(0.590688 0 0.463364)
(-1.36768 0 0.0901911)
(-1.8311 0 0.126997)
(-2.17748 0 -0.0189262)
(-2.23365 0 -0.171987)
(-2.09604 0 -0.070989)
(-2.0637 0 0.183786)
(-2.10644 0 0.290761)
(-2.18301 0 0.26671)
(-2.18766 0 0.163501)
(-2.1136 0 0.0502184)
(-2.04591 0 0.0398676)
(-2.04219 0 0.101695)
(-2.09046 0 0.141427)
(-2.15305 0 0.134874)
(-2.19724 0 0.08186)
(-2.1892 0 0.00250998)
(-2.12136 0 -0.041114)
(-2.06481 0 -0.0193248)
(-2.06226 0 0.0401329)
(-2.07778 0 0.0670786)
(13.6652 0 9.10478)
(13.3778 0 8.09485)
(12.7532 0 7.04147)
(11.8896 0 6.01928)
(10.8594 0 5.08791)
(9.75047 0 4.28306)
(8.59117 0 3.55552)
(7.39903 0 2.89809)
(6.21824 0 2.3385)
(5.07525 0 1.88931)
(3.89529 0 1.52351)
(2.85087 0 1.16927)
(1.88448 0 0.819196)
(1.16568 0 0.417236)
(-0.589891 0 0.0325572)
(-1.2847 0 0.165832)
(-1.66321 0 0.174547)
(-1.87678 0 0.0739718)
(-1.93257 0 -0.0845808)
(-1.81223 0 -0.16316)
(-1.80506 0 -0.0260802)
(-1.78111 0 0.181558)
(-1.84882 0 0.252025)
(-1.9383 0 0.254403)
(-1.99768 0 0.194831)
(-1.97036 0 0.0689324)
(-1.86453 0 -0.074947)
(-1.81086 0 -0.0509064)
(-1.82161 0 0.057136)
(-1.85783 0 0.108081)
(14.2901 0 8.92399)
(14.3703 0 8.30284)
(14.1976 0 7.55141)
(13.7913 0 6.75466)
(13.193 0 5.96794)
(12.4573 0 5.22658)
(11.6264 0 4.53207)
(10.7288 0 3.89743)
(9.79296 0 3.33996)
(8.84851 0 2.86346)
(7.89713 0 2.43557)
(6.96147 0 2.03256)
(6.03943 0 1.66821)
(5.15349 0 1.3865)
(4.2352 0 1.17453)
(3.36254 0 0.972439)
(2.588 0 0.776262)
(1.8849 0 0.58061)
(1.26934 0 0.365893)
(0.522357 0 0.0908835)
(-0.759562 0 0.0262681)
(-1.02677 0 0.155366)
(-1.27942 0 0.190608)
(-1.42574 0 0.157158)
(-1.53326 0 0.0411264)
(-1.54853 0 -0.147664)
(-1.37007 0 -0.247563)
(-1.47723 0 -0.118192)
(-1.50586 0 0.0928051)
(-1.58402 0 0.175749)
(14.5952 0 8.4898)
(14.8773 0 8.14854)
(15.0024 0 7.66028)
(14.9365 0 7.08466)
(14.6889 0 6.46744)
(14.2924 0 5.8441)
(13.7802 0 5.23551)
(13.1784 0 4.65788)
(12.5093 0 4.12376)
(11.7956 0 3.63785)
(11.0541 0 3.19303)
(10.2981 0 2.78287)
(9.53112 0 2.41361)
(8.76292 0 2.10589)
(8.00267 0 1.84198)
(7.2588 0 1.60109)
(6.54895 0 1.37036)
(5.86077 0 1.14944)
(5.18055 0 0.959584)
(4.51119 0 0.834693)
(3.80698 0 0.738297)
(3.18392 0 0.626894)
(2.61158 0 0.530217)
(2.08244 0 0.445149)
(1.59663 0 0.344193)
(1.21607 0 0.188147)
(0.522592 0 0.0132166)
(-0.69055 0 0.0287288)
(-0.907564 0 0.144748)
(-1.15446 0 0.294956)
(14.7265 0 7.94571)
(15.0963 0 7.78024)
(15.3903 0 7.48757)
(15.55 0 7.09882)
(15.5616 0 6.64576)
(15.4388 0 6.1572)
(15.201 0 5.65538)
(14.8658 0 5.15729)
(14.45 0 4.67635)
(13.9712 0 4.22135)
(13.4458 0 3.7949)
(12.8857 0 3.39673)
(12.2979 0 3.03047)
(11.6912 0 2.70381)
(11.0785 0 2.41273)
(10.47 0 2.14885)
(9.86972 0 1.90067)
(9.2714 0 1.66822)
(8.67039 0 1.46556)
(8.0739 0 1.30438)
(7.48749 0 1.17067)
(6.9281 0 1.04696)
(6.3941 0 0.930933)
(5.87645 0 0.815611)
(5.37066 0 0.693981)
(4.86425 0 0.590027)
(4.33855 0 0.548668)
(3.75054 0 0.517976)
(3.26334 0 0.463406)
(2.53027 0 0.499076)
(14.769 0 7.37793)
(15.1579 0 7.30983)
(15.5276 0 7.14591)
(15.8162 0 6.89729)
(15.9977 0 6.58173)
(16.0726 0 6.21832)
(16.0481 0 5.82463)
(15.9328 0 5.41601)
(15.7369 0 5.00555)
(15.4721 0 4.60329)
(15.1506 0 4.2152)
(14.7824 0 3.84468)
(14.3756 0 3.49592)
(13.9389 0 3.17391)
(13.4829 0 2.87912)
(13.0162 0 2.60709)
(12.542 0 2.35215)
(12.0592 0 2.115)
(11.5677 0 1.90269)
(11.0734 0 1.72057)
(10.5855 0 1.56443)
(10.111 0 1.42389)
(9.64794 0 1.29122)
(9.18952 0 1.16187)
(8.72896 0 1.03662)
(8.25881 0 0.932097)
(7.77965 0 0.864084)
(7.29629 0 0.819602)
(6.83661 0 0.78819)
(6.22832 0 0.795601)
(14.766 0 6.82954)
(15.1401 0 6.80942)
(15.5276 0 6.72175)
(15.874 0 6.56756)
(16.151 0 6.35474)
(16.352 0 6.09392)
(16.4766 0 5.79667)
(16.5261 0 5.47458)
(16.5042 0 5.13849)
(16.4172 0 4.79762)
(16.2723 0 4.45892)
(16.0768 0 4.12764)
(15.8379 0 3.80861)
(15.5627 0 3.50623)
(15.2592 0 3.22237)
(14.9342 0 2.95583)
(14.5915 0 2.70489)
(14.2329 0 2.47065)
(13.8603 0 2.25707)
(13.4788 0 2.06731)
(13.0953 0 1.8993)
(12.7142 0 1.74654)
(12.3348 0 1.60357)
(11.9529 0 1.46838)
(11.5637 0 1.34344)
(11.1638 0 1.23793)
(10.7554 0 1.16024)
(10.3461 0 1.10737)
(9.94794 0 1.07356)
(9.44374 0 1.0576)
(14.738 0 6.31558)
(15.0843 0 6.31682)
(15.4596 0 6.27085)
(15.8192 0 6.17519)
(16.1378 0 6.03259)
(16.407 0 5.84816)
(16.6232 0 5.62846)
(16.7833 0 5.38102)
(16.8864 0 5.11367)
(16.934 0 4.83384)
(16.9296 0 4.54795)
(16.8772 0 4.26149)
(16.7817 0 3.97928)
(16.6482 0 3.70549)
(16.4823 0 3.44276)
(16.2892 0 3.19206)
(16.0727 0 2.9538)
(15.8353 0 2.72944)
(15.5799 0 2.52163)
(15.3106 0 2.3324)
(15.0324 0 2.16092)
(14.7485 0 2.00378)
(14.4594 0 1.85793)
(14.1628 0 1.72257)
(13.8561 0 1.59993)
(13.5381 0 1.49553)
(13.2112 0 1.41438)
(12.8812 0 1.35534)
(12.5562 0 1.31338)
(12.1449 0 1.28112)
(14.6939 0 5.83778)
(15.0104 0 5.84782)
(15.3613 0 5.82378)
(15.7105 0 5.76271)
(16.0371 0 5.66532)
(16.3341 0 5.53386)
(16.5971 0 5.37168)
(16.8218 0 5.18322)
(17.0049 0 4.97362)
(17.1449 0 4.74825)
(17.2422 0 4.51228)
(17.2984 0 4.27046)
(17.3158 0 4.02715)
(17.2975 0 3.78616)
(17.2471 0 3.55047)
(17.168 0 3.32207)
(17.0634 0 3.10245)
(16.9357 0 2.89336)
(16.7877 0 2.69692)
(16.6227 0 2.51479)
(16.4441 0 2.34705)
(16.2548 0 2.19233)
(16.0556 0 2.04921)
(15.8456 0 1.9176)
(15.6238 0 1.79931)
(15.3902 0 1.69783)
(15.147 0 1.61616)
(14.8982 0 1.55367)
(14.6498 0 1.5063)
(14.3303 0 1.4663)
(14.6378 0 5.39304)
(14.9268 0 5.4065)
(15.2506 0 5.39417)
(15.5795 0 5.35354)
(15.8966 0 5.28467)
(16.1968 0 5.18858)
(16.4767 0 5.06697)
(16.7321 0 4.92237)
(16.9591 0 4.758)
(17.1551 0 4.5775)
(17.3188 0 4.38468)
(17.4498 0 4.18329)
(17.5487 0 3.97693)
(17.6169 0 3.76892)
(17.656 0 3.56211)
(17.6683 0 3.35883)
(17.6558 0 3.16101)
(17.6205 0 2.97054)
(17.5645 0 2.78935)
(17.4903 0 2.61902)
(17.4005 0 2.46023)
(17.2972 0 2.31282)
(17.1813 0 2.17648)
(17.053 0 2.05158)
(16.9121 0 1.93965)
(16.7592 0 1.84302)
(16.5961 0 1.76356)
(16.4257 0 1.70091)
(16.2522 0 1.65211)
(16.0222 0 1.6106)
(14.572 0 4.97707)
(14.8368 0 4.99175)
(15.135 0 4.98613)
(15.4413 0 4.95814)
(15.7415 0 4.90768)
(16.0323 0 4.8353)
(16.3116 0 4.74191)
(16.576 0 4.62902)
(16.822 0 4.49865)
(17.0467 0 4.35328)
(17.2482 0 4.1956)
(17.4254 0 4.02845)
(17.5776 0 3.85466)
(17.705 0 3.67696)
(17.8082 0 3.49789)
(17.8882 0 3.31968)
(17.946 0 3.14435)
(17.983 0 2.97378)
(18.0007 0 2.80979)
(18.0007 0 2.65392)
(17.9848 0 2.50723)
(17.9547 0 2.37024)
(17.9112 0 2.24332)
(17.855 0 2.12721)
(17.7862 0 2.02323)
(17.7058 0 1.93308)
(17.6152 0 1.85806)
(17.5162 0 1.79806)
(17.4118 0 1.75115)
(17.2662 0 1.71243)
(14.4981 0 4.58579)
(14.742 0 4.60077)
(15.0173 0 4.59933)
(15.3018 0 4.57975)
(15.5834 0 4.54186)
(15.8598 0 4.48598)
(16.1299 0 4.41265)
(16.3912 0 4.32281)
(16.6408 0 4.21782)
(16.8763 0 4.09939)
(17.0957 0 3.96949)
(17.2975 0 3.83022)
(17.4808 0 3.68379)
(17.645 0 3.53241)
(17.79 0 3.37821)
(17.916 0 3.2232)
(18.0235 0 3.06927)
(18.1131 0 2.9182)
(18.1856 0 2.77167)
(18.2423 0 2.63119)
(18.2843 0 2.49798)
(18.3126 0 2.37294)
(18.3281 0 2.25686)
(18.3315 0 2.15067)
(18.3232 0 2.05559)
(18.3041 0 1.97299)
(18.2753 0 1.90392)
(18.2382 0 1.84855)
(18.1943 0 1.80587)
(18.1245 0 1.77266)
(14.4176 0 4.21572)
(14.6434 0 4.23055)
(14.8985 0 4.2319)
(15.1633 0 4.21829)
(15.4269 0 4.18951)
(15.6878 0 4.14572)
(15.9454 0 4.08725)
(16.1979 0 4.0147)
(16.4432 0 3.92903)
(16.6791 0 3.83147)
(16.9039 0 3.72348)
(17.1163 0 3.60667)
(17.3151 0 3.48278)
(17.4996 0 3.35358)
(17.6692 0 3.22087)
(17.8239 0 3.08639)
(17.9637 0 2.95182)
(18.0887 0 2.8188)
(18.1995 0 2.68886)
(18.2967 0 2.56345)
(18.3809 0 2.44383)
(18.453 0 2.33108)
(18.5137 0 2.2262)
(18.5634 0 2.13023)
(18.6029 0 2.04434)
(18.6328 0 1.96974)
(18.6541 0 1.90741)
(18.6676 0 1.8578)
(18.6743 0 1.82069)
(18.6695 0 1.79431)
(14.332 0 3.86395)
(14.542 0 3.87837)
(14.7795 0 3.88163)
(15.0266 0 3.87243)
(15.2737 0 3.85055)
(15.5196 0 3.81603)
(15.7641 0 3.76904)
(16.0059 0 3.70997)
(16.2432 0 3.63949)
(16.4743 0 3.55851)
(16.6977 0 3.46813)
(16.9123 0 3.36962)
(17.117 0 3.26435)
(17.311 0 3.15379)
(17.4937 0 3.03942)
(17.6647 0 2.92277)
(17.8239 0 2.8053)
(17.9712 0 2.68849)
(18.1069 0 2.57374)
(18.2312 0 2.46241)
(18.3446 0 2.35573)
(18.4477 0 2.25485)
(18.541 0 2.16085)
(18.6249 0 2.07482)
(18.7001 0 1.99791)
(18.7671 0 1.93123)
(18.8269 0 1.87581)
(18.88 0 1.83234)
(18.9268 0 1.80122)
(18.9752 0 1.78183)
(14.2427 0 3.52805)
(14.4389 0 3.54188)
(14.6608 0 3.54642)
(14.8923 0 3.54054)
(15.1246 0 3.52401)
(15.3567 0 3.49679)
(15.5885 0 3.45894)
(15.8192 0 3.41071)
(16.0474 0 3.35253)
(16.2715 0 3.28509)
(16.4903 0 3.20923)
(16.7028 0 3.12594)
(16.908 0 3.03633)
(17.1051 0 2.9416)
(17.2936 0 2.84301)
(17.473 0 2.74185)
(17.643 0 2.63944)
(17.8036 0 2.53707)
(17.9546 0 2.43603)
(18.0964 0 2.33757)
(18.2291 0 2.24288)
(18.3531 0 2.15309)
(18.4689 0 2.06932)
(18.577 0 1.99265)
(18.6777 0 1.92419)
(18.7719 0 1.86506)
(18.86 0 1.8163)
(18.9428 0 1.77882)
(19.0204 0 1.75343)
(19.1105 0 1.74041)
(14.1513 0 3.20596)
(14.3353 0 3.21907)
(14.5436 0 3.22441)
(14.7613 0 3.22103)
(14.9803 0 3.20868)
(15.1997 0 3.1873)
(15.4198 0 3.15685)
(15.6399 0 3.11748)
(15.8588 0 3.06947)
(16.0752 0 3.01333)
(16.288 0 2.94968)
(16.4963 0 2.8793)
(16.6993 0 2.80309)
(16.8962 0 2.72203)
(17.0865 0 2.63718)
(17.2696 0 2.54965)
(17.4452 0 2.46059)
(17.6133 0 2.37115)
(17.7736 0 2.2825)
(17.9262 0 2.19577)
(18.0714 0 2.1121)
(18.2094 0 2.03258)
(18.3406 0 1.9583)
(18.4653 0 1.89031)
(18.584 0 1.82972)
(18.6974 0 1.77761)
(18.8061 0 1.73505)
(18.9107 0 1.70309)
(19.0113 0 1.68282)
(19.1334 0 1.67509)
(14.0594 0 2.89588)
(14.2327 0 2.90815)
(14.429 0 2.91395)
(14.6344 0 2.91242)
(14.8415 0 2.90335)
(15.0495 0 2.88664)
(15.2588 0 2.86224)
(15.469 0 2.83018)
(15.679 0 2.79067)
(15.8877 0 2.74404)
(16.0941 0 2.69079)
(16.2974 0 2.63151)
(16.4969 0 2.56691)
(16.6918 0 2.4978)
(16.8817 0 2.42506)
(17.0659 0 2.34966)
(17.2442 0 2.27256)
(17.4164 0 2.1948)
(17.5823 0 2.11742)
(17.7418 0 2.04146)
(17.8952 0 1.96796)
(18.0426 0 1.89795)
(18.1843 0 1.83247)
(18.3207 0 1.77256)
(18.4522 0 1.71926)
(18.5795 0 1.67364)
(18.7031 0 1.63677)
(18.8238 0 1.60977)
(18.9416 0 1.59386)
(19.088 0 1.59022)
(13.9687 0 2.5962)
(14.1326 0 2.60754)
(14.3181 0 2.61349)
(14.5126 0 2.6133)
(14.7091 0 2.60678)
(14.9069 0 2.59383)
(15.1065 0 2.57437)
(15.3076 0 2.54838)
(15.5092 0 2.51599)
(15.7105 0 2.47744)
(15.9105 0 2.43309)
(16.1086 0 2.3834)
(16.304 0 2.32893)
(16.4961 0 2.27034)
(16.6844 0 2.20837)
(16.8684 0 2.14381)
(17.0476 0 2.07752)
(17.222 0 2.01038)
(17.3912 0 1.94332)
(17.5553 0 1.87728)
(17.7142 0 1.8132)
(17.8682 0 1.75205)
(18.0175 0 1.69479)
(18.1624 0 1.64241)
(18.3033 0 1.5959)
(18.4409 0 1.55628)
(18.5758 0 1.52462)
(18.7087 0 1.50203)
(18.8398 0 1.48975)
(19.0049 0 1.48911)
(13.8807 0 2.30546)
(14.0363 0 2.31581)
(14.2124 0 2.32167)
(14.3973 0 2.32241)
(14.5844 0 2.31786)
(14.7731 0 2.30792)
(14.9639 0 2.2925)
(15.1567 0 2.27155)
(15.3506 0 2.24516)
(15.5449 0 2.21348)
(15.7388 0 2.17677)
(15.9316 0 2.13539)
(16.1228 0 2.0898)
(16.3117 0 2.0405)
(16.4978 0 1.98812)
(16.6807 0 1.9333)
(16.86 0 1.87679)
(17.0353 0 1.81934)
(17.2066 0 1.76176)
(17.3737 0 1.70489)
(17.5366 0 1.64957)
(17.6954 0 1.59669)
(17.8503 0 1.54713)
(18.0017 0 1.5018)
(18.15 0 1.46163)
(18.2956 0 1.42759)
(18.4394 0 1.40069)
(18.582 0 1.38201)
(18.7237 0 1.37273)
(18.9037 0 1.37419)
(13.7971 0 2.02215)
(13.9453 0 2.03145)
(14.1132 0 2.03703)
(14.2897 0 2.03837)
(14.4685 0 2.03531)
(14.6491 0 2.02777)
(14.8321 0 2.01565)
(15.0174 0 1.9989)
(15.2043 0 1.97756)
(15.3921 0 1.95172)
(15.5803 0 1.9216)
(15.7681 0 1.88745)
(15.9551 0 1.84963)
(16.1407 0 1.80856)
(16.3244 0 1.76472)
(16.5057 0 1.71867)
(16.6844 0 1.67101)
(16.86 0 1.6224)
(17.0325 0 1.57354)
(17.2016 0 1.52514)
(17.3673 0 1.47797)
(17.5297 0 1.4328)
(17.6891 0 1.39044)
(17.8456 0 1.35171)
(17.9997 0 1.31747)
(18.152 0 1.28861)
(18.3029 0 1.26606)
(18.4535 0 1.25083)
(18.604 0 1.24401)
(18.7962 0 1.24686)
(13.7191 0 1.74515)
(13.8611 0 1.75334)
(14.0218 0 1.75849)
(14.191 0 1.76016)
(14.3625 0 1.75821)
(14.536 0 1.75258)
(14.7122 0 1.74316)
(14.8908 0 1.72992)
(15.0715 0 1.71284)
(15.2536 0 1.69202)
(15.4364 0 1.66758)
(15.6196 0 1.63974)
(15.8026 0 1.60876)
(15.9849 0 1.57497)
(16.1661 0 1.53878)
(16.3456 0 1.50062)
(16.5233 0 1.46101)
(16.6987 0 1.42048)
(16.8717 0 1.37964)
(17.0422 0 1.33909)
(17.21 0 1.29949)
(17.3752 0 1.26153)
(17.538 0 1.22591)
(17.6987 0 1.19336)
(17.8576 0 1.16466)
(18.0152 0 1.1406)
(18.1722 0 1.12203)
(18.3294 0 1.10985)
(18.4874 0 1.10502)
(18.6896 0 1.10872)
(13.6485 0 1.47252)
(13.785 0 1.47956)
(13.9397 0 1.48414)
(14.1025 0 1.48591)
(14.2678 0 1.48476)
(14.4352 0 1.48062)
(14.6054 0 1.47342)
(14.7783 0 1.46309)
(14.9535 0 1.44964)
(15.1304 0 1.43311)
(15.3086 0 1.41361)
(15.4876 0 1.39128)
(15.6669 0 1.36634)
(15.8461 0 1.33903)
(16.0247 0 1.30968)
(16.2025 0 1.27865)
(16.379 0 1.24634)
(16.5539 0 1.2132)
(16.7271 0 1.17971)
(16.8983 0 1.14641)
(17.0676 0 1.11384)
(17.2349 0 1.08259)
(17.4004 0 1.05325)
(17.5644 0 1.02647)
(17.7271 0 1.00292)
(17.8892 0 0.983283)
(18.0512 0 0.96831)
(18.2141 0 0.958787)
(18.3782 0 0.955559)
(18.5888 0 0.959669)
(13.5864 0 1.20404)
(13.7184 0 1.2099)
(13.8679 0 1.21383)
(14.0254 0 1.21554)
(14.1856 0 1.21495)
(14.3478 0 1.212)
(14.5129 0 1.20662)
(14.681 0 1.19877)
(14.8515 0 1.18844)
(15.024 0 1.17566)
(15.1981 0 1.16049)
(15.3734 0 1.14305)
(15.5494 0 1.1235)
(15.7258 0 1.10203)
(15.9021 0 1.07889)
(16.0781 0 1.05435)
(16.2534 0 1.02874)
(16.4276 0 1.00241)
(16.6007 0 0.975768)
(16.7724 0 0.949223)
(16.9427 0 0.923231)
(17.1115 0 0.89827)
(17.2791 0 0.874843)
(17.4457 0 0.853482)
(17.6115 0 0.834744)
(17.7772 0 0.819219)
(17.9433 0 0.807532)
(18.1107 0 0.800348)
(18.28 0 0.798372)
(18.4975 0 0.802504)
(13.5344 0 0.935885)
(13.6627 0 0.940494)
(13.808 0 0.943643)
(13.9613 0 0.945112)
(14.1172 0 0.944841)
(14.2752 0 0.942785)
(14.4362 0 0.938892)
(14.6002 0 0.933119)
(14.7669 0 0.925455)
(14.9357 0 0.915918)
(15.1064 0 0.904558)
(15.2785 0 0.891454)
(15.4518 0 0.876718)
(15.6258 0 0.860497)
(15.8001 0 0.842969)
(15.9744 0 0.824348)
(16.1485 0 0.804877)
(16.3221 0 0.78483)
(16.4948 0 0.764507)
(16.6667 0 0.744237)
(16.8376 0 0.724373)
(17.0076 0 0.705288)
(17.1767 0 0.687381)
(17.3452 0 0.671074)
(17.5135 0 0.656811)
(17.6819 0 0.645067)
(17.8513 0 0.636346)
(18.0223 0 0.631191)
(18.1957 0 0.630174)
(18.4185 0 0.634073)
(13.4934 0 0.671163)
(13.6189 0 0.674562)
(13.761 0 0.676942)
(13.911 0 0.678135)
(14.0636 0 0.678104)
(14.2184 0 0.676821)
(14.3762 0 0.674248)
(14.537 0 0.670353)
(14.7007 0 0.665124)
(14.8667 0 0.658572)
(15.0347 0 0.650728)
(15.2043 0 0.641647)
(15.3754 0 0.631402)
(15.5474 0 0.620096)
(15.72 0 0.60785)
(15.893 0 0.594814)
(16.0661 0 0.581158)
(16.239 0 0.567075)
(16.4114 0 0.552779)
(16.5833 0 0.538504)
(16.7546 0 0.524502)
(16.9253 0 0.511044)
(17.0954 0 0.498419)
(17.2654 0 0.486934)
(17.4353 0 0.476916)
(17.6059 0 0.468718)
(17.7777 0 0.462719)
(17.9515 0 0.459334)
(18.128 0 0.45901)
(18.3551 0 0.462369)
(13.4649 0 0.399454)
(13.5884 0 0.401506)
(13.7283 0 0.402955)
(13.8758 0 0.403657)
(14.0261 0 0.403611)
(14.1786 0 0.402813)
(14.3341 0 0.401244)
(14.4927 0 0.398881)
(14.6541 0 0.395719)
(14.818 0 0.391765)
(14.9841 0 0.387038)
(15.1519 0 0.381569)
(15.3212 0 0.375404)
(15.4917 0 0.368603)
(15.6631 0 0.36124)
(15.835 0 0.353404)
(16.0072 0 0.345196)
(16.1794 0 0.336734)
(16.3514 0 0.328147)
(16.5231 0 0.319576)
(16.6944 0 0.311175)
(16.8654 0 0.303109)
(17.0361 0 0.295555)
(17.2068 0 0.288702)
(17.3778 0 0.282754)
(17.5496 0 0.277932)
(17.7229 0 0.274487)
(17.8985 0 0.272715)
(18.0771 0 0.272998)
(18.3063 0 0.276095)
(13.2289 0 0.134815)
(13.3487 0 0.135731)
(13.4845 0 0.136434)
(13.6281 0 0.136859)
(13.7742 0 0.137015)
(13.9226 0 0.136905)
(14.0739 0 0.136522)
(14.2283 0 0.135855)
(14.3854 0 0.134902)
(14.5449 0 0.133663)
(14.7065 0 0.132143)
(14.8699 0 0.130354)
(15.0346 0 0.128309)
(15.2005 0 0.12603)
(15.3671 0 0.12354)
(15.5342 0 0.120871)
(15.7015 0 0.118058)
(15.8687 0 0.115142)
(16.0357 0 0.112169)
(16.2022 0 0.109188)
(16.3683 0 0.106255)
(16.5339 0 0.103429)
(16.6991 0 0.100773)
(16.8642 0 0.0983547)
(17.0295 0 0.0962495)
(17.1956 0 0.0945397)
(17.3632 0 0.0933228)
(17.5331 0 0.0927271)
(17.7067 0 0.0929524)
(17.9312 0 0.0945957)
)
;

boundaryField
{
    inlet
    {
        type            fixedValue;
        value           uniform (10 0 0);
    }
    outlet
    {
        type            zeroGradient;
    }
    flap
    {
        type            movingWallVelocity;
        value           nonuniform List<vector> 
33
(
(0 0 6.93889e-16)
(0 0 0)
(0 0 0)
(0 0 0)
(0 0 0)
(0 0 0)
(0 0 0)
(0 0 0)
(0 0 0)
(0 0 0)
(0 0 0)
(0 0 -1.11022e-14)
(0 0 -1.11022e-14)
(0 0 -1.11022e-14)
(0 0 -2.22045e-14)
(6.93889e-16 -2.77556e-15 0)
(0 -2.77556e-15 0)
(0 0 0)
(0 0 6.93889e-16)
(0 0 0)
(0 0 0)
(0 0 0)
(0 0 0)
(0 0 0)
(0 0 -5.55112e-15)
(0 0 0)
(0 0 -1.11022e-14)
(0 0 0)
(0 0 0)
(0 0 0)
(0 0 0)
(0 -2.77556e-15 -1.11022e-14)
(0 0 -1.11022e-14)
)
;
    }
    upperWall
    {
        type            noSlip;
    }
    lowerWall
    {
        type            noSlip;
    }
    frontAndBack
    {
        type            empty;
    }
}


// ************************************************************************* //
