/*--------------------------------*- C++ -*----------------------------------*\
  =========                 |
  \\      /  F ield         | OpenFOAM: The Open Source CFD Toolbox
   \\    /   O peration     | Website:  https://openfoam.org
    \\  /    A nd           | Version:  dev
     \\/     M anipulation  |
\*---------------------------------------------------------------------------*/
FoamFile
{
    version     2.0;
    format      ascii;
    class       volVectorField;
    location    "4.1";
    object      U;
}
// * * * * * * * * * * * * * * * * * * * * * * * * * * * * * * * * * * * * * //

dimensions      [0 1 -1 0 0 0 0];

internalField   nonuniform List<vector> 
2790
(
(9.94399 0 0.0205232)
(9.87572 0 0.0295877)
(9.77521 0 0.0359895)
(9.64944 0 0.0425562)
(9.50409 0 0.0493854)
(9.34007 0 0.0564282)
(9.15655 0 0.0638157)
(8.95263 0 0.0717113)
(8.72747 0 0.0802547)
(8.48009 0 0.0895729)
(8.20929 0 0.0997927)
(7.91367 0 0.111045)
(7.59171 0 0.123459)
(7.24181 0 0.137164)
(6.86236 0 0.152272)
(6.45184 0 0.16887)
(6.00893 0 0.186997)
(5.53274 0 0.206619)
(5.02303 0 0.227591)
(4.48052 0 0.249612)
(3.90723 0 0.272178)
(3.30691 0 0.294527)
(2.68537 0 0.315623)
(2.05071 0 0.334292)
(1.41188 0 0.35061)
(0.79811 0 0.372887)
(0.110821 0 0.325105)
(-0.469562 0 -0.11484)
(-0.453766 0 -0.297172)
(-0.231163 0 -0.423866)
(9.9985 0 0.0407031)
(9.98145 0 0.0623829)
(9.93574 0 0.0791402)
(9.86416 0 0.0966247)
(9.77097 0 0.115124)
(9.65715 0 0.134488)
(9.52206 0 0.154974)
(9.36486 0 0.176942)
(9.18472 0 0.200706)
(8.98068 0 0.226547)
(8.75154 0 0.254742)
(8.49591 0 0.285557)
(8.21223 0 0.319246)
(7.89885 0 0.356019)
(7.55408 0 0.396017)
(7.17624 0 0.43926)
(6.76384 0 0.48559)
(6.31572 0 0.534585)
(5.83132 0 0.58546)
(5.31096 0 0.636954)
(4.75624 0 0.687205)
(4.17051 0 0.73365)
(3.55939 0 0.772958)
(2.93165 0 0.801101)
(2.30005 0 0.813761)
(1.69304 0 0.807268)
(1.10724 0 0.747282)
(0.65895 0 0.547966)
(0.186544 0 0.22467)
(-0.00820087 0 -0.453708)
(9.99559 0 0.0432071)
(9.97556 0 0.0752719)
(9.9318 0 0.103346)
(9.8649 0 0.132371)
(9.77778 0 0.163059)
(9.67155 0 0.195398)
(9.54588 0 0.229741)
(9.40014 0 0.2666)
(9.23366 0 0.306467)
(9.04565 0 0.349803)
(8.8351 0 0.397066)
(8.60083 0 0.448715)
(8.34147 0 0.505185)
(8.05553 0 0.566855)
(7.74141 0 0.634002)
(7.39749 0 0.706721)
(7.02216 0 0.784826)
(6.61402 0 0.867713)
(6.17201 0 0.954185)
(5.69572 0 1.04225)
(5.18572 0 1.12888)
(4.64405 0 1.20979)
(4.07489 0 1.27916)
(3.48547 0 1.32934)
(2.88694 0 1.35011)
(2.29956 0 1.32645)
(1.73193 0 1.22082)
(1.21632 0 0.973058)
(0.70119 0 0.570207)
(0.358069 0 -0.156474)
(9.99403 0 0.0494994)
(9.97181 0 0.0932066)
(9.92788 0 0.133572)
(9.86225 0 0.174209)
(9.77693 0 0.216433)
(9.67298 0 0.26066)
(9.55032 0 0.307428)
(9.40849 0 0.357412)
(9.24703 0 0.411286)
(9.06534 0 0.469699)
(8.8627 0 0.533294)
(8.63821 0 0.602713)
(8.39087 0 0.67858)
(8.11955 0 0.761461)
(7.82303 0 0.851805)
(7.50005 0 0.949857)
(7.14929 0 1.05553)
(6.7695 0 1.16822)
(6.35956 0 1.28659)
(5.91867 0 1.40825)
(5.44661 0 1.52945)
(4.94409 0 1.64467)
(4.41326 0 1.74614)
(3.85837 0 1.82323)
(3.28592 0 1.86139)
(2.70649 0 1.84036)
(2.12573 0 1.72606)
(1.55432 0 1.47794)
(0.957989 0 1.08378)
(0.509438 0 0.502413)
(9.99331 0 0.0572139)
(9.96994 0 0.110959)
(9.92593 0 0.162104)
(9.86146 0 0.213348)
(9.77799 0 0.266356)
(9.67635 0 0.321913)
(9.55654 0 0.380699)
(9.41822 0 0.443484)
(9.26098 0 0.51105)
(9.08434 0 0.584162)
(8.88771 0 0.663577)
(8.6704 0 0.75005)
(8.43161 0 0.844318)
(8.17048 0 0.947065)
(7.8861 0 1.05886)
(7.57751 0 1.18005)
(7.24371 0 1.31066)
(6.88366 0 1.45015)
(6.49635 0 1.59719)
(6.0808 0 1.7493)
(5.63624 0 1.90239)
(5.16221 0 2.0503)
(4.65887 0 2.18417)
(4.12731 0 2.29175)
(3.5695 0 2.35659)
(2.98898 0 2.35737)
(2.38691 0 2.26502)
(1.76645 0 2.04773)
(1.09003 0 1.69151)
(0.536669 0 1.15427)
(9.99302 0 0.065539)
(9.96923 0 0.128702)
(9.92556 0 0.190114)
(9.86253 0 0.251844)
(9.78128 0 0.315578)
(9.68244 0 0.382317)
(9.56601 0 0.452872)
(9.43171 0 0.528097)
(9.2792 0 0.608873)
(9.10806 0 0.696075)
(8.91778 0 0.790566)
(8.70775 0 0.893208)
(8.47729 0 1.00484)
(8.22569 0 1.12623)
(7.95217 0 1.25806)
(7.65592 0 1.40078)
(7.33607 0 1.55451)
(6.99169 0 1.71883)
(6.62175 0 1.89252)
(6.22508 0 2.07319)
(5.80036 0 2.25682)
(5.34613 0 2.43718)
(4.86081 0 2.60518)
(4.3428 0 2.74822)
(3.7905 0 2.84957)
(3.20267 0 2.88825)
(2.57666 0 2.83831)
(1.91354 0 2.67172)
(1.17279 0 2.37413)
(0.549988 0 1.89455)
(9.99297 0 0.0740753)
(9.96926 0 0.146315)
(9.92637 0 0.217484)
(9.86508 0 0.289292)
(9.78642 0 0.363355)
(9.69084 0 0.440826)
(9.57835 0 0.522657)
(9.44871 0 0.609806)
(9.30165 0 0.703247)
(9.13678 0 0.803954)
(8.95365 0 0.912885)
(8.75171 0 1.03099)
(8.53035 0 1.1592)
(8.28889 0 1.29837)
(8.02661 0 1.44926)
(7.74272 0 1.61244)
(7.43633 0 1.78814)
(7.10645 0 1.97612)
(6.75186 0 2.17536)
(6.37108 0 2.38377)
(5.96219 0 2.5977)
(5.52273 0 2.81135)
(5.04963 0 3.01613)
(4.53912 0 3.19997)
(3.98677 0 3.34671)
(3.38802 0 3.43602)
(2.73735 0 3.4434)
(2.03632 0 3.34162)
(1.2418 0 3.11373)
(0.563538 0 2.69332)
(9.99306 0 0.0825887)
(9.96981 0 0.163607)
(9.92807 0 0.244051)
(9.86885 0 0.32548)
(9.79312 0 0.409446)
(9.70126 0 0.497205)
(9.59323 0 0.589836)
(9.46888 0 0.68839)
(9.32796 0 0.793931)
(9.17014 0 0.907517)
(8.99502 0 1.0302)
(8.80211 0 1.16301)
(8.59082 0 1.30698)
(8.36052 0 1.46306)
(8.11046 0 1.63211)
(7.83983 0 1.81483)
(7.54764 0 2.01162)
(7.23272 0 2.22246)
(6.89356 0 2.44668)
(6.52824 0 2.68263)
(6.13418 0 2.9273)
(5.70795 0 3.17573)
(5.24508 0 3.42034)
(4.73991 0 3.65019)
(4.18561 0 3.85026)
(3.57489 0 4.00095)
(2.89964 0 4.07801)
(2.16221 0 4.05253)
(1.31618 0 3.90189)
(0.583247 0 3.54036)
(9.99326 0 0.0909291)
(9.97072 0 0.18041)
(9.93046 0 0.269669)
(9.87362 0 0.360243)
(9.80118 0 0.453647)
(9.71343 0 0.551209)
(9.61037 0 0.654109)
(9.49188 0 0.76349)
(9.35775 0 0.880495)
(9.20773 0 1.00627)
(9.04145 0 1.14194)
(8.85848 0 1.28864)
(8.65827 0 1.44749)
(8.44022 0 1.61955)
(8.20359 0 1.80582)
(7.94748 0 2.00716)
(7.67081 0 2.22419)
(7.3722 0 2.45721)
(7.04985 0 2.70599)
(6.70134 0 2.9695)
(6.32344 0 3.2456)
(5.91176 0 3.53048)
(5.46049 0 3.81803)
(4.96215 0 4.09897)
(4.40756 0 4.35988)
(3.78655 0 4.58216)
(3.08771 0 4.74119)
(2.31282 0 4.80463)
(1.41072 0 4.74131)
(0.614343 0 4.44218)
(9.99352 0 0.0989931)
(9.9719 0 0.196581)
(9.9334 0 0.294197)
(9.87924 0 0.393418)
(9.8104 0 0.495756)
(9.72716 0 0.602588)
(9.62953 0 0.715179)
(9.51741 0 0.834756)
(9.39068 0 0.962534)
(9.24912 0 1.09973)
(9.09245 0 1.24757)
(8.92027 0 1.40727)
(8.73213 0 1.58003)
(8.52742 0 1.76706)
(8.30544 0 1.96951)
(8.06527 0 2.18842)
(7.80575 0 2.42473)
(7.52533 0 2.67909)
(7.22196 0 2.95184)
(6.89284 0 3.24274)
(6.53412 0 3.55071)
(6.14059 0 3.87342)
(5.70519 0 4.20665)
(5.21864 0 4.54335)
(4.66917 0 4.87244)
(4.04305 0 5.17703)
(3.32386 0 5.43244)
(2.50991 0 5.60217)
(1.54197 0 5.64377)
(0.664103 0 5.41836)
(9.99384 0 0.106705)
(9.9733 0 0.212002)
(9.93679 0 0.317505)
(9.88558 0 0.424858)
(9.82063 0 0.53559)
(9.74225 0 0.65112)
(9.65044 0 0.772785)
(9.54517 0 0.901879)
(9.42637 0 1.03969)
(9.29389 0 1.1875)
(9.14752 0 1.34661)
(8.98693 0 1.51832)
(8.81174 0 1.70395)
(8.62143 0 1.90482)
(8.41532 0 2.12225)
(8.19253 0 2.35753)
(7.9519 0 2.61189)
(7.69182 0 2.88646)
(7.41009 0 3.18219)
(7.1037 0 3.49976)
(6.76843 0 3.83938)
(6.39845 0 4.20045)
(5.9857 0 4.5811)
(5.51926 0 4.97728)
(4.98458 0 5.38131)
(4.36348 0 5.77961)
(3.63212 0 6.14927)
(2.78032 0 6.4509)
(1.73359 0 6.62885)
(0.744898 0 6.5035)
(9.9942 0 0.114007)
(9.97487 0 0.226577)
(9.94055 0 0.339476)
(9.89251 0 0.454426)
(9.83173 0 0.572985)
(9.7585 0 0.69661)
(9.67288 0 0.826692)
(9.57487 0 0.964587)
(9.46447 0 1.11164)
(9.34161 0 1.2692)
(9.20614 0 1.43863)
(9.05785 0 1.62131)
(8.89643 0 1.81865)
(8.72146 0 2.03211)
(8.53237 0 2.26317)
(8.32836 0 2.51337)
(8.10836 0 2.78426)
(7.87083 0 3.07747)
(7.61364 0 3.39462)
(7.33379 0 3.73737)
(7.027 0 4.10733)
(6.68726 0 4.50591)
(6.30603 0 4.934)
(5.87126 0 5.39137)
(5.36599 0 5.87532)
(4.76714 0 6.37827)
(4.04098 0 6.88335)
(3.16172 0 7.35377)
(2.02494 0 7.72362)
(0.880833 0 7.75764)
(9.99459 0 0.120855)
(9.97657 0 0.240227)
(9.94461 0 0.360011)
(9.89995 0 0.482004)
(9.84355 0 0.607798)
(9.77575 0 0.738884)
(9.69661 0 0.876696)
(9.60622 0 1.02264)
(9.50462 0 1.17811)
(9.39183 0 1.3445)
(9.2678 0 1.52323)
(9.1324 0 1.71575)
(8.98546 0 1.92357)
(8.82667 0 2.14824)
(8.65561 0 2.39142)
(8.47166 0 2.65485)
(8.27392 0 2.94044)
(8.06108 0 3.25024)
(7.83128 0 3.58657)
(7.58183 0 3.95204)
(7.30885 0 4.3497)
(7.00674 0 4.78301)
(6.66734 0 5.25596)
(6.27865 0 5.77283)
(5.82268 0 6.33761)
(5.27276 0 6.9524)
(4.58486 0 7.61374)
(3.71032 0 8.30121)
(2.48849 0 8.95875)
(1.12465 0 9.294)
(9.99501 0 0.127213)
(9.97838 0 0.252888)
(9.94891 0 0.379025)
(9.90779 0 0.507491)
(9.85598 0 0.639912)
(9.79381 0 0.777804)
(9.72141 0 0.922638)
(9.63892 0 1.07585)
(9.54645 0 1.23888)
(9.44411 0 1.41316)
(9.33193 0 1.60014)
(9.20992 0 1.80133)
(9.07803 0 2.01829)
(8.93612 0 2.2527)
(8.78395 0 2.50632)
(8.62114 0 2.7811)
(8.44707 0 3.07919)
(8.2608 0 3.40308)
(8.06095 0 3.75564)
(7.84546 0 4.14036)
(7.61134 0 4.56152)
(7.35414 0 5.02453)
(7.06724 0 5.53635)
(6.74056 0 6.10598)
(6.35814 0 6.74511)
(5.89438 0 7.46885)
(5.30119 0 8.29637)
(4.50937 0 9.24824)
(3.26934 0 10.3425)
(1.60534 0 11.3604)
(9.99545 0 0.133053)
(9.98026 0 0.264508)
(9.95339 0 0.396447)
(9.91595 0 0.530794)
(9.86887 0 0.669204)
(9.81252 0 0.813216)
(9.74706 0 0.964323)
(9.6727 0 1.12399)
(9.58961 0 1.29367)
(9.49799 0 1.47483)
(9.398 0 1.66893)
(9.28975 0 1.87754)
(9.17334 0 2.10225)
(9.04883 0 2.34479)
(8.9162 0 2.60702)
(8.77535 0 2.89103)
(8.62603 0 3.19917)
(8.4678 0 3.53419)
(8.29992 0 3.8994)
(8.12127 0 4.2989)
(7.93014 0 4.7379)
(7.72398 0 5.22326)
(7.49895 0 5.76419)
(7.24917 0 6.37352)
(6.96515 0 7.0697)
(6.63137 0 7.88057)
(6.21505 0 8.85161)
(5.66676 0 10.0659)
(4.69134 0 11.7316)
(2.68831 0 14.5946)
(0.126502 0 -0.128882)
(0.294936 0 -0.116812)
(0.468915 0 -0.0932935)
(0.617224 0 -0.0716536)
(0.735423 0 -0.0542472)
(0.828716 0 -0.0407401)
(0.903207 0 -0.0304221)
(0.963652 0 -0.0226682)
(1.01357 0 -0.0169461)
(1.0557 0 -0.0127982)
(1.0922 0 -0.0098362)
(1.12472 0 -0.00772727)
(1.15441 0 -0.00617808)
(1.18192 0 -0.00492844)
(1.20743 0 -0.00376114)
(1.23075 0 -0.00252601)
(1.25141 0 -0.00116271)
(1.2689 0 0.000307194)
(1.28284 0 0.001843)
(1.29293 0 0.00347146)
(1.29878 0 0.00526435)
(1.29992 0 0.00711983)
(1.29594 0 0.0087445)
(1.2867 0 0.009922)
(1.27357 0 0.0102597)
(1.25918 0 0.00956507)
(1.24624 0 0.00805187)
(1.23644 0 0.00601178)
(1.23053 0 0.00360472)
(1.23052 0 0.000630749)
(0.104372 0 -0.292125)
(0.266584 0 -0.274466)
(0.426189 0 -0.225692)
(0.564667 0 -0.179316)
(0.678821 0 -0.141842)
(0.773281 0 -0.11274)
(0.853008 0 -0.0904934)
(0.921732 0 -0.0737388)
(0.982174 0 -0.0613147)
(1.03642 0 -0.0522324)
(1.08611 0 -0.0456604)
(1.13251 0 -0.0408899)
(1.17654 0 -0.0372971)
(1.21878 0 -0.0343273)
(1.2595 0 -0.0315128)
(1.29872 0 -0.028523)
(1.33621 0 -0.0252211)
(1.37169 0 -0.0216667)
(1.40497 0 -0.0180031)
(1.43607 0 -0.0142571)
(1.46507 0 -0.0102618)
(1.49157 0 -0.0059042)
(1.51457 0 -0.00151404)
(1.53351 0 0.00216004)
(1.54863 0 0.00431148)
(1.56139 0 0.00485451)
(1.57383 0 0.00410007)
(1.5872 0 0.00250472)
(1.60202 0 0.000349431)
(1.62054 0 -0.00161942)
(0.080143 0 -0.456365)
(0.216452 0 -0.429693)
(0.34023 0 -0.355969)
(0.447279 0 -0.286074)
(0.53482 0 -0.229898)
(0.607631 0 -0.186234)
(0.669501 0 -0.152705)
(0.723108 0 -0.127227)
(0.770424 0 -0.108078)
(0.812977 0 -0.0938295)
(0.851981 0 -0.0832939)
(0.888381 0 -0.0754628)
(0.922886 0 -0.0694501)
(0.955976 0 -0.0644664)
(0.987911 0 -0.0598352)
(1.01873 0 -0.05506)
(1.04827 0 -0.0499173)
(1.07623 0 -0.0445004)
(1.1024 0 -0.039098)
(1.12684 0 -0.033858)
(1.15 0 -0.0284196)
(1.17234 0 -0.0220685)
(1.1937 0 -0.0147746)
(1.21304 0 -0.00818848)
(1.22939 0 -0.0044256)
(1.24262 0 -0.00401222)
(1.25352 0 -0.00622721)
(1.26271 0 -0.0097771)
(1.27031 0 -0.0134303)
(1.27971 0 -0.0144077)
(0.0573248 0 -0.581356)
(0.160735 0 -0.5398)
(0.241155 0 -0.44378)
(0.311223 0 -0.355631)
(0.365785 0 -0.286211)
(0.410902 0 -0.23263)
(0.448768 0 -0.191584)
(0.480948 0 -0.160341)
(0.508651 0 -0.136755)
(0.532848 0 -0.119106)
(0.554317 0 -0.105978)
(0.573679 0 -0.0961666)
(0.591432 0 -0.0886175)
(0.607967 0 -0.0823917)
(0.623577 0 -0.0766707)
(0.638438 0 -0.0708199)
(0.652502 0 -0.0645034)
(0.66547 0 -0.0577862)
(0.676777 0 -0.0510886)
(0.686172 0 -0.0448749)
(0.694203 0 -0.0392335)
(0.702364 0 -0.0336911)
(0.711261 0 -0.027556)
(0.718867 0 -0.020879)
(0.721609 0 -0.0144404)
(0.717752 0 -0.00913025)
(0.708342 0 -0.0051929)
(0.694671 0 -0.00346683)
(0.67814 0 -0.00463428)
(0.657099 0 -0.00595586)
(0.0339741 0 -0.669516)
(0.0985328 0 -0.607891)
(0.130186 0 -0.492624)
(0.160525 0 -0.391853)
(0.177869 0 -0.314191)
(0.191132 0 -0.254591)
(0.20017 0 -0.208952)
(0.205806 0 -0.174097)
(0.208672 0 -0.147655)
(0.209326 0 -0.12776)
(0.208198 0 -0.112886)
(0.205635 0 -0.101748)
(0.20197 0 -0.0932192)
(0.197556 0 -0.086286)
(0.192756 0 -0.0800462)
(0.187936 0 -0.0737457)
(0.183196 0 -0.0668835)
(0.178463 0 -0.0593374)
(0.172602 0 -0.0513798)
(0.164676 0 -0.0433959)
(0.152787 0 -0.0353363)
(0.138445 0 -0.0266207)
(0.120811 0 -0.01692)
(0.103965 0 -0.00764479)
(0.0882844 0 -0.000749315)
(0.0753139 0 0.00296519)
(0.0692872 0 0.0044485)
(0.0656565 0 0.00381123)
(0.0629905 0 0.00146843)
(0.0506567 0 -0.00738427)
(0.00905141 0 -0.714811)
(0.0295517 0 -0.629081)
(0.00998735 0 -0.497696)
(-0.00197531 0 -0.389151)
(-0.0243445 0 -0.306884)
(-0.0463623 0 -0.244646)
(-0.070197 0 -0.1973)
(-0.0948526 0 -0.161423)
(-0.119927 0 -0.134417)
(-0.145023 0 -0.114247)
(-0.169882 0 -0.0992845)
(-0.194309 0 -0.0881892)
(-0.218103 0 -0.0797848)
(-0.241081 0 -0.0730249)
(-0.263069 0 -0.0670435)
(-0.283819 0 -0.0611628)
(-0.303004 0 -0.0549104)
(-0.320297 0 -0.0480483)
(-0.335546 0 -0.0405988)
(-0.348861 0 -0.0328211)
(-0.360625 0 -0.02505)
(-0.37101 0 -0.0175762)
(-0.380342 0 -0.010772)
(-0.389295 0 -0.0049601)
(-0.398081 0 -0.000996575)
(-0.405542 0 0.00101049)
(-0.412026 0 0.00218193)
(-0.417866 0 0.00317155)
(-0.424162 0 0.00254006)
(-0.431265 0 -0.00183782)
(-0.0196458 0 -0.710321)
(-0.0479389 0 -0.597089)
(-0.117191 0 -0.4573)
(-0.174092 0 -0.3498)
(-0.235284 0 -0.267909)
(-0.293969 0 -0.207136)
(-0.349799 0 -0.161925)
(-0.401887 0 -0.128487)
(-0.449839 0 -0.104063)
(-0.493492 0 -0.0865259)
(-0.53294 0 -0.0741359)
(-0.568486 0 -0.0654824)
(-0.600526 0 -0.059363)
(-0.629473 0 -0.0547339)
(-0.655688 0 -0.0507973)
(-0.67935 0 -0.0469724)
(-0.700443 0 -0.0428403)
(-0.718855 0 -0.0380975)
(-0.734576 0 -0.032553)
(-0.747851 0 -0.0261817)
(-0.759164 0 -0.0191488)
(-0.76906 0 -0.011739)
(-0.77808 0 -0.00446366)
(-0.787292 0 0.00174832)
(-0.794749 0 0.00586921)
(-0.80248 0 0.00789521)
(-0.809864 0 0.00846001)
(-0.816805 0 0.00742971)
(-0.823357 0 0.00401352)
(-0.827384 0 -0.00099461)
(-0.0544649 0 -0.651519)
(-0.132216 0 -0.517922)
(-0.248734 0 -0.37827)
(-0.348739 0 -0.273489)
(-0.446136 0 -0.197175)
(-0.53494 0 -0.143367)
(-0.614165 0 -0.105774)
(-0.683662 0 -0.0796744)
(-0.744103 0 -0.0618964)
(-0.796619 0 -0.0502722)
(-0.84232 0 -0.0429957)
(-0.882279 0 -0.0386597)
(-0.917426 0 -0.0361328)
(-0.94857 0 -0.0344708)
(-0.976402 0 -0.0330414)
(-1.00136 0 -0.0314634)
(-1.02357 0 -0.0294859)
(-1.043 0 -0.0268764)
(-1.05966 0 -0.0233667)
(-1.07381 0 -0.0187376)
(-1.08598 0 -0.0129885)
(-1.09688 0 -0.0064779)
(-1.1072 0 -2.45106e-05)
(-1.11578 0 0.00529351)
(-1.12415 0 0.00897249)
(-1.13241 0 0.0110293)
(-1.14052 0 0.0117318)
(-1.14865 0 0.0108826)
(-1.15642 0 0.00777367)
(-1.16111 0 0.00370926)
(-0.0960607 0 -0.535285)
(-0.225984 0 -0.389626)
(-0.392119 0 -0.259671)
(-0.530411 0 -0.168729)
(-0.655753 0 -0.105555)
(-0.765324 0 -0.0636417)
(-0.859581 0 -0.0373634)
(-0.939813 0 -0.0219342)
(-1.00566 0 -0.0140082)
(-1.06061 0 -0.0104004)
(-1.10725 0 -0.00939466)
(-1.14761 0 -0.00994653)
(-1.18318 0 -0.0113031)
(-1.21512 0 -0.012865)
(-1.24371 0 -0.0141672)
(-1.26941 0 -0.0149533)
(-1.29241 0 -0.0151675)
(-1.31264 0 -0.0146738)
(-1.33004 0 -0.0131088)
(-1.3449 0 -0.0100558)
(-1.35788 0 -0.00543119)
(-1.36982 0 0.000241354)
(-1.38021 0 0.00594478)
(-1.39014 0 0.0107311)
(-1.39992 0 0.0140458)
(-1.40943 0 0.0157446)
(-1.41877 0 0.0160304)
(-1.4282 0 0.0148057)
(-1.4369 0 0.0117181)
(-1.44163 0 0.00820701)
(-0.150725 0 -0.359128)
(-0.346286 0 -0.215292)
(-0.580022 0 -0.0990505)
(-0.766368 0 -0.0232389)
(-0.913709 0 0.0148935)
(-1.03007 0 0.0325327)
(-1.12181 0 0.0383942)
(-1.19476 0 0.0375266)
(-1.25533 0 0.0336445)
(-1.30608 0 0.0285459)
(-1.34929 0 0.0231038)
(-1.3866 0 0.017659)
(-1.41917 0 0.0124492)
(-1.44784 0 0.00778693)
(-1.47391 0 0.00402931)
(-1.49794 0 0.00117926)
(-1.52 0 -0.000988394)
(-1.5398 0 -0.0024905)
(-1.55706 0 -0.00288214)
(-1.5719 0 -0.00151445)
(-1.58481 0 0.00187852)
(-1.59636 0 0.0067934)
(-1.60776 0 0.0121737)
(-1.61929 0 0.0168214)
(-1.63063 0 0.0198883)
(-1.64143 0 0.0212068)
(-1.65178 0 0.0210464)
(-1.66201 0 0.0194763)
(-1.67113 0 0.0164508)
(-1.67574 0 0.0133899)
(-0.230159 0 -0.106652)
(-0.485459 0 0.0624993)
(-0.738434 0 0.120521)
(-0.926168 0 0.133748)
(-1.0772 0 0.131538)
(-1.19747 0 0.121085)
(-1.29372 0 0.107219)
(-1.37135 0 0.0924562)
(-1.43463 0 0.0781048)
(-1.48707 0 0.0650542)
(-1.53158 0 0.0536566)
(-1.57014 0 0.0436437)
(-1.60391 0 0.0347981)
(-1.63375 0 0.0273464)
(-1.6606 0 0.0214908)
(-1.68522 0 0.016942)
(-1.70775 0 0.0130766)
(-1.72767 0 0.00963574)
(-1.74452 0 0.00720607)
(-1.75857 0 0.00685666)
(-1.77094 0 0.00920504)
(-1.78297 0 0.0137833)
(-1.79549 0 0.0191806)
(-1.80849 0 0.0237697)
(-1.82133 0 0.0264767)
(-1.83336 0 0.0271647)
(-1.84457 0 0.0263268)
(-1.8554 0 0.0243459)
(-1.86482 0 0.0214271)
(-1.86939 0 0.0188007)
(-0.284927 0 0.285526)
(-0.568073 0 0.343815)
(-0.853098 0 0.331661)
(-1.06414 0 0.297661)
(-1.22697 0 0.25775)
(-1.3519 0 0.218183)
(-1.44906 0 0.182488)
(-1.52601 0 0.151507)
(-1.5879 0 0.125026)
(-1.6388 0 0.103182)
(-1.68215 0 0.0856432)
(-1.72014 0 0.0710749)
(-1.75364 0 0.0583897)
(-1.7832 0 0.0476945)
(-1.80992 0 0.0394339)
(-1.8349 0 0.0331449)
(-1.85827 0 0.0275692)
(-1.87903 0 0.0219857)
(-1.89617 0 0.0171949)
(-1.90989 0 0.0149799)
(-1.9218 0 0.0164788)
(-1.93386 0 0.0210976)
(-1.94721 0 0.0268625)
(-1.96165 0 0.031579)
(-1.97609 0 0.033877)
(-1.98938 0 0.0336979)
(-2.00139 0 0.0319319)
(-2.01267 0 0.0294299)
(-2.02227 0 0.0265975)
(-2.0268 0 0.0243482)
(-0.338479 0 0.687505)
(-0.68143 0 0.681887)
(-1.00709 0 0.577283)
(-1.22752 0 0.473348)
(-1.38774 0 0.386105)
(-1.50603 0 0.312747)
(-1.59566 0 0.253781)
(-1.66601 0 0.207021)
(-1.7223 0 0.168982)
(-1.7683 0 0.138859)
(-1.80806 0 0.116095)
(-1.84412 0 0.0978839)
(-1.87651 0 0.0816633)
(-1.90492 0 0.0676411)
(-1.93059 0 0.0570934)
(-1.95534 0 0.0495221)
(-1.97944 0 0.042612)
(-2.00103 0 0.0347575)
(-2.01808 0 0.0270497)
(-2.03064 0 0.0225111)
(-2.04115 0 0.0232382)
(-2.05263 0 0.0284248)
(-2.06666 0 0.0351404)
(-2.08274 0 0.0403209)
(-2.09906 0 0.0421897)
(-2.11378 0 0.0408445)
(-2.12649 0 0.0378136)
(-2.13797 0 0.0346387)
(-2.14757 0 0.0318836)
(-2.15203 0 0.0299764)
(-0.446094 0 1.18969)
(-0.876134 0 1.08119)
(-1.23134 0 0.838351)
(-1.43144 0 0.639121)
(-1.56673 0 0.502298)
(-1.66436 0 0.394146)
(-1.73601 0 0.314026)
(-1.79313 0 0.255802)
(-1.83982 0 0.208288)
(-1.87759 0 0.169904)
(-1.91124 0 0.142765)
(-1.94429 0 0.122399)
(-1.97519 0 0.103244)
(-2.00158 0 0.0858399)
(-2.02487 0 0.0734351)
(-2.04856 0 0.0657848)
(-2.07342 0 0.0585762)
(-2.09619 0 0.0484477)
(-2.11295 0 0.0369063)
(-2.12333 0 0.0291808)
(-2.13121 0 0.0291857)
(-2.14139 0 0.0357064)
(-2.15607 0 0.0441832)
(-2.17422 0 0.0502551)
(-2.19291 0 0.051624)
(-2.20928 0 0.0486541)
(-2.22251 0 0.0438421)
(-2.23378 0 0.0397731)
(-2.24311 0 0.0371351)
(-2.24745 0 0.0355637)
(-0.66226 0 2.13657)
(-1.19264 0 1.72256)
(-1.56683 0 1.12905)
(-1.69199 0 0.734521)
(-1.76443 0 0.580919)
(-1.82579 0 0.457629)
(-1.86644 0 0.364545)
(-1.90435 0 0.299687)
(-1.94068 0 0.241007)
(-1.9679 0 0.19096)
(-1.99186 0 0.162716)
(-2.02072 0 0.146306)
(-2.05046 0 0.126789)
(-2.07406 0 0.105205)
(-2.09319 0 0.0898328)
(-2.11482 0 0.082633)
(-2.14117 0 0.0756771)
(-2.16643 0 0.0624372)
(-2.18313 0 0.0450906)
(-2.18995 0 0.0326907)
(-2.19333 0 0.032345)
(-2.20121 0 0.0418469)
(-2.21667 0 0.0536151)
(-2.23761 0 0.0613818)
(-2.25942 0 0.0622797)
(-2.27776 0 0.0571099)
(-2.29119 0 0.0497845)
(-2.30162 0 0.0445311)
(-2.31028 0 0.0422055)
(-2.31444 0 0.0410497)
(9.9959 0 0.138448)
(9.98225 0 0.275243)
(9.9581 0 0.412531)
(9.92453 0 0.55228)
(9.88241 0 0.696167)
(9.83215 0 0.845745)
(9.77397 0 1.00252)
(9.70813 0 1.16797)
(9.63489 0 1.34355)
(9.55455 0 1.53073)
(9.46736 0 1.73101)
(9.37359 0 1.94592)
(9.27351 0 2.1771)
(9.16737 0 2.4263)
(9.05543 0 2.69541)
(8.93791 0 2.98659)
(8.81499 0 3.30227)
(8.68681 0 3.64536)
(8.55345 0 4.01936)
(8.41491 0 4.42866)
(8.27112 0 4.87889)
(8.12197 0 5.37751)
(7.96741 0 5.9347)
(7.80772 0 6.56481)
(7.64411 0 7.28892)
(7.4816 0 8.13963)
(7.3335 0 9.17093)
(7.29001 0 10.4764)
(7.74973 0 12.201)
(7.93457 0 14.9204)
(9.99638 0 0.143408)
(9.98434 0 0.285098)
(9.96305 0 0.42726)
(9.93351 0 0.571891)
(9.89655 0 0.720684)
(9.8526 0 0.875195)
(9.80195 0 1.03693)
(9.7449 0 1.20737)
(9.68181 0 1.38797)
(9.61305 0 1.58019)
(9.53902 0 1.7855)
(9.46013 0 2.00543)
(9.37682 0 2.2416)
(9.28957 0 2.49572)
(9.19889 0 2.7697)
(9.10538 0 3.06563)
(9.00967 0 3.38595)
(8.91252 0 3.7335)
(8.81486 0 4.11174)
(8.71785 0 4.52492)
(8.62311 0 4.97847)
(8.533 0 5.47941)
(8.45126 0 6.03705)
(8.38414 0 6.66399)
(8.34284 0 7.37744)
(8.34946 0 8.2008)
(8.4429 0 9.16419)
(8.67913 0 10.3008)
(9.32707 0 11.5552)
(9.81866 0 12.642)
(9.99688 0 0.147846)
(9.9865 0 0.293911)
(9.96818 0 0.440412)
(9.94282 0 0.589363)
(9.9112 0 0.742459)
(9.87375 0 0.901252)
(9.83083 0 1.06724)
(9.7828 0 1.24187)
(9.73009 0 1.4266)
(9.67318 0 1.62283)
(9.61257 0 1.83202)
(9.54882 0 2.05564)
(9.48254 0 2.29526)
(9.41443 0 2.55252)
(9.3453 0 2.82924)
(9.27606 0 3.12741)
(9.20782 0 3.4493)
(9.1419 0 3.79754)
(9.08001 0 4.17526)
(9.02435 0 4.58621)
(8.97794 0 5.03499)
(8.94508 0 5.52728)
(8.93204 0 6.07004)
(8.94836 0 6.67168)
(9.00854 0 7.3416)
(9.13473 0 8.08844)
(9.35794 0 8.91402)
(9.68764 0 9.80713)
(10.2535 0 10.7162)
(10.9413 0 11.431)
(9.9974 0 0.151708)
(9.98873 0 0.301574)
(9.97346 0 0.45182)
(9.95238 0 0.604464)
(9.92621 0 0.761193)
(9.89542 0 0.92354)
(9.86038 0 1.09298)
(9.82154 0 1.27094)
(9.77937 0 1.4588)
(9.73446 0 1.65796)
(9.6874 0 1.86979)
(9.6389 0 2.0957)
(9.58973 0 2.33714)
(9.54081 0 2.59567)
(9.49316 0 2.87293)
(9.44803 0 3.17072)
(9.40691 0 3.49105)
(9.37162 0 3.83618)
(9.34446 0 4.20869)
(9.3284 0 4.61154)
(9.32737 0 5.04814)
(9.34668 0 5.52233)
(9.39358 0 6.03822)
(9.47797 0 6.59977)
(9.61305 0 7.20974)
(9.81565 0 7.86777)
(10.1085 0 8.56674)
(10.5003 0 9.29194)
(11.0578 0 10.0332)
(11.8508 0 10.6773)
(9.99792 0 0.154948)
(9.99101 0 0.307994)
(9.97884 0 0.461349)
(9.96211 0 0.617018)
(9.94148 0 0.776665)
(9.91743 0 0.941799)
(9.89036 0 1.11385)
(9.86077 0 1.29421)
(9.82922 0 1.4842)
(9.79634 0 1.68514)
(9.76284 0 1.89833)
(9.72953 0 2.12506)
(9.69734 0 2.36668)
(9.66735 0 2.62456)
(9.6408 0 2.90015)
(9.61917 0 3.19498)
(9.60426 0 3.51071)
(9.59823 0 3.8491)
(9.60379 0 4.21209)
(9.62431 0 4.60171)
(9.66411 0 5.02006)
(9.72873 0 5.46915)
(9.82524 0 5.95059)
(9.96259 0 6.46507)
(10.1518 0 7.0115)
(10.406 0 7.58598)
(10.7425 0 8.18038)
(11.1728 0 8.78)
(11.7199 0 9.37326)
(12.4727 0 9.88528)
(9.99845 0 0.157523)
(9.9933 0 0.313086)
(9.98426 0 0.468873)
(9.97193 0 0.626858)
(9.95688 0 0.788674)
(9.93959 0 0.955788)
(9.92051 0 1.12958)
(9.90017 0 1.31138)
(9.87918 0 1.50246)
(9.85824 0 1.70402)
(9.83815 0 1.91726)
(9.8198 0 2.14337)
(9.80424 0 2.38351)
(9.79267 0 2.63887)
(9.78648 0 2.91065)
(9.78734 0 3.20007)
(9.79722 0 3.50838)
(9.81848 0 3.83682)
(9.85397 0 4.18662)
(9.9072 0 4.55888)
(9.98245 0 4.95452)
(10.0849 0 5.37399)
(10.221 0 5.81704)
(10.3982 0 6.2822)
(10.6253 0 6.76621)
(10.9119 0 7.26328)
(11.2694 0 7.7642)
(11.7057 0 8.25339)
(12.2215 0 8.71416)
(12.897 0 9.10502)
(9.99898 0 0.159393)
(9.9956 0 0.316773)
(9.9897 0 0.474278)
(9.98175 0 0.633837)
(9.97226 0 0.797039)
(9.9617 0 0.965297)
(9.95055 0 1.13994)
(9.93936 0 1.32221)
(9.92879 0 1.51329)
(9.91959 0 1.7143)
(9.9126 0 1.9263)
(9.90879 0 2.15034)
(9.90928 0 2.38741)
(9.91536 0 2.63847)
(9.92852 0 2.90445)
(9.95049 0 3.18624)
(9.98332 0 3.48466)
(10.0294 0 3.80043)
(10.0916 0 4.13411)
(10.1732 0 4.48599)
(10.2782 0 4.85598)
(10.4112 0 5.24336)
(10.5775 0 5.64657)
(10.783 0 6.06278)
(11.0341 0 6.4875)
(11.3373 0 6.91406)
(11.6985 0 7.33308)
(12.1221 0 7.73116)
(12.6017 0 8.09373)
(13.2067 0 8.40029)
(9.99951 0 0.160525)
(9.99788 0 0.318989)
(9.99509 0 0.477466)
(9.99149 0 0.637829)
(9.98751 0 0.801608)
(9.98358 0 0.970156)
(9.98022 0 1.14472)
(9.978 0 1.32648)
(9.9776 0 1.5165)
(9.97979 0 1.71579)
(9.98544 0 1.9253)
(9.99559 0 2.14589)
(10.0114 0 2.37837)
(10.0341 0 2.62347)
(10.0653 0 2.88185)
(10.1067 0 3.15407)
(10.1604 0 3.44054)
(10.2285 0 3.74149)
(10.3139 0 4.0569)
(10.4194 0 4.3864)
(10.5486 0 4.72913)
(10.7052 0 5.08355)
(10.8934 0 5.44729)
(11.1175 0 5.81681)
(11.3819 0 6.18722)
(11.6901 0 6.55195)
(12.0452 0 6.90274)
(12.4486 0 7.22926)
(12.8926 0 7.52039)
(13.4353 0 7.76481)
(10 0 0.16089)
(10.0001 0 0.319679)
(10.0004 0 0.478359)
(10.0011 0 0.638733)
(10.0025 0 0.802264)
(10.005 0 0.970232)
(10.0093 0 1.14381)
(10.0157 0 1.32406)
(10.0251 0 1.51198)
(10.0383 0 1.70843)
(10.056 0 1.91422)
(10.0793 0 2.13006)
(10.1094 0 2.35655)
(10.1476 0 2.59421)
(10.1954 0 2.84343)
(10.2544 0 3.10445)
(10.3265 0 3.37732)
(10.4138 0 3.66187)
(10.5187 0 3.9576)
(10.6439 0 4.26363)
(10.792 0 4.57858)
(10.9661 0 4.90043)
(11.1692 0 5.22639)
(11.4043 0 5.55274)
(11.6739 0 5.87473)
(11.9799 0 6.18652)
(12.3231 0 6.48124)
(12.7033 0 6.75106)
(13.1128 0 6.98764)
(13.6003 0 7.18414)
(10.0005 0 0.160468)
(10.0023 0 0.3188)
(10.0056 0 0.476896)
(10.0104 0 0.636475)
(10.017 0 0.798924)
(10.0259 0 0.965443)
(10.0374 0 1.13711)
(10.0522 0 1.31491)
(10.071 0 1.49969)
(10.0945 0 1.69222)
(10.1235 0 1.89316)
(10.1592 0 2.10304)
(10.2026 0 2.3223)
(10.2549 0 2.55122)
(10.3176 0 2.78997)
(10.3921 0 3.0385)
(10.4803 0 3.29656)
(10.5838 0 3.56366)
(10.7049 0 3.83894)
(10.8455 0 4.12119)
(11.0079 0 4.40871)
(11.1942 0 4.69925)
(11.4065 0 4.98992)
(11.6467 0 5.27716)
(11.9159 0 5.55666)
(12.2149 0 5.82345)
(12.5431 0 6.07201)
(12.8993 0 6.29644)
(13.2763 0 6.4907)
(13.7159 0 6.65064)
(10.001 0 0.159244)
(10.0044 0 0.316324)
(10.0106 0 0.473038)
(10.0194 0 0.63101)
(10.0311 0 0.791543)
(10.0459 0 0.955748)
(10.0644 0 1.12461)
(10.0871 0 1.29901)
(10.1147 0 1.4797)
(10.1479 0 1.6673)
(10.1875 0 1.86233)
(10.2345 0 2.06518)
(10.29 0 2.27611)
(10.355 0 2.49521)
(10.4308 0 2.72244)
(10.5189 0 2.95752)
(10.6207 0 3.19997)
(10.7377 0 3.44903)
(10.8715 0 3.70365)
(11.0239 0 3.9624)
(11.1965 0 4.22344)
(11.3906 0 4.48449)
(11.6077 0 4.74278)
(11.8485 0 4.99505)
(12.1135 0 5.23759)
(12.4025 0 5.46631)
(12.7142 0 5.67687)
(13.0468 0 5.86492)
(13.3942 0 6.02624)
(13.7928 0 6.1583)
(10.0015 0 0.157209)
(10.0065 0 0.312236)
(10.0154 0 0.466766)
(10.028 0 0.62232)
(10.0444 0 0.78011)
(10.065 0 0.941158)
(10.0901 0 1.10635)
(10.1202 0 1.27646)
(10.156 0 1.45213)
(10.1982 0 1.63386)
(10.2475 0 1.82205)
(10.3048 0 2.01693)
(10.371 0 2.2186)
(10.4472 0 2.42701)
(10.5345 0 2.64192)
(10.634 0 2.8629)
(10.7471 0 3.08928)
(10.8748 0 3.32016)
(11.0186 0 3.55434)
(11.1795 0 3.79031)
(11.3588 0 4.02623)
(11.5572 0 4.25992)
(11.7754 0 4.48884)
(12.0137 0 4.71015)
(12.2719 0 4.92073)
(12.5492 0 5.11731)
(12.8441 0 5.29656)
(13.1545 0 5.45534)
(13.4752 0 5.59072)
(13.8385 0 5.70121)
(10.0019 0 0.154362)
(10.0084 0 0.306535)
(10.0199 0 0.458083)
(10.0361 0 0.610418)
(10.0571 0 0.764657)
(10.0829 0 0.921726)
(10.1142 0 1.08242)
(10.1512 0 1.2474)
(10.1946 0 1.4172)
(10.2449 0 1.59222)
(10.3029 0 1.77273)
(10.3694 0 1.95883)
(10.4451 0 2.1505)
(10.531 0 2.34755)
(10.628 0 2.5496)
(10.7371 0 2.7561)
(10.8592 0 2.96628)
(10.9953 0 3.17913)
(11.1463 0 3.39341)
(11.313 0 3.60764)
(11.4961 0 3.82004)
(11.6959 0 4.02862)
(11.9127 0 4.23115)
(12.1463 0 4.4252)
(12.3961 0 4.60823)
(12.6609 0 4.77766)
(12.9393 0 4.93102)
(13.2291 0 5.06603)
(13.526 0 5.18072)
(13.8589 0 5.27422)
(10.0024 0 0.15071)
(10.0102 0 0.299235)
(10.0241 0 0.447014)
(10.0438 0 0.595345)
(10.0689 0 0.745246)
(10.0997 0 0.897551)
(10.1366 0 1.05296)
(10.1799 0 1.21203)
(10.2301 0 1.37519)
(10.2879 0 1.54275)
(10.3537 0 1.71486)
(10.4282 0 1.89152)
(10.5121 0 2.07261)
(10.6063 0 2.25782)
(10.7113 0 2.44669)
(10.8281 0 2.63857)
(10.9572 0 2.83265)
(11.0995 0 3.02789)
(11.2554 0 3.22307)
(11.4255 0 3.41677)
(11.6101 0 3.60737)
(11.8092 0 3.79309)
(12.0226 0 3.97202)
(12.25 0 4.14214)
(12.4904 0 4.30143)
(12.7427 0 4.44789)
(13.0052 0 4.57969)
(13.2762 0 4.69522)
(13.5518 0 4.79315)
(13.8583 0 4.87306)
(10.0027 0 0.146264)
(10.0119 0 0.290362)
(10.0281 0 0.433601)
(10.0508 0 0.577166)
(10.0798 0 0.721976)
(10.1152 0 0.86877)
(10.1572 0 1.01815)
(10.2062 0 1.1706)
(10.2626 0 1.32644)
(10.3268 0 1.48588)
(10.3994 0 1.64899)
(10.4809 0 1.81569)
(10.5719 0 1.98576)
(10.6728 0 2.15883)
(10.7844 0 2.33437)
(10.9071 0 2.51171)
(11.0415 0 2.69)
(11.188 0 2.86823)
(11.347 0 3.04525)
(11.5185 0 3.21974)
(11.7028 0 3.39027)
(11.8995 0 3.55529)
(12.1082 0 3.71319)
(12.3284 0 3.86233)
(12.5591 0 4.00112)
(12.7989 0 4.12805)
(13.0466 0 4.24177)
(13.3003 0 4.34116)
(13.557 0 4.42536)
(13.8406 0 4.49421)
(10.0031 0 0.141044)
(10.0134 0 0.279953)
(10.0317 0 0.417907)
(10.0573 0 0.555972)
(10.0898 0 0.694972)
(10.1293 0 0.835555)
(10.1759 0 0.978237)
(10.23 0 1.1234)
(10.2918 0 1.27131)
(10.3618 0 1.42208)
(10.4402 0 1.57571)
(10.5276 0 1.73204)
(10.6243 0 1.89081)
(10.7308 0 2.05158)
(10.8475 0 2.21382)
(10.9747 0 2.37683)
(11.1127 0 2.53979)
(11.2619 0 2.70175)
(11.4222 0 2.86163)
(11.5937 0 3.01827)
(11.7762 0 3.1704)
(11.9693 0 3.31673)
(12.1724 0 3.45591)
(12.3849 0 3.58664)
(12.6057 0 3.70769)
(12.8337 0 3.81791)
(13.0674 0 3.91635)
(13.3055 0 4.00223)
(13.5452 0 4.07502)
(13.8088 0 4.1347)
(10.0034 0 0.135073)
(10.0148 0 0.268057)
(10.035 0 0.400006)
(10.0631 0 0.531873)
(10.0988 0 0.664385)
(10.142 0 0.798105)
(10.1927 0 0.933467)
(10.2513 0 1.07078)
(10.3178 0 1.21023)
(10.3927 0 1.35186)
(10.4761 0 1.49562)
(10.5683 0 1.6413)
(10.6697 0 1.78859)
(10.7805 0 1.93706)
(10.901 0 2.08614)
(11.0314 0 2.23517)
(11.1717 0 2.38336)
(11.3222 0 2.52984)
(11.4825 0 2.67364)
(11.6527 0 2.81375)
(11.8324 0 2.94908)
(12.0211 0 3.07855)
(12.2181 0 3.20107)
(12.4226 0 3.31561)
(12.6338 0 3.42123)
(12.8504 0 3.51709)
(13.0713 0 3.60249)
(13.2952 0 3.67694)
(13.5198 0 3.7401)
(13.7656 0 3.79207)
(10.0037 0 0.128378)
(10.0161 0 0.254731)
(10.0379 0 0.379989)
(10.0684 0 0.504994)
(10.1069 0 0.630385)
(10.1533 0 0.756641)
(10.2076 0 0.884123)
(10.27 0 1.01307)
(10.3406 0 1.1436)
(10.4196 0 1.27572)
(10.5071 0 1.40932)
(10.6033 0 1.54417)
(10.7083 0 1.67993)
(10.8224 0 1.81616)
(10.9456 0 1.95233)
(11.078 0 2.0878)
(11.2195 0 2.22184)
(11.3701 0 2.35368)
(11.5295 0 2.48246)
(11.6975 0 2.60731)
(11.8736 0 2.72731)
(12.0573 0 2.84157)
(12.2479 0 2.94924)
(12.4445 0 3.04949)
(12.6464 0 3.14163)
(12.8523 0 3.22503)
(13.0614 0 3.29923)
(13.2724 0 3.36389)
(13.4834 0 3.41883)
(13.7137 0 3.46421)
(10.004 0 0.120991)
(10.0172 0 0.240038)
(10.0405 0 0.357952)
(10.0731 0 0.475474)
(10.114 0 0.593153)
(10.1632 0 0.711397)
(10.2207 0 0.830496)
(10.2864 0 0.950631)
(10.3604 0 1.07187)
(10.4428 0 1.19418)
(10.5336 0 1.31741)
(10.6328 0 1.44132)
(10.7407 0 1.56557)
(10.8571 0 1.68973)
(10.982 0 1.8133)
(11.1154 0 1.93568)
(11.2572 0 2.05624)
(11.4071 0 2.17427)
(11.5648 0 2.28904)
(11.7299 0 2.39981)
(11.902 0 2.50582)
(12.0804 0 2.60636)
(12.2645 0 2.70073)
(12.4534 0 2.78833)
(12.6463 0 2.86861)
(12.8424 0 2.94115)
(13.0406 0 3.00561)
(13.2399 0 3.06179)
(13.4389 0 3.10962)
(13.6552 0 3.14928)
(10.0042 0 0.112945)
(10.0182 0 0.224044)
(10.0428 0 0.334)
(10.0771 0 0.443456)
(10.1202 0 0.552881)
(10.1718 0 0.662613)
(10.2319 0 0.772883)
(10.3004 0 0.883819)
(10.3772 0 0.995451)
(10.4623 0 1.10771)
(10.5557 0 1.22044)
(10.6574 0 1.33338)
(10.7672 0 1.44621)
(10.8851 0 1.55852)
(11.011 0 1.66984)
(11.1447 0 1.77965)
(11.286 0 1.88737)
(11.4345 0 1.9924)
(11.5899 0 2.09412)
(11.7518 0 2.19189)
(11.9195 0 2.28513)
(12.0925 0 2.37323)
(12.2702 0 2.45568)
(12.4517 0 2.53199)
(12.6363 0 2.60179)
(12.8232 0 2.66475)
(13.0115 0 2.72068)
(13.2003 0 2.76945)
(13.3884 0 2.81106)
(13.5925 0 2.84569)
(10.0044 0 0.104273)
(10.019 0 0.206817)
(10.0448 0 0.308237)
(10.0807 0 0.409085)
(10.1256 0 0.509757)
(10.1793 0 0.610527)
(10.2415 0 0.711573)
(10.3123 0 0.81298)
(10.3914 0 0.914746)
(10.4787 0 1.01678)
(10.574 0 1.11892)
(10.6774 0 1.22091)
(10.7885 0 1.32245)
(10.9073 0 1.42316)
(11.0335 0 1.52261)
(11.1669 0 1.62035)
(11.3071 0 1.71588)
(11.4538 0 1.80867)
(11.6065 0 1.89821)
(11.7648 0 1.98399)
(11.9282 0 2.0655)
(12.0959 0 2.14231)
(12.2673 0 2.21399)
(12.4419 0 2.28019)
(12.6187 0 2.34064)
(12.7972 0 2.39511)
(12.9765 0 2.44348)
(13.1559 0 2.48569)
(13.3343 0 2.52178)
(13.5275 0 2.55194)
(10.0046 0 0.0950061)
(10.0198 0 0.188421)
(10.0466 0 0.280764)
(10.0837 0 0.372503)
(10.1302 0 0.463966)
(10.1856 0 0.555369)
(10.2496 0 0.646842)
(10.3222 0 0.738436)
(10.4031 0 0.830126)
(10.492 0 0.92181)
(10.5889 0 1.01332)
(10.6934 0 1.10442)
(10.8053 0 1.19483)
(10.9244 0 1.28421)
(11.0504 0 1.37218)
(11.183 0 1.45834)
(11.3218 0 1.54227)
(11.4663 0 1.62353)
(11.6162 0 1.70169)
(11.7709 0 1.77634)
(11.9298 0 1.84709)
(12.0924 0 1.91357)
(12.258 0 1.97548)
(12.426 0 2.03256)
(12.5958 0 2.0846)
(12.7666 0 2.13146)
(12.9378 0 2.17307)
(13.1088 0 2.20943)
(13.2787 0 2.24057)
(13.4622 0 2.26669)
(10.0047 0 0.085173)
(10.0204 0 0.168915)
(10.0481 0 0.251674)
(10.0863 0 0.333842)
(10.1341 0 0.415681)
(10.1909 0 0.497352)
(10.2564 0 0.578945)
(10.3305 0 0.660481)
(10.4127 0 0.741918)
(10.5029 0 0.82315)
(10.6007 0 0.904015)
(10.7059 0 0.984298)
(10.8181 0 1.06374)
(10.9372 0 1.14205)
(11.0626 0 1.2189)
(11.1941 0 1.29394)
(11.3312 0 1.36682)
(11.4734 0 1.43718)
(11.6204 0 1.50468)
(11.7715 0 1.56897)
(11.9262 0 1.62975)
(12.084 0 1.68674)
(12.2442 0 1.73972)
(12.4062 0 1.78849)
(12.5695 0 1.8329)
(12.7335 0 1.87288)
(12.8975 0 1.90839)
(13.061 0 1.93944)
(13.2233 0 1.9661)
(13.3984 0 1.98853)
(10.0049 0 0.0747941)
(10.021 0 0.148345)
(10.0494 0 0.221045)
(10.0886 0 0.29322)
(10.1374 0 0.36506)
(10.1954 0 0.436676)
(10.2621 0 0.508121)
(10.3372 0 0.579396)
(10.4205 0 0.650447)
(10.5115 0 0.721168)
(10.6099 0 0.791406)
(10.7155 0 0.860968)
(10.8278 0 0.929628)
(10.9464 0 0.99713)
(11.071 0 1.0632)
(11.2012 0 1.12755)
(11.3365 0 1.18988)
(11.4765 0 1.24991)
(11.6205 0 1.30735)
(11.7682 0 1.36194)
(11.919 0 1.41345)
(12.0723 0 1.46166)
(12.2276 0 1.5064)
(12.3843 0 1.54754)
(12.5418 0 1.58498)
(12.6997 0 1.61867)
(12.8574 0 1.64861)
(13.0144 0 1.67481)
(13.17 0 1.69734)
(13.3377 0 1.71637)
(10.005 0 0.0638759)
(10.0216 0 0.126734)
(10.0506 0 0.188937)
(10.0906 0 0.250731)
(10.1403 0 0.312224)
(10.1992 0 0.373471)
(10.2668 0 0.434499)
(10.3428 0 0.495294)
(10.4268 0 0.555799)
(10.5184 0 0.615914)
(10.6172 0 0.675503)
(10.7228 0 0.734397)
(10.8349 0 0.792402)
(10.953 0 0.849306)
(11.0767 0 0.904878)
(11.2055 0 0.958884)
(11.339 0 1.01109)
(11.4766 0 1.06125)
(11.618 0 1.10916)
(11.7625 0 1.15461)
(11.9097 0 1.19741)
(12.059 0 1.23742)
(12.2099 0 1.27451)
(12.3618 0 1.30857)
(12.5143 0 1.33955)
(12.6669 0 1.36743)
(12.8191 0 1.3922)
(12.9705 0 1.4139)
(13.1204 0 1.4326)
(13.2818 0 1.44842)
(10.0051 0 0.0523982)
(10.0221 0 0.104069)
(10.0518 0 0.155391)
(10.0925 0 0.206503)
(10.143 0 0.257404)
(10.2026 0 0.308089)
(10.2709 0 0.358556)
(10.3475 0 0.408777)
(10.4319 0 0.458691)
(10.5239 0 0.508201)
(10.6228 0 0.557191)
(10.7284 0 0.605518)
(10.8401 0 0.653023)
(10.9575 0 0.699532)
(11.0802 0 0.744865)
(11.2077 0 0.788833)
(11.3395 0 0.831253)
(11.475 0 0.871945)
(11.614 0 0.910741)
(11.7557 0 0.947487)
(11.8997 0 0.982049)
(12.0455 0 1.01431)
(12.1925 0 1.04419)
(12.3404 0 1.07162)
(12.4886 0 1.09656)
(12.6367 0 1.119)
(12.7842 0 1.13895)
(12.9308 0 1.15645)
(13.0759 0 1.17155)
(13.232 0 1.18438)
(10.0053 0 0.0402778)
(10.0228 0 0.0802441)
(10.0533 0 0.12025)
(10.0947 0 0.160232)
(10.1458 0 0.200083)
(10.206 0 0.239784)
(10.2748 0 0.279329)
(10.3518 0 0.318685)
(10.4366 0 0.357786)
(10.5287 0 0.396546)
(10.6277 0 0.434864)
(10.733 0 0.472625)
(10.8443 0 0.509699)
(10.961 0 0.545949)
(11.0827 0 0.581233)
(11.209 0 0.615407)
(11.3392 0 0.648329)
(11.473 0 0.679865)
(11.6097 0 0.709891)
(11.749 0 0.738293)
(11.8904 0 0.764975)
(12.0332 0 0.789856)
(12.1771 0 0.812876)
(12.3216 0 0.833992)
(12.4663 0 0.853181)
(12.6106 0 0.87044)
(12.7544 0 0.885783)
(12.8971 0 0.899242)
(13.0383 0 0.910862)
(13.1902 0 0.920732)
(10.0056 0 0.0273325)
(10.0239 0 0.0556024)
(10.0551 0 0.0846023)
(10.0971 0 0.113667)
(10.1487 0 0.142567)
(10.2093 0 0.171322)
(10.2785 0 0.199946)
(10.3558 0 0.228405)
(10.4408 0 0.256642)
(10.533 0 0.284596)
(10.6319 0 0.312195)
(10.737 0 0.339359)
(10.8478 0 0.365998)
(10.964 0 0.392016)
(11.0848 0 0.417314)
(11.21 0 0.441794)
(11.339 0 0.465356)
(11.4712 0 0.48791)
(11.6063 0 0.509369)
(11.7436 0 0.529657)
(11.8828 0 0.54871)
(12.0233 0 0.566473)
(12.1646 0 0.582908)
(12.3065 0 0.597987)
(12.4483 0 0.611699)
(12.5898 0 0.624042)
(12.7305 0 0.63503)
(12.8701 0 0.644687)
(13.0083 0 0.653048)
(13.1567 0 0.660183)
(10.0068 0 0.0112496)
(10.0271 0 0.0265876)
(10.0594 0 0.043817)
(10.1017 0 0.0613316)
(10.1535 0 0.0788123)
(10.2142 0 0.0963014)
(10.2836 0 0.113793)
(10.361 0 0.131229)
(10.4459 0 0.148548)
(10.538 0 0.165695)
(10.6367 0 0.182618)
(10.7414 0 0.199259)
(10.8518 0 0.21556)
(10.9674 0 0.231458)
(11.0875 0 0.246892)
(11.2118 0 0.261801)
(11.3398 0 0.276124)
(11.4709 0 0.289809)
(11.6046 0 0.302804)
(11.7405 0 0.315067)
(11.8781 0 0.326561)
(12.0169 0 0.337256)
(12.1564 0 0.347133)
(12.2963 0 0.356178)
(12.4362 0 0.364389)
(12.5756 0 0.371768)
(12.7143 0 0.378328)
(12.8518 0 0.384089)
(12.9879 0 0.389077)
(13.1341 0 0.393354)
(9.99589 0 0.000923939)
(10.007 0 0.00495672)
(10.0277 0 0.0102658)
(10.0577 0 0.0158085)
(10.0974 0 0.0214232)
(10.1467 0 0.0271366)
(10.2051 0 0.0329394)
(10.272 0 0.0387968)
(10.347 0 0.0446767)
(10.4295 0 0.0505527)
(10.5192 0 0.0564005)
(10.6154 0 0.0621953)
(10.7177 0 0.0679111)
(10.8255 0 0.0735216)
(10.9384 0 0.0790004)
(11.0558 0 0.0843217)
(11.1771 0 0.0894607)
(11.302 0 0.0943941)
(11.4297 0 0.0991004)
(11.5599 0 0.103561)
(11.692 0 0.107759)
(11.8256 0 0.111683)
(11.9602 0 0.115321)
(12.0953 0 0.118667)
(12.2305 0 0.121718)
(12.3655 0 0.124473)
(12.4998 0 0.126935)
(12.6332 0 0.129108)
(12.7653 0 0.130997)
(12.9072 0 0.132632)
(9.4461 0 13.0869)
(6.22924 0 10.7631)
(-1.02236 0 5.3897)
(10.3673 0 11.2133)
(9.80836 0 9.90596)
(8.21791 0 8.09098)
(11.4626 0 11.1248)
(11.6773 0 10.569)
(11.4193 0 9.65631)
(12.352 0 10.7316)
(12.6971 0 10.564)
(12.8029 0 10.1466)
(12.9176 0 9.99642)
(13.2872 0 9.98894)
(13.5298 0 9.85011)
(13.292 0 9.22211)
(13.6534 0 9.27925)
(13.9363 0 9.26884)
(13.5583 0 8.50643)
(13.8908 0 8.57897)
(14.1648 0 8.61445)
(13.7471 0 7.85323)
(14.0448 0 7.92004)
(14.2939 0 7.96486)
(13.8774 0 7.2563)
(14.1426 0 7.31285)
(14.3653 0 7.35475)
(13.9637 0 6.71003)
(14.2007 0 6.75732)
(14.3996 0 6.79374)
(14.0159 0 6.20782)
(14.229 0 6.24761)
(14.4077 0 6.27887)
(14.0408 0 5.74301)
(14.2336 0 5.77688)
(14.3953 0 5.80388)
(14.0434 0 5.30992)
(14.2191 0 5.33909)
(14.3665 0 5.36265)
(14.0277 0 4.90386)
(14.1888 0 4.92924)
(14.3239 0 4.94999)
(13.9969 0 4.52098)
(14.1454 0 4.54323)
(14.2701 0 4.56163)
(13.9537 0 4.15812)
(14.0913 0 4.17772)
(14.2069 0 4.19412)
(13.9006 0 3.81263)
(14.0287 0 3.82997)
(14.1363 0 3.84461)
(13.8398 0 3.4823)
(13.9597 0 3.49765)
(14.0603 0 3.51074)
(13.7737 0 3.16521)
(13.8861 0 3.17881)
(13.9806 0 3.1905)
(13.7041 0 2.85969)
(13.81 0 2.87171)
(13.8991 0 2.88212)
(13.633 0 2.5642)
(13.7332 0 2.57478)
(13.8175 0 2.58401)
(13.5624 0 2.27737)
(13.6575 0 2.28663)
(13.7376 0 2.29474)
(13.4939 0 1.99774)
(13.5846 0 2.00576)
(13.6609 0 2.01282)
(13.4291 0 1.72422)
(13.516 0 1.73108)
(13.5891 0 1.73715)
(13.3698 0 1.45497)
(13.4533 0 1.4607)
(13.5237 0 1.4658)
(13.317 0 1.1897)
(13.3978 0 1.19439)
(13.4659 0 1.19856)
(13.2728 0 0.924825)
(13.3514 0 0.928426)
(13.4175 0 0.931643)
(13.2375 0 0.663153)
(13.3143 0 0.665765)
(13.3791 0 0.668097)
(13.2135 0 0.395066)
(13.289 0 0.396508)
(13.3527 0 0.397773)
(12.9844 0 0.133241)
(13.0579 0 0.13372)
(13.1199 0 0.134145)
(-2.61806 0 1.51602)
(-1.94018 0 1.24845)
(-2.2468 0 0.733729)
(-2.07277 0 0.682579)
(-1.94116 0 0.740318)
(-1.97339 0 0.55581)
(-1.98396 0 0.365015)
(-2.00294 0 0.292614)
(-2.0314 0 0.243999)
(-2.04073 0 0.199222)
(-2.04466 0 0.184843)
(-2.06874 0 0.178024)
(-2.10214 0 0.152179)
(-2.12467 0 0.116295)
(-2.13719 0 0.0936637)
(-2.15469 0 0.0915248)
(-2.18358 0 0.0905654)
(-2.21345 0 0.0769948)
(-2.23026 0 0.053507)
(-2.2309 0 0.0353029)
(-2.22648 0 0.035101)
(-2.23063 0 0.0497486)
(-2.24742 0 0.0664361)
(-2.27249 0 0.0762783)
(-2.29868 0 0.0759953)
(-2.31953 0 0.0671559)
(-2.33267 0 0.0557452)
(-2.3412 0 0.0486608)
(-2.34859 0 0.0470992)
(-2.35254 0 0.0466408)
(6.07323 0 5.45412)
(3.59478 0 3.52036)
(1.47259 0 2.05553)
(-1.3222 0 0.532208)
(-1.92364 0 0.379204)
(-2.21109 0 0.172905)
(-2.15723 0 0.224888)
(-2.06119 0 0.416078)
(-2.06796 0 0.400142)
(-2.06303 0 0.262171)
(-2.05176 0 0.171319)
(-2.08665 0 0.169979)
(-2.13638 0 0.150897)
(-2.15561 0 0.115464)
(-2.14828 0 0.104213)
(-2.15301 0 0.121811)
(-2.18678 0 0.130763)
(-2.22699 0 0.110936)
(-2.24661 0 0.0679749)
(-2.23865 0 0.0305092)
(-2.22195 0 0.0252408)
(-2.22056 0 0.0497988)
(-2.24006 0 0.0755388)
(-2.27152 0 0.0893227)
(-2.3039 0 0.0883454)
(-2.32788 0 0.0754201)
(-2.33961 0 0.0591016)
(-2.34416 0 0.0502587)
(-2.34916 0 0.0511234)
(-2.35293 0 0.0525325)
(10.3476 0 7.61791)
(8.59772 0 5.82738)
(6.67684 0 4.3808)
(4.7465 0 3.15316)
(2.97544 0 2.17117)
(1.55591 0 1.34967)
(-0.730434 0 0.393693)
(-1.73204 0 0.222405)
(-2.10961 0 0.0547723)
(-2.19242 0 -0.0818859)
(-2.08964 0 0.0800009)
(-2.04819 0 0.318172)
(-2.10558 0 0.314347)
(-2.11889 0 0.205748)
(-2.08835 0 0.107069)
(-2.08988 0 0.0965291)
(-2.14578 0 0.119786)
(-2.21086 0 0.0992264)
(-2.23781 0 0.0415695)
(-2.21182 0 -0.000878059)
(-2.16651 0 0.0152481)
(-2.15226 0 0.0662376)
(-2.17715 0 0.106062)
(-2.21856 0 0.123658)
(-2.2594 0 0.11938)
(-2.28716 0 0.0974783)
(-2.29587 0 0.0694234)
(-2.29324 0 0.0534007)
(-2.29416 0 0.0566567)
(-2.2982 0 0.0613574)
(12.4866 0 8.78176)
(11.6065 0 7.33466)
(10.3747 0 6.025)
(8.9776 0 4.84592)
(7.49196 0 3.83157)
(6.05343 0 3.00817)
(4.58527 0 2.30705)
(3.20912 0 1.71297)
(1.9666 0 1.17561)
(0.932266 0 0.607624)
(-1.16853 0 0.119085)
(-1.62214 0 0.191498)
(-2.0049 0 0.0712446)
(-2.10683 0 -0.0798564)
(-2.02825 0 -0.0645288)
(-1.97621 0 0.136911)
(-2.01453 0 0.272899)
(-2.10901 0 0.260543)
(-2.13764 0 0.14986)
(-2.07332 0 0.00617127)
(-2.00493 0 -0.0263339)
(-2.00156 0 0.0486529)
(-2.04665 0 0.106231)
(-2.10603 0 0.125759)
(-2.16008 0 0.115268)
(-2.19416 0 0.0828824)
(-2.19802 0 0.0445814)
(-2.18133 0 0.0297984)
(-2.17315 0 0.0509516)
(-2.17763 0 0.0685449)
(13.6563 0 9.10005)
(13.369 0 8.09354)
(12.7456 0 7.04423)
(11.8852 0 6.02837)
(10.8617 0 5.10075)
(9.75681 0 4.29233)
(8.606 0 3.5693)
(7.42832 0 2.91999)
(6.25495 0 2.35752)
(5.14101 0 1.90999)
(3.97515 0 1.54248)
(2.93833 0 1.19721)
(1.98259 0 0.863949)
(1.20487 0 0.524661)
(-0.126827 0 0.116593)
(-1.13897 0 0.149127)
(-1.50684 0 0.185138)
(-1.77098 0 0.0911623)
(-1.87045 0 -0.0878441)
(-1.76505 0 -0.219333)
(-1.7522 0 -0.106204)
(-1.75611 0 0.125922)
(-1.82133 0 0.207494)
(-1.90403 0 0.22686)
(-1.97001 0 0.210682)
(-2.00459 0 0.166323)
(-1.99137 0 0.102587)
(-1.94459 0 0.0518236)
(-1.92561 0 0.0676886)
(-1.93912 0 0.106239)
(14.281 0 8.92036)
(14.3605 0 8.30172)
(14.1879 0 7.55334)
(13.7824 0 6.76007)
(13.1864 0 5.97601)
(12.4531 0 5.2354)
(11.6254 0 4.54421)
(10.7327 0 3.91222)
(9.80058 0 3.35211)
(8.86078 0 2.87721)
(7.91759 0 2.4534)
(6.98837 0 2.05843)
(6.07911 0 1.69956)
(5.19705 0 1.40764)
(4.31761 0 1.18434)
(3.44004 0 0.990844)
(2.67138 0 0.800301)
(1.97035 0 0.607994)
(1.33865 0 0.39668)
(0.731854 0 0.124141)
(-0.792675 0 0.00343234)
(-1.0851 0 0.126622)
(-1.37819 0 0.162095)
(-1.52681 0 0.157109)
(-1.6267 0 0.115757)
(-1.68509 0 0.0396249)
(-1.67961 0 -0.0511378)
(-1.60302 0 -0.0798318)
(-1.62285 0 0.0163445)
(-1.64212 0 0.134982)
(14.5863 0 8.48779)
(14.8676 0 8.14824)
(14.9921 0 7.66208)
(14.9262 0 7.08884)
(14.6794 0 6.47388)
(14.284 0 5.85211)
(13.7729 0 5.24526)
(13.1725 0 4.66909)
(12.5049 0 4.13523)
(11.7927 0 3.65138)
(11.0538 0 3.20947)
(10.3013 0 2.80353)
(9.54073 0 2.43573)
(8.77789 0 2.12094)
(8.02452 0 1.85311)
(7.283 0 1.61481)
(6.57571 0 1.38664)
(5.89302 0 1.16442)
(5.21758 0 0.966053)
(4.55398 0 0.838118)
(3.84351 0 0.746233)
(3.21328 0 0.631593)
(2.62515 0 0.528893)
(2.08151 0 0.442968)
(1.57865 0 0.365454)
(1.11268 0 0.280407)
(0.681542 0 0.172732)
(0.0674438 0 0.0452083)
(-0.65055 0 0.0957219)
(-0.94932 0 0.293559)
(14.7183 0 7.94518)
(15.0872 0 7.78097)
(15.3805 0 7.48989)
(15.5399 0 7.10299)
(15.5515 0 6.65177)
(15.429 0 6.1647)
(15.1915 0 5.66424)
(14.8567 0 5.16752)
(14.4414 0 4.68767)
(13.9631 0 4.23414)
(13.4386 0 3.8095)
(12.8801 0 3.41335)
(12.2952 0 3.04768)
(11.6916 0 2.71852)
(11.0807 0 2.425)
(10.4722 0 2.16076)
(9.8724 0 1.91323)
(9.27626 0 1.67938)
(8.67705 0 1.47242)
(8.07998 0 1.31085)
(7.49274 0 1.17694)
(6.92996 0 1.05168)
(6.38899 0 0.936579)
(5.86253 0 0.830604)
(5.34898 0 0.729823)
(4.84608 0 0.634202)
(4.34246 0 0.558673)
(3.8349 0 0.516255)
(3.32 0 0.479526)
(2.60814 0 0.512167)
(14.7616 0 7.37864)
(15.1497 0 7.31156)
(15.5188 0 7.14893)
(15.8069 0 6.9018)
(15.9882 0 6.58776)
(16.063 0 6.22576)
(16.0386 0 5.83341)
(15.9234 0 5.42609)
(15.7276 0 5.0168)
(15.4629 0 4.61573)
(15.1417 0 4.22892)
(14.7743 0 3.85959)
(14.3689 0 3.51118)
(13.9335 0 3.18803)
(13.4778 0 2.89159)
(13.0104 0 2.61883)
(12.5357 0 2.36381)
(12.0529 0 2.12573)
(11.5611 0 1.91152)
(11.0652 0 1.72865)
(10.5747 0 1.57198)
(10.0966 0 1.43172)
(9.62886 0 1.30219)
(9.16616 0 1.18155)
(8.70554 0 1.06875)
(8.24384 0 0.966251)
(7.77673 0 0.882864)
(7.30451 0 0.824568)
(6.83733 0 0.794312)
(6.23078 0 0.801023)
(14.7595 0 6.83125)
(15.1329 0 6.812)
(15.5199 0 6.72542)
(15.8659 0 6.57247)
(16.1426 0 6.36097)
(16.3435 0 6.10146)
(16.468 0 5.8055)
(16.5176 0 5.48465)
(16.4958 0 5.14971)
(16.4088 0 4.80994)
(16.2641 0 4.47229)
(16.0691 0 4.14185)
(15.8308 0 3.8231)
(15.556 0 3.52017)
(15.2524 0 3.23537)
(14.9266 0 2.96821)
(14.5831 0 2.71696)
(14.2236 0 2.48207)
(13.8498 0 2.26747)
(13.4662 0 2.07709)
(13.0799 0 1.90918)
(12.6955 0 1.75764)
(12.3127 0 1.61794)
(11.9288 0 1.4888)
(11.5413 0 1.37043)
(11.1477 0 1.26522)
(10.7465 0 1.17837)
(10.3388 0 1.11468)
(9.93534 0 1.07764)
(9.4271 0 1.06128)
(14.7323 0 6.31806)
(15.0782 0 6.32009)
(15.4531 0 6.27505)
(15.8123 0 6.18047)
(16.1307 0 6.03904)
(16.3999 0 5.85581)
(16.616 0 5.6373)
(16.7762 0 5.39102)
(16.8794 0 5.12479)
(16.9272 0 4.84599)
(16.923 0 4.56104)
(16.871 0 4.27529)
(16.7758 0 3.99342)
(16.6425 0 3.71947)
(16.4765 0 3.4563)
(16.2828 0 3.2052)
(16.0654 0 2.96666)
(15.827 0 2.7419)
(15.5702 0 2.53358)
(15.299 0 2.34415)
(15.0184 0 2.17312)
(14.732 0 2.01737)
(14.4405 0 1.87417)
(14.143 0 1.7427)
(13.8379 0 1.62349)
(13.524 0 1.51855)
(13.201 0 1.4313)
(12.8709 0 1.36483)
(12.5421 0 1.31935)
(12.1259 0 1.28628)
(14.6891 0 5.84084)
(15.0053 0 5.8516)
(15.3559 0 5.82838)
(15.7048 0 5.76826)
(16.0313 0 5.6719)
(16.3283 0 5.54152)
(16.5914 0 5.38044)
(16.8163 0 5.19307)
(16.9995 0 4.98452)
(17.1398 0 4.76013)
(17.2375 0 4.52503)
(17.2941 0 4.2839)
(17.3119 0 4.04102)
(17.2938 0 3.80015)
(17.2433 0 3.56436)
(17.1639 0 3.3358)
(17.0586 0 3.11605)
(16.9301 0 2.9068)
(16.781 0 2.71023)
(16.6145 0 2.5282)
(16.4343 0 2.36105)
(16.2432 0 2.20757)
(16.0426 0 2.06643)
(15.8323 0 1.93726)
(15.6118 0 1.82072)
(15.3807 0 1.71845)
(15.1396 0 1.63273)
(14.8904 0 1.56516)
(14.6391 0 1.51461)
(14.315 0 1.47339)
(14.6338 0 5.39652)
(14.9226 0 5.41063)
(15.2462 0 5.39904)
(15.575 0 5.35924)
(15.892 0 5.29128)
(16.1923 0 5.19616)
(16.4723 0 5.07555)
(16.728 0 4.93196)
(16.9553 0 4.76856)
(17.1517 0 4.58898)
(17.3158 0 4.39699)
(17.4473 0 4.1963)
(17.5467 0 3.99045)
(17.6152 0 3.78275)
(17.6545 0 3.57609)
(17.6668 0 3.37287)
(17.654 0 3.1751)
(17.6182 0 2.98469)
(17.5616 0 2.80361)
(17.4865 0 2.63357)
(17.3956 0 2.47541)
(17.2913 0 2.32904)
(17.1748 0 2.19411)
(17.0466 0 2.07072)
(16.9068 0 1.95965)
(16.7555 0 1.86224)
(16.5937 0 1.78004)
(16.4228 0 1.71385)
(16.2471 0 1.66238)
(16.0134 0 1.61957)
(14.5688 0 4.98083)
(14.8335 0 4.9961)
(15.1316 0 4.99114)
(15.4378 0 4.96389)
(15.7381 0 4.91425)
(16.029 0 4.84272)
(16.3085 0 4.75023)
(16.5731 0 4.63824)
(16.8195 0 4.50877)
(17.0447 0 4.36425)
(17.2467 0 4.20737)
(17.4244 0 4.04092)
(17.5772 0 3.86769)
(17.7051 0 3.69043)
(17.8087 0 3.51167)
(17.8889 0 3.33371)
(17.9468 0 3.15859)
(17.9838 0 2.98825)
(18.0012 0 2.82453)
(18.0009 0 2.66907)
(17.9847 0 2.52299)
(17.9542 0 2.38684)
(17.9107 0 2.26093)
(17.8549 0 2.14576)
(17.7872 0 2.04219)
(17.708 0 1.95137)
(17.6182 0 1.87447)
(17.519 0 1.81198)
(17.4131 0 1.76299)
(17.2647 0 1.72307)
(14.4957 0 4.58973)
(14.7395 0 4.60524)
(15.0147 0 4.6044)
(15.2992 0 4.58547)
(15.581 0 4.5483)
(15.8575 0 4.49318)
(16.1279 0 4.42064)
(16.3895 0 4.3316)
(16.6395 0 4.22743)
(16.8755 0 4.10979)
(17.0954 0 3.98063)
(17.2979 0 3.84205)
(17.4818 0 3.69622)
(17.6466 0 3.54534)
(17.7922 0 3.39157)
(17.9186 0 3.23693)
(18.0265 0 3.08333)
(18.1163 0 2.9326)
(18.1891 0 2.78645)
(18.2459 0 2.64643)
(18.288 0 2.51379)
(18.3166 0 2.38944)
(18.3326 0 2.2741)
(18.3367 0 2.16851)
(18.3294 0 2.07362)
(18.3115 0 1.9905)
(18.2835 0 1.92014)
(18.2464 0 1.86305)
(18.2017 0 1.81882)
(18.13 0 1.78461)
(14.4158 0 4.21973)
(14.6416 0 4.23505)
(14.8968 0 4.23694)
(15.1616 0 4.2239)
(15.4254 0 4.19576)
(15.6864 0 4.15264)
(15.9443 0 4.09486)
(16.1972 0 4.02304)
(16.4429 0 3.93809)
(16.6793 0 3.84125)
(16.9046 0 3.73395)
(17.1176 0 3.61779)
(17.3171 0 3.4945)
(17.5023 0 3.36584)
(17.6726 0 3.23361)
(17.828 0 3.09956)
(17.9683 0 2.96541)
(18.0939 0 2.8328)
(18.2052 0 2.70329)
(18.3029 0 2.57836)
(18.3877 0 2.45927)
(18.4604 0 2.3471)
(18.5219 0 2.24278)
(18.5726 0 2.14723)
(18.6132 0 2.06145)
(18.6443 0 1.98647)
(18.6664 0 1.92327)
(18.6803 0 1.87248)
(18.6867 0 1.83427)
(18.6809 0 1.80711)
(14.3308 0 3.86796)
(14.5409 0 3.88283)
(14.7784 0 3.88656)
(15.0257 0 3.87788)
(15.273 0 3.85655)
(15.5191 0 3.82262)
(15.7638 0 3.77625)
(16.006 0 3.71782)
(16.2437 0 3.64798)
(16.4753 0 3.56765)
(16.6993 0 3.4779)
(16.9145 0 3.38)
(17.1199 0 3.2753)
(17.3146 0 3.16528)
(17.498 0 3.05141)
(17.6698 0 2.93522)
(17.8297 0 2.81821)
(17.9778 0 2.70184)
(18.1142 0 2.58754)
(18.2393 0 2.47667)
(18.3535 0 2.37048)
(18.4575 0 2.27009)
(18.5518 0 2.17654)
(18.6368 0 2.09083)
(18.7132 0 2.014)
(18.7815 0 1.94709)
(18.8423 0 1.8911)
(18.896 0 1.84686)
(18.9431 0 1.81498)
(18.9912 0 1.79504)
(14.2421 0 3.532)
(14.4384 0 3.54623)
(14.6604 0 3.55119)
(14.8921 0 3.54577)
(15.1246 0 3.52973)
(15.3569 0 3.50303)
(15.589 0 3.46573)
(15.8201 0 3.41806)
(16.0487 0 3.36045)
(16.2732 0 3.29359)
(16.4926 0 3.2183)
(16.7057 0 3.13557)
(16.9116 0 3.0465)
(17.1094 0 2.95228)
(17.2987 0 2.85418)
(17.4789 0 2.75349)
(17.6497 0 2.65153)
(17.8111 0 2.5496)
(17.963 0 2.449)
(18.1057 0 2.35098)
(18.2394 0 2.25673)
(18.3645 0 2.16737)
(18.4814 0 2.08397)
(18.5907 0 2.00756)
(18.6927 0 1.9392)
(18.7881 0 1.87995)
(18.8774 0 1.83084)
(18.9611 0 1.79287)
(19.0393 0 1.767)
(19.1298 0 1.75362)
(14.1513 0 3.20978)
(14.3354 0 3.22324)
(14.5438 0 3.22897)
(14.7617 0 3.226)
(14.9809 0 3.21409)
(15.2005 0 3.19316)
(15.421 0 3.1632)
(15.6414 0 3.12432)
(15.8607 0 3.07682)
(16.0776 0 3.02118)
(16.291 0 2.95804)
(16.4999 0 2.88817)
(16.7035 0 2.81245)
(16.9011 0 2.73187)
(17.0921 0 2.64748)
(17.2761 0 2.5604)
(17.4526 0 2.47178)
(17.6215 0 2.38276)
(17.7827 0 2.29453)
(17.9364 0 2.20821)
(18.0826 0 2.12494)
(18.2217 0 2.04579)
(18.3541 0 1.97182)
(18.48 0 1.90407)
(18.6001 0 1.84359)
(18.7148 0 1.79143)
(18.8247 0 1.74869)
(18.9304 0 1.71644)
(19.0319 0 1.69589)
(19.1547 0 1.68795)
(14.0599 0 2.89953)
(14.2333 0 2.91212)
(14.4297 0 2.91825)
(14.6353 0 2.91708)
(14.8426 0 2.9084)
(15.0509 0 2.89209)
(15.2606 0 2.86811)
(15.4712 0 2.83649)
(15.6815 0 2.79743)
(15.8907 0 2.75125)
(16.0976 0 2.69845)
(16.3015 0 2.63962)
(16.5016 0 2.57547)
(16.6973 0 2.5068)
(16.8879 0 2.43449)
(17.0729 0 2.3595)
(17.2521 0 2.28281)
(17.4251 0 2.20545)
(17.5919 0 2.12845)
(17.7525 0 2.05286)
(17.9069 0 1.97971)
(18.0555 0 1.91003)
(18.1984 0 1.84483)
(18.336 0 1.78513)
(18.4689 0 1.73195)
(18.5974 0 1.68634)
(18.7223 0 1.64939)
(18.8442 0 1.62226)
(18.9631 0 1.6062)
(19.1106 0 1.60248)
(13.9696 0 2.59963)
(14.1336 0 2.61126)
(14.3193 0 2.6175)
(14.5141 0 2.61763)
(14.7108 0 2.61145)
(14.9089 0 2.59885)
(15.1088 0 2.57976)
(15.3103 0 2.55415)
(15.5123 0 2.52215)
(15.714 0 2.484)
(15.9145 0 2.44005)
(16.1132 0 2.39076)
(16.3092 0 2.33669)
(16.502 0 2.2785)
(16.691 0 2.21692)
(16.8758 0 2.15274)
(17.0559 0 2.08681)
(17.2311 0 2.02003)
(17.4013 0 1.95332)
(17.5663 0 1.88761)
(17.7264 0 1.82384)
(17.8815 0 1.76298)
(18.0319 0 1.70597)
(18.178 0 1.65378)
(18.3203 0 1.60739)
(18.4592 0 1.56783)
(18.5953 0 1.53616)
(18.7294 0 1.51353)
(18.8617 0 1.50121)
(19.0281 0 1.50057)
(13.882 0 2.30864)
(14.0377 0 2.31923)
(14.214 0 2.32536)
(14.3992 0 2.32638)
(14.5865 0 2.32212)
(14.7755 0 2.31249)
(14.9667 0 2.29739)
(15.1598 0 2.27677)
(15.3541 0 2.25072)
(15.5488 0 2.21938)
(15.7432 0 2.18303)
(15.9367 0 2.14201)
(16.1284 0 2.09676)
(16.318 0 2.04782)
(16.5049 0 1.99578)
(16.6885 0 1.9413)
(16.8686 0 1.88512)
(17.0448 0 1.82799)
(17.217 0 1.77072)
(17.3851 0 1.71414)
(17.549 0 1.6591)
(17.7089 0 1.60647)
(17.865 0 1.55713)
(18.0176 0 1.51198)
(18.1671 0 1.47194)
(18.314 0 1.43798)
(18.459 0 1.41112)
(18.6029 0 1.39245)
(18.7458 0 1.38319)
(18.9273 0 1.38471)
(13.7987 0 2.02504)
(13.9471 0 2.03455)
(14.1152 0 2.04036)
(14.2919 0 2.04194)
(14.471 0 2.03914)
(14.6519 0 2.03186)
(14.8352 0 2.02002)
(15.0209 0 2.00356)
(15.2082 0 1.98251)
(15.3965 0 1.95698)
(15.5852 0 1.92716)
(15.7736 0 1.89332)
(15.9611 0 1.8558)
(16.1474 0 1.81503)
(16.3317 0 1.7715)
(16.5138 0 1.72574)
(16.6933 0 1.67838)
(16.8698 0 1.63005)
(17.0431 0 1.58146)
(17.2131 0 1.53332)
(17.3799 0 1.48639)
(17.5434 0 1.44144)
(17.7039 0 1.39928)
(17.8616 0 1.36071)
(18.0169 0 1.3266)
(18.1704 0 1.29783)
(18.3226 0 1.27535)
(18.4744 0 1.26017)
(18.6262 0 1.2534)
(18.8199 0 1.25635)
(13.7211 0 1.74772)
(13.8632 0 1.75609)
(14.0241 0 1.76144)
(14.1935 0 1.76331)
(14.3653 0 1.76159)
(14.5392 0 1.75618)
(14.7156 0 1.747)
(14.8947 0 1.73399)
(15.0758 0 1.71717)
(15.2583 0 1.6966)
(15.4416 0 1.67243)
(15.6254 0 1.64485)
(15.8089 0 1.61413)
(15.9919 0 1.58061)
(16.1737 0 1.54467)
(16.354 0 1.50678)
(16.5324 0 1.46741)
(16.7087 0 1.42713)
(16.8826 0 1.38652)
(17.0539 0 1.34619)
(17.2227 0 1.3068)
(17.389 0 1.26903)
(17.5529 0 1.23358)
(17.7147 0 1.20118)
(17.8748 0 1.1726)
(18.0336 0 1.14864)
(18.1918 0 1.13015)
(18.3503 0 1.11804)
(18.5095 0 1.11329)
(18.7134 0 1.1171)
(13.6507 0 1.47475)
(13.7873 0 1.48194)
(13.9422 0 1.48669)
(14.1053 0 1.48863)
(14.2709 0 1.48766)
(14.4387 0 1.48371)
(14.6092 0 1.4767)
(14.7824 0 1.46658)
(14.958 0 1.45334)
(15.1354 0 1.43702)
(15.3141 0 1.41774)
(15.4936 0 1.39563)
(15.6735 0 1.37091)
(15.8533 0 1.34382)
(16.0326 0 1.31469)
(16.211 0 1.28388)
(16.3883 0 1.25178)
(16.564 0 1.21884)
(16.7381 0 1.18556)
(16.9102 0 1.15244)
(17.0805 0 1.12005)
(17.2488 0 1.08895)
(17.4154 0 1.05977)
(17.5804 0 1.03312)
(17.7443 0 1.00967)
(17.9076 0 0.990133)
(18.0708 0 0.975244)
(18.2349 0 0.965802)
(18.4003 0 0.962661)
(18.6125 0 0.966881)
(13.5887 0 1.20591)
(13.7209 0 1.21189)
(13.8707 0 1.21595)
(14.0285 0 1.2178)
(14.1889 0 1.21736)
(14.3515 0 1.21456)
(14.5169 0 1.20934)
(14.6853 0 1.20166)
(14.8562 0 1.1915)
(15.0292 0 1.17888)
(15.2038 0 1.16389)
(15.3796 0 1.14664)
(15.5562 0 1.12726)
(15.7332 0 1.10598)
(15.9102 0 1.08301)
(16.0868 0 1.05865)
(16.2628 0 1.03321)
(16.4379 0 1.00705)
(16.6118 0 0.980569)
(16.7844 0 0.954178)
(16.9556 0 0.928331)
(17.1255 0 0.903504)
(17.2941 0 0.8802)
(17.4617 0 0.858949)
(17.6287 0 0.840309)
(17.7955 0 0.82487)
(17.9629 0 0.813262)
(18.1315 0 0.806157)
(18.3021 0 0.804267)
(18.5213 0 0.808502)
(13.5369 0 0.937364)
(13.6654 0 0.94207)
(13.811 0 0.945322)
(13.9645 0 0.946899)
(14.1207 0 0.946741)
(14.2791 0 0.944804)
(14.4404 0 0.941033)
(14.6048 0 0.935387)
(14.7718 0 0.927854)
(14.9411 0 0.918452)
(15.1123 0 0.907229)
(15.2849 0 0.894263)
(15.4587 0 0.879666)
(15.6333 0 0.863585)
(15.8083 0 0.846196)
(15.9833 0 0.827712)
(16.1581 0 0.808375)
(16.3324 0 0.788458)
(16.506 0 0.768262)
(16.6788 0 0.748113)
(16.8506 0 0.728361)
(17.0216 0 0.709382)
(17.1917 0 0.691573)
(17.3613 0 0.675354)
(17.5306 0 0.661171)
(17.7002 0 0.6495)
(17.8708 0 0.640849)
(18.0431 0 0.635762)
(18.2177 0 0.634821)
(18.4421 0 0.638812)
(13.496 0 0.672242)
(13.6217 0 0.67571)
(13.7641 0 0.678165)
(13.9143 0 0.679435)
(14.0672 0 0.679484)
(14.2224 0 0.678287)
(14.3805 0 0.675802)
(14.5417 0 0.671997)
(14.7057 0 0.666862)
(14.8722 0 0.660406)
(15.0407 0 0.652661)
(15.2108 0 0.643678)
(15.3824 0 0.633534)
(15.555 0 0.622327)
(15.7283 0 0.610182)
(15.902 0 0.597244)
(16.0758 0 0.583685)
(16.2494 0 0.569696)
(16.4226 0 0.555491)
(16.5954 0 0.541303)
(16.7676 0 0.527383)
(16.9392 0 0.514003)
(17.1104 0 0.501449)
(17.2814 0 0.490029)
(17.4525 0 0.480072)
(17.6242 0 0.47193)
(17.7971 0 0.465985)
(17.9721 0 0.462655)
(18.15 0 0.46239)
(18.3787 0 0.465822)
(13.4677 0 0.40011)
(13.5914 0 0.402203)
(13.7315 0 0.403696)
(13.8793 0 0.404445)
(14.0298 0 0.404447)
(14.1827 0 0.4037)
(14.3385 0 0.402183)
(14.4975 0 0.399875)
(14.6593 0 0.39677)
(14.8236 0 0.392873)
(14.9901 0 0.388204)
(15.1585 0 0.382794)
(15.3283 0 0.376689)
(15.4994 0 0.369948)
(15.6714 0 0.362645)
(15.844 0 0.354867)
(16.0169 0 0.346718)
(16.1898 0 0.338313)
(16.3627 0 0.32978)
(16.5352 0 0.321261)
(16.7075 0 0.31291)
(16.8794 0 0.304891)
(17.0511 0 0.29738)
(17.2228 0 0.290566)
(17.3949 0 0.284655)
(17.5679 0 0.279868)
(17.7423 0 0.276457)
(17.9191 0 0.27472)
(18.099 0 0.275042)
(18.3299 0 0.278188)
(13.2317 0 0.135051)
(13.3518 0 0.135982)
(13.4878 0 0.136702)
(13.6316 0 0.137144)
(13.7781 0 0.137317)
(13.9268 0 0.137226)
(14.0785 0 0.136862)
(14.2332 0 0.136215)
(14.3907 0 0.135282)
(14.5507 0 0.134064)
(14.7128 0 0.132566)
(14.8766 0 0.130798)
(15.0419 0 0.128775)
(15.2084 0 0.126517)
(15.3757 0 0.12405)
(15.5435 0 0.121402)
(15.7115 0 0.11861)
(15.8795 0 0.115715)
(16.0472 0 0.112762)
(16.2146 0 0.109801)
(16.3816 0 0.106886)
(16.5482 0 0.104077)
(16.7144 0 0.101437)
(16.8806 0 0.0990345)
(17.047 0 0.0969434)
(17.2142 0 0.0952471)
(17.383 0 0.0940435)
(17.5542 0 0.0934618)
(17.7291 0 0.0937028)
(17.9553 0 0.0953675)
)
;

boundaryField
{
    inlet
    {
        type            fixedValue;
        value           uniform (10 0 0);
    }
    outlet
    {
        type            zeroGradient;
    }
    flap
    {
        type            movingWallVelocity;
        value           nonuniform List<vector> 
33
(
(0 0 6.93889e-16)
(0 0 0)
(0 0 0)
(0 0 0)
(0 0 0)
(0 0 0)
(0 0 0)
(0 0 0)
(0 0 0)
(0 0 0)
(0 0 0)
(0 0 -1.11022e-14)
(0 0 -1.11022e-14)
(0 0 -1.11022e-14)
(0 0 -2.22045e-14)
(6.93889e-16 -2.77556e-15 0)
(0 -2.77556e-15 0)
(0 0 0)
(0 0 6.93889e-16)
(0 0 0)
(0 0 0)
(0 0 0)
(0 0 0)
(0 0 0)
(0 0 -5.55112e-15)
(0 0 0)
(0 0 -1.11022e-14)
(0 0 0)
(0 0 0)
(0 0 0)
(0 0 0)
(0 -2.77556e-15 -1.11022e-14)
(0 0 -1.11022e-14)
)
;
    }
    upperWall
    {
        type            noSlip;
    }
    lowerWall
    {
        type            noSlip;
    }
    frontAndBack
    {
        type            empty;
    }
}


// ************************************************************************* //
