/*--------------------------------*- C++ -*----------------------------------*\
  =========                 |
  \\      /  F ield         | OpenFOAM: The Open Source CFD Toolbox
   \\    /   O peration     | Website:  https://openfoam.org
    \\  /    A nd           | Version:  dev
     \\/     M anipulation  |
\*---------------------------------------------------------------------------*/
FoamFile
{
    version     2.0;
    format      ascii;
    class       surfaceScalarField;
    location    "9.9";
    object      phi;
}
// * * * * * * * * * * * * * * * * * * * * * * * * * * * * * * * * * * * * * //

dimensions      [0 3 -1 0 0 0 0];

internalField   nonuniform List<scalar> 
5457
(
0.198418
0.0015824
0.19648
0.00193741
0.194192
0.00228815
0.191508
0.00268367
0.188427
0.00308131
0.18495
0.0034769
0.181071
0.00387874
0.176777
0.00429421
0.172049
0.00472844
0.166863
0.00518548
0.161194
0.00566879
0.155013
0.00618134
0.148288
0.0067253
0.140986
0.0073017
0.133076
0.00790987
0.124529
0.00854682
0.115323
0.00920625
0.105446
0.00987751
0.0949013
0.0105444
0.0837176
0.0111837
0.0719529
0.0117647
0.0597045
0.0122483
0.047116
0.0125886
0.034376
0.0127399
0.0216813
0.0126947
0.00903149
0.0126498
-0.00291995
0.0119514
-0.0084735
0.00555355
-0.00804345
-0.000430049
-0.00804345
0.199928
0.00165427
0.199176
0.0026899
0.197965
0.00349916
0.196331
0.00431694
0.194271
0.00514148
0.191781
0.00596712
0.188854
0.00680589
0.185477
0.00767127
0.181632
0.00857359
0.177296
0.00952114
0.172444
0.0105212
0.167045
0.01158
0.161068
0.0127024
0.154478
0.013891
0.147243
0.0151453
0.139329
0.0164603
0.130711
0.0178246
0.121371
0.019218
0.111305
0.0206095
0.100535
0.0219538
0.0891107
0.0231894
0.0771231
0.024236
0.0647172
0.0249945
0.05211
0.0253472
0.0396501
0.0251545
0.028101
0.024199
0.0185906
0.0214618
0.00879299
0.0153512
0.00118143
0.00718151
-0.00686202
0.199781
0.00187373
0.199087
0.00338379
0.197946
0.00464015
0.196409
0.00585365
0.194483
0.00706772
0.192164
0.00828631
0.189446
0.00952349
0.18632
0.0107969
0.182772
0.0121217
0.178783
0.0135103
0.174331
0.0149736
0.169389
0.0165214
0.16393
0.0181613
0.157923
0.0198986
0.151334
0.021734
0.144132
0.0236625
0.136286
0.0256704
0.127772
0.0277323
0.118575
0.0298067
0.108696
0.031832
0.0981643
0.0337214
0.0870419
0.0353584
0.0754453
0.0365911
0.0635684
0.0372241
0.051727
0.0369959
0.0403925
0.0355335
0.0297348
0.0321194
0.0191631
0.0259229
0.00959581
0.0167488
0.00273379
0.199703
0.00217069
0.199008
0.00407914
0.197887
0.00576075
0.196376
0.00736465
0.194488
0.00895595
0.192222
0.0105524
0.189574
0.0121713
0.186538
0.0138331
0.183103
0.0155564
0.179256
0.017357
0.174981
0.0192489
0.170258
0.0212443
0.165066
0.0233534
0.159382
0.0255831
0.153179
0.0279361
0.146434
0.0304081
0.139119
0.0329852
0.131211
0.03564
0.122692
0.0383263
0.113551
0.0409732
0.103793
0.0434786
0.0934507
0.0457011
0.0825895
0.0474524
0.0713269
0.0484867
0.0598354
0.0484874
0.048312
0.0470569
0.0368069
0.0436245
0.025185
0.0375448
0.0133341
0.0285996
0.0160679
0.199667
0.0025033
0.198964
0.00478245
0.197863
0.00686213
0.196381
0.00884642
0.194532
0.0108048
0.192317
0.0127672
0.189733
0.0147553
0.186775
0.0167919
0.183433
0.0188983
0.179697
0.021093
0.175553
0.0233921
0.170988
0.0258097
0.165984
0.0283575
0.160523
0.0310437
0.154587
0.033872
0.148156
0.036839
0.14121
0.0399314
0.133728
0.0431219
0.125691
0.0463635
0.117081
0.049583
0.107887
0.0526724
0.0981083
0.0554803
0.0877583
0.0578024
0.0768724
0.0593726
0.0655028
0.0598571
0.0537027
0.0588569
0.0414496
0.0558776
0.0285846
0.0504098
0.0148507
0.0423336
0.0309186
0.199653
0.00285052
0.198949
0.00548655
0.197871
0.00794014
0.196426
0.0102907
0.194626
0.0126049
0.192473
0.0149208
0.189963
0.0172651
0.187092
0.0196629
0.183852
0.0221378
0.180235
0.0247105
0.176228
0.0273989
0.171819
0.0302187
0.166994
0.0331826
0.161738
0.0363
0.156034
0.0395753
0.149867
0.043006
0.143219
0.0465801
0.136069
0.0502718
0.128396
0.0540363
0.120176
0.0578031
0.111381
0.0614672
0.101982
0.0648795
0.0919477
0.0678368
0.081247
0.0700733
0.0698475
0.0712566
0.0577108
0.0709936
0.0447556
0.0688328
0.0308455
0.06432
0.0158712
0.0573078
0.0467898
0.19965
0.00320049
0.198954
0.00618258
0.197904
0.00898983
0.196505
0.0116905
0.194762
0.0143473
0.19268
0.017003
0.190256
0.0196889
0.187486
0.0224327
0.184364
0.0252601
0.180881
0.0281936
0.177027
0.0312531
0.17279
0.0344556
0.168158
0.0378151
0.163116
0.041342
0.157649
0.045042
0.151741
0.048914
0.145373
0.0529482
0.138523
0.0571218
0.131164
0.0613951
0.123263
0.0657045
0.114775
0.0699544
0.105647
0.0740077
0.0958088
0.0776749
0.0851782
0.080704
0.0736604
0.0827743
0.0611543
0.0834998
0.0475492
0.0824379
0.0327542
0.0791149
0.0167805
0.0732815
0.0635703
0.199655
0.00354586
0.198974
0.00686273
0.197959
0.0100056
0.19661
0.0130393
0.194934
0.0160234
0.192933
0.0190037
0.190607
0.0220151
0.187951
0.0250881
0.184961
0.0282502
0.181629
0.031526
0.177945
0.0349368
0.1739
0.0385012
0.16948
0.0422349
0.164672
0.0461498
0.159461
0.0502533
0.153828
0.0545469
0.147752
0.059024
0.141207
0.0636672
0.134158
0.0684441
0.12656
0.073302
0.118354
0.0781603
0.109461
0.0829012
0.0997775
0.0873582
0.089178
0.0913035
0.0775159
0.0944364
0.0646387
0.096377
0.05041
0.0966667
0.0347626
0.0947623
0.0177868
0.0902572
0.0813572
0.199664
0.0038817
0.199006
0.00752057
0.19803
0.0109819
0.196739
0.0143308
0.195136
0.0176255
0.193226
0.0209136
0.191008
0.0242331
0.18848
0.0276169
0.185636
0.0310944
0.18247
0.0346919
0.178974
0.0384325
0.175139
0.0423365
0.170953
0.0464212
0.166402
0.0507006
0.16147
0.0551848
0.156138
0.0598788
0.150381
0.0647809
0.144168
0.0698808
0.137455
0.0751564
0.130188
0.0805693
0.122289
0.0860589
0.113657
0.0915333
0.104158
0.0968575
0.0936231
0.101838
0.0818536
0.106206
0.0686387
0.109592
0.0537925
0.111513
0.0372293
0.111325
0.0190794
0.108407
0.100437
0.199677
0.0042045
0.199047
0.00815085
0.198116
0.0119133
0.196887
0.0155591
0.195366
0.0191465
0.193556
0.0227243
0.191456
0.026333
0.189065
0.0300078
0.186379
0.0337798
0.183394
0.0376769
0.180103
0.0417239
0.176496
0.0459429
0.172564
0.0503531
0.168294
0.0549711
0.163669
0.0598101
0.158668
0.0648796
0.153264
0.0701842
0.147423
0.0757225
0.141094
0.081485
0.134212
0.0874511
0.126687
0.0935844
0.118395
0.0998255
0.109172
0.10608
0.0988067
0.112204
0.087039
0.117974
0.0735764
0.123054
0.0581362
0.126953
0.0405422
0.128919
0.0208959
0.128053
0.121332
0.199693
0.00451159
0.199095
0.00874926
0.198213
0.0127949
0.197053
0.0167188
0.19562
0.02058
0.193916
0.0244282
0.191943
0.0283061
0.1897
0.0322508
0.187184
0.036295
0.184393
0.040468
0.181321
0.0447963
0.17796
0.0493037
0.174302
0.0540114
0.170334
0.0589388
0.166042
0.0641027
0.161404
0.0695176
0.156393
0.0751952
0.150971
0.0811444
0.145086
0.08737
0.138665
0.0938715
0.131609
0.100641
0.123778
0.107656
0.114982
0.114876
0.104968
0.122219
0.0934025
0.129539
0.0798809
0.136576
0.0639515
0.142882
0.0452213
0.14765
0.0236037
0.149671
0.144936
0.199711
0.00480091
0.199148
0.00931229
0.19832
0.0136226
0.197234
0.0178052
0.195893
0.0219202
0.194303
0.0260186
0.192464
0.0301447
0.190378
0.0343371
0.188043
0.0386298
0.185458
0.0430537
0.182617
0.0476365
0.179517
0.0524036
0.17615
0.0573784
0.172507
0.0625827
0.168572
0.0680372
0.164328
0.0737614
0.159749
0.0797745
0.154798
0.0860958
0.149423
0.092745
0.143551
0.0997429
0.137081
0.107111
0.129866
0.114871
0.121701
0.123041
0.112297
0.131622
0.101253
0.140582
0.0880234
0.149806
0.0719008
0.159005
0.0520667
0.167484
0.0278733
0.173864
0.172809
0.19973
0.00507085
0.199205
0.00983709
0.198435
0.0143926
0.197427
0.0188139
0.196184
0.0231623
0.194713
0.0274899
0.193016
0.0318422
0.191094
0.036259
0.188948
0.0407758
0.186577
0.0454242
0.18398
0.0502333
0.181154
0.0552297
0.178094
0.0604387
0.174793
0.0658843
0.171239
0.0715907
0.167418
0.0775821
0.163308
0.0838845
0.158877
0.090527
0.154079
0.0975431
0.148848
0.104974
0.14309
0.11287
0.136666
0.121295
0.129376
0.130331
0.120922
0.140077
0.110859
0.150645
0.0985151
0.162149
0.0828706
0.17465
0.0624061
0.187948
0.0351041
0.201167
0.207913
0.199751
0.00532015
0.199266
0.0103213
0.198557
0.0151021
0.197629
0.0197414
0.19649
0.0243021
0.195142
0.0288372
0.193591
0.0333931
0.19184
0.0380106
0.18989
0.0427259
0.187742
0.0475716
0.185398
0.0525775
0.182857
0.0577712
0.180116
0.0631795
0.177172
0.0688281
0.174019
0.0747438
0.170646
0.0809548
0.167038
0.0874925
0.163172
0.0943936
0.159012
0.101703
0.154507
0.109478
0.149583
0.117794
0.144128
0.12675
0.137974
0.136485
0.130862
0.147188
0.122377
0.15913
0.111825
0.172702
0.0979749
0.188499
0.0784908
0.207432
0.0486253
0.231032
0.256539
0.199772
0.00554785
0.19933
0.0107633
0.198684
0.0157485
0.19784
0.020585
0.196806
0.0253366
0.195586
0.0300569
0.194186
0.0347932
0.19261
0.0395869
0.190861
0.0444747
0.188943
0.0494897
0.186858
0.0546621
0.184609
0.0600202
0.182197
0.0655912
0.179623
0.0714024
0.176885
0.077482
0.173979
0.0838604
0.170899
0.0905727
0.167632
0.0976606
0.164159
0.105176
0.160451
0.113186
0.156464
0.121781
0.152131
0.131083
0.147353
0.141263
0.14197
0.152572
0.135718
0.165382
0.128126
0.180294
0.118254
0.198372
0.103849
0.221837
0.0776088
0.257272
0.334148
0.00387541
-0.00387541
0.00756378
-0.00368836
0.0105911
-0.00302735
0.0129325
-0.00234138
0.014661
-0.00172845
0.0158558
-0.00119484
0.0165847
-0.000728894
0.0169061
-0.000321367
0.0168845
2.15643e-05
0.0165523
0.000332206
0.0159854
0.000566878
0.0152339
0.000751496
0.0143512
0.000882716
0.0133922
0.000959029
0.0124104
0.000981732
0.0114552
0.000955196
0.0105681
0.000887135
0.00977976
0.000788348
0.00910752
0.000672239
0.00855387
0.000553651
0.00810775
0.000446119
0.00774955
0.000358202
0.00745813
0.000291418
0.00721663
0.000241499
0.00701418
0.000202453
0.00684381
0.000170371
0.00669977
0.000144043
0.00657599
0.000123776
0.00646678
0.00010921
8.92021e-05
0.00360095
-0.00747637
0.00705539
-0.0071428
0.00995659
-0.00592855
0.0122916
-0.00467643
0.0141337
-0.00357054
0.0155565
-0.00261763
0.0166208
-0.00179318
0.0173719
-0.00107247
0.0178247
-0.000431242
0.0180153
0.000141647
0.0179386
0.000643594
0.0176535
0.00103652
0.0172135
0.00132271
0.0166733
0.0014993
0.0160866
0.00156839
0.0155031
0.0015387
0.0149648
0.00142548
0.0145019
0.00125115
0.0141312
0.001043
0.0138539
0.000830937
0.0136585
0.000641488
0.0135264
0.000490325
0.0134389
0.000378896
0.0133826
0.000297879
0.0133493
0.000235674
0.0133342
0.000185515
0.0133324
0.000145829
0.0133384
0.000117741
0.0133455
0.000102173
0.000100188
0.00307186
-0.0105482
0.00593117
-0.0100021
0.00829678
-0.00829415
0.010199
-0.00657867
0.011714
-0.0050855
0.0129029
-0.00380655
0.0138142
-0.00270444
0.0144869
-0.00174521
0.0149583
-0.000902685
0.0152545
-0.000154558
0.0153748
0.000523331
0.0153384
0.0010729
0.0151848
0.00147634
0.0149566
0.00172749
0.0146946
0.00183044
0.0144354
0.00179789
0.014209
0.00165189
0.0140368
0.00142336
0.0139289
0.00115082
0.013883
0.000876838
0.0138858
0.000638668
0.0139193
0.000456826
0.0139676
0.000330618
0.0140211
0.00024437
0.0140757
0.000181072
0.014129
0.000132292
0.0141781
9.66639e-05
0.0142191
7.68113e-05
0.0142451
7.61418e-05
0.000104594
0.00249217
-0.0130404
0.0046506
-0.0121605
0.00636353
-0.0100071
0.00772917
-0.00794431
0.00882311
-0.00617944
0.00968978
-0.00467322
0.0103619
-0.00337657
0.0108641
-0.00224738
0.011217
-0.00125557
0.011447
-0.000384559
0.0115731
0.000397246
0.0115908
0.00105519
0.0115369
0.00153025
0.0114484
0.00181591
0.0113549
0.00192395
0.011279
0.00187378
0.0112365
0.00169446
0.0112356
0.00142418
0.011276
0.00111043
0.0113465
0.000806331
0.0114276
0.000557592
0.0114982
0.00038623
0.0115436
0.00028528
0.011559
0.000228907
0.0115466
0.000193474
0.011509
0.000169951
0.0114482
0.00015745
0.0113663
0.000158671
0.0112666
0.000175854
0.000207353
0.00182095
-0.0148613
0.0032005
-0.0135401
0.00419242
-0.010999
0.0049632
-0.00871509
0.00557715
-0.00679339
0.00606293
-0.00515899
0.00643988
-0.00375352
0.00672031
-0.00252781
0.00691198
-0.00144724
0.00703591
-0.000508489
0.00709085
0.000342299
0.00706755
0.0010785
0.00702255
0.00157525
0.00698615
0.00185231
0.00697443
0.00193567
0.00699245
0.00185575
0.00703668
0.00165023
0.00709683
0.00136403
0.00715715
0.00105011
0.00719414
0.000769345
0.00718164
0.000570085
0.00710107
0.000466808
0.00694734
0.000439007
0.00673502
0.000441227
0.00648282
0.00044567
0.00620735
0.00044543
0.00591762
0.000447174
0.0056185
0.000457789
0.0053217
0.000472657
0.000444989
0.00105758
-0.0159189
0.00157392
-0.0140564
0.00180272
-0.0112278
0.00193389
-0.00884626
0.00200661
-0.00686611
0.00204389
-0.00519627
0.00205641
-0.00376604
0.00205143
-0.00252282
0.0020336
-0.00142941
0.00198288
-0.000457764
0.00189099
0.00043418
0.00180513
0.00116436
0.00175411
0.00162628
0.00174124
0.00186517
0.00175093
0.00192598
0.00175551
0.00185118
0.00172081
0.00168493
0.00160935
0.00147549
0.00139362
0.00126584
0.00107647
0.0010865
0.000685493
0.00096106
0.000259999
0.000892302
-0.000156519
0.000855525
-0.000547931
0.000832639
-0.000908068
0.000805806
-0.00123969
0.000777053
-0.00155042
0.000757903
-0.00184913
0.000756496
-0.002128
0.000751527
0.000677394
0.000137151
-0.0160561
-0.000239339
-0.0136799
-0.000801084
-0.0106661
-0.00136127
-0.00828608
-0.00190474
-0.00632264
-0.00240074
-0.00470027
-0.00283915
-0.00332763
-0.00321699
-0.00214499
-0.00355464
-0.00109176
-0.00390284
-0.00010956
-0.00415824
0.000689575
-0.00428215
0.00128827
-0.00436869
0.00171281
-0.00446128
0.00195777
-0.00459155
0.00205625
-0.00478306
0.00204269
-0.0050477
0.00194956
-0.00538185
0.00180965
-0.00577069
0.00165468
-0.00619475
0.00151056
-0.0066301
0.00139641
-0.00705309
0.0013153
-0.00744815
0.00125058
-0.00780049
0.00118498
-0.00810599
0.00111131
-0.00836715
0.00103821
-0.00859168
0.000982431
-0.00878532
0.000950131
-0.00894976
0.000915968
0.000857876
-0.00083207
-0.015224
-0.00219398
-0.012318
-0.00359012
-0.00926992
-0.0049409
-0.0069353
-0.00617234
-0.0050912
-0.00726349
-0.00360912
-0.00821349
-0.00237763
-0.00903087
-0.00132761
-0.00972821
-0.000394425
-0.0102294
0.000391601
-0.0105534
0.00101359
-0.0107808
0.00151574
-0.0109633
0.00189523
-0.0111472
0.00214174
-0.0113609
0.00226995
-0.0116167
0.00229843
-0.0119142
0.00224705
-0.0122451
0.00214056
-0.012599
0.00200863
-0.0129675
0.00187904
-0.0133401
0.00176905
-0.0137023
0.00167743
-0.0140385
0.00158675
-0.0143336
0.00148013
-0.0145791
0.00135685
-0.0147763
0.00123542
-0.0149338
0.00113993
-0.0150614
0.00107766
-0.0151752
0.00102977
0.000993975
-0.0019395
-0.0132845
-0.0043181
-0.00993943
-0.00666423
-0.00692378
-0.00883455
-0.00476498
-0.0107457
-0.00318009
-0.0123749
-0.00197986
-0.0137416
-0.00101098
-0.0148655
-0.000203713
-0.0157046
0.000444743
-0.0162822
0.000969133
-0.016693
0.00142446
-0.0169977
0.00182043
-0.0172351
0.00213257
-0.0174458
0.00235252
-0.0176599
0.00248405
-0.0178934
0.00253188
-0.0181497
0.00250333
-0.018425
0.00241588
-0.0187147
0.00229838
-0.0190165
0.00218077
-0.0193264
0.00207903
-0.0196351
0.0019861
-0.0199266
0.0018782
-0.0201822
0.00173574
-0.0203886
0.0015633
-0.0205448
0.00139162
-0.0206608
0.00125595
-0.0207515
0.00116828
-0.0208377
0.00111598
0.00109837
-0.00324488
-0.0100396
-0.00680715
-0.00637715
-0.0101556
-0.00357532
-0.0131024
-0.00181818
-0.0155914
-0.00069107
-0.0176269
5.56427e-05
-0.0191991
0.000561135
-0.020338
0.000935238
-0.0211571
0.00126382
-0.0217734
0.00158546
-0.0222428
0.00189388
-0.0225915
0.00216909
-0.0228531
0.00239418
-0.023066
0.00256547
-0.0232645
0.00268247
-0.02347
0.00273736
-0.0236888
0.00272222
-0.0239182
0.00264528
-0.0241557
0.00253582
-0.0244037
0.00242881
-0.0246654
0.00234071
-0.0249362
0.00225689
-0.0251999
0.00214188
-0.0254325
0.00196832
-0.025614
0.00174481
-0.0257405
0.00151813
-0.0258254
0.0013409
-0.0258898
0.00123261
-0.0259547
0.00118094
0.00117666
-0.00499135
-0.00504828
-0.0103216
-0.00104685
-0.0147558
0.000858788
-0.0182051
0.00163113
-0.020781
0.00188491
-0.0226764
0.001951
-0.0240969
0.00198164
-0.0251948
0.00203315
-0.0260449
0.00211393
-0.0266967
0.00223726
-0.0271916
0.00238873
-0.027559
0.0025365
-0.0278274
0.00266257
-0.0280335
0.00277161
-0.0282168
0.00286579
-0.0284038
0.00292435
-0.0286001
0.00291845
-0.0287985
0.00284376
-0.0289959
0.00273318
-0.0292003
0.00263325
-0.0294242
0.00256455
-0.0296694
0.0025021
-0.0299189
0.00239138
-0.0301408
0.00219021
-0.0303055
0.00190954
-0.0304057
0.00161829
-0.0304609
0.00139609
-0.0305008
0.00127257
-0.0305462
0.00122637
0.00123204
-0.00792969
0.00288141
-0.0144612
0.00548471
-0.0191549
0.00555242
-0.0225908
0.00506705
-0.0251529
0.00444699
-0.0270718
0.00386987
-0.0285294
0.00343932
-0.0296401
0.00314378
-0.0304816
0.00295549
-0.03112
0.00287564
-0.0316082
0.00287695
-0.0319735
0.0029018
-0.032233
0.00292204
-0.0324205
0.00295916
-0.0325846
0.00302987
-0.0327589
0.00309864
-0.0329446
0.00310409
-0.0331236
0.00302277
-0.0332874
0.00289702
-0.0334515
0.00279737
-0.0336421
0.00275514
-0.0338705
0.00273046
-0.0341178
0.00263872
-0.0343404
0.00241278
-0.0344942
0.00206336
-0.0345667
0.00169078
-0.0345875
0.00141692
-0.0346007
0.0012858
-0.0346276
0.00125321
0.00126739
-0.0101851
0.0130666
-0.017956
0.0132555
-0.023297
0.0108934
-0.0269655
0.0087356
-0.0295453
0.00702676
-0.0313725
0.00569704
-0.0327247
0.00479155
-0.0337563
0.00417536
-0.0345229
0.00372214
-0.0350944
0.00344709
-0.0355427
0.00332526
-0.0358894
0.00324849
-0.036125
0.00315771
-0.0362752
0.00310936
-0.0364073
0.00316193
-0.0365701
0.0032614
-0.0367561
0.0032901
-0.0369252
0.00319192
-0.0370566
0.0030284
-0.0371759
0.00291667
-0.0373316
0.00291083
-0.0375493
0.00294818
-0.0378071
0.00289646
-0.0380432
0.00264895
-0.0381919
0.00221203
-0.0382316
0.00173047
-0.0382075
0.00139288
-0.0381882
0.00126649
-0.0381986
0.00126358
0.00128707
-0.0134798
0.0265464
-0.0231595
0.0229352
-0.0285898
0.0163237
-0.0318642
0.01201
-0.0341523
0.0093149
-0.0356306
0.00717528
-0.036686
0.00584699
-0.0375485
0.00503787
-0.0381809
0.00435447
-0.0386273
0.00389349
-0.0390031
0.00370105
-0.0393263
0.00357175
-0.0395276
0.00335894
-0.0396108
0.00319256
-0.0396849
0.00323609
-0.0398339
0.00341042
-0.0400354
0.00349153
-0.0402068
0.00336339
-0.0403019
0.00312352
-0.040362
0.00297676
-0.0404736
0.0030224
-0.0406851
0.00315964
-0.0409682
0.00317961
-0.0412346
0.00291532
-0.041385
0.00236246
-0.0413824
0.00172781
-0.0412948
0.00130532
-0.0412327
0.00120444
-0.0412321
0.0012629
0.00130042
-0.0191813
0.0457276
-0.0309239
0.0346779
-0.0357394
0.0211391
-0.0374086
0.0136793
-0.0390626
0.0109689
-0.0397833
0.00789606
-0.0402533
0.00631692
-0.0409506
0.00573518
-0.0414684
0.00487232
-0.04171
0.00413501
-0.0419566
0.00394768
-0.0422596
0.00387479
-0.042423
0.00352235
-0.0423961
0.00316564
-0.0423676
0.00320757
-0.0425021
0.00354492
-0.0427475
0.00373699
-0.0429423
0.00355819
-0.0429906
0.00317177
-0.0429602
0.00294639
-0.0430058
0.00306795
-0.0432128
0.00336671
-0.0435399
0.00350667
-0.0438583
0.0032337
-0.0440197
0.00252384
-0.0439591
0.00166727
-0.0437765
0.00112267
-0.0436541
0.00108201
-0.0436541
0.00126292
0.00132913
0.207447
0.00576062
0.207034
0.0111759
0.206432
0.0163511
0.205647
0.0213695
0.204688
0.0262958
0.203561
0.0311844
0.202271
0.0360828
0.200825
0.0410327
0.199229
0.0460711
0.197488
0.0512311
0.195607
0.056543
0.193592
0.0620352
0.191448
0.0677349
0.189181
0.0736696
0.186795
0.0798679
0.184294
0.0863611
0.181682
0.093185
0.17896
0.100383
0.176128
0.108008
0.173184
0.11613
0.170124
0.124841
0.166943
0.134264
0.163636
0.144571
0.160203
0.156004
0.156666
0.168919
0.153117
0.183843
0.149918
0.201571
0.148735
0.22302
0.160326
0.245682
0.258925
0.235548
0.21249
0.00595304
0.212118
0.0115487
0.211574
0.0168946
0.210868
0.0220754
0.210008
0.0271563
0.209
0.0321919
0.207853
0.0372298
0.206574
0.0423119
0.20517
0.0474747
0.20365
0.0527512
0.202022
0.0581711
0.200295
0.0637622
0.198479
0.0695511
0.196584
0.0755645
0.194622
0.0818299
0.192606
0.0883773
0.19055
0.0952409
0.188472
0.102461
0.186392
0.110088
0.18434
0.118182
0.182355
0.126826
0.180498
0.136121
0.178867
0.146201
0.177634
0.157238
0.177119
0.169434
0.177972
0.182989
0.181606
0.197937
0.190615
0.214012
0.206
0.230296
0.24588
0.219045
0.217658
0.00612297
0.217329
0.0118777
0.21685
0.0173733
0.21623
0.022695
0.215478
0.0279086
0.214601
0.0330685
0.213609
0.038222
0.212511
0.0434105
0.211315
0.0486701
0.210034
0.0540327
0.208677
0.0595273
0.207259
0.0651803
0.205794
0.0710168
0.204297
0.0770616
0.202786
0.0833399
0.201285
0.0898784
0.199819
0.0967069
0.198421
0.103859
0.197132
0.111376
0.196009
0.119306
0.195129
0.127706
0.194605
0.136644
0.194607
0.146199
0.195399
0.156446
0.197389
0.167444
0.201187
0.179191
0.207563
0.191561
0.21718
0.204395
0.229767
0.217709
0.228932
0.246715
0.222951
0.00626841
0.22267
0.012159
0.222262
0.0177815
0.221736
0.0232213
0.2211
0.0285442
0.220365
0.033804
0.219539
0.0390476
0.218634
0.0443154
0.217661
0.0496426
0.216634
0.05506
0.215567
0.0605947
0.214476
0.0662713
0.21338
0.0721128
0.2123
0.078141
0.211263
0.0843772
0.210298
0.0908436
0.209441
0.0975632
0.20874
0.104561
0.208251
0.111865
0.208052
0.119505
0.208244
0.127513
0.208969
0.13592
0.210419
0.144749
0.212858
0.154008
0.216632
0.163671
0.22216
0.173662
0.229895
0.183827
0.240409
0.19388
0.254623
0.203496
0.210422
0.273132
0.228374
0.00638752
0.228144
0.012389
0.227812
0.018114
0.227385
0.0236476
0.226875
0.0290548
0.22629
0.0343891
0.225641
0.039696
0.224942
0.0450151
0.224204
0.0503799
0.223445
0.0558194
0.222681
0.061359
0.221931
0.0670208
0.221219
0.0728247
0.220572
0.0787886
0.220019
0.0849295
0.2196
0.0912632
0.219358
0.0978051
0.219349
0.10457
0.219643
0.111571
0.220327
0.118821
0.221515
0.126325
0.223351
0.134083
0.226021
0.142079
0.229755
0.150274
0.234834
0.158592
0.241586
0.166909
0.250393
0.17502
0.261701
0.182572
0.275986
0.189211
0.19385
0.292558
0.233929
0.0064786
0.233754
0.0125644
0.233502
0.0183661
0.233182
0.0239678
0.232803
0.0294336
0.232376
0.0348156
0.231914
0.0401583
0.23143
0.0454995
0.230938
0.0508712
0.230457
0.0563003
0.230007
0.0618097
0.229609
0.0674185
0.229291
0.0731431
0.229082
0.0789974
0.229019
0.0849928
0.229143
0.0911387
0.229506
0.0974422
0.230169
0.103907
0.231206
0.110534
0.232708
0.117318
0.234788
0.124245
0.237581
0.13129
0.241252
0.138409
0.245992
0.145533
0.252024
0.152561
0.259589
0.159344
0.268931
0.165678
0.28023
0.171273
0.293584
0.175857
0.178914
0.30852
0.23962
0.00654016
0.239502
0.0126825
0.239334
0.0185338
0.239125
0.0241768
0.238884
0.0296741
0.238623
0.0350765
0.238355
0.0404267
0.238094
0.0457608
0.237856
0.0511087
0.237661
0.0564949
0.237532
0.0619395
0.237491
0.0674586
0.23757
0.0730647
0.2378
0.0787671
0.238221
0.084572
0.238878
0.090482
0.239824
0.0964962
0.241122
0.102609
0.242846
0.10881
0.245085
0.115079
0.247942
0.121389
0.251535
0.127696
0.256002
0.133942
0.261491
0.140044
0.268159
0.145892
0.276157
0.151345
0.285606
0.156229
0.296553
0.160327
0.308987
0.163422
0.165249
0.322652
0.245448
0.00657094
0.24539
0.0127407
0.24531
0.0186137
0.245217
0.0242703
0.245119
0.0297716
0.245029
0.0351665
0.24496
0.0404958
0.244928
0.0457934
0.244949
0.0510871
0.245045
0.0563988
0.245239
0.0617456
0.245558
0.0671404
0.246031
0.0725918
0.246693
0.0781046
0.247585
0.0836798
0.248753
0.0893141
0.25025
0.0949996
0.252136
0.100723
0.254483
0.106463
0.257369
0.112193
0.260884
0.117874
0.265127
0.123453
0.270203
0.128867
0.276218
0.134029
0.283273
0.138838
0.291448
0.14317
0.300792
0.146885
0.311295
0.149824
0.32289
0.151828
0.152765
0.335373
0.251418
0.00656992
0.251422
0.0127372
0.251432
0.0186029
0.251458
0.024245
0.251507
0.0297222
0.251592
0.0350815
0.251726
0.0403615
0.251926
0.045594
0.252209
0.050804
0.252597
0.0560109
0.253114
0.061229
0.253786
0.0664677
0.254646
0.0717321
0.255728
0.0770229
0.257071
0.0823363
0.258721
0.087664
0.260729
0.0929923
0.26315
0.0983017
0.266047
0.103566
0.269489
0.108751
0.273549
0.113813
0.278304
0.118699
0.283829
0.123342
0.290194
0.127665
0.297455
0.131577
0.305647
0.134978
0.314771
0.13776
0.324784
0.139812
0.335585
0.141027
0.141347
0.347003
0.257532
0.00653635
0.257599
0.0126704
0.257702
0.0184995
0.257849
0.0240985
0.258048
0.0295236
0.25831
0.0348194
0.258649
0.0400223
0.259081
0.0451615
0.259626
0.0502597
0.260303
0.0553336
0.261137
0.0603946
0.262156
0.065449
0.26339
0.0704986
0.264872
0.0755405
0.266641
0.0805672
0.268739
0.0855661
0.271212
0.0905196
0.274109
0.0954044
0.277484
0.100191
0.281394
0.104841
0.285894
0.109313
0.291041
0.113552
0.296883
0.117499
0.303461
0.121086
0.3108
0.124238
0.318902
0.126876
0.327739
0.128922
0.337248
0.130303
0.347325
0.130951
0.130846
0.357825
0.263794
0.00646977
0.263925
0.0125397
0.264122
0.0183025
0.264391
0.0238297
0.26474
0.0291747
0.265179
0.0343796
0.265723
0.0394783
0.266387
0.0444976
0.267189
0.0494576
0.268151
0.0543725
0.269294
0.059251
0.270647
0.0640967
0.272237
0.0689085
0.274097
0.0736806
0.276261
0.0784025
0.278768
0.083059
0.281658
0.08763
0.284973
0.0920898
0.288755
0.0964078
0.293049
0.100547
0.297896
0.104466
0.303332
0.108117
0.309385
0.111446
0.316074
0.114398
0.323399
0.116913
0.331343
0.118933
0.339861
0.120404
0.348885
0.121279
0.358315
0.12152
0.121129
0.368033
0.270207
0.00637
0.270402
0.0123445
0.270693
0.0180115
0.271084
0.0234384
0.271583
0.0286759
0.272199
0.0337633
0.272946
0.0387319
0.273837
0.0436061
0.274891
0.0484036
0.276128
0.0531361
0.277569
0.05781
0.279239
0.0624265
0.281165
0.0669824
0.283376
0.0714695
0.285903
0.0758756
0.288778
0.0801836
0.292036
0.0843724
0.29571
0.0884161
0.299833
0.0922846
0.304437
0.0959436
0.309548
0.0993548
0.315188
0.102477
0.321369
0.105265
0.328091
0.107675
0.335341
0.109663
0.343087
0.111187
0.35128
0.112211
0.35985
0.112708
0.368709
0.112662
0.112082
0.377755
0.276774
0.00623714
0.277033
0.0120853
0.277417
0.0176271
0.27793
0.0229258
0.278577
0.028029
0.279367
0.0329732
0.280312
0.0377873
0.281425
0.042493
0.282722
0.0471059
0.284223
0.0516355
0.285947
0.0560861
0.287916
0.0604572
0.290155
0.0647437
0.292688
0.0689362
0.295542
0.0730212
0.298745
0.0769812
0.302322
0.0807951
0.3063
0.0844382
0.310702
0.0878823
0.315549
0.0910966
0.320856
0.0940478
0.326632
0.0967013
0.332875
0.0990219
0.339575
0.100975
0.346709
0.10253
0.354238
0.103657
0.362112
0.104337
0.370265
0.104555
0.37862
0.104307
0.103611
0.387091
0.283498
0.00607157
0.283821
0.0117627
0.284297
0.0171505
0.284929
0.0222938
0.285721
0.027237
0.286681
0.0320137
0.287818
0.0366503
0.289145
0.0411663
0.290676
0.0455749
0.292427
0.049884
0.294417
0.0540962
0.296665
0.0582095
0.299191
0.0622176
0.302016
0.0661106
0.305163
0.0698746
0.308652
0.0734926
0.312502
0.0769443
0.316734
0.0802071
0.32136
0.0832558
0.326393
0.0860636
0.331838
0.0886029
0.337693
0.0908458
0.34395
0.0927652
0.350589
0.0943362
0.357581
0.0955372
0.364887
0.0963512
0.372457
0.0967671
0.380231
0.0967813
0.388141
0.0963971
0.095635
0.396117
0.290384
0.00587393
0.290769
0.0113782
0.291335
0.0165838
0.292084
0.0215455
0.293017
0.026304
0.29414
0.0308904
0.295462
0.0353284
0.296993
0.0396353
0.298745
0.0438227
0.300732
0.0478966
0.30297
0.0518584
0.305475
0.0557052
0.308262
0.0594301
0.31135
0.063023
0.314754
0.0664706
0.31849
0.0697566
0.322571
0.0728628
0.327009
0.0757689
0.331812
0.0784532
0.336982
0.0808934
0.342518
0.0830673
0.34841
0.0849533
0.354644
0.0865315
0.361195
0.0877849
0.368033
0.0886997
0.375117
0.0892672
0.3824
0.0894835
0.38983
0.0893513
0.397349
0.0888787
0.0880869
0.404897
0.297435
0.00564509
0.29788
0.0109333
0.298534
0.0159297
0.299395
0.0206845
0.300463
0.0252352
0.301744
0.0296099
0.303242
0.0338301
0.304966
0.037911
0.306927
0.0418625
0.309134
0.0456893
0.3116
0.0493919
0.314339
0.0529669
0.317361
0.0564072
0.320681
0.0597031
0.32431
0.0628421
0.328257
0.0658097
0.33253
0.0685895
0.337135
0.0711643
0.342072
0.0735159
0.347339
0.0756265
0.352927
0.0774788
0.358824
0.0790568
0.365009
0.0803468
0.371456
0.0813379
0.378133
0.0820227
0.385002
0.0823981
0.39202
0.0824655
0.39914
0.0822312
0.406312
0.0817062
0.0809113
0.413488
0.304654
0.00538612
0.305157
0.0104302
0.305895
0.0151914
0.306864
0.0197156
0.308063
0.0240366
0.309493
0.02818
0.311158
0.0321651
0.313064
0.0360051
0.315218
0.0397084
0.317628
0.0432789
0.320304
0.0467163
0.323254
0.050017
0.326487
0.0531743
0.330011
0.0561791
0.333833
0.0590202
0.337958
0.0616848
0.342388
0.064159
0.347124
0.0664285
0.352161
0.0684787
0.357492
0.0702957
0.363104
0.0718667
0.36898
0.0731806
0.375098
0.0742286
0.381432
0.0750046
0.387948
0.075506
0.394613
0.0757335
0.401387
0.075692
0.408228
0.0753901
0.415094
0.0748398
0.0740609
0.421944
0.312046
0.00509822
0.312605
0.00987135
0.313424
0.0143727
0.314496
0.0186435
0.315818
0.0227147
0.317389
0.0266089
0.319211
0.0303433
0.321286
0.0339296
0.32362
0.0373749
0.326216
0.0406821
0.329082
0.0438508
0.332222
0.0468772
0.33564
0.0497554
0.339342
0.0524772
0.34333
0.0550327
0.347603
0.0574112
0.352161
0.0596012
0.356998
0.0615912
0.362107
0.0633699
0.367476
0.0649269
0.37309
0.0662533
0.378928
0.0673419
0.384969
0.0681878
0.391185
0.0687887
0.397546
0.0691451
0.404019
0.0692606
0.410569
0.069142
0.41716
0.0687991
0.423755
0.0682442
0.0674955
0.430321
0.319615
0.00478273
0.320227
0.0092593
0.321122
0.0134773
0.322292
0.0174739
0.32373
0.0212764
0.325434
0.0249053
0.327402
0.0283754
0.329635
0.0316971
0.332133
0.0348763
0.3349
0.0379154
0.337937
0.0408138
0.341246
0.0435681
0.344829
0.0461728
0.348685
0.0486211
0.352813
0.0509045
0.35721
0.0530144
0.36187
0.0549414
0.366784
0.0566767
0.371942
0.0582118
0.377329
0.0595396
0.382929
0.0606542
0.388719
0.0615515
0.394677
0.0622297
0.400777
0.062689
0.40699
0.0629322
0.413285
0.0629648
0.419633
0.0627945
0.426001
0.0624314
0.432357
0.0618877
0.0611796
0.438673
0.327365
0.004441
0.328028
0.00859675
0.328995
0.0125094
0.330257
0.016212
0.331805
0.0197288
0.333632
0.0230777
0.335736
0.0262716
0.338114
0.0293195
0.340764
0.0322265
0.343685
0.0349944
0.346876
0.0376226
0.350336
0.0401082
0.354062
0.0424465
0.358051
0.0446317
0.362299
0.046657
0.366798
0.0485155
0.371539
0.0502
0.376512
0.051704
0.381702
0.0530214
0.387094
0.0541477
0.392669
0.0550795
0.398405
0.0558151
0.40428
0.0563548
0.410268
0.0567007
0.416344
0.0568571
0.422478
0.0568303
0.428644
0.0566285
0.434814
0.0562616
0.44096
0.0557411
0.0550815
0.447059
0.3353
0.0040744
0.336011
0.00788637
0.337047
0.0114731
0.338396
0.0148635
0.340046
0.0180788
0.341989
0.0211346
0.344218
0.024042
0.346729
0.0268085
0.349517
0.0294385
0.352578
0.0319335
0.355908
0.0342929
0.359502
0.0365143
0.363354
0.0385938
0.367459
0.0405267
0.371809
0.0423078
0.376392
0.0439317
0.381199
0.045393
0.386216
0.0466872
0.391427
0.0478104
0.396815
0.0487599
0.40236
0.0495343
0.408042
0.0501336
0.413837
0.0505596
0.419722
0.0508158
0.425672
0.050907
0.431662
0.05084
0.437668
0.0506229
0.443664
0.0502651
0.449628
0.0497771
0.0491718
0.455538
0.343426
0.00368415
0.344182
0.00713061
0.345283
0.010372
0.346713
0.0134334
0.348459
0.0163332
0.350509
0.0190843
0.352855
0.0216961
0.355489
0.0241748
0.358403
0.0265243
0.361591
0.0287457
0.365045
0.0308385
0.368759
0.0328007
0.372723
0.0346294
0.376929
0.0363208
0.381366
0.0378709
0.386022
0.0392758
0.390883
0.0405318
0.395934
0.0416359
0.401159
0.0425857
0.406539
0.0433801
0.412054
0.044019
0.417684
0.0445039
0.423406
0.0448373
0.429199
0.0450232
0.435039
0.0450671
0.440903
0.0449755
0.44677
0.0447561
0.452617
0.0444176
0.458425
0.0439695
0.0434229
0.464174
0.351746
0.00327131
0.352545
0.00633159
0.353708
0.00920951
0.355215
0.0119266
0.35705
0.014498
0.3592
0.016934
0.361654
0.0192422
0.364401
0.021428
0.367431
0.0234942
0.370735
0.025442
0.374302
0.0272708
0.378124
0.0289792
0.382188
0.0305649
0.386484
0.032025
0.390998
0.0333566
0.395717
0.034557
0.400625
0.0356237
0.405706
0.036555
0.410942
0.0373498
0.416314
0.0380079
0.421803
0.0385304
0.427388
0.0389192
0.433047
0.0391775
0.438761
0.0393096
0.444508
0.0393207
0.450266
0.0392171
0.456016
0.0390059
0.461739
0.0386949
0.467416
0.0382922
0.0378077
0.473031
0.360267
0.00283651
0.361108
0.00549071
0.362329
0.0079883
0.363909
0.0103472
0.365828
0.0125786
0.368072
0.0146903
0.370626
0.0166882
0.373477
0.0185765
0.376614
0.0203574
0.380024
0.0220319
0.383695
0.0235995
0.387615
0.0250591
0.391771
0.026409
0.396149
0.0276471
0.400734
0.0287715
0.405511
0.0297802
0.410463
0.0306719
0.415572
0.0314455
0.420821
0.0321011
0.42619
0.032639
0.431659
0.033061
0.437209
0.0333692
0.44282
0.033567
0.448471
0.0336587
0.454142
0.033649
0.459816
0.0335438
0.465472
0.0333493
0.471095
0.0330722
0.476668
0.0327196
0.0323
0.482175
0.368993
0.00237966
0.369876
0.00460821
0.371154
0.00670996
0.372803
0.00869831
0.374802
0.0105796
0.377134
0.0123587
0.379782
0.0140401
0.382731
0.015627
0.385968
0.017121
0.389477
0.0185226
0.393245
0.0198315
0.397257
0.0210469
0.401499
0.0221674
0.405954
0.0231918
0.410607
0.0241187
0.41544
0.0249469
0.420436
0.0256756
0.425577
0.0263046
0.430844
0.0268343
0.436218
0.0272655
0.441678
0.0276002
0.447207
0.0278406
0.452784
0.0279899
0.458391
0.028052
0.464008
0.0280313
0.46962
0.0279327
0.475207
0.0277615
0.480756
0.0275235
0.486251
0.0272245
0.0268713
0.49168
0.377932
0.00189916
0.378858
0.00368216
0.380193
0.00537514
0.381908
0.00698314
0.383982
0.00850546
0.386396
0.0099445
0.389132
0.0113038
0.392174
0.0125855
0.395504
0.0137906
0.399107
0.0149194
0.402967
0.0159715
0.407068
0.0169463
0.411393
0.0178429
0.415924
0.0186603
0.420645
0.0193978
0.425537
0.0200546
0.430582
0.0206304
0.435762
0.0211254
0.441056
0.0215401
0.446446
0.0218757
0.451912
0.0221338
0.457436
0.0223168
0.462998
0.0224273
0.468582
0.0224687
0.474168
0.0224447
0.479742
0.0223594
0.485286
0.0222171
0.490787
0.0220225
0.496231
0.0217805
0.0214965
0.501606
0.387091
0.00138981
0.388068
0.0027053
0.389462
0.00398132
0.391243
0.00520193
0.393391
0.00635763
0.395885
0.00745023
0.398706
0.00848265
0.401835
0.00945603
0.405255
0.0103706
0.408949
0.0112262
0.412897
0.0120227
0.417084
0.0127594
0.421491
0.013436
0.4261
0.0140516
0.430892
0.0146058
0.435848
0.0150982
0.44095
0.0155289
0.446177
0.015898
0.451511
0.0162062
0.456932
0.0164546
0.462422
0.0166446
0.46796
0.016778
0.47353
0.0168572
0.479114
0.0168847
0.484696
0.0168634
0.490259
0.0167965
0.495788
0.0166873
0.501272
0.0165392
0.506696
0.0163558
0.016141
0.512052
0.396484
0.000838577
0.397517
0.00167208
0.398966
0.00253267
0.400809
0.00335851
0.403028
0.00413907
0.405599
0.00487882
0.408502
0.00557951
0.411718
0.00624078
0.415226
0.00686217
0.419009
0.00744343
0.423047
0.00798427
0.427322
0.00848432
0.431815
0.00894314
0.436506
0.00936032
0.441377
0.00973555
0.446406
0.0100687
0.451575
0.0103597
0.456864
0.0106089
0.462254
0.0108169
0.467724
0.0109843
0.473256
0.0111123
0.478832
0.0112023
0.484433
0.0112557
0.490044
0.0112745
0.495646
0.0112607
0.501227
0.0112164
0.50677
0.011144
0.512263
0.0110458
0.517695
0.0109244
0.010783
0.523053
0.406193
0.000155549
0.40729
0.000575368
0.408789
0.00103333
0.410692
0.00145621
0.412974
0.00185615
0.415615
0.00223863
0.418591
0.00260287
0.421885
0.00294757
0.425475
0.00327209
0.429342
0.00357615
0.433467
0.0038595
0.437829
0.00412183
0.442409
0.00436286
0.447187
0.00458232
0.452143
0.00478002
0.457256
0.00495589
0.462506
0.00510993
0.467872
0.00524229
0.473336
0.00535328
0.478877
0.00544331
0.484476
0.00551297
0.490115
0.00556299
0.495777
0.0055942
0.501444
0.00560756
0.5071
0.00560414
0.512732
0.00558507
0.518324
0.00555156
0.523865
0.00550483
0.529343
0.00544611
0.00537727
0.534749
0.415475
0.41605
0.417084
0.41854
0.420396
0.422635
0.425237
0.428185
0.431457
0.435033
0.438893
0.443015
0.447377
0.45196
0.45674
0.461696
0.466806
0.472048
0.477401
0.482844
0.488357
0.49392
0.499515
0.505122
0.510726
0.516311
0.521863
0.527368
0.532814
0.538191
0.127627
0.107921
0.037415
0.0902121
0.0571807
-0.0197657
0.210559
0.116407
0.194656
0.106115
0.0899704
0.161866
0.252489
0.110633
0.251967
0.106637
0.0996588
0.242279
0.280152
0.103614
0.284116
0.102673
0.0999678
0.283807
0.300012
0.0961606
0.306244
0.0964407
0.0957129
0.310498
0.315898
0.0887828
0.322895
0.0894437
0.0895609
0.329047
0.329534
0.0819011
0.336379
0.0825985
0.0829956
0.342944
0.341658
0.0756158
0.348023
0.0762335
0.0766663
0.354353
0.352739
0.0698802
0.358572
0.0704
0.0707908
0.364448
0.363083
0.0646227
0.368425
0.0650576
0.0653946
0.373822
0.372881
0.0597747
0.377796
0.0601419
0.0604314
0.38276
0.382255
0.0552749
0.386809
0.0555885
0.0558393
0.391401
0.391295
0.051071
0.395542
0.051342
0.0515614
0.399819
0.400068
0.0471201
0.404054
0.0473564
0.04755
0.408065
0.40863
0.0433867
0.412393
0.0435941
0.043766
0.416177
0.417033
0.0398416
0.420603
0.0400245
0.0401777
0.424191
0.425326
0.0364603
0.428728
0.0366221
0.0367589
0.432147
0.433559
0.033222
0.436816
0.0333653
0.0334874
0.440087
0.441786
0.0301087
0.444916
0.0302354
0.0303442
0.448059
0.450063
0.0271041
0.453083
0.0272158
0.0273125
0.456114
0.458449
0.0241936
0.461373
0.0242916
0.024377
0.464308
0.467004
0.0213631
0.469847
0.0214485
0.0215232
0.472701
0.475795
0.0185994
0.478571
0.0186729
0.0187376
0.481356
0.484886
0.0158887
0.487608
0.0159509
0.0160059
0.49034
0.49435
0.0132183
0.497032
0.0132698
0.0133155
0.499722
0.504251
0.010573
0.506907
0.0106139
0.0106502
0.509572
0.514684
0.00794072
0.517327
0.00797145
0.007999
0.519978
0.525692
0.00530171
0.528341
0.00532193
0.00533947
0.531001
0.537403
0.00264786
0.540068
0.00265687
0.0026653
0.542742
0.540839
0.543496
0.546161
-0.0396276
0.0655895
-0.0501191
0.0451693
-0.050649
0.0216691
-0.044183
0.00721327
-0.0451696
0.0119555
-0.0452292
0.00795569
-0.0450185
0.00610622
-0.0458245
0.00654111
-0.0462487
0.00529658
-0.0459318
0.00381812
-0.0459133
0.00392919
-0.0462982
0.00425962
-0.046518
0.00374218
-0.046348
0.00299566
-0.0461062
0.00296575
-0.0462181
0.00365683
-0.0465629
0.0040818
-0.0468208
0.00381605
-0.0467968
0.00314782
-0.0466069
0.00275647
-0.0465403
0.00300129
-0.0467527
0.00357909
-0.0471666
0.00392058
-0.0475836
0.00365072
-0.0477762
0.00271647
-0.0476267
0.0015178
-0.0472804
0.000776355
-0.0470568
0.00085835
-0.0470801
0.00128624
0.00142806
0.0971267
0.130329
0.0463731
0.0959229
-0.00279705
0.0708392
-0.0383693
0.0427856
-0.052682
0.0262682
-0.0544129
0.00968655
-0.0486849
0.000378212
-0.0488647
0.0067209
-0.0492819
0.0057138
-0.0483656
0.00290181
-0.0484602
0.00402381
-0.0493388
0.00513827
-0.0497768
0.00418018
-0.0491692
0.00238804
-0.0482464
0.0020429
-0.0483339
0.00374438
-0.0489155
0.00466335
-0.0493424
0.00424299
-0.049242
0.00304738
-0.0487669
0.00228139
-0.0484931
0.00272755
-0.0487141
0.00380002
-0.0492592
0.00446571
-0.0498205
0.00421204
-0.0500603
0.00295623
-0.0497711
0.00122862
-0.0491476
0.000152849
-0.0487545
0.000465198
-0.0488402
0.00137198
0.00170507
0.204907
0.167701
0.164001
0.136829
0.124747
0.110094
0.0824127
0.0851196
0.0432662
0.0654147
0.000806556
0.0521462
-0.0330263
0.0342111
-0.049826
0.0235206
-0.0551063
0.0109941
-0.0533381
0.00113363
-0.0498798
0.00056546
-0.0506164
0.00587485
-0.051341
0.00490478
-0.0497874
0.000834446
-0.0484607
0.000716231
-0.0490356
0.00431926
-0.0501951
0.00582283
-0.0509623
0.00501018
-0.0506734
0.00275856
-0.0495132
0.00112116
-0.0487786
0.00199294
-0.0490459
0.00406735
-0.0498065
0.00522622
-0.0505874
0.00499297
-0.0509074
0.00327622
-0.0504246
0.000745859
-0.0493765
-0.000895284
-0.0487231
-0.000188151
-0.0489402
0.00158908
0.00233202
0.26892
0.182588
0.244845
0.160904
0.215932
0.139007
0.182976
0.118075
0.149165
0.0992261
0.118197
0.083114
0.0850961
0.0673117
0.0547363
0.0538804
0.0226972
0.0430332
-0.00979603
0.0336269
-0.0344634
0.0252328
-0.0470885
0.0184999
-0.051865
0.00968137
-0.051312
0.0002814
-0.0468834
-0.00371234
-0.0471127
0.00454854
-0.0490745
0.0077846
-0.0503596
0.00629532
-0.0496678
0.00206681
-0.0475406
-0.00100613
-0.0465663
0.00101873
-0.047175
0.00467601
-0.0483645
0.00641569
-0.0495359
0.00616442
-0.0499737
0.00371402
-0.0493409
0.000112997
-0.0473903
-0.00284582
-0.0463932
-0.00118524
-0.0468812
0.00207708
0.00355515
0.308967
0.184119
0.29853
0.17134
0.281534
0.156004
0.25981
0.139799
0.235277
0.123758
0.209692
0.1087
0.182501
0.0945027
0.154997
0.0813844
0.128193
0.0698367
0.102256
0.0595643
0.0771607
0.050328
0.0541904
0.0414703
0.0309224
0.0329493
0.00344789
0.0277559
-0.021546
0.0212816
-0.0353003
0.0183028
-0.0420418
0.0145261
-0.0450808
0.00933437
-0.0454539
0.00243992
-0.0428072
-0.00365284
-0.0414308
-0.000357665
-0.0423515
0.00559669
-0.044195
0.00825918
-0.045816
0.00778545
-0.0466113
0.00450929
-0.045056
-0.00144226
-0.0428901
-0.00501179
-0.0416501
-0.00242521
-0.0426284
0.00305543
0.00570366
0.335201
0.177965
0.334448
0.172093
0.327596
0.162856
0.315766
0.15163
0.300115
0.13941
0.281804
0.12701
0.261542
0.114765
0.240007
0.102919
0.217997
0.0918471
0.195852
0.081709
0.173835
0.0723449
0.151937
0.0633685
0.129842
0.0550447
0.109335
0.0482629
0.0883089
0.0423073
0.0693799
0.0372319
0.0522159
0.03169
0.0356492
0.0259011
0.0167382
0.0213509
-0.00444505
0.0175305
-0.0201784
0.0153757
-0.0283647
0.013783
-0.0324193
0.0123137
-0.0350012
0.0103674
-0.0362839
0.00579191
-0.0365997
-0.00112645
-0.0344842
-0.00712728
-0.034617
-0.00229242
-0.0364666
0.00490507
0.00922725
0.35294
0.16797
0.358349
0.166683
0.358949
0.162257
0.355074
0.155504
0.347322
0.147162
0.336451
0.137881
0.323117
0.128099
0.307865
0.118172
0.291269
0.108442
0.27384
0.0991384
0.255927
0.0902583
0.237581
0.0817145
0.218953
0.073672
0.200666
0.06655
0.182674
0.0602993
0.165456
0.05445
0.14859
0.0485564
0.131706
0.0427851
0.115266
0.0377905
0.098945
0.0338515
0.0833862
0.0309344
0.0689984
0.0281708
0.0560434
0.0252688
0.0444463
0.0219645
0.0322656
0.0179726
0.0161967
0.0149425
-0.00392722
0.0129966
-0.0187235
0.0125038
-0.0250514
0.011233
0.015125
0.365724
0.156598
0.374481
0.157927
0.379937
0.1568
0.381908
0.153534
0.380522
0.148548
0.376121
0.142281
0.369102
0.135118
0.359875
0.127399
0.348885
0.119432
0.336573
0.11145
0.323264
0.103568
0.309132
0.095846
0.294378
0.0884258
0.279385
0.0815438
0.264467
0.0752171
0.249706
0.0692111
0.234923
0.0633393
0.220024
0.057684
0.20522
0.0525942
0.190715
0.0483562
0.176813
0.044837
0.163464
0.0415199
0.150594
0.0381384
0.13799
0.034569
0.125047
0.0309156
0.112003
0.0279862
0.0986803
0.0263194
0.0856101
0.025574
0.0717442
0.0250989
0.0269842
0.37586
0.145186
0.386015
0.147772
0.394193
0.148622
0.399973
0.147754
0.403178
0.145343
0.403834
0.141626
0.402089
0.136862
0.398176
0.131312
0.392385
0.125224
0.385023
0.118812
0.376357
0.112233
0.366595
0.105608
0.355952
0.0990696
0.344721
0.0927746
0.333161
0.0867767
0.321365
0.0810079
0.309306
0.075398
0.296981
0.0700087
0.28453
0.0650454
0.272207
0.0606789
0.260206
0.056838
0.248474
0.0532522
0.236889
0.0497234
0.225263
0.0461949
0.213365
0.0428138
0.201301
0.0400502
0.189305
0.0383149
0.177442
0.0374376
0.165364
0.0371762
0.0378701
0.384687
0.13432
0.395086
0.137373
0.404458
0.13925
0.41236
0.139851
0.418495
0.139208
0.422707
0.137415
0.42496
0.134608
0.42532
0.130953
0.423919
0.126625
0.420936
0.121795
0.416556
0.116614
0.410956
0.111208
0.40432
0.105705
0.396868
0.100227
0.388794
0.0948509
0.380214
0.0895875
0.371176
0.0844361
0.361728
0.0794566
0.351995
0.0747779
0.342167
0.0705075
0.332377
0.0666281
0.322622
0.0630073
0.312819
0.0595264
0.302844
0.0561696
0.292588
0.05307
0.282113
0.0505251
0.271633
0.0487947
0.261233
0.047838
0.250915
0.0474937
0.0476
0.392904
0.124176
0.402976
0.1273
0.412604
0.129623
0.42143
0.131025
0.429161
0.131477
0.435579
0.130996
0.440552
0.129636
0.444026
0.127479
0.446015
0.124636
0.446586
0.121224
0.445838
0.117362
0.443885
0.113161
0.440859
0.108731
0.43691
0.104176
0.432185
0.0995761
0.426793
0.0949796
0.420806
0.0904227
0.414296
0.0859669
0.40737
0.0817039
0.400164
0.0777131
0.392784
0.0740089
0.385252
0.0705388
0.377529
0.0672493
0.369546
0.0641525
0.361258
0.061358
0.352722
0.0590613
0.344084
0.0574328
0.335444
0.0564777
0.326871
0.0560665
0.0559274
0.400834
0.114743
0.410369
0.117765
0.41977
0.120222
0.428789
0.122006
0.437189
0.123076
0.444768
0.123418
0.451365
0.123038
0.456874
0.121971
0.461236
0.120273
0.464442
0.118018
0.466516
0.115288
0.467508
0.112168
0.467494
0.108745
0.466565
0.105105
0.46482
0.101322
0.462343
0.0974558
0.459207
0.0935594
0.45548
0.089694
0.45125
0.0859333
0.44662
0.0823439
0.44167
0.0789582
0.436438
0.0757712
0.430912
0.0727749
0.425065
0.0699995
0.418889
0.0675344
0.412434
0.065516
0.405804
0.0640626
0.399089
0.0631927
0.392346
0.0628101
0.0626593
0.408619
0.105943
0.417583
0.108801
0.426566
0.111239
0.4354
0.113172
0.443915
0.114561
0.451951
0.115382
0.459364
0.115625
0.466039
0.115296
0.471889
0.114423
0.476863
0.113044
0.480938
0.111213
0.484117
0.108989
0.486426
0.106436
0.487909
0.103622
0.488621
0.100609
0.48862
0.0974568
0.487959
0.0942204
0.486695
0.0909584
0.484894
0.0877342
0.48263
0.0846075
0.479968
0.0816202
0.476945
0.0787951
0.473567
0.076152
0.469835
0.0737323
0.465757
0.0716123
0.461379
0.0698935
0.456778
0.0686643
0.45202
0.0679501
0.447139
0.0676916
0.0676913
0.416316
0.0976924
0.424751
0.100366
0.433274
0.102717
0.44177
0.104676
0.450121
0.10621
0.458207
0.107295
0.465916
0.107916
0.473146
0.108066
0.479812
0.107757
0.485849
0.107008
0.491212
0.10585
0.495876
0.104325
0.499835
0.102477
0.5031
0.100357
0.505693
0.0980159
0.507644
0.0955059
0.508987
0.092878
0.509759
0.0901857
0.510008
0.087485
0.509786
0.0848302
0.509138
0.0822676
0.508099
0.0798341
0.506686
0.0775654
0.504909
0.0755095
0.502787
0.073734
0.50036
0.0723207
0.497682
0.0713418
0.494802
0.0708305
0.49173
0.0707638
0.0710109
0.423957
0.0899119
0.431925
0.0923982
0.44001
0.0946312
0.448133
0.0965536
0.456207
0.0981361
0.464145
0.0993571
0.471861
0.100199
0.479274
0.100654
0.486309
0.100721
0.492906
0.100411
0.499015
0.0997416
0.5046
0.0987402
0.509639
0.0974384
0.514122
0.0958738
0.51805
0.0940872
0.521435
0.0921216
0.524291
0.0900221
0.526641
0.0878357
0.528514
0.085612
0.529943
0.0834006
0.530962
0.0812484
0.531598
0.0791983
0.53187
0.077294
0.531793
0.0755862
0.53139
0.0741375
0.530692
0.0730182
0.529741
0.0722932
0.528567
0.0720045
0.527169
0.0721614
0.072696
0.431567
0.0825362
0.439127
0.0848381
0.446819
0.0869385
0.454584
0.0887892
0.462355
0.0903645
0.470068
0.0916447
0.477655
0.0926127
0.485051
0.0932571
0.492198
0.0935742
0.499041
0.0935677
0.505534
0.0932485
0.51164
0.0926338
0.517332
0.0917466
0.522591
0.0906149
0.527407
0.089271
0.531778
0.0877504
0.535709
0.0860916
0.539209
0.0843356
0.542295
0.0825263
0.544987
0.0807087
0.547307
0.0789279
0.549276
0.0772288
0.550913
0.0756576
0.552233
0.0742659
0.553258
0.0731123
0.554015
0.0722611
0.554534
0.0717744
0.554836
0.0717027
0.554916
0.0720818
0.0728971
0.439172
0.0755106
0.446379
0.077632
0.453725
0.0795923
0.461164
0.0813504
0.468644
0.0828839
0.476114
0.0841747
0.48352
0.0852063
0.490811
0.0859664
0.497936
0.0864488
0.504851
0.0866533
0.511514
0.0865855
0.517891
0.0862567
0.523954
0.0856834
0.529682
0.0848868
0.535061
0.0838927
0.540081
0.0827302
0.54474
0.081432
0.549042
0.080034
0.552993
0.0785748
0.556607
0.0770952
0.559897
0.0756377
0.56288
0.0742462
0.56557
0.0729671
0.567985
0.071851
0.570144
0.0709537
0.572069
0.0703357
0.573785
0.0700584
0.575308
0.0701797
0.576636
0.0707544
0.0718098
0.446809
0.068789
0.453707
0.070734
0.460749
0.07255
0.467898
0.0742018
0.475112
0.0756699
0.482349
0.076938
0.489565
0.0779904
0.496716
0.0788148
0.503762
0.0794032
0.510662
0.0797531
0.517381
0.0798664
0.523887
0.0797503
0.530155
0.0794162
0.536161
0.0788805
0.54189
0.0781634
0.547331
0.0772891
0.552478
0.0762854
0.557329
0.0751833
0.561887
0.074017
0.566158
0.0728234
0.570154
0.0716418
0.573886
0.0705142
0.577368
0.0694853
0.580615
0.0686037
0.583646
0.0679229
0.586481
0.0675007
0.589141
0.0673981
0.591643
0.0676779
0.59399
0.068407
0.0696423
0.454516
0.0623319
0.461146
0.0641044
0.467923
0.0657735
0.474815
0.0673093
0.48179
0.0686949
0.488812
0.0699157
0.495845
0.0709573
0.502853
0.0718077
0.509797
0.0724583
0.516646
0.0729048
0.523365
0.0731467
0.529928
0.073188
0.536307
0.0730366
0.542483
0.0727046
0.548438
0.0722082
0.55416
0.071567
0.559641
0.0708048
0.564876
0.0699481
0.569866
0.0690272
0.574614
0.0680752
0.579128
0.0671282
0.583417
0.0662253
0.587493
0.0654088
0.591372
0.0647249
0.595071
0.0642245
0.598609
0.0639628
0.602007
0.0639998
0.605284
0.0644005
0.608453
0.0652381
0.0665867
0.462342
0.0561044
0.468739
0.0577078
0.475283
0.0592286
0.481951
0.0606413
0.488715
0.0619314
0.495544
0.0630861
0.502409
0.0640925
0.509278
0.064939
0.516119
0.0656173
0.522902
0.0661219
0.529598
0.066451
0.53618
0.066606
0.542624
0.0665921
0.548911
0.0664183
0.555022
0.0660971
0.560944
0.0656446
0.566668
0.0650806
0.572188
0.064428
0.577502
0.0637132
0.582612
0.0629657
0.587522
0.0622181
0.592241
0.0615065
0.596779
0.0608703
0.601151
0.0603526
0.605375
0.0600013
0.609469
0.0598689
0.613455
0.0600134
0.617356
0.0604994
0.621193
0.061401
0.0627999
0.470338
0.0500746
0.476534
0.0515122
0.482879
0.0528839
0.489352
0.0541682
0.49593
0.0553528
0.50259
0.0564265
0.509304
0.057378
0.516046
0.0581969
0.522789
0.0588748
0.529505
0.0594062
0.536167
0.0597882
0.542753
0.0600206
0.549238
0.0601068
0.555603
0.0600529
0.561832
0.0598688
0.567909
0.0595674
0.573824
0.0591651
0.579571
0.0586813
0.585145
0.058139
0.590547
0.0575641
0.595779
0.0569858
0.600849
0.0564367
0.605766
0.0559529
0.610545
0.0555743
0.615201
0.0553453
0.619755
0.055315
0.62423
0.0555384
0.628652
0.0560774
0.633049
0.0570034
0.0583988
0.478563
0.044213
0.484588
0.0454874
0.490762
0.0467096
0.497069
0.0478615
0.503489
0.0489326
0.510002
0.0499136
0.516585
0.0507945
0.523216
0.0515661
0.52987
0.0522207
0.536524
0.0527527
0.543153
0.0531589
0.549735
0.0534381
0.55625
0.0535922
0.562678
0.0536254
0.569001
0.0535453
0.575206
0.0533621
0.581282
0.0530892
0.587221
0.0527431
0.593016
0.0523434
0.598668
0.0519125
0.604177
0.0514764
0.60955
0.0510639
0.614795
0.0507077
0.619925
0.050444
0.624957
0.0503132
0.629912
0.0503607
0.634813
0.0506372
0.63969
0.0512005
0.644576
0.0521167
0.0534642
0.487078
0.0384911
0.492961
0.0396046
0.498994
0.040677
0.505162
0.0416932
0.51145
0.0426446
0.517841
0.0435233
0.524314
0.0443207
0.530851
0.0450289
0.537431
0.045641
0.544032
0.0461519
0.550633
0.046558
0.557213
0.0468579
0.563753
0.0470522
0.570235
0.0471439
0.576641
0.0471386
0.582959
0.0470444
0.589176
0.0468722
0.595283
0.0466357
0.601275
0.0463513
0.60715
0.0460384
0.612907
0.0457194
0.618551
0.0454196
0.624091
0.0451679
0.629538
0.0449965
0.63491
0.0449418
0.640226
0.0450444
0.645513
0.0453505
0.650801
0.0459121
0.656129
0.0467889
0.0480533
0.49595
0.0328807
0.50172
0.033835
0.507639
0.0347573
0.513697
0.0356352
0.51988
0.0364616
0.526173
0.0372302
0.53256
0.0379336
0.539024
0.0385652
0.545546
0.039119
0.552108
0.0395904
0.55869
0.039976
0.565273
0.0402742
0.571841
0.0404849
0.578374
0.0406103
0.584859
0.0406543
0.59128
0.0406233
0.597626
0.040526
0.603888
0.0403737
0.610059
0.0401799
0.616137
0.0399609
0.62212
0.0397358
0.628014
0.0395264
0.633824
0.0393575
0.639563
0.0392573
0.645247
0.0392575
0.650898
0.0393941
0.656541
0.0397074
0.662209
0.0402436
0.667944
0.0410548
0.0422051
0.505249
0.0273536
0.510934
0.0281499
0.51677
0.0289215
0.522746
0.0296587
0.528852
0.0303559
0.535075
0.0310077
0.5414
0.0316084
0.547813
0.0321524
0.554297
0.0326346
0.560836
0.0330512
0.567413
0.0333992
0.57401
0.0336768
0.580611
0.0338838
0.5872
0.0340214
0.593762
0.0340926
0.600283
0.0341023
0.606752
0.0340572
0.613159
0.0339665
0.619498
0.033841
0.625765
0.0336942
0.631959
0.0335418
0.638083
0.0334021
0.644145
0.0332958
0.650155
0.033247
0.65613
0.0332825
0.662091
0.0334329
0.668066
0.033733
0.674087
0.0342221
0.680197
0.0349447
0.0359581
0.515045
0.0218805
0.520676
0.022519
0.526458
0.0231395
0.532383
0.0237338
0.538441
0.0242978
0.544621
0.0248274
0.550912
0.0253181
0.557299
0.0257652
0.563769
0.026165
0.570306
0.0265141
0.576895
0.0268101
0.58352
0.0270514
0.590167
0.0272376
0.596818
0.0273694
0.603462
0.027449
0.610084
0.0274801
0.616674
0.0274677
0.623221
0.0274188
0.62972
0.0273422
0.636166
0.0272483
0.642558
0.0271498
0.648899
0.0270612
0.655195
0.0269994
0.661459
0.0269838
0.667704
0.0270365
0.673955
0.0271825
0.680237
0.0274504
0.686587
0.0278725
0.693047
0.0284851
0.0293345
0.525427
0.0164312
0.531034
0.0169121
0.536793
0.0173799
0.542698
0.0178291
0.548739
0.0182565
0.554908
0.0186591
0.561193
0.0190334
0.567582
0.0193761
0.574062
0.0196843
0.580621
0.0199555
0.587243
0.0201878
0.593915
0.0203798
0.600621
0.0205313
0.607348
0.0206426
0.614082
0.0207151
0.62081
0.0207515
0.627523
0.0207555
0.634209
0.0207321
0.640864
0.0206879
0.647481
0.0206307
0.654061
0.0205698
0.660606
0.0205164
0.667122
0.0204833
0.673621
0.0204852
0.680118
0.0205391
0.686636
0.0206644
0.693203
0.0208833
0.699855
0.0212212
0.706632
0.0217072
0.0223825
0.536459
0.0109725
0.542078
0.011294
0.547849
0.0116087
0.553767
0.0119107
0.559826
0.0121981
0.566016
0.0124692
0.572327
0.012722
0.578749
0.012954
0.58527
0.0131632
0.591878
0.0133481
0.598558
0.0135073
0.605298
0.0136399
0.612084
0.0137456
0.618902
0.0138246
0.625739
0.0138779
0.632583
0.013907
0.639424
0.0139145
0.646253
0.0139037
0.653062
0.0138788
0.659847
0.0138451
0.666608
0.013809
0.673347
0.013778
0.680069
0.0137606
0.686788
0.013767
0.693518
0.0138089
0.700283
0.0138996
0.707111
0.0140548
0.71404
0.0142927
0.721112
0.0146346
0.0151091
0.548247
0.00546788
0.553907
0.00563371
0.559723
0.00579244
0.56569
0.00594366
0.571801
0.00608769
0.578046
0.00622372
0.584418
0.00635043
0.590905
0.00646659
0.597497
0.00657121
0.604182
0.00666346
0.610946
0.00674268
0.617778
0.00680841
0.624663
0.00686045
0.631589
0.0068989
0.638543
0.00692423
0.645512
0.00693724
0.652488
0.0069392
0.659459
0.00693177
0.666421
0.00691714
0.673368
0.00689798
0.6803
0.00687754
0.687218
0.00685963
0.69413
0.00684875
0.701047
0.00685011
0.707986
0.0068698
0.714971
0.00691498
0.722031
0.00699443
0.729204
0.00711969
0.73653
0.00730844
0.00760495
0.551629
0.557263
0.563055
0.568999
0.575087
0.58131
0.587661
0.594127
0.600699
0.607362
0.614105
0.620913
0.627774
0.634672
0.641597
0.648534
0.655473
0.662405
0.669322
0.67622
0.683098
0.689957
0.696806
0.703656
0.710526
0.717441
0.724435
0.731555
0.738863
)
;

boundaryField
{
    inlet
    {
        type            calculated;
        value           nonuniform List<scalar> 
45
(
-0.2
-0.2
-0.2
-0.2
-0.2
-0.2
-0.2
-0.2
-0.2
-0.2
-0.2
-0.2
-0.2
-0.2
-0.2
-0.20766
-0.212683
-0.217828
-0.223097
-0.228493
-0.23402
-0.239681
-0.245479
-0.251417
-0.257499
-0.263728
-0.270107
-0.276641
-0.283333
-0.290186
-0.297206
-0.304395
-0.311758
-0.3193
-0.327023
-0.334934
-0.343036
-0.351334
-0.359832
-0.368536
-0.377451
-0.386582
-0.395933
-0.40551
-0.415319
)
;
    }
    outlet
    {
        type            calculated;
        value           nonuniform List<scalar> 
45
(
0.00637758
0.0133345
0.0142407
0.0111638
0.00508406
-0.0023604
-0.00913024
-0.0153113
-0.0209421
-0.026033
-0.0306016
-0.0346629
-0.0382183
-0.0412454
-0.0436828
-0.047179
-0.0491172
-0.0495672
-0.0481044
-0.044777
-0.0399902
-0.0309492
0.0598851
0.154478
0.241185
0.318544
0.385614
0.442107
0.48841
0.525484
0.554715
0.577723
0.596158
0.611509
0.62498
0.63745
0.649511
0.66154
0.673792
0.686444
0.69967
0.713584
0.728386
0.744034
0.746468
)
;
    }
    flap
    {
        type            calculated;
        value           uniform 0;
    }
    upperWall
    {
        type            calculated;
        value           uniform 0;
    }
    lowerWall
    {
        type            calculated;
        value           uniform 0;
    }
    frontAndBack
    {
        type            empty;
        value           nonuniform 0();
    }
}


// ************************************************************************* //
