/*--------------------------------*- C++ -*----------------------------------*\
  =========                 |
  \\      /  F ield         | OpenFOAM: The Open Source CFD Toolbox
   \\    /   O peration     | Website:  https://openfoam.org
    \\  /    A nd           | Version:  dev
     \\/     M anipulation  |
\*---------------------------------------------------------------------------*/
FoamFile
{
    version     2.0;
    format      ascii;
    class       volVectorField;
    location    "9.9";
    object      U;
}
// * * * * * * * * * * * * * * * * * * * * * * * * * * * * * * * * * * * * * //

dimensions      [0 1 -1 0 0 0 0];

internalField   nonuniform List<vector> 
2790
(
(9.94399 0 0.0205236)
(9.87572 0 0.0295886)
(9.7752 0 0.0359909)
(9.64942 0 0.0425581)
(9.50407 0 0.0493879)
(9.34004 0 0.0564314)
(9.1565 0 0.0638197)
(8.95257 0 0.0717162)
(8.7274 0 0.0802607)
(8.48 0 0.0895799)
(8.20917 0 0.099801)
(7.91352 0 0.111054)
(7.59153 0 0.12347)
(7.2416 0 0.137176)
(6.86212 0 0.152285)
(6.45156 0 0.168884)
(6.00862 0 0.187012)
(5.5324 0 0.206634)
(5.02266 0 0.227605)
(4.48012 0 0.249625)
(3.90681 0 0.272188)
(3.30648 0 0.294534)
(2.68494 0 0.315624)
(2.05028 0 0.334288)
(1.41148 0 0.350602)
(0.797767 0 0.372883)
(0.110337 0 0.324914)
(-0.469579 0 -0.114927)
(-0.453818 0 -0.297097)
(-0.231165 0 -0.423835)
(9.9985 0 0.0407043)
(9.98145 0 0.0623855)
(9.93574 0 0.0791442)
(9.86415 0 0.0966303)
(9.77095 0 0.115131)
(9.65712 0 0.134497)
(9.52202 0 0.154985)
(9.3648 0 0.176956)
(9.18465 0 0.200723)
(8.98059 0 0.226567)
(8.75142 0 0.254764)
(8.49576 0 0.285583)
(8.21205 0 0.319275)
(7.89865 0 0.356051)
(7.55384 0 0.396051)
(7.17596 0 0.439296)
(6.76353 0 0.485626)
(6.31538 0 0.53462)
(5.83095 0 0.585493)
(5.31055 0 0.63698)
(4.75581 0 0.687223)
(4.17006 0 0.733657)
(3.55895 0 0.772952)
(2.93122 0 0.801079)
(2.29964 0 0.813721)
(1.69268 0 0.807215)
(1.1069 0 0.747167)
(0.658734 0 0.547828)
(0.186185 0 0.224458)
(-0.00819648 0 -0.453795)
(9.99559 0 0.0432092)
(9.97556 0 0.0752761)
(9.9318 0 0.103353)
(9.86488 0 0.13238)
(9.77776 0 0.163071)
(9.67152 0 0.195413)
(9.54584 0 0.22976)
(9.40008 0 0.266624)
(9.23359 0 0.306495)
(9.04555 0 0.349835)
(8.83499 0 0.397105)
(8.60069 0 0.448759)
(8.34131 0 0.505234)
(8.05533 0 0.566909)
(7.74119 0 0.63406)
(7.39723 0 0.706782)
(7.02186 0 0.784889)
(6.61369 0 0.867774)
(6.17165 0 0.954241)
(5.69532 0 1.04229)
(5.1853 0 1.12891)
(4.64362 0 1.2098)
(4.07445 0 1.27915)
(3.48504 0 1.3293)
(2.88654 0 1.35004)
(2.29919 0 1.32635)
(1.73161 0 1.22066)
(1.21608 0 0.972867)
(0.70102 0 0.569992)
(0.357963 0 -0.156774)
(9.99403 0 0.0495023)
(9.97181 0 0.0932124)
(9.92787 0 0.133581)
(9.86223 0 0.174222)
(9.77691 0 0.216449)
(9.67295 0 0.260681)
(9.55028 0 0.307454)
(9.40844 0 0.357444)
(9.24696 0 0.411324)
(9.06525 0 0.469744)
(8.86259 0 0.533346)
(8.63808 0 0.602773)
(8.39071 0 0.678647)
(8.11936 0 0.761535)
(7.82281 0 0.851885)
(7.4998 0 0.949942)
(7.14901 0 1.05562)
(6.76918 0 1.16831)
(6.35921 0 1.28666)
(5.91829 0 1.40832)
(5.44621 0 1.5295)
(4.94367 0 1.6447)
(4.41283 0 1.74613)
(3.85794 0 1.82318)
(3.28551 0 1.86129)
(2.70612 0 1.84021)
(2.12541 0 1.72585)
(1.55408 0 1.47767)
(0.957837 0 1.08348)
(0.509387 0 0.502097)
(9.99331 0 0.0572175)
(9.96994 0 0.110967)
(9.92592 0 0.162116)
(9.86144 0 0.213364)
(9.77797 0 0.266377)
(9.67632 0 0.321939)
(9.5565 0 0.380732)
(9.41817 0 0.443524)
(9.26091 0 0.511098)
(9.08425 0 0.584219)
(8.88761 0 0.663643)
(8.67027 0 0.750125)
(8.43145 0 0.844403)
(8.1703 0 0.947159)
(7.88589 0 1.05896)
(7.57727 0 1.18016)
(7.24343 0 1.31077)
(6.88335 0 1.45026)
(6.496 0 1.5973)
(6.08042 0 1.74939)
(5.63583 0 1.90246)
(5.16178 0 2.05034)
(4.65843 0 2.18416)
(4.12687 0 2.29169)
(3.56908 0 2.35646)
(2.9886 0 2.35717)
(2.38658 0 2.26475)
(1.7662 0 2.04739)
(1.08987 0 1.69111)
(0.5366 0 1.15384)
(9.99302 0 0.0655433)
(9.96923 0 0.128711)
(9.92556 0 0.190128)
(9.86252 0 0.251863)
(9.78127 0 0.315603)
(9.68242 0 0.382349)
(9.56597 0 0.452911)
(9.43166 0 0.528145)
(9.27914 0 0.608931)
(9.10798 0 0.696143)
(8.91768 0 0.790646)
(8.70763 0 0.893299)
(8.47715 0 1.00494)
(8.22552 0 1.12635)
(7.95197 0 1.25818)
(7.65568 0 1.40091)
(7.33579 0 1.55464)
(6.99138 0 1.71896)
(6.6214 0 1.89264)
(6.22469 0 2.0733)
(5.79994 0 2.25691)
(5.34569 0 2.43723)
(4.86034 0 2.60518)
(4.34234 0 2.74816)
(3.79005 0 2.84943)
(3.20225 0 2.88801)
(2.57629 0 2.83798)
(1.91325 0 2.6713)
(1.17261 0 2.37363)
(0.549906 0 1.89401)
(9.99297 0 0.0740803)
(9.96926 0 0.146325)
(9.92637 0 0.2175)
(9.86507 0 0.289314)
(9.78641 0 0.363384)
(9.69082 0 0.440863)
(9.57831 0 0.522703)
(9.44867 0 0.609861)
(9.30159 0 0.703314)
(9.1367 0 0.804033)
(8.95355 0 0.912977)
(8.75159 0 1.0311)
(8.53021 0 1.15932)
(8.28872 0 1.2985)
(8.02641 0 1.44941)
(7.74248 0 1.6126)
(7.43606 0 1.78831)
(7.10614 0 1.97628)
(6.75151 0 2.17552)
(6.37068 0 2.38391)
(5.96175 0 2.59781)
(5.52226 0 2.81142)
(5.04913 0 3.01614)
(4.53861 0 3.1999)
(3.98627 0 3.34654)
(3.38754 0 3.43575)
(2.73692 0 3.44301)
(2.03598 0 3.34111)
(1.24158 0 3.11312)
(0.563439 0 2.69265)
(9.99306 0 0.0825942)
(9.96981 0 0.163618)
(9.92806 0 0.244069)
(9.86884 0 0.325505)
(9.79311 0 0.409478)
(9.70123 0 0.497246)
(9.5932 0 0.589887)
(9.46884 0 0.688453)
(9.3279 0 0.794007)
(9.17007 0 0.907607)
(8.99494 0 1.0303)
(8.802 0 1.16314)
(8.59069 0 1.30712)
(8.36036 0 1.46321)
(8.11027 0 1.63228)
(7.8396 0 1.81501)
(7.54737 0 2.01181)
(7.2324 0 2.22266)
(6.8932 0 2.44687)
(6.52783 0 2.68281)
(6.13371 0 2.92745)
(5.70744 0 3.17583)
(5.24454 0 3.42037)
(4.73933 0 3.65014)
(4.18503 0 3.85009)
(3.57432 0 4.00064)
(2.89912 0 4.07754)
(2.16179 0 4.05191)
(1.31591 0 3.90113)
(0.583124 0 3.53953)
(9.99326 0 0.0909351)
(9.97072 0 0.180422)
(9.93045 0 0.269688)
(9.87361 0 0.360269)
(9.80116 0 0.453683)
(9.71341 0 0.551254)
(9.61035 0 0.654165)
(9.49184 0 0.76356)
(9.35771 0 0.880579)
(9.20767 0 1.00637)
(9.04137 0 1.14206)
(8.85838 0 1.28878)
(8.65815 0 1.44764)
(8.44007 0 1.61972)
(8.2034 0 1.80601)
(7.94726 0 2.00737)
(7.67055 0 2.22441)
(7.37189 0 2.45744)
(7.04948 0 2.70622)
(6.70092 0 2.96972)
(6.32295 0 3.24579)
(5.91121 0 3.53062)
(5.45988 0 3.8181)
(4.96149 0 4.09894)
(4.40687 0 4.35971)
(3.78587 0 4.58182)
(3.08707 0 4.74066)
(2.31229 0 4.80389)
(1.41036 0 4.74038)
(0.61418 0 4.44114)
(9.99352 0 0.0989996)
(9.9719 0 0.196594)
(9.9334 0 0.294217)
(9.87923 0 0.393447)
(9.81039 0 0.495794)
(9.72715 0 0.602636)
(9.6295 0 0.715241)
(9.51738 0 0.834831)
(9.39064 0 0.962626)
(9.24907 0 1.09984)
(9.09238 0 1.2477)
(8.92019 0 1.40742)
(8.73201 0 1.5802)
(8.52728 0 1.76726)
(8.30527 0 1.96972)
(8.06506 0 2.18866)
(7.80549 0 2.42498)
(7.52502 0 2.67937)
(7.22159 0 2.95212)
(6.89239 0 3.24301)
(6.5336 0 3.55096)
(6.13999 0 3.87362)
(5.70451 0 4.20677)
(5.21788 0 4.54337)
(4.66835 0 4.8723)
(4.0422 0 5.17668)
(3.32305 0 5.43183)
(2.50921 0 5.60129)
(1.54148 0 5.64262)
(0.663876 0 5.41704)
(9.99384 0 0.106712)
(9.9733 0 0.212016)
(9.93679 0 0.317526)
(9.88557 0 0.424888)
(9.82062 0 0.53563)
(9.74224 0 0.651172)
(9.65042 0 0.77285)
(9.54515 0 0.90196)
(9.42634 0 1.03979)
(9.29385 0 1.18762)
(9.14746 0 1.34675)
(8.98686 0 1.51849)
(8.81164 0 1.70414)
(8.6213 0 1.90504)
(8.41516 0 2.1225)
(8.19233 0 2.3578)
(7.95165 0 2.61218)
(7.69151 0 2.88677)
(7.40972 0 3.18252)
(7.10325 0 3.5001)
(6.76789 0 3.83969)
(6.3978 0 4.20073)
(5.98494 0 4.58131)
(5.51838 0 4.97736)
(4.9836 0 5.38122)
(4.36243 0 5.77927)
(3.63105 0 6.14861)
(2.77935 0 6.44986)
(1.73289 0 6.62741)
(0.744562 0 6.50178)
(9.9942 0 0.114014)
(9.97487 0 0.226591)
(9.94055 0 0.339498)
(9.89251 0 0.454457)
(9.83172 0 0.573027)
(9.75849 0 0.696664)
(9.67286 0 0.82676)
(9.57485 0 0.964672)
(9.46445 0 1.11174)
(9.34157 0 1.26933)
(9.20609 0 1.43878)
(9.05779 0 1.62148)
(8.89635 0 1.81885)
(8.72135 0 2.03234)
(8.53223 0 2.26344)
(8.32818 0 2.51367)
(8.10813 0 2.7846)
(7.87054 0 3.07783)
(7.61328 0 3.39501)
(7.33333 0 3.73778)
(7.02644 0 4.10774)
(6.68657 0 4.50629)
(6.30519 0 4.93432)
(5.87026 0 5.39157)
(5.36483 0 5.87533)
(4.76583 0 6.378)
(4.03958 0 6.88268)
(3.16036 0 7.35256)
(2.02388 0 7.72179)
(0.880299 0 7.75529)
(9.99459 0 0.120862)
(9.97657 0 0.240242)
(9.94461 0 0.360034)
(9.89995 0 0.482036)
(9.84355 0 0.607841)
(9.77574 0 0.738939)
(9.6966 0 0.876767)
(9.60621 0 1.02273)
(9.5046 0 1.17822)
(9.39181 0 1.34463)
(9.26776 0 1.52339)
(9.13236 0 1.71594)
(8.98539 0 1.92379)
(8.82658 0 2.14849)
(8.65549 0 2.39171)
(8.47151 0 2.65519)
(8.27372 0 2.94081)
(8.06082 0 3.25065)
(7.83094 0 3.58702)
(7.58138 0 3.95253)
(7.30828 0 4.3502)
(7.00602 0 4.78351)
(6.66644 0 5.25642)
(6.27752 0 5.7732)
(5.82131 0 6.3378)
(5.27112 0 6.95229)
(4.58299 0 7.61315)
(3.70836 0 8.29988)
(2.4868 0 8.95642)
(1.12372 0 9.29062)
(9.99501 0 0.12722)
(9.97838 0 0.252902)
(9.94891 0 0.379048)
(9.90779 0 0.507523)
(9.85598 0 0.639955)
(9.79381 0 0.777861)
(9.72141 0 0.92271)
(9.63892 0 1.07594)
(9.54645 0 1.23899)
(9.4441 0 1.41329)
(9.33191 0 1.6003)
(9.20989 0 1.80152)
(9.07798 0 2.01852)
(8.93605 0 2.25297)
(8.78386 0 2.50663)
(8.62101 0 2.78146)
(8.44689 0 3.07961)
(8.26057 0 3.40354)
(8.06063 0 3.75616)
(7.84505 0 4.14093)
(7.61079 0 4.56213)
(7.35342 0 5.02518)
(7.0663 0 5.53701)
(6.73933 0 6.10658)
(6.35656 0 6.74558)
(5.89238 0 7.46904)
(5.29872 0 8.29603)
(4.50649 0 9.24697)
(3.2665 0 10.3396)
(1.60355 0 11.355)
(9.99545 0 0.13306)
(9.98026 0 0.264522)
(9.95339 0 0.39647)
(9.91595 0 0.530826)
(9.86888 0 0.669248)
(9.81252 0 0.813273)
(9.74707 0 0.964396)
(9.6727 0 1.12408)
(9.58961 0 1.29379)
(9.49799 0 1.47496)
(9.39799 0 1.6691)
(9.28973 0 1.87774)
(9.17332 0 2.10249)
(9.04879 0 2.34507)
(8.91614 0 2.60736)
(8.77526 0 2.89142)
(8.6259 0 3.19962)
(8.46761 0 3.53471)
(8.29966 0 3.89999)
(8.1209 0 4.29957)
(7.92963 0 4.73865)
(7.72329 0 5.22407)
(7.49801 0 5.76507)
(7.24789 0 6.37442)
(6.96341 0 7.07056)
(6.62902 0 7.88126)
(6.21186 0 8.85186)
(5.66251 0 10.0652)
(4.68612 0 11.7286)
(2.68435 0 14.5848)
(0.122203 0 -0.120944)
(0.286208 0 -0.109722)
(0.453162 0 -0.0857809)
(0.591517 0 -0.0626102)
(0.69559 0 -0.0428986)
(0.769091 0 -0.0265806)
(0.816839 0 -0.0130767)
(0.842609 0 -0.00188093)
(0.849369 0 0.00710936)
(0.839997 0 0.0132334)
(0.816928 0 0.0174906)
(0.783162 0 0.0203384)
(0.741512 0 0.0218964)
(0.694672 0 0.0222312)
(0.645347 0 0.0214512)
(0.596157 0 0.0197218)
(0.549447 0 0.0172739)
(0.50709 0 0.0144182)
(0.470335 0 0.0115069)
(0.439687 0 0.00886481)
(0.414896 0 0.00671475)
(0.395113 0 0.00512795)
(0.379216 0 0.00403165)
(0.366168 0 0.00327226)
(0.355244 0 0.00270484)
(0.34602 0 0.00225109)
(0.338225 0 0.00189033)
(0.331596 0 0.00162586)
(0.325835 0 0.00143579)
(0.31992 0 0.00113495)
(0.106135 0 -0.285083)
(0.267731 0 -0.266368)
(0.425335 0 -0.21518)
(0.559138 0 -0.164368)
(0.66518 0 -0.120748)
(0.747047 0 -0.084317)
(0.808928 0 -0.0538287)
(0.853945 0 -0.028095)
(0.884201 0 -0.00626151)
(0.900495 0 0.0116819)
(0.902528 0 0.0257498)
(0.892787 0 0.0362306)
(0.873886 0 0.0432578)
(0.848558 0 0.0469839)
(0.819566 0 0.047687)
(0.789556 0 0.0457857)
(0.760885 0 0.0418331)
(0.735425 0 0.0364929)
(0.71439 0 0.0305072)
(0.698226 0 0.024617)
(0.686628 0 0.0194275)
(0.678744 0 0.0152667)
(0.673539 0 0.0121375)
(0.670145 0 0.00980895)
(0.668021 0 0.00800347)
(0.666875 0 0.00654567)
(0.666506 0 0.00537114)
(0.666676 0 0.00447508)
(0.66704 0 0.00384025)
(0.667223 0 0.00331839)
(0.0857263 0 -0.45316)
(0.227549 0 -0.422862)
(0.355908 0 -0.34432)
(0.464775 0 -0.267176)
(0.551223 0 -0.201399)
(0.618979 0 -0.14664)
(0.671349 0 -0.10102)
(0.71074 0 -0.0627715)
(0.738888 0 -0.0303369)
(0.758474 0 -0.00212167)
(0.768974 0 0.0213158)
(0.770475 0 0.0393616)
(0.765079 0 0.0518691)
(0.754862 0 0.0589852)
(0.741926 0 0.0611551)
(0.728265 0 0.0590675)
(0.715609 0 0.0536179)
(0.70529 0 0.0458712)
(0.698127 0 0.037032)
(0.69432 0 0.0283297)
(0.693445 0 0.02078)
(0.69464 0 0.0149228)
(0.696955 0 0.0107308)
(0.699677 0 0.00778481)
(0.702453 0 0.00561465)
(0.705168 0 0.00395184)
(0.707743 0 0.00271863)
(0.710029 0 0.00192326)
(0.711772 0 0.00159747)
(0.712492 0 0.00188219)
(0.0659349 0 -0.589309)
(0.182307 0 -0.54242)
(0.274716 0 -0.439034)
(0.353976 0 -0.341023)
(0.415908 0 -0.258799)
(0.46506 0 -0.190637)
(0.503606 0 -0.133878)
(0.532984 0 -0.0862311)
(0.554334 0 -0.0459771)
(0.568506 0 -0.0117537)
(0.578415 0 0.0169838)
(0.58148 0 0.0395286)
(0.579942 0 0.0551773)
(0.575769 0 0.0640124)
(0.570647 0 0.0666654)
(0.565915 0 0.0640539)
(0.562562 0 0.0573251)
(0.561214 0 0.0478718)
(0.56209 0 0.0372798)
(0.564921 0 0.0271656)
(0.568939 0 0.0188041)
(0.573061 0 0.012745)
(0.576269 0 0.00877981)
(0.577953 0 0.00621788)
(0.57803 0 0.00442451)
(0.576702 0 0.00309831)
(0.574163 0 0.00221834)
(0.570534 0 0.00183424)
(0.565929 0 0.00196338)
(0.559511 0 0.00282976)
(0.0454624 0 -0.695369)
(0.131235 0 -0.627226)
(0.182287 0 -0.502312)
(0.229802 0 -0.38993)
(0.264077 0 -0.297362)
(0.291813 0 -0.220934)
(0.313672 0 -0.157329)
(0.330347 0 -0.103853)
(0.342453 0 -0.0585518)
(0.35015 0 -0.0203192)
(0.355951 0 0.0121911)
(0.356412 0 0.0381147)
(0.354032 0 0.0558083)
(0.351309 0 0.0654311)
(0.34961 0 0.0678943)
(0.349418 0 0.0644487)
(0.350725 0 0.0565666)
(0.353167 0 0.0459201)
(0.356087 0 0.0343121)
(0.358546 0 0.0236135)
(0.359351 0 0.0153408)
(0.357355 0 0.0101096)
(0.351809 0 0.00757955)
(0.342735 0 0.0066617)
(0.330936 0 0.00640636)
(0.317481 0 0.00633806)
(0.303129 0 0.00637654)
(0.288266 0 0.00661882)
(0.273278 0 0.00723809)
(0.256433 0 0.00766687)
(0.0238032 0 -0.76643)
(0.0738384 0 -0.673271)
(0.0794975 0 -0.530349)
(0.0937631 0 -0.409842)
(0.0973803 0 -0.311913)
(0.10062 0 -0.231548)
(0.102261 0 -0.164902)
(0.102925 0 -0.10903)
(0.102917 0 -0.0617958)
(0.102396 0 -0.0222752)
(0.0986952 0 0.0125695)
(0.0946793 0 0.0418382)
(0.0905775 0 0.0597077)
(0.0886628 0 0.067832)
(0.0885046 0 0.0683709)
(0.0888559 0 0.0633217)
(0.0880926 0 0.0545771)
(0.0842833 0 0.0440294)
(0.0756704 0 0.0336794)
(0.0617934 0 0.0254052)
(0.0436282 0 0.0203282)
(0.0231561 0 0.0183941)
(0.00198107 0 0.0183528)
(-0.0178734 0 0.0184505)
(-0.0364872 0 0.0180636)
(-0.0538801 0 0.0173589)
(-0.0700368 0 0.0167986)
(-0.0853234 0 0.0167373)
(-0.100535 0 0.0164869)
(-0.115229 0 0.0140572)
(-0.000372797 0 -0.796406)
(0.00875468 0 -0.675868)
(-0.0324042 0 -0.519369)
(-0.0545886 0 -0.396882)
(-0.0842041 0 -0.29841)
(-0.109496 0 -0.218895)
(-0.132399 0 -0.15375)
(-0.152211 0 -0.0997545)
(-0.168852 0 -0.0536384)
(-0.183993 0 -0.0125962)
(-0.204167 0 0.0223787)
(-0.208505 0 0.046604)
(-0.214205 0 0.0611057)
(-0.218841 0 0.0676304)
(-0.224542 0 0.0682559)
(-0.232815 0 0.0648543)
(-0.244636 0 0.0590754)
(-0.26017 0 0.0523978)
(-0.278898 0 0.0460216)
(-0.299816 0 0.0406437)
(-0.32158 0 0.0365045)
(-0.342985 0 0.0335223)
(-0.36331 0 0.0312846)
(-0.381797 0 0.0292683)
(-0.398209 0 0.0271813)
(-0.412349 0 0.0251723)
(-0.424412 0 0.0235797)
(-0.434957 0 0.0224614)
(-0.44461 0 0.0211246)
(-0.451975 0 0.019009)
(-0.029869 0 -0.777713)
(-0.066716 0 -0.629781)
(-0.152179 0 -0.471637)
(-0.216652 0 -0.351448)
(-0.281511 0 -0.25749)
(-0.338785 0 -0.183289)
(-0.389088 0 -0.123115)
(-0.432508 0 -0.0732045)
(-0.469521 0 -0.030562)
(-0.5022 0 0.00552796)
(-0.520304 0 0.0327455)
(-0.532508 0 0.0524221)
(-0.542423 0 0.0658075)
(-0.551533 0 0.0729946)
(-0.561592 0 0.0753117)
(-0.573569 0 0.0739947)
(-0.587724 0 0.0700947)
(-0.603772 0 0.0646481)
(-0.621213 0 0.0587003)
(-0.639558 0 0.0531536)
(-0.658268 0 0.0485578)
(-0.676712 0 0.0448787)
(-0.694203 0 0.0415906)
(-0.709976 0 0.0381897)
(-0.723453 0 0.0345675)
(-0.734415 0 0.0311033)
(-0.743163 0 0.0283187)
(-0.750442 0 0.0263077)
(-0.756803 0 0.0245293)
(-0.760878 0 0.0228361)
(-0.066029 0 -0.707014)
(-0.150024 0 -0.537438)
(-0.284001 0 -0.382087)
(-0.393135 0 -0.269477)
(-0.494724 0 -0.186073)
(-0.582339 0 -0.12289)
(-0.656198 0 -0.0726401)
(-0.717458 0 -0.0315342)
(-0.768258 0 0.00178568)
(-0.802367 0 0.0273016)
(-0.825084 0 0.0472278)
(-0.842382 0 0.0629637)
(-0.855465 0 0.0741726)
(-0.866447 0 0.0808074)
(-0.877042 0 0.0834882)
(-0.888341 0 0.0828882)
(-0.900764 0 0.0796737)
(-0.914233 0 0.074688)
(-0.928515 0 0.0689679)
(-0.943447 0 0.0634749)
(-0.958885 0 0.0587309)
(-0.974498 0 0.0545946)
(-0.989639 0 0.0504462)
(-1.00339 0 0.0457672)
(-1.01491 0 0.0406268)
(-1.02383 0 0.035703)
(-1.03051 0 0.0317606)
(-1.03584 0 0.0290009)
(-1.04035 0 0.0270281)
(-1.04292 0 0.0257621)
(-0.111839 0 -0.577921)
(-0.248589 0 -0.394186)
(-0.437319 0 -0.250661)
(-0.589681 0 -0.155289)
(-0.723913 0 -0.0885139)
(-0.836041 0 -0.0414866)
(-0.926805 0 -0.00761008)
(-0.993365 0 0.0166973)
(-1.04003 0 0.0352787)
(-1.07497 0 0.0507646)
(-1.10163 0 0.0642353)
(-1.12152 0 0.0753402)
(-1.13628 0 0.0834348)
(-1.14781 0 0.0884743)
(-1.15796 0 0.090724)
(-1.16808 0 0.0903553)
(-1.17879 0 0.0875481)
(-1.19008 0 0.0828591)
(-1.2018 0 0.0773051)
(-1.21398 0 0.0719482)
(-1.22684 0 0.0673021)
(-1.24035 0 0.0630496)
(-1.25395 0 0.0583461)
(-1.2665 0 0.0525574)
(-1.27682 0 0.0459034)
(-1.28433 0 0.0394503)
(-1.28948 0 0.0343435)
(-1.29334 0 0.0309537)
(-1.29654 0 0.0289191)
(-1.29825 0 0.0279807)
(-0.177686 0 -0.385584)
(-0.383491 0 -0.203603)
(-0.646322 0 -0.0687127)
(-0.839028 0 7.01007e-05)
(-0.984936 0 0.0318015)
(-1.09347 0 0.0471461)
(-1.17333 0 0.0554822)
(-1.23549 0 0.0622136)
(-1.2835 0 0.0688554)
(-1.32048 0 0.0758946)
(-1.34868 0 0.0828624)
(-1.36974 0 0.0888402)
(-1.38511 0 0.0931922)
(-1.39657 0 0.0959744)
(-1.40611 0 0.0973402)
(-1.41538 0 0.096969)
(-1.42505 0 0.094394)
(-1.43494 0 0.0897818)
(-1.44477 0 0.08419)
(-1.45475 0 0.07893)
(-1.46554 0 0.0745889)
(-1.47753 0 0.0705919)
(-1.49024 0 0.0656723)
(-1.50225 0 0.0589145)
(-1.51187 0 0.0506583)
(-1.51824 0 0.0425005)
(-1.52193 0 0.036175)
(-1.5244 0 0.0322807)
(-1.52647 0 0.0302984)
(-1.52756 0 0.0296043)
(-0.296985 0 -0.0833127)
(-0.586847 0 0.11951)
(-0.862675 0 0.158335)
(-1.05639 0 0.156279)
(-1.20247 0 0.142865)
(-1.31192 0 0.127973)
(-1.39463 0 0.116332)
(-1.45766 0 0.108327)
(-1.50559 0 0.103375)
(-1.54201 0 0.101525)
(-1.56979 0 0.101895)
(-1.5907 0 0.102741)
(-1.60575 0 0.103043)
(-1.61642 0 0.103151)
(-1.625 0 0.103445)
(-1.63355 0 0.103101)
(-1.64271 0 0.100727)
(-1.6518 0 0.0959365)
(-1.66016 0 0.089962)
(-1.66815 0 0.0846527)
(-1.67705 0 0.0808204)
(-1.68788 0 0.0775134)
(-1.70029 0 0.0727662)
(-1.71237 0 0.0651441)
(-1.72169 0 0.0550628)
(-1.72697 0 0.0448639)
(-1.72902 0 0.0371908)
(-1.72992 0 0.0329538)
(-1.73089 0 0.0311931)
(-1.7315 0 0.0307028)
(-0.397038 0 0.412483)
(-0.733061 0 0.453235)
(-1.05783 0 0.388938)
(-1.27192 0 0.318956)
(-1.4226 0 0.259468)
(-1.52938 0 0.210755)
(-1.60704 0 0.176026)
(-1.66544 0 0.15252)
(-1.70935 0 0.135962)
(-1.74218 0 0.125534)
(-1.76749 0 0.12001)
(-1.7871 0 0.116218)
(-1.80101 0 0.112247)
(-1.80997 0 0.109234)
(-1.8168 0 0.108494)
(-1.82444 0 0.108635)
(-1.83349 0 0.106751)
(-1.84233 0 0.101554)
(-1.84942 0 0.0946885)
(-1.85526 0 0.0890722)
(-1.86211 0 0.0860245)
(-1.87195 0 0.0840192)
(-1.88459 0 0.0799665)
(-1.89744 0 0.0715749)
(-1.9069 0 0.059272)
(-1.91101 0 0.0464574)
(-1.91097 0 0.0371913)
(-1.90992 0 0.0328572)
(-1.90977 0 0.0316287)
(-1.91001 0 0.0313493)
(-0.524665 0 0.939433)
(-0.957725 0 0.864922)
(-1.32505 0 0.654646)
(-1.52789 0 0.484119)
(-1.66071 0 0.369782)
(-1.75035 0 0.282336)
(-1.81183 0 0.226884)
(-1.85899 0 0.193119)
(-1.89517 0 0.166601)
(-1.92142 0 0.147156)
(-1.94221 0 0.136273)
(-1.95979 0 0.128668)
(-1.97206 0 0.120295)
(-1.97808 0 0.113712)
(-1.98175 0 0.112354)
(-1.98796 0 0.114156)
(-1.99741 0 0.113469)
(-2.0067 0 0.107478)
(-2.0126 0 0.0987008)
(-2.01571 0 0.0921439)
(-2.01988 0 0.090165)
(-2.02868 0 0.0903094)
(-2.0422 0 0.0876686)
(-2.05669 0 0.0786074)
(-2.06684 0 0.0634551)
(-2.06956 0 0.0470974)
(-2.06662 0 0.0358058)
(-2.06298 0 0.0317806)
(-2.06165 0 0.0316714)
(-2.06167 0 0.0316837)
(-0.768612 0 2.00878)
(-1.31002 0 1.56206)
(-1.7064 0 0.956352)
(-1.84416 0 0.568208)
(-1.92114 0 0.436022)
(-1.97415 0 0.332656)
(-2.00283 0 0.26882)
(-2.03324 0 0.230066)
(-2.06212 0 0.188394)
(-2.07964 0 0.155577)
(-2.09278 0 0.143648)
(-2.10748 0 0.138285)
(-2.11798 0 0.127632)
(-2.11946 0 0.116423)
(-2.11766 0 0.113756)
(-2.12163 0 0.118535)
(-2.13252 0 0.119963)
(-2.14351 0 0.112554)
(-2.14824 0 0.100374)
(-2.14732 0 0.0921119)
(-2.14747 0 0.0920224)
(-2.15487 0 0.096019)
(-2.16997 0 0.0961288)
(-2.18728 0 0.0866989)
(-2.19884 0 0.0678337)
(-2.19973 0 0.0464896)
(-2.19255 0 0.0324159)
(-2.18524 0 0.0293698)
(-2.1827 0 0.0314732)
(-2.1828 0 0.0320355)
(9.9959 0 0.138455)
(9.98225 0 0.275257)
(9.9581 0 0.412553)
(9.92453 0 0.552311)
(9.88242 0 0.696209)
(9.83216 0 0.845801)
(9.77398 0 1.00259)
(9.70814 0 1.16806)
(9.63491 0 1.34366)
(9.55456 0 1.53087)
(9.46737 0 1.73118)
(9.3736 0 1.94613)
(9.27351 0 2.17735)
(9.16737 0 2.42659)
(9.05541 0 2.69577)
(8.93786 0 2.987)
(8.8149 0 3.30276)
(8.68668 0 3.64593)
(8.55325 0 4.02002)
(8.41461 0 4.42942)
(8.27069 0 4.87976)
(8.12135 0 5.37851)
(7.96654 0 5.93583)
(7.80648 0 6.56608)
(7.64234 0 7.29031)
(7.47904 0 8.14109)
(7.32969 0 9.17233)
(7.28399 0 10.4775)
(7.73838 0 12.2011)
(7.91298 0 14.9173)
(9.99638 0 0.143415)
(9.98434 0 0.285112)
(9.96305 0 0.427281)
(9.93351 0 0.571921)
(9.89656 0 0.720725)
(9.85262 0 0.875249)
(9.80196 0 1.037)
(9.74492 0 1.20746)
(9.68183 0 1.38809)
(9.61308 0 1.58033)
(9.53905 0 1.78567)
(9.46016 0 2.00564)
(9.37685 0 2.24185)
(9.28959 0 2.49602)
(9.19891 0 2.77006)
(9.10538 0 3.06606)
(9.00964 0 3.38646)
(8.91246 0 3.73411)
(8.81474 0 4.11246)
(8.71765 0 4.52577)
(8.6228 0 4.97947)
(8.53253 0 5.48059)
(8.45055 0 6.03845)
(8.38309 0 6.66566)
(8.34128 0 7.37943)
(8.34712 0 8.20321)
(8.43931 0 9.16719)
(8.67357 0 10.3047)
(9.31833 0 11.561)
(9.80496 0 12.6536)
(9.99688 0 0.147852)
(9.98651 0 0.293923)
(9.96819 0 0.440431)
(9.94283 0 0.589391)
(9.91121 0 0.742498)
(9.87377 0 0.901304)
(9.83085 0 1.0673)
(9.78283 0 1.24196)
(9.73013 0 1.42671)
(9.67323 0 1.62297)
(9.61262 0 1.83218)
(9.54887 0 2.05585)
(9.4826 0 2.29551)
(9.4145 0 2.55283)
(9.34537 0 2.82961)
(9.27612 0 3.12785)
(9.20787 0 3.44983)
(9.14193 0 3.79818)
(9.08 0 4.17603)
(9.02429 0 4.58713)
(8.9778 0 5.0361)
(8.94481 0 5.52862)
(8.9316 0 6.07168)
(8.94767 0 6.67369)
(9.00749 0 7.34413)
(9.13316 0 8.0917)
(9.35567 0 8.91838)
(9.68456 0 9.81327)
(10.2499 0 10.7253)
(10.9371 0 11.4455)
(9.9974 0 0.151713)
(9.98874 0 0.301585)
(9.97347 0 0.451838)
(9.95239 0 0.60449)
(9.92623 0 0.761228)
(9.89544 0 0.923588)
(9.86042 0 1.09304)
(9.82158 0 1.27102)
(9.77942 0 1.45891)
(9.73452 0 1.65809)
(9.68748 0 1.86995)
(9.63898 0 2.0959)
(9.58983 0 2.33739)
(9.54091 0 2.59597)
(9.49328 0 2.87329)
(9.44816 0 3.17117)
(9.40704 0 3.49159)
(9.37174 0 3.83683)
(9.34457 0 4.20948)
(9.32849 0 4.6125)
(9.32743 0 5.04932)
(9.34669 0 5.52377)
(9.3935 0 6.04)
(9.47777 0 6.60201)
(9.6127 0 7.21259)
(9.81514 0 7.87147)
(10.1079 0 8.57163)
(10.4997 0 9.29853)
(11.0575 0 10.0421)
(11.8513 0 10.6892)
(9.99792 0 0.154952)
(9.99101 0 0.308003)
(9.97884 0 0.461364)
(9.96212 0 0.61704)
(9.9415 0 0.776697)
(9.91746 0 0.941841)
(9.8904 0 1.11391)
(9.86082 0 1.29428)
(9.82928 0 1.4843)
(9.79641 0 1.68526)
(9.76293 0 1.89848)
(9.72964 0 2.12525)
(9.69747 0 2.36692)
(9.6675 0 2.62485)
(9.64096 0 2.9005)
(9.61936 0 3.19541)
(9.60447 0 3.51124)
(9.59847 0 3.84975)
(9.60404 0 4.21288)
(9.62458 0 4.60268)
(9.6644 0 5.02125)
(9.72903 0 5.47062)
(9.82556 0 5.95242)
(9.96294 0 6.46736)
(10.1522 0 7.01439)
(10.4065 0 7.58966)
(10.7433 0 8.18509)
(11.174 0 8.78602)
(11.7219 0 9.38087)
(12.4761 0 9.89472)
(9.99845 0 0.157526)
(9.9933 0 0.313093)
(9.98427 0 0.468885)
(9.97194 0 0.626876)
(9.9569 0 0.7887)
(9.93962 0 0.955824)
(9.92055 0 1.12963)
(9.90022 0 1.31145)
(9.87925 0 1.50254)
(9.85834 0 1.70413)
(9.83826 0 1.9174)
(9.81994 0 2.14354)
(9.8044 0 2.38372)
(9.79286 0 2.63914)
(9.78671 0 2.91098)
(9.7876 0 3.20048)
(9.79752 0 3.50889)
(9.81882 0 3.83744)
(9.85437 0 4.18738)
(9.90766 0 4.55981)
(9.98297 0 4.95567)
(10.0855 0 5.37541)
(10.2217 0 5.8188)
(10.399 0 6.28438)
(10.6263 0 6.76892)
(10.9133 0 7.26665)
(11.2713 0 7.76837)
(11.7082 0 8.25851)
(12.2251 0 8.72039)
(12.9022 0 9.11244)
(9.99898 0 0.159395)
(9.9956 0 0.316778)
(9.98971 0 0.474286)
(9.98176 0 0.63385)
(9.97229 0 0.797058)
(9.96174 0 0.965326)
(9.9506 0 1.13998)
(9.93943 0 1.32226)
(9.92888 0 1.51336)
(9.9197 0 1.71439)
(9.91273 0 1.92642)
(9.90895 0 2.15049)
(9.90948 0 2.3876)
(9.91559 0 2.63871)
(9.92879 0 2.90475)
(9.95082 0 3.18661)
(9.9837 0 3.48512)
(10.0299 0 3.801)
(10.0921 0 4.13481)
(10.1738 0 4.48685)
(10.279 0 4.85703)
(10.4121 0 5.24465)
(10.5786 0 5.64815)
(10.7843 0 6.06472)
(11.0357 0 6.48987)
(11.3393 0 6.91693)
(11.7012 0 7.33654)
(12.1255 0 7.73526)
(12.6063 0 8.09851)
(13.2129 0 8.4057)
(9.99951 0 0.160525)
(9.99789 0 0.318991)
(9.9951 0 0.47747)
(9.99151 0 0.637836)
(9.98753 0 0.80162)
(9.98362 0 0.970175)
(9.98028 0 1.14475)
(9.97808 0 1.32652)
(9.9777 0 1.51655)
(9.97991 0 1.71587)
(9.9856 0 1.9254)
(9.99577 0 2.14601)
(10.0116 0 2.37853)
(10.0344 0 2.62367)
(10.0656 0 2.88211)
(10.1071 0 3.15439)
(10.1608 0 3.44093)
(10.2291 0 3.74198)
(10.3145 0 4.0575)
(10.4202 0 4.38714)
(10.5495 0 4.73003)
(10.7063 0 5.08465)
(10.8948 0 5.44862)
(11.1192 0 5.81842)
(11.3839 0 6.18914)
(11.6927 0 6.55423)
(12.0484 0 6.90539)
(12.4526 0 7.23228)
(12.8977 0 7.52373)
(13.4418 0 7.76838)
(10 0 0.16089)
(10.0001 0 0.319678)
(10.0004 0 0.478359)
(10.0011 0 0.638734)
(10.0025 0 0.802269)
(10.0051 0 0.970241)
(10.0093 0 1.14382)
(10.0158 0 1.32409)
(10.0252 0 1.51201)
(10.0384 0 1.70848)
(10.0561 0 1.91429)
(10.0795 0 2.13015)
(10.1097 0 2.35667)
(10.1479 0 2.59437)
(10.1958 0 2.84363)
(10.2548 0 3.1047)
(10.327 0 3.37764)
(10.4144 0 3.66226)
(10.5195 0 3.95808)
(10.6448 0 4.26422)
(10.7931 0 4.5793)
(10.9674 0 4.9013)
(11.1708 0 5.22742)
(11.4062 0 5.55396)
(11.6763 0 5.87615)
(11.9828 0 6.18814)
(12.3266 0 6.48305)
(12.7076 0 6.75302)
(13.118 0 6.98967)
(13.6067 0 7.18613)
(10.0005 0 0.160466)
(10.0023 0 0.318796)
(10.0056 0 0.476891)
(10.0104 0 0.63647)
(10.0171 0 0.79892)
(10.0259 0 0.96544)
(10.0375 0 1.13711)
(10.0523 0 1.31491)
(10.0711 0 1.49971)
(10.0946 0 1.69225)
(10.1237 0 1.8932)
(10.1594 0 2.1031)
(10.2029 0 2.32238)
(10.2552 0 2.55133)
(10.318 0 2.79011)
(10.3926 0 3.03868)
(10.4808 0 3.29679)
(10.5845 0 3.56394)
(10.7057 0 3.83928)
(10.8465 0 4.12161)
(11.0091 0 4.40921)
(11.1956 0 4.69984)
(11.4083 0 4.99062)
(11.6488 0 5.27795)
(11.9184 0 5.55755)
(12.2179 0 5.82442)
(12.5467 0 6.07302)
(12.9036 0 6.29744)
(13.2814 0 6.4916)
(13.722 0 6.65133)
(10.001 0 0.15924)
(10.0044 0 0.316316)
(10.0106 0 0.473027)
(10.0194 0 0.630997)
(10.0311 0 0.791528)
(10.0459 0 0.955734)
(10.0645 0 1.1246)
(10.0872 0 1.299)
(10.1148 0 1.47969)
(10.1481 0 1.6673)
(10.1877 0 1.86234)
(10.2348 0 2.0652)
(10.2903 0 2.27614)
(10.3553 0 2.49526)
(10.4313 0 2.7225)
(10.5194 0 2.95761)
(10.6213 0 3.20009)
(10.7384 0 3.44918)
(10.8724 0 3.70384)
(11.025 0 3.96263)
(11.1978 0 4.22371)
(11.3922 0 4.4848)
(11.6095 0 4.74313)
(11.8507 0 4.99542)
(12.1161 0 5.23797)
(12.4055 0 5.46666)
(12.7177 0 5.67715)
(13.051 0 5.86508)
(13.399 0 6.02618)
(13.7984 0 6.15792)
(10.0015 0 0.157203)
(10.0065 0 0.312225)
(10.0154 0 0.46675)
(10.028 0 0.6223)
(10.0445 0 0.780086)
(10.065 0 0.941131)
(10.0901 0 1.10632)
(10.1203 0 1.27643)
(10.1561 0 1.4521)
(10.1983 0 1.63383)
(10.2477 0 1.82202)
(10.305 0 2.0169)
(10.3713 0 2.21858)
(10.4476 0 2.427)
(10.5349 0 2.64191)
(10.6346 0 2.8629)
(10.7477 0 3.08929)
(10.8756 0 3.32018)
(11.0195 0 3.55436)
(11.1806 0 3.79034)
(11.36 0 4.02626)
(11.5587 0 4.25995)
(11.7772 0 4.48885)
(12.0159 0 4.71012)
(12.2744 0 4.92063)
(12.5521 0 5.11711)
(12.8474 0 5.29621)
(13.1584 0 5.45477)
(13.4796 0 5.58986)
(13.8436 0 5.69997)
(10.0019 0 0.154354)
(10.0084 0 0.30652)
(10.0199 0 0.458061)
(10.0362 0 0.61039)
(10.0571 0 0.764622)
(10.083 0 0.921686)
(10.1142 0 1.08237)
(10.1513 0 1.24735)
(10.1947 0 1.41715)
(10.2451 0 1.59216)
(10.3031 0 1.77266)
(10.3696 0 1.95876)
(10.4454 0 2.15043)
(10.5314 0 2.34747)
(10.6285 0 2.54952)
(10.7376 0 2.75601)
(10.8598 0 2.96617)
(10.9961 0 3.17901)
(11.1472 0 3.39328)
(11.3141 0 3.60747)
(11.4973 0 3.81984)
(11.6974 0 4.02838)
(11.9145 0 4.23084)
(12.1483 0 4.42479)
(12.3984 0 4.6077)
(12.6636 0 4.77697)
(12.9423 0 4.93012)
(13.2326 0 5.06486)
(13.5299 0 5.1792)
(13.8633 0 5.2723)
(10.0024 0 0.1507)
(10.0102 0 0.299217)
(10.0241 0 0.446986)
(10.0438 0 0.595309)
(10.0689 0 0.745201)
(10.0998 0 0.897497)
(10.1366 0 1.05289)
(10.18 0 1.21195)
(10.2303 0 1.37511)
(10.288 0 1.54266)
(10.3538 0 1.71476)
(10.4284 0 1.89141)
(10.5124 0 2.07248)
(10.6066 0 2.25767)
(10.7118 0 2.44652)
(10.8286 0 2.63838)
(10.9579 0 2.83243)
(11.1002 0 3.02764)
(11.2563 0 3.22278)
(11.4265 0 3.41642)
(11.6113 0 3.60695)
(11.8106 0 3.79259)
(12.0243 0 3.97141)
(12.2519 0 4.1414)
(12.4925 0 4.30052)
(12.7451 0 4.44678)
(13.0079 0 4.57833)
(13.2792 0 4.69355)
(13.5552 0 4.79113)
(13.8621 0 4.87062)
(10.0027 0 0.146253)
(10.0119 0 0.29034)
(10.0281 0 0.433568)
(10.0508 0 0.577122)
(10.0798 0 0.721921)
(10.1152 0 0.868703)
(10.1572 0 1.01807)
(10.2063 0 1.1705)
(10.2627 0 1.32633)
(10.327 0 1.48576)
(10.3996 0 1.64885)
(10.4811 0 1.81553)
(10.5721 0 1.98557)
(10.6732 0 2.15861)
(10.7848 0 2.33413)
(10.9076 0 2.51143)
(11.0421 0 2.68967)
(11.1887 0 2.86785)
(11.3478 0 3.04481)
(11.5195 0 3.21922)
(11.7038 0 3.38966)
(11.9007 0 3.55456)
(12.1097 0 3.71232)
(12.3301 0 3.8613)
(12.5609 0 3.9999)
(12.8011 0 4.12659)
(13.0489 0 4.24004)
(13.3029 0 4.33911)
(13.5598 0 4.42294)
(13.8437 0 4.49137)
(10.0031 0 0.141031)
(10.0134 0 0.279928)
(10.0317 0 0.417868)
(10.0573 0 0.555921)
(10.0898 0 0.694907)
(10.1293 0 0.835476)
(10.176 0 0.978142)
(10.2301 0 1.12329)
(10.2919 0 1.27118)
(10.3619 0 1.42193)
(10.4404 0 1.57553)
(10.5278 0 1.73184)
(10.6246 0 1.89057)
(10.7311 0 2.05131)
(10.8478 0 2.21351)
(10.9751 0 2.37647)
(11.1133 0 2.53937)
(11.2625 0 2.70126)
(11.4229 0 2.86106)
(11.5945 0 3.0176)
(11.7771 0 3.16961)
(11.9704 0 3.3158)
(12.1737 0 3.45483)
(12.3863 0 3.58538)
(12.6073 0 3.70621)
(12.8354 0 3.81619)
(13.0694 0 3.91434)
(13.3076 0 3.9999)
(13.5475 0 4.07232)
(13.8112 0 4.1316)
(10.0034 0 0.135058)
(10.0148 0 0.268029)
(10.035 0 0.399963)
(10.0632 0 0.531815)
(10.0989 0 0.664311)
(10.142 0 0.798014)
(10.1928 0 0.933358)
(10.2513 0 1.07065)
(10.3179 0 1.21007)
(10.3928 0 1.35168)
(10.4762 0 1.49541)
(10.5685 0 1.64106)
(10.6699 0 1.78831)
(10.7808 0 1.93673)
(10.9013 0 2.08576)
(11.0317 0 2.23472)
(11.1722 0 2.38285)
(11.3227 0 2.52924)
(11.4832 0 2.67295)
(11.6534 0 2.81295)
(11.8332 0 2.94815)
(12.022 0 3.07746)
(12.2191 0 3.19981)
(12.4238 0 3.31416)
(12.635 0 3.41956)
(12.8518 0 3.51516)
(13.0728 0 3.60028)
(13.2968 0 3.67441)
(13.5215 0 3.73721)
(13.7675 0 3.7888)
(10.0037 0 0.128362)
(10.0161 0 0.2547)
(10.0379 0 0.379941)
(10.0684 0 0.50493)
(10.1069 0 0.630303)
(10.1533 0 0.756541)
(10.2076 0 0.884001)
(10.2701 0 1.01292)
(10.3407 0 1.14343)
(10.4197 0 1.27552)
(10.5072 0 1.40908)
(10.6034 0 1.54389)
(10.7085 0 1.67961)
(10.8226 0 1.81579)
(10.9459 0 1.9519)
(11.0783 0 2.08729)
(11.2199 0 2.22126)
(11.3705 0 2.35301)
(11.53 0 2.48168)
(11.6981 0 2.6064)
(11.8743 0 2.72626)
(12.058 0 2.84037)
(12.2487 0 2.94785)
(12.4454 0 3.04791)
(12.6473 0 3.13982)
(12.8534 0 3.22297)
(13.0625 0 3.29688)
(13.2735 0 3.36124)
(13.4846 0 3.41584)
(13.7149 0 3.46086)
(10.004 0 0.120974)
(10.0172 0 0.240004)
(10.0405 0 0.357901)
(10.0731 0 0.475405)
(10.114 0 0.593065)
(10.1632 0 0.711288)
(10.2207 0 0.830364)
(10.2864 0 0.950473)
(10.3604 0 1.07168)
(10.4428 0 1.19396)
(10.5336 0 1.31715)
(10.6329 0 1.44101)
(10.7408 0 1.56522)
(10.8572 0 1.68932)
(10.9822 0 1.81282)
(11.1157 0 1.93513)
(11.2575 0 2.0556)
(11.4074 0 2.17353)
(11.5651 0 2.28819)
(11.7303 0 2.39883)
(11.9024 0 2.5047)
(12.0809 0 2.60507)
(12.265 0 2.69927)
(12.454 0 2.78666)
(12.647 0 2.86672)
(12.8431 0 2.93901)
(13.0413 0 3.0032)
(13.2406 0 3.05909)
(13.4396 0 3.10661)
(13.6559 0 3.14594)
(10.0042 0 0.112927)
(10.0182 0 0.224009)
(10.0428 0 0.333947)
(10.0771 0 0.443384)
(10.1202 0 0.552788)
(10.1719 0 0.662498)
(10.2319 0 0.772744)
(10.3004 0 0.883652)
(10.3773 0 0.995253)
(10.4624 0 1.10748)
(10.5558 0 1.22016)
(10.6574 0 1.33306)
(10.7673 0 1.44583)
(10.8852 0 1.55808)
(11.0111 0 1.66934)
(11.1449 0 1.77906)
(11.2861 0 1.8867)
(11.4347 0 1.99162)
(11.5901 0 2.09322)
(11.752 0 2.19087)
(11.9198 0 2.28396)
(12.0928 0 2.3719)
(12.2705 0 2.45417)
(12.452 0 2.53029)
(12.6366 0 2.59987)
(12.8235 0 2.6626)
(13.0118 0 2.71827)
(13.2006 0 2.76677)
(13.3887 0 2.80809)
(13.5927 0 2.84242)
(10.0044 0 0.104255)
(10.019 0 0.206781)
(10.0448 0 0.308183)
(10.0807 0 0.409011)
(10.1256 0 0.509662)
(10.1793 0 0.610409)
(10.2415 0 0.711429)
(10.3123 0 0.812808)
(10.3914 0 0.914541)
(10.4787 0 1.01654)
(10.5741 0 1.11864)
(10.6774 0 1.22058)
(10.7886 0 1.32206)
(10.9073 0 1.42271)
(11.0336 0 1.52209)
(11.1669 0 1.61975)
(11.3072 0 1.71518)
(11.4539 0 1.80787)
(11.6066 0 1.8973)
(11.7649 0 1.98295)
(11.9282 0 2.06433)
(12.0959 0 2.14098)
(12.2674 0 2.21248)
(12.4419 0 2.2785)
(12.6187 0 2.33874)
(12.7972 0 2.39299)
(12.9764 0 2.44113)
(13.1558 0 2.48309)
(13.3341 0 2.51892)
(13.5272 0 2.5488)
(10.0046 0 0.0949881)
(10.0198 0 0.188385)
(10.0466 0 0.280709)
(10.0837 0 0.372429)
(10.1302 0 0.463871)
(10.1856 0 0.555251)
(10.2496 0 0.646698)
(10.3222 0 0.738263)
(10.4031 0 0.82992)
(10.492 0 0.921567)
(10.5889 0 1.01303)
(10.6933 0 1.10409)
(10.8053 0 1.19444)
(10.9244 0 1.28376)
(11.0504 0 1.37166)
(11.1829 0 1.45774)
(11.3217 0 1.54158)
(11.4663 0 1.62274)
(11.6161 0 1.70079)
(11.7708 0 1.77532)
(11.9297 0 1.84593)
(12.0923 0 1.91227)
(12.2578 0 1.97402)
(12.4258 0 2.03092)
(12.5955 0 2.08277)
(12.7663 0 2.12943)
(12.9374 0 2.17083)
(13.1083 0 2.20696)
(13.2781 0 2.23786)
(13.4615 0 2.26373)
(10.0047 0 0.0851556)
(10.0204 0 0.16888)
(10.0481 0 0.251621)
(10.0863 0 0.33377)
(10.1341 0 0.415589)
(10.1909 0 0.497237)
(10.2564 0 0.578804)
(10.3304 0 0.660311)
(10.4127 0 0.741716)
(10.5028 0 0.822913)
(10.6006 0 0.903736)
(10.7058 0 0.983973)
(10.8181 0 1.06336)
(10.9371 0 1.14161)
(11.0625 0 1.21839)
(11.194 0 1.29336)
(11.331 0 1.36615)
(11.4733 0 1.43642)
(11.6202 0 1.50381)
(11.7712 0 1.56799)
(11.9259 0 1.62864)
(12.0836 0 1.6855)
(12.2438 0 1.73833)
(12.4058 0 1.78693)
(12.569 0 1.83118)
(12.7329 0 1.87098)
(12.8968 0 1.9063)
(13.0602 0 1.93715)
(13.2223 0 1.96359)
(13.3973 0 1.9858)
(10.0049 0 0.0747775)
(10.021 0 0.148312)
(10.0494 0 0.220995)
(10.0886 0 0.293151)
(10.1374 0 0.364972)
(10.1953 0 0.436567)
(10.262 0 0.507988)
(10.3372 0 0.579236)
(10.4204 0 0.650256)
(10.5114 0 0.720942)
(10.6099 0 0.791141)
(10.7154 0 0.86066)
(10.8276 0 0.92927)
(10.9463 0 0.996715)
(11.0709 0 1.06272)
(11.201 0 1.127)
(11.3363 0 1.18925)
(11.4762 0 1.24919)
(11.6202 0 1.30654)
(11.7678 0 1.36103)
(11.9185 0 1.41242)
(12.0718 0 1.46051)
(12.227 0 1.50512)
(12.3836 0 1.54612)
(12.541 0 1.58341)
(12.6988 0 1.61694)
(12.8564 0 1.6467)
(13.0132 0 1.67273)
(13.1687 0 1.69508)
(13.3362 0 1.71391)
(10.005 0 0.0638609)
(10.0215 0 0.126703)
(10.0506 0 0.188891)
(10.0906 0 0.250668)
(10.1403 0 0.312144)
(10.1992 0 0.373371)
(10.2668 0 0.434377)
(10.3427 0 0.495147)
(10.4267 0 0.555625)
(10.5183 0 0.615708)
(10.6171 0 0.675261)
(10.7227 0 0.734115)
(10.8347 0 0.792075)
(10.9528 0 0.848928)
(11.0764 0 0.904444)
(11.2052 0 0.958386)
(11.3386 0 1.01052)
(11.4763 0 1.06061)
(11.6176 0 1.10843)
(11.762 0 1.15379)
(11.9091 0 1.19649)
(12.0583 0 1.23639)
(12.2091 0 1.27336)
(12.361 0 1.3073)
(12.5134 0 1.33815)
(12.6658 0 1.36589)
(12.8179 0 1.39052)
(12.9691 0 1.41207)
(13.1188 0 1.43061)
(13.2801 0 1.44627)
(10.0051 0 0.052385)
(10.0221 0 0.104043)
(10.0518 0 0.155351)
(10.0925 0 0.206449)
(10.143 0 0.257334)
(10.2025 0 0.308001)
(10.2708 0 0.358449)
(10.3474 0 0.408649)
(10.4319 0 0.458538)
(10.5238 0 0.508021)
(10.6227 0 0.55698)
(10.7282 0 0.605272)
(10.8399 0 0.652737)
(10.9573 0 0.699203)
(11.0799 0 0.744487)
(11.2073 0 0.788401)
(11.339 0 0.830761)
(11.4746 0 0.871386)
(11.6134 0 0.91011)
(11.755 0 0.946778)
(11.899 0 0.981256)
(12.0447 0 1.01343)
(12.1916 0 1.04321)
(12.3394 0 1.07054)
(12.4875 0 1.09537)
(12.6354 0 1.11769)
(12.7828 0 1.13753)
(12.9292 0 1.1549)
(13.0741 0 1.16988)
(13.23 0 1.18257)
(10.0053 0 0.040267)
(10.0228 0 0.0802224)
(10.0532 0 0.120217)
(10.0947 0 0.160188)
(10.1458 0 0.200026)
(10.2059 0 0.239711)
(10.2747 0 0.279241)
(10.3517 0 0.318579)
(10.4365 0 0.35766)
(10.5286 0 0.396398)
(10.6275 0 0.434691)
(10.7328 0 0.472423)
(10.844 0 0.509465)
(10.9607 0 0.545679)
(11.0824 0 0.580923)
(11.2086 0 0.615053)
(11.3387 0 0.647927)
(11.4724 0 0.67941)
(11.6091 0 0.709377)
(11.7483 0 0.737717)
(11.8895 0 0.764331)
(12.0323 0 0.78914)
(12.1761 0 0.812083)
(12.3204 0 0.833117)
(12.465 0 0.85222)
(12.6092 0 0.869389)
(12.7528 0 0.884638)
(12.8953 0 0.898)
(13.0364 0 0.90952)
(13.188 0 0.919287)
(10.0056 0 0.0273245)
(10.0239 0 0.0555863)
(10.0551 0 0.0845777)
(10.0971 0 0.113633)
(10.1486 0 0.142523)
(10.2092 0 0.171268)
(10.2784 0 0.19988)
(10.3557 0 0.228326)
(10.4407 0 0.256548)
(10.5329 0 0.284485)
(10.6317 0 0.312065)
(10.7368 0 0.339208)
(10.8476 0 0.365823)
(10.9636 0 0.391814)
(11.0845 0 0.417083)
(11.2096 0 0.44153)
(11.3385 0 0.465057)
(11.4706 0 0.487571)
(11.6056 0 0.508987)
(11.7428 0 0.52923)
(11.8819 0 0.548233)
(12.0222 0 0.565943)
(12.1635 0 0.582322)
(12.3052 0 0.597342)
(12.4469 0 0.61099)
(12.5882 0 0.623268)
(12.7288 0 0.634188)
(12.8682 0 0.643775)
(13.0062 0 0.652064)
(13.1544 0 0.659125)
(10.0068 0 0.0112445)
(10.0271 0 0.0265774)
(10.0593 0 0.0438016)
(10.1017 0 0.0613107)
(10.1534 0 0.0787854)
(10.2142 0 0.0962678)
(10.2835 0 0.113752)
(10.3609 0 0.13118)
(10.4458 0 0.148489)
(10.5378 0 0.165626)
(10.6365 0 0.182537)
(10.7412 0 0.199165)
(10.8515 0 0.215451)
(10.967 0 0.231333)
(11.0871 0 0.246749)
(11.2114 0 0.261637)
(11.3392 0 0.275939)
(11.4702 0 0.289599)
(11.6039 0 0.302568)
(11.7396 0 0.314803)
(11.8771 0 0.326266)
(12.0158 0 0.33693)
(12.1552 0 0.346772)
(12.295 0 0.355782)
(12.4347 0 0.363954)
(12.574 0 0.371294)
(12.7125 0 0.377813)
(12.8498 0 0.383531)
(12.9857 0 0.388476)
(13.1316 0 0.392708)
(9.99589 0 0.000922017)
(10.007 0 0.0049531)
(10.0276 0 0.0102604)
(10.0576 0 0.0158012)
(10.0974 0 0.0214138)
(10.1467 0 0.027125)
(10.205 0 0.0329252)
(10.2719 0 0.0387797)
(10.3469 0 0.0446562)
(10.4294 0 0.0505285)
(10.519 0 0.0563721)
(10.6151 0 0.0621621)
(10.7174 0 0.0678726)
(10.8252 0 0.0734772)
(10.938 0 0.0789494)
(11.0553 0 0.0842634)
(11.1766 0 0.0893944)
(11.3013 0 0.094319)
(11.4289 0 0.0990159)
(11.559 0 0.103466)
(11.691 0 0.107654)
(11.8245 0 0.111565)
(11.9589 0 0.115191)
(12.0939 0 0.118524)
(12.2289 0 0.121562)
(12.3637 0 0.124302)
(12.4979 0 0.126749)
(12.6311 0 0.128907)
(12.763 0 0.13078)
(12.9047 0 0.1324)
(9.41181 0 13.0959)
(6.19028 0 10.7953)
(-1.15035 0 5.23491)
(10.3543 0 11.2399)
(9.79996 0 9.95475)
(8.20914 0 8.1165)
(11.4602 0 11.145)
(11.6787 0 10.597)
(11.4226 0 9.67848)
(12.3536 0 10.7452)
(12.701 0 10.5799)
(12.8092 0 10.1611)
(12.9222 0 10.0067)
(13.2935 0 10.0003)
(13.5379 0 9.86146)
(13.2985 0 9.22997)
(13.6612 0 9.2875)
(13.9454 0 9.27712)
(13.5655 0 8.51196)
(13.8991 0 8.58454)
(14.1741 0 8.61989)
(13.7545 0 7.85676)
(14.053 0 7.92344)
(14.303 0 7.96802)
(13.8846 0 7.25816)
(14.1504 0 7.31451)
(14.3737 0 7.35613)
(13.9704 0 6.71053)
(14.2079 0 6.75756)
(14.4073 0 6.79368)
(14.022 0 6.20721)
(14.2355 0 6.24673)
(14.4146 0 6.27769)
(14.0462 0 5.74153)
(14.2394 0 5.77513)
(14.4013 0 5.80182)
(14.0481 0 5.30776)
(14.2241 0 5.33666)
(14.3716 0 5.35992)
(14.0317 0 4.90118)
(14.1929 0 4.92629)
(14.3282 0 4.94676)
(14.0001 0 4.51792)
(14.1488 0 4.53992)
(14.2735 0 4.55805)
(13.9562 0 4.1548)
(14.094 0 4.17417)
(14.2096 0 4.19032)
(13.9024 0 3.80916)
(14.0306 0 3.82628)
(14.1383 0 3.84069)
(13.8411 0 3.47876)
(13.9609 0 3.49392)
(14.0616 0 3.5068)
(13.7743 0 3.16169)
(13.8868 0 3.17511)
(13.9813 0 3.18661)
(13.7042 0 2.85626)
(13.8101 0 2.86812)
(13.8992 0 2.87835)
(13.6327 0 2.56091)
(13.7328 0 2.57135)
(13.817 0 2.58042)
(13.5616 0 2.27428)
(13.6566 0 2.28341)
(13.7366 0 2.29139)
(13.4927 0 1.9949)
(13.5833 0 2.00281)
(13.6596 0 2.00975)
(13.4276 0 1.72166)
(13.5143 0 1.72843)
(13.5874 0 1.73439)
(13.3679 0 1.45274)
(13.4514 0 1.45839)
(13.5217 0 1.4634)
(13.3149 0 1.18783)
(13.3956 0 1.19244)
(13.4636 0 1.19654)
(13.2705 0 0.923328)
(13.3489 0 0.926876)
(13.415 0 0.930038)
(13.235 0 0.662057)
(13.3117 0 0.664631)
(13.3764 0 0.666923)
(13.211 0 0.394398)
(13.2863 0 0.395817)
(13.3499 0 0.397059)
(12.9818 0 0.133)
(13.0551 0 0.133471)
(13.117 0 0.133888)
(-2.66806 0 1.40789)
(-2.157 0 1.06108)
(-2.46936 0 0.554579)
(-2.28915 0 0.564966)
(-2.1536 0 0.646343)
(-2.17578 0 0.440844)
(-2.17294 0 0.255682)
(-2.19271 0 0.218072)
(-2.21817 0 0.184397)
(-2.2165 0 0.161493)
(-2.21136 0 0.16656)
(-2.22369 0 0.166062)
(-2.23678 0 0.142508)
(-2.23401 0 0.113068)
(-2.22305 0 0.105233)
(-2.2226 0 0.1197)
(-2.23633 0 0.128721)
(-2.25088 0 0.121216)
(-2.25407 0 0.103793)
(-2.24653 0 0.0917556)
(-2.23999 0 0.0940034)
(-2.24522 0 0.103755)
(-2.26298 0 0.107779)
(-2.28485 0 0.0976169)
(-2.29885 0 0.0731079)
(-2.29712 0 0.0441134)
(-2.28334 0 0.0258106)
(-2.27045 0 0.024907)
(-2.26667 0 0.0313513)
(-2.26741 0 0.0332297)
(6.06334 0 5.45951)
(3.54734 0 3.49722)
(1.33603 0 1.95149)
(-1.74127 0 0.312529)
(-2.23931 0 0.188139)
(-2.52251 0 -0.0326494)
(-2.41179 0 0.118949)
(-2.29628 0 0.384819)
(-2.30669 0 0.338606)
(-2.28791 0 0.200245)
(-2.27668 0 0.127526)
(-2.30793 0 0.127518)
(-2.33541 0 0.104785)
(-2.32106 0 0.0783876)
(-2.28277 0 0.0956621)
(-2.26953 0 0.136082)
(-2.29074 0 0.153513)
(-2.31471 0 0.137197)
(-2.31787 0 0.101615)
(-2.29991 0 0.0769864)
(-2.28183 0 0.0827594)
(-2.2835 0 0.104181)
(-2.30565 0 0.116283)
(-2.33462 0 0.107227)
(-2.35243 0 0.07659)
(-2.34652 0 0.0377982)
(-2.32183 0 0.0137446)
(-2.29983 0 0.0171208)
(-2.29478 0 0.0320324)
(-2.29731 0 0.0371692)
(10.3481 0 7.62628)
(8.58534 0 5.82598)
(6.64383 0 4.36637)
(4.67826 0 3.12488)
(2.86323 0 2.11653)
(1.49351 0 1.24731)
(-1.44247 0 0.112365)
(-2.03829 0 0.115031)
(-2.4461 0 -0.0605697)
(-2.47579 0 -0.12327)
(-2.35708 0 0.0935627)
(-2.31958 0 0.308519)
(-2.3471 0 0.284007)
(-2.30916 0 0.161268)
(-2.24273 0 0.0718138)
(-2.23836 0 0.103467)
(-2.28737 0 0.139097)
(-2.33183 0 0.121302)
(-2.33339 0 0.0759327)
(-2.29139 0 0.0543047)
(-2.24802 0 0.0823029)
(-2.24288 0 0.126106)
(-2.27271 0 0.149382)
(-2.31271 0 0.139461)
(-2.33661 0 0.0955601)
(-2.32485 0 0.0354822)
(-2.2832 0 -0.00642073)
(-2.24897 0 0.00444214)
(-2.2436 0 0.0349774)
(-2.25035 0 0.0473472)
(12.4941 0 8.7889)
(11.6111 0 7.33654)
(10.3741 0 6.02053)
(8.96439 0 4.82765)
(7.45209 0 3.80073)
(6.00538 0 2.9821)
(4.47735 0 2.27984)
(3.08154 0 1.66547)
(1.8687 0 1.10681)
(0.447441 0 0.409913)
(-1.45824 0 0.0795896)
(-1.92916 0 0.101181)
(-2.26647 0 -0.0551831)
(-2.304 0 -0.211509)
(-2.14494 0 -0.078272)
(-2.12319 0 0.200646)
(-2.17374 0 0.29389)
(-2.24571 0 0.260307)
(-2.24011 0 0.152212)
(-2.16142 0 0.0406796)
(-2.09855 0 0.0416491)
(-2.09837 0 0.105417)
(-2.14727 0 0.141382)
(-2.2072 0 0.128779)
(-2.24287 0 0.0694409)
(-2.22412 0 -0.00944939)
(-2.15088 0 -0.0460148)
(-2.09719 0 -0.0164761)
(-2.09699 0 0.0427111)
(-2.11309 0 0.0689095)
(13.6667 0 9.10761)
(13.3792 0 8.09647)
(12.7538 0 7.04089)
(11.8882 0 6.01633)
(10.855 0 5.08364)
(9.74438 0 4.28039)
(8.58165 0 3.55115)
(7.38401 0 2.89037)
(6.20032 0 2.3319)
(5.04596 0 1.88284)
(3.85935 0 1.51755)
(2.81267 0 1.15946)
(1.83392 0 0.80191)
(1.16408 0 0.37868)
(-0.808825 0 0.00494313)
(-1.3582 0 0.168713)
(-1.75054 0 0.164546)
(-1.95014 0 0.0538943)
(-1.99072 0 -0.104395)
(-1.85626 0 -0.157028)
(-1.85955 0 -0.00764702)
(-1.83231 0 0.187286)
(-1.90466 0 0.253103)
(-1.99208 0 0.246534)
(-2.04017 0 0.17195)
(-1.99742 0 0.0359485)
(-1.89409 0 -0.0866534)
(-1.84537 0 -0.0437982)
(-1.85949 0 0.0606391)
(-1.89604 0 0.109632)
(14.2921 0 8.92658)
(14.3724 0 8.30454)
(14.1995 0 7.55179)
(13.7924 0 6.75366)
(13.1928 0 5.96592)
(12.4557 0 5.22433)
(11.6234 0 4.52861)
(10.7237 0 3.89293)
(9.78631 0 3.33653)
(8.83991 0 2.85944)
(7.88525 0 2.42975)
(6.94728 0 2.02306)
(6.01888 0 1.6552)
(5.13307 0 1.37798)
(4.19259 0 1.1725)
(3.32664 0 0.966719)
(2.54867 0 0.767299)
(1.84347 0 0.567034)
(1.24651 0 0.340621)
(0.367118 0 0.0644554)
(-0.799568 0 0.0397728)
(-1.08264 0 0.157398)
(-1.32561 0 0.187702)
(-1.4726 0 0.142214)
(-1.56706 0 0.00939689)
(-1.5481 0 -0.174429)
(-1.41782 0 -0.24351)
(-1.51621 0 -0.0981632)
(-1.54795 0 0.0966261)
(-1.62485 0 0.176833)
(14.5973 0 8.49193)
(14.8797 0 8.15011)
(15.0049 0 7.66103)
(14.9387 0 7.08448)
(14.6905 0 6.4664)
(14.2932 0 5.84248)
(13.7803 0 5.23325)
(13.1778 0 4.65503)
(12.5079 0 4.12076)
(11.7934 0 3.63399)
(11.0508 0 3.1878)
(10.2932 0 2.77553)
(9.5231 0 2.40497)
(8.75232 0 2.10043)
(7.98854 0 1.83912)
(7.24492 0 1.59652)
(6.53421 0 1.36317)
(5.8426 0 1.14079)
(5.1595 0 0.95484)
(4.48225 0 0.832799)
(3.77632 0 0.734028)
(3.1532 0 0.623431)
(2.58213 0 0.526857)
(2.05153 0 0.43787)
(1.58302 0 0.329196)
(1.16758 0 0.165053)
(0.346798 0 0.00285926)
(-0.729349 0 0.0365598)
(-0.966245 0 0.145655)
(-1.19484 0 0.29299)
(14.7287 0 7.94736)
(15.0988 0 7.78153)
(15.393 0 7.4883)
(15.5527 0 7.09889)
(15.564 0 6.64516)
(15.4409 0 6.15605)
(15.2028 0 5.6537)
(14.8673 0 5.15505)
(14.451 0 4.67361)
(13.9718 0 4.21795)
(13.4459 0 3.79059)
(12.8849 0 3.39133)
(12.2955 0 3.02453)
(11.6872 0 2.69902)
(11.0735 0 2.40914)
(10.4652 0 2.14475)
(9.86451 0 1.89514)
(9.26435 0 1.66226)
(8.66125 0 1.46175)
(8.06348 0 1.30143)
(7.47611 0 1.16809)
(6.91727 0 1.04431)
(6.38365 0 0.926649)
(5.8655 0 0.80752)
(5.35811 0 0.684701)
(4.84508 0 0.587828)
(4.31063 0 0.549264)
(3.72723 0 0.513906)
(3.23772 0 0.459248)
(2.50304 0 0.495768)
(14.7711 0 7.37915)
(15.1604 0 7.3108)
(15.5303 0 7.14648)
(15.819 0 6.89737)
(16.0005 0 6.58127)
(16.0752 0 6.21737)
(16.0506 0 5.82318)
(15.9351 0 5.41402)
(15.739 0 5.00305)
(15.474 0 4.60023)
(15.1521 0 4.21148)
(14.7834 0 3.84029)
(14.3757 0 3.4912)
(13.9381 0 3.16959)
(13.4818 0 2.87538)
(13.0152 0 2.60319)
(12.5408 0 2.3476)
(12.0572 0 2.1103)
(11.5647 0 1.89884)
(11.07 0 1.71749)
(10.5824 0 1.56191)
(10.1086 0 1.42097)
(9.64581 0 1.28677)
(9.18664 0 1.15522)
(8.72393 0 1.03006)
(8.25121 0 0.929151)
(7.7714 0 0.862586)
(7.28891 0 0.817439)
(6.82898 0 0.786094)
(6.21921 0 0.793608)
(14.7681 0 6.83038)
(15.1423 0 6.81005)
(15.5301 0 6.72209)
(15.8767 0 6.56752)
(16.1537 0 6.35427)
(16.3547 0 6.09301)
(16.4793 0 5.7953)
(16.5287 0 5.47273)
(16.5067 0 5.13616)
(16.4195 0 4.79479)
(16.2743 0 4.45556)
(16.0785 0 4.1238)
(15.839 0 3.8045)
(15.5634 0 3.50222)
(15.2597 0 3.21859)
(14.9347 0 2.95198)
(14.592 0 2.70076)
(14.233 0 2.46647)
(13.86 0 2.25334)
(13.4785 0 2.06412)
(13.0955 0 1.89635)
(12.7149 0 1.74318)
(12.3357 0 1.59921)
(11.9533 0 1.46298)
(11.5629 0 1.3383)
(11.1617 0 1.23464)
(10.7534 0 1.15825)
(10.345 0 1.10564)
(9.94722 0 1.07183)
(9.44279 0 1.05587)
(14.7399 0 6.3161)
(15.0864 0 6.31717)
(15.4619 0 6.27096)
(15.8217 0 6.17499)
(16.1403 0 6.03204)
(16.4096 0 5.84723)
(16.6258 0 5.62712)
(16.7858 0 5.37924)
(16.8888 0 5.11146)
(16.9364 0 4.83118)
(16.9317 0 4.54486)
(16.8791 0 4.258)
(16.7832 0 3.97555)
(16.6494 0 3.7017)
(16.4833 0 3.439)
(16.2902 0 3.18824)
(16.0736 0 2.94985)
(15.8361 0 2.72548)
(15.5806 0 2.51789)
(15.3114 0 2.32895)
(15.0335 0 2.15754)
(14.7501 0 2.00012)
(14.4611 0 1.85369)
(14.1642 0 1.71785)
(13.8568 0 1.59546)
(13.5382 0 1.49215)
(13.2116 0 1.41202)
(12.8822 0 1.35337)
(12.5578 0 1.31146)
(12.1469 0 1.27922)
(14.6956 0 5.83804)
(15.0123 0 5.84793)
(15.3633 0 5.82367)
(15.7126 0 5.76235)
(16.0393 0 5.66467)
(16.3364 0 5.53288)
(16.5995 0 5.37034)
(16.8242 0 5.1815)
(17.0071 0 4.97151)
(17.147 0 4.74575)
(17.2442 0 4.5094)
(17.3002 0 4.26725)
(17.3173 0 4.02368)
(17.2988 0 3.78256)
(17.2482 0 3.54679)
(17.169 0 3.31832)
(17.0643 0 3.09861)
(16.9365 0 2.88949)
(16.7885 0 2.69314)
(16.6235 0 2.51113)
(16.4452 0 2.3434)
(16.2561 0 2.18849)
(16.0569 0 2.04506)
(15.8468 0 1.91324)
(15.6246 0 1.79516)
(15.3908 0 1.69437)
(15.1478 0 1.61343)
(14.8995 0 1.55133)
(14.6517 0 1.5041)
(14.3327 0 1.46415)
(14.6393 0 5.39309)
(14.9284 0 5.4064)
(15.2524 0 5.3939)
(15.5814 0 5.35304)
(15.8986 0 5.28392)
(16.1988 0 5.18754)
(16.4787 0 5.06563)
(16.7341 0 4.9207)
(16.9611 0 4.75598)
(17.157 0 4.57514)
(17.3205 0 4.38198)
(17.4513 0 4.18029)
(17.55 0 3.97369)
(17.618 0 3.76549)
(17.657 0 3.55857)
(17.6691 0 3.35518)
(17.6565 0 3.15726)
(17.6211 0 2.96674)
(17.565 0 2.78556)
(17.4908 0 2.61525)
(17.4011 0 2.45644)
(17.2978 0 2.30892)
(17.1819 0 2.1724)
(17.0535 0 2.04742)
(16.9123 0 1.93566)
(16.7593 0 1.83948)
(16.5964 0 1.76054)
(16.4264 0 1.69824)
(16.2533 0 1.64961)
(16.0239 0 1.60819)
(14.5733 0 4.97696)
(14.8383 0 4.9915)
(15.1365 0 4.98572)
(15.4429 0 4.95753)
(15.7432 0 4.90685)
(16.034 0 4.83422)
(16.3133 0 4.74057)
(16.5777 0 4.62739)
(16.8236 0 4.49672)
(17.0482 0 4.35105)
(17.2496 0 4.19308)
(17.4266 0 4.02565)
(17.5786 0 3.85162)
(17.7059 0 3.67373)
(17.8089 0 3.4945)
(17.8886 0 3.31617)
(17.9463 0 3.14073)
(17.9832 0 2.97008)
(18.0007 0 2.80605)
(18.0006 0 2.65016)
(17.9847 0 2.50342)
(17.9546 0 2.36634)
(17.911 0 2.23933)
(17.8546 0 2.12319)
(17.7857 0 2.01935)
(17.7052 0 1.9295)
(17.6146 0 1.85485)
(17.5159 0 1.79514)
(17.4118 0 1.74839)
(17.2666 0 1.70977)
(14.4993 0 4.58556)
(14.7433 0 4.60041)
(15.0186 0 4.59882)
(15.3031 0 4.57906)
(15.5848 0 4.54099)
(15.8613 0 4.48489)
(16.1313 0 4.41132)
(16.3926 0 4.32123)
(16.6422 0 4.21598)
(16.8775 0 4.0973)
(17.0968 0 3.96713)
(17.2985 0 3.82762)
(17.4816 0 3.68097)
(17.6456 0 3.52939)
(17.7904 0 3.37502)
(17.9162 0 3.21988)
(18.0234 0 3.06582)
(18.1128 0 2.91465)
(18.1852 0 2.76805)
(18.2418 0 2.62752)
(18.2836 0 2.49425)
(18.3118 0 2.36914)
(18.3271 0 2.253)
(18.3303 0 2.1468)
(18.3219 0 2.05182)
(18.3026 0 1.96942)
(18.2739 0 1.90061)
(18.2368 0 1.84545)
(18.1932 0 1.80293)
(18.1237 0 1.76981)
(14.4186 0 4.21539)
(14.6445 0 4.2301)
(14.8996 0 4.23132)
(15.1644 0 4.21755)
(15.4281 0 4.1886)
(15.689 0 4.14463)
(15.9465 0 4.08595)
(16.199 0 4.01319)
(16.4442 0 3.92729)
(16.68 0 3.8295)
(16.9047 0 3.72129)
(17.1169 0 3.60426)
(17.3155 0 3.48016)
(17.4998 0 3.35078)
(17.6693 0 3.2179)
(17.8238 0 3.08327)
(17.9633 0 2.94857)
(18.0882 0 2.81544)
(18.1987 0 2.68541)
(18.2957 0 2.55993)
(18.3797 0 2.44024)
(18.4517 0 2.32743)
(18.5121 0 2.22251)
(18.5616 0 2.12654)
(18.6009 0 2.04071)
(18.6307 0 1.96624)
(18.6518 0 1.90408)
(18.6654 0 1.85463)
(18.6721 0 1.81764)
(18.6674 0 1.79133)
(14.3328 0 3.86355)
(14.5429 0 3.87786)
(14.7803 0 3.881)
(15.0275 0 3.87166)
(15.2747 0 3.84963)
(15.5205 0 3.81495)
(15.765 0 3.76778)
(16.0067 0 3.70852)
(16.244 0 3.63785)
(16.475 0 3.55667)
(16.6983 0 3.46609)
(16.9127 0 3.36739)
(17.1173 0 3.26193)
(17.311 0 3.1512)
(17.4935 0 3.03667)
(17.6643 0 2.91987)
(17.8233 0 2.80228)
(17.9704 0 2.68535)
(18.1058 0 2.57051)
(18.2299 0 2.45909)
(18.3431 0 2.35234)
(18.446 0 2.2514)
(18.539 0 2.15736)
(18.6226 0 2.07133)
(18.6976 0 1.99445)
(18.7645 0 1.92786)
(18.824 0 1.87255)
(18.877 0 1.82919)
(18.9239 0 1.79815)
(18.9722 0 1.77882)
(14.2434 0 3.5276)
(14.4396 0 3.54134)
(14.6615 0 3.54577)
(14.8931 0 3.53977)
(15.1254 0 3.5231)
(15.3574 0 3.49574)
(15.5892 0 3.45774)
(15.8199 0 3.40934)
(16.0479 0 3.351)
(16.2719 0 3.28339)
(16.4906 0 3.20735)
(16.703 0 3.12389)
(16.908 0 3.03411)
(17.105 0 2.93922)
(17.2933 0 2.84048)
(17.4725 0 2.73919)
(17.6423 0 2.63665)
(17.8026 0 2.53417)
(17.9534 0 2.43304)
(18.0949 0 2.33449)
(18.2273 0 2.23972)
(18.3511 0 2.14988)
(18.4667 0 2.06606)
(18.5744 0 1.98938)
(18.6749 0 1.92094)
(18.7688 0 1.86186)
(18.8567 0 1.81317)
(18.9394 0 1.77575)
(19.0169 0 1.75041)
(19.1068 0 1.73742)
(14.1518 0 3.20548)
(14.3359 0 3.2185)
(14.5442 0 3.22376)
(14.7618 0 3.22027)
(14.9808 0 3.2078)
(15.2002 0 3.18629)
(15.4203 0 3.15571)
(15.6403 0 3.1162)
(15.8591 0 3.06805)
(16.0754 0 3.01175)
(16.2881 0 2.94795)
(16.4963 0 2.87742)
(16.6991 0 2.80106)
(16.8959 0 2.71985)
(17.0859 0 2.63487)
(17.2689 0 2.54722)
(17.4443 0 2.45804)
(17.6121 0 2.3685)
(17.7722 0 2.27975)
(17.9246 0 2.19294)
(18.0695 0 2.1092)
(18.2073 0 2.02963)
(18.3381 0 1.9553)
(18.4626 0 1.88729)
(18.581 0 1.8267)
(18.6942 0 1.77461)
(18.8026 0 1.73209)
(18.907 0 1.70017)
(19.0074 0 1.67992)
(19.1293 0 1.6722)
(14.0598 0 2.8954)
(14.2332 0 2.90759)
(14.4294 0 2.9133)
(14.6348 0 2.91168)
(14.8418 0 2.9025)
(15.0498 0 2.88569)
(15.2591 0 2.86117)
(15.4693 0 2.82899)
(15.6792 0 2.78935)
(15.8877 0 2.74259)
(16.094 0 2.68921)
(16.2972 0 2.62979)
(16.4966 0 2.56506)
(16.6913 0 2.49583)
(16.881 0 2.42297)
(17.0651 0 2.34745)
(17.2432 0 2.27025)
(17.4151 0 2.19239)
(17.5807 0 2.11492)
(17.7401 0 2.03888)
(17.8932 0 1.96531)
(18.0403 0 1.89525)
(18.1817 0 1.82973)
(18.3178 0 1.76979)
(18.4491 0 1.71648)
(18.5761 0 1.67086)
(18.6995 0 1.63401)
(18.8199 0 1.60703)
(18.9375 0 1.59112)
(19.0836 0 1.58748)
(13.969 0 2.59572)
(14.1329 0 2.60699)
(14.3184 0 2.61286)
(14.5129 0 2.61259)
(14.7093 0 2.60599)
(14.9071 0 2.59294)
(15.1067 0 2.57337)
(15.3077 0 2.54728)
(15.5092 0 2.51478)
(15.7104 0 2.47612)
(15.9103 0 2.43165)
(16.1082 0 2.38185)
(16.3035 0 2.32727)
(16.4955 0 2.26857)
(16.6836 0 2.20649)
(16.8674 0 2.14183)
(17.0465 0 2.07544)
(17.2206 0 2.00821)
(17.3896 0 1.94107)
(17.5534 0 1.87495)
(17.7121 0 1.81081)
(17.8658 0 1.74961)
(18.0148 0 1.69231)
(18.1595 0 1.6399)
(18.3002 0 1.59337)
(18.4375 0 1.55374)
(18.5721 0 1.52208)
(18.7047 0 1.49949)
(18.8356 0 1.48721)
(19.0004 0 1.48655)
(13.8809 0 2.305)
(14.0364 0 2.31529)
(14.2126 0 2.32108)
(14.3974 0 2.32175)
(14.5845 0 2.31713)
(14.7731 0 2.3071)
(14.9639 0 2.29159)
(15.1566 0 2.27056)
(15.3504 0 2.24406)
(15.5446 0 2.21228)
(15.7384 0 2.17548)
(15.9311 0 2.13401)
(16.1222 0 2.08831)
(16.311 0 2.03892)
(16.4969 0 1.98644)
(16.6796 0 1.93154)
(16.8587 0 1.87494)
(17.0339 0 1.81741)
(17.2049 0 1.75976)
(17.3718 0 1.70282)
(17.5344 0 1.64745)
(17.693 0 1.59451)
(17.8476 0 1.54491)
(17.9988 0 1.49955)
(18.1468 0 1.45936)
(18.2922 0 1.4253)
(18.4356 0 1.39839)
(18.578 0 1.3797)
(18.7194 0 1.37041)
(18.8991 0 1.37184)
(13.7971 0 2.02171)
(13.9454 0 2.03096)
(14.1132 0 2.03648)
(14.2897 0 2.03776)
(14.4684 0 2.03464)
(14.649 0 2.02703)
(14.8319 0 2.01483)
(15.0172 0 1.99801)
(15.204 0 1.97658)
(15.3918 0 1.95067)
(15.5798 0 1.92046)
(15.7675 0 1.88623)
(15.9544 0 1.84832)
(16.1398 0 1.80716)
(16.3234 0 1.76324)
(16.5046 0 1.71711)
(16.683 0 1.66938)
(16.8585 0 1.6207)
(17.0307 0 1.57177)
(17.1996 0 1.52332)
(17.3651 0 1.4761)
(17.5273 0 1.43088)
(17.6864 0 1.38848)
(17.8427 0 1.34972)
(17.9965 0 1.31546)
(18.1485 0 1.28657)
(18.2992 0 1.26401)
(18.4495 0 1.24876)
(18.5997 0 1.24192)
(18.7915 0 1.24474)
(13.7192 0 1.74475)
(13.861 0 1.7529)
(14.0218 0 1.758)
(14.1909 0 1.75961)
(14.3624 0 1.75761)
(14.5358 0 1.75192)
(14.7119 0 1.74244)
(14.8905 0 1.72913)
(15.0711 0 1.71199)
(15.2531 0 1.69109)
(15.4359 0 1.66659)
(15.6189 0 1.63867)
(15.8018 0 1.60762)
(15.984 0 1.57376)
(16.165 0 1.5375)
(16.3444 0 1.49928)
(16.5219 0 1.4596)
(16.6971 0 1.41901)
(16.8699 0 1.37811)
(17.0401 0 1.33751)
(17.2077 0 1.29787)
(17.3727 0 1.25986)
(17.5353 0 1.22421)
(17.6957 0 1.19163)
(17.8543 0 1.16291)
(18.0117 0 1.13883)
(18.1684 0 1.12023)
(18.3254 0 1.10803)
(18.483 0 1.10318)
(18.6849 0 1.10685)
(13.6484 0 1.47217)
(13.7849 0 1.47917)
(13.9395 0 1.48371)
(14.1023 0 1.48544)
(14.2676 0 1.48424)
(14.435 0 1.48005)
(14.6051 0 1.4728)
(14.7779 0 1.46242)
(14.953 0 1.44891)
(15.1299 0 1.43232)
(15.3079 0 1.41276)
(15.4868 0 1.39037)
(15.666 0 1.36537)
(15.845 0 1.33801)
(16.0236 0 1.3086)
(16.2012 0 1.27751)
(16.3775 0 1.24514)
(16.5522 0 1.21195)
(16.7252 0 1.17842)
(16.8962 0 1.14508)
(17.0653 0 1.11247)
(17.2324 0 1.08117)
(17.3977 0 1.05181)
(17.5614 0 1.025)
(17.7239 0 1.00142)
(17.8857 0 0.981766)
(18.0475 0 0.966773)
(18.21 0 0.957229)
(18.3738 0 0.953977)
(18.5841 0 0.958059)
(13.5862 0 1.20375)
(13.7182 0 1.20957)
(13.8677 0 1.21347)
(14.0252 0 1.21514)
(14.1853 0 1.21451)
(14.3475 0 1.21152)
(14.5125 0 1.2061)
(14.6805 0 1.19821)
(14.8509 0 1.18784)
(15.0233 0 1.175)
(15.1973 0 1.15979)
(15.3725 0 1.14231)
(15.5484 0 1.12271)
(15.7247 0 1.10119)
(15.9009 0 1.078)
(16.0767 0 1.05341)
(16.2518 0 1.02776)
(16.4259 0 1.00139)
(16.5988 0 0.974709)
(16.7703 0 0.948127)
(16.9403 0 0.922101)
(17.109 0 0.897109)
(17.2763 0 0.873656)
(17.4427 0 0.85227)
(17.6083 0 0.833511)
(17.7737 0 0.817966)
(17.9395 0 0.80626)
(18.1067 0 0.799056)
(18.2756 0 0.797059)
(18.4928 0 0.801165)
(13.5342 0 0.935644)
(13.6625 0 0.940229)
(13.8078 0 0.943353)
(13.961 0 0.944795)
(14.1168 0 0.944494)
(14.2748 0 0.942408)
(14.4357 0 0.938483)
(14.5997 0 0.932677)
(14.7662 0 0.924978)
(14.935 0 0.915406)
(15.1056 0 0.90401)
(15.2776 0 0.890869)
(15.4508 0 0.876096)
(15.6246 0 0.859838)
(15.7988 0 0.842274)
(15.973 0 0.823618)
(16.1469 0 0.804113)
(16.3203 0 0.784033)
(16.4929 0 0.763679)
(16.6646 0 0.743381)
(16.8353 0 0.723489)
(17.005 0 0.70438)
(17.1739 0 0.686452)
(17.3422 0 0.670124)
(17.5102 0 0.655844)
(17.6784 0 0.644083)
(17.8475 0 0.635346)
(18.0182 0 0.630174)
(18.1913 0 0.629139)
(18.4137 0 0.633016)
(13.4932 0 0.670986)
(13.6186 0 0.674367)
(13.7607 0 0.67673)
(13.9106 0 0.677903)
(14.0632 0 0.677851)
(14.2179 0 0.676547)
(14.3757 0 0.673951)
(14.5365 0 0.670032)
(14.7 0 0.664778)
(14.8659 0 0.658201)
(15.0338 0 0.650332)
(15.2034 0 0.641224)
(15.3743 0 0.630953)
(15.5462 0 0.61962)
(15.7187 0 0.607349)
(15.8916 0 0.594287)
(16.0645 0 0.580607)
(16.2372 0 0.5665)
(16.4094 0 0.552182)
(16.5811 0 0.537886)
(16.7522 0 0.523865)
(16.9227 0 0.510389)
(17.0926 0 0.497747)
(17.2623 0 0.486248)
(17.4321 0 0.476216)
(17.6024 0 0.468005)
(17.7739 0 0.461993)
(17.9474 0 0.458595)
(18.1237 0 0.458257)
(18.3504 0 0.461599)
(13.4647 0 0.399346)
(13.5882 0 0.401387)
(13.728 0 0.402825)
(13.8755 0 0.403516)
(14.0257 0 0.403457)
(14.1781 0 0.402646)
(14.3335 0 0.401063)
(14.4921 0 0.398687)
(14.6534 0 0.39551)
(14.8172 0 0.391541)
(14.9832 0 0.386798)
(15.1509 0 0.381314)
(15.3201 0 0.375133)
(15.4905 0 0.368316)
(15.6617 0 0.360938)
(15.8335 0 0.353086)
(16.0055 0 0.344864)
(16.1775 0 0.336388)
(16.3494 0 0.327787)
(16.5209 0 0.319204)
(16.6921 0 0.310791)
(16.8628 0 0.302714)
(17.0333 0 0.29515)
(17.2038 0 0.288288)
(17.3745 0 0.282331)
(17.5461 0 0.277502)
(17.7191 0 0.274049)
(17.8944 0 0.272269)
(18.0728 0 0.272543)
(18.3015 0 0.275629)
(13.2286 0 0.134776)
(13.3484 0 0.135688)
(13.4842 0 0.136388)
(13.6277 0 0.136808)
(13.7738 0 0.136959)
(13.9221 0 0.136845)
(14.0733 0 0.136457)
(14.2276 0 0.135785)
(14.3847 0 0.134826)
(14.5441 0 0.133582)
(14.7056 0 0.132057)
(14.8688 0 0.130262)
(15.0335 0 0.128211)
(15.1992 0 0.125926)
(15.3657 0 0.12343)
(15.5327 0 0.120756)
(15.6998 0 0.117937)
(15.8669 0 0.115016)
(16.0336 0 0.112038)
(16.2 0 0.109053)
(16.3659 0 0.106116)
(16.5312 0 0.103285)
(16.6962 0 0.100625)
(16.8611 0 0.0982039)
(17.0262 0 0.0960954)
(17.192 0 0.0943826)
(17.3593 0 0.0931626)
(17.529 0 0.0925638)
(17.7022 0 0.0927855)
(17.9264 0 0.0944241)
)
;

boundaryField
{
    inlet
    {
        type            fixedValue;
        value           uniform (10 0 0);
    }
    outlet
    {
        type            zeroGradient;
    }
    flap
    {
        type            movingWallVelocity;
        value           nonuniform List<vector> 
33
(
(0 0 6.93889e-16)
(0 0 0)
(0 0 0)
(0 0 0)
(0 0 0)
(0 0 0)
(0 0 0)
(0 0 0)
(0 0 0)
(0 0 0)
(0 0 0)
(0 0 -1.11022e-14)
(0 0 -1.11022e-14)
(0 0 -1.11022e-14)
(0 0 -2.22045e-14)
(6.93889e-16 -2.77556e-15 0)
(0 -2.77556e-15 0)
(0 0 0)
(0 0 6.93889e-16)
(0 0 0)
(0 0 0)
(0 0 0)
(0 0 0)
(0 0 0)
(0 0 -5.55112e-15)
(0 0 0)
(0 0 -1.11022e-14)
(0 0 0)
(0 0 0)
(0 0 0)
(0 0 0)
(0 -2.77556e-15 -1.11022e-14)
(0 0 -1.11022e-14)
)
;
    }
    upperWall
    {
        type            noSlip;
    }
    lowerWall
    {
        type            noSlip;
    }
    frontAndBack
    {
        type            empty;
    }
}


// ************************************************************************* //
