/*--------------------------------*- C++ -*----------------------------------*\
  =========                 |
  \\      /  F ield         | OpenFOAM: The Open Source CFD Toolbox
   \\    /   O peration     | Website:  https://openfoam.org
    \\  /    A nd           | Version:  dev
     \\/     M anipulation  |
\*---------------------------------------------------------------------------*/
FoamFile
{
    version     2.0;
    format      ascii;
    class       surfaceScalarField;
    location    "3.9";
    object      phi;
}
// * * * * * * * * * * * * * * * * * * * * * * * * * * * * * * * * * * * * * //

dimensions      [0 3 -1 0 0 0 0];

internalField   nonuniform List<scalar> 
5457
(
0.198418
0.00158236
0.19648
0.00193733
0.194192
0.00228803
0.191509
0.0026835
0.188428
0.0030811
0.184951
0.00347665
0.181073
0.00387844
0.176779
0.00429386
0.172051
0.00472805
0.166866
0.00518502
0.161197
0.00566828
0.155017
0.00618078
0.148292
0.00672469
0.140991
0.00730104
0.133082
0.00790918
0.124536
0.00854612
0.11533
0.00920555
0.105453
0.00987685
0.0949094
0.0105438
0.0837261
0.0111833
0.0719617
0.0117644
0.0597135
0.0122482
0.0471248
0.0125887
0.0343845
0.0127403
0.0216893
0.0126952
0.00903897
0.0126503
-0.00291534
0.0119543
-0.00847187
0.00555652
-0.00804293
-0.000428937
-0.00804293
0.199928
0.00165418
0.199176
0.00268973
0.197965
0.00349891
0.196332
0.00431661
0.194272
0.00514106
0.191782
0.00596662
0.188855
0.0068053
0.185478
0.00767058
0.181634
0.00857279
0.177298
0.00952023
0.172446
0.0105202
0.167048
0.0115789
0.161072
0.0127012
0.154483
0.0138897
0.147248
0.0151439
0.139336
0.0164589
0.130718
0.0178231
0.121378
0.0192167
0.111314
0.0206083
0.100544
0.0219528
0.0891199
0.0231887
0.0771323
0.0242357
0.0647264
0.0249946
0.0521188
0.0253479
0.0396582
0.0251558
0.0281077
0.0242009
0.0185969
0.0214651
0.0087989
0.0153545
0.00118434
0.00718563
-0.0068586
0.199781
0.0018736
0.199087
0.00338354
0.197946
0.00463979
0.196409
0.00585316
0.194483
0.00706712
0.192164
0.00828557
0.189447
0.00952261
0.186322
0.0107959
0.182774
0.0121205
0.178785
0.0135089
0.174333
0.0149721
0.169392
0.0165197
0.163934
0.0181595
0.157927
0.0198966
0.151339
0.0217319
0.144138
0.0236603
0.136293
0.0256683
0.127779
0.0277303
0.118583
0.0298049
0.108705
0.0318305
0.0981732
0.0337204
0.087051
0.0353579
0.0754543
0.0365914
0.0635771
0.0372251
0.051735
0.0369979
0.0403993
0.0355365
0.0297408
0.0321237
0.0191673
0.025928
0.00959839
0.0167545
0.00273979
0.199703
0.00217052
0.199008
0.00407882
0.197887
0.00576027
0.196376
0.00736401
0.194488
0.00895516
0.192223
0.0105515
0.189575
0.0121702
0.186539
0.0138318
0.183105
0.0155548
0.179258
0.0173553
0.174984
0.0192469
0.170261
0.0212421
0.16507
0.023351
0.159386
0.0255805
0.153184
0.0279333
0.14644
0.0304052
0.139125
0.0329824
0.131218
0.0356373
0.1227
0.0383238
0.113559
0.0409711
0.103802
0.0434771
0.0934597
0.0457004
0.0825985
0.0474526
0.0713356
0.048488
0.0598435
0.0484901
0.0483191
0.0470609
0.0368127
0.04363
0.0251891
0.0375516
0.0133362
0.0286074
0.0160759
0.199667
0.00250309
0.198964
0.00478205
0.197863
0.00686154
0.196381
0.00884564
0.194533
0.0108039
0.192318
0.012766
0.189734
0.0147539
0.186776
0.0167903
0.183434
0.0188964
0.179699
0.0210908
0.175556
0.0233897
0.170991
0.025807
0.165988
0.0283545
0.160528
0.0310405
0.154592
0.0338686
0.148162
0.0368355
0.141216
0.0399279
0.133735
0.0431185
0.125699
0.0463604
0.11709
0.0495802
0.107896
0.0526703
0.0981174
0.0554792
0.0877675
0.0578025
0.0768814
0.0593741
0.0655112
0.0598603
0.0537102
0.058862
0.0414557
0.0558845
0.0285889
0.0504184
0.014853
0.0423434
0.0309289
0.199653
0.00285028
0.198949
0.00548608
0.197871
0.00793945
0.196427
0.0102898
0.194627
0.0126038
0.192473
0.0149194
0.189964
0.0172634
0.187093
0.019661
0.183854
0.0221356
0.180237
0.0247079
0.17623
0.027396
0.171822
0.0302155
0.166997
0.0331791
0.161742
0.0362962
0.156039
0.0395712
0.149873
0.0430018
0.143225
0.0465758
0.136076
0.0502676
0.128404
0.0540324
0.120184
0.0577996
0.11139
0.0614645
0.101992
0.0648779
0.0919575
0.0678366
0.0812567
0.0700749
0.0698567
0.0712602
0.0577191
0.0709996
0.0447624
0.0688411
0.0308504
0.0643305
0.0158738
0.05732
0.0468027
0.19965
0.00320021
0.198954
0.00618204
0.197905
0.00898904
0.196505
0.0116894
0.194763
0.014346
0.192681
0.0170014
0.190257
0.019687
0.187488
0.0224305
0.184366
0.0252575
0.180883
0.0281907
0.177029
0.0312498
0.172793
0.0344519
0.168161
0.037811
0.163119
0.0413376
0.157653
0.0450372
0.151746
0.0489091
0.145379
0.0529431
0.13853
0.0571168
0.131172
0.0613903
0.123271
0.0657002
0.114785
0.0699509
0.105657
0.0740055
0.0958195
0.0776743
0.085189
0.0807055
0.0736709
0.0827783
0.0611638
0.0835066
0.0475572
0.0824478
0.03276
0.0791276
0.0167836
0.0732964
0.0635863
0.199655
0.00354555
0.198975
0.00686214
0.197959
0.0100048
0.19661
0.0130381
0.194934
0.016022
0.192934
0.0190019
0.190608
0.022013
0.187953
0.0250856
0.184963
0.0282474
0.181631
0.0315227
0.177947
0.0349331
0.173902
0.0384971
0.169483
0.0422303
0.164676
0.0461448
0.159465
0.0502479
0.153833
0.0545411
0.147758
0.059018
0.141214
0.0636612
0.134166
0.0684383
0.126569
0.0732966
0.118364
0.0781558
0.109472
0.082898
0.0997894
0.0873569
0.0891903
0.0913046
0.0775281
0.0944405
0.0646501
0.0963846
0.0504198
0.0966781
0.0347699
0.0947775
0.0177907
0.0902756
0.081377
0.199664
0.00388137
0.199006
0.00751993
0.19803
0.010981
0.196739
0.0143295
0.195137
0.017624
0.193227
0.0209117
0.191009
0.0242308
0.188481
0.0276142
0.185637
0.0310913
0.182471
0.0346883
0.178976
0.0384284
0.175141
0.0423318
0.170956
0.046416
0.166405
0.0506949
0.161475
0.0551787
0.156143
0.0598722
0.150387
0.064774
0.144175
0.0698737
0.137464
0.0751494
0.130198
0.0805627
0.1223
0.0860531
0.11367
0.0915288
0.104171
0.096855
0.0936373
0.101839
0.0818681
0.10621
0.0686527
0.1096
0.0538049
0.111526
0.0372388
0.111344
0.0190846
0.10843
0.100462
0.199677
0.00420414
0.199047
0.00815016
0.198116
0.0119123
0.196887
0.0155578
0.195367
0.0191448
0.193556
0.0227222
0.191456
0.0263306
0.189065
0.0300049
0.18638
0.0337764
0.183396
0.037673
0.180105
0.0417195
0.176499
0.0459378
0.172567
0.0503475
0.168297
0.0549648
0.163673
0.0598032
0.158673
0.0648721
0.15327
0.0701762
0.14743
0.0757142
0.141103
0.0814766
0.134222
0.087443
0.126699
0.0935769
0.118408
0.0998192
0.109187
0.106076
0.0988233
0.112203
0.0870566
0.117976
0.073594
0.123063
0.0581523
0.126968
0.040555
0.128941
0.0209031
0.128082
0.121365
0.199693
0.00451121
0.199095
0.00874853
0.198213
0.0127939
0.197053
0.0167174
0.19562
0.0205782
0.193916
0.024426
0.191943
0.0283036
0.1897
0.0322477
0.187185
0.0362914
0.184395
0.0404638
0.181322
0.0447915
0.177962
0.0492982
0.174304
0.0540053
0.170337
0.0589319
0.166045
0.064095
0.161408
0.0695092
0.156398
0.0751862
0.150978
0.0811349
0.145094
0.0873601
0.138676
0.0938616
0.131621
0.100631
0.123793
0.107648
0.115
0.114869
0.104987
0.122215
0.093424
0.129539
0.0799034
0.136583
0.0639732
0.142898
0.0452392
0.147675
0.0236143
0.149707
0.144979
0.199711
0.00480052
0.199148
0.00931154
0.19832
0.0136215
0.197234
0.0178037
0.195894
0.0219183
0.194303
0.0260164
0.192465
0.030142
0.190379
0.0343339
0.188044
0.0386261
0.185459
0.0430493
0.182619
0.0476315
0.179519
0.0523978
0.176152
0.0573718
0.172509
0.0625753
0.168575
0.0680288
0.164332
0.0737521
0.159754
0.0797643
0.154804
0.0860848
0.149431
0.0927334
0.143562
0.0997309
0.137094
0.107099
0.129882
0.11486
0.12172
0.123031
0.11232
0.131615
0.101279
0.14058
0.0880523
0.14981
0.0719303
0.15902
0.0520928
0.167512
0.0278898
0.17391
0.172869
0.19973
0.00507045
0.199205
0.00983632
0.198435
0.0143915
0.197427
0.0188124
0.196185
0.0231604
0.194713
0.0274876
0.193016
0.0318394
0.191094
0.0362557
0.188948
0.0407719
0.186578
0.0454197
0.183981
0.050228
0.181156
0.0552236
0.178096
0.0604316
0.174795
0.0658763
0.171242
0.0715816
0.167422
0.0775719
0.163313
0.0838732
0.158883
0.0905146
0.154087
0.0975296
0.148859
0.104959
0.143103
0.112855
0.136683
0.12128
0.129397
0.130317
0.120948
0.140064
0.11089
0.150637
0.0985522
0.162148
0.0829114
0.174661
0.0624458
0.187978
0.035132
0.201223
0.208001
0.199751
0.00531975
0.199266
0.0103206
0.198557
0.0151009
0.197629
0.0197399
0.19649
0.0243002
0.195142
0.0288349
0.193591
0.0333903
0.19184
0.0380072
0.18989
0.0427219
0.187743
0.0475669
0.185399
0.052572
0.182857
0.0577649
0.180117
0.0631721
0.177174
0.0688197
0.174021
0.0747342
0.170649
0.0809438
0.167042
0.0874801
0.163177
0.0943797
0.159019
0.101688
0.154517
0.109461
0.149596
0.117776
0.144145
0.126731
0.137997
0.136465
0.130892
0.14717
0.122415
0.159114
0.111872
0.172692
0.0980317
0.188501
0.0785532
0.207457
0.0486776
0.231099
0.256678
0.199772
0.00554745
0.19933
0.0107625
0.198684
0.0157474
0.19784
0.0205835
0.196806
0.0253347
0.195586
0.0300546
0.194186
0.0347904
0.19261
0.0395835
0.190861
0.0444707
0.188943
0.049485
0.186858
0.0546565
0.18461
0.0600137
0.182198
0.0655836
0.179624
0.0713936
0.176887
0.0774718
0.173982
0.0838487
0.170902
0.0905594
0.167637
0.0976454
0.164165
0.105159
0.16046
0.113167
0.156476
0.12176
0.152148
0.131059
0.147376
0.141238
0.142001
0.152544
0.135761
0.165354
0.128184
0.180268
0.118331
0.198354
0.103949
0.221839
0.0777204
0.257328
0.334399
0.00412149
-0.00412149
0.0080371
-0.00391561
0.0113145
-0.00327739
0.0139736
-0.00265915
0.016121
-0.0021474
0.0178606
-0.00173953
0.019281
-0.00142044
0.0204571
-0.00117611
0.0214504
-0.000993275
0.0223097
-0.000859279
0.023072
-0.000762335
0.0237633
-0.000691242
0.0243984
-0.000635096
0.0249821
-0.000583709
0.025511
-0.000528978
0.0259777
-0.000466657
0.0263746
-0.000396904
0.0266963
-0.000321727
0.026936
-0.000239633
0.0270794
-0.000143427
0.027111
-3.16526e-05
0.0270126
9.8444e-05
0.0268058
0.000206758
0.0265445
0.000261298
0.0262951
0.00024942
0.0260967
0.000198441
0.025962
0.000134665
0.0259017
6.03554e-05
0.0259288
-2.71158e-05
-0.000121728
0.00366063
-0.00778213
0.00721819
-0.00747316
0.0102561
-0.0063153
0.0127856
-0.00518865
0.014903
-0.00426475
0.0166968
-0.00353341
0.0182398
-0.00296343
0.0195908
-0.00252713
0.0207972
-0.00219963
0.0218963
-0.00195837
0.0229169
-0.0017829
0.0238797
-0.00165409
0.024798
-0.00155342
0.0256777
-0.00146342
0.0265185
-0.0013697
0.0273161
-0.0012643
0.0280668
-0.00114764
0.0287707
-0.00102559
0.0294307
-0.000899605
0.0300447
-0.000757437
0.0305915
-0.00057846
0.0310501
-0.000360117
0.0314138
-0.000157034
0.0317162
-4.10552e-05
0.0320064
-4.07618e-05
0.0323118
-0.000107021
0.0326407
-0.000194196
0.0329926
-0.000291508
0.0333526
-0.000387116
-0.000411062
0.00296777
-0.0107499
0.00576683
-0.0102722
0.00811503
-0.00866351
0.0100581
-0.0071317
0.0116864
-0.0058931
0.0130705
-0.0049175
0.0142661
-0.00415904
0.0153168
-0.0035778
0.016257
-0.00313978
0.017114
-0.00281547
0.0179097
-0.00257857
0.0186601
-0.00240446
0.0193758
-0.00226914
0.0200618
-0.00214945
0.0207177
-0.00202554
0.0213388
-0.00188546
0.0219206
-0.00172946
0.0224636
-0.00156858
0.0229755
-0.00141142
0.0234639
-0.00124584
0.023924
-0.00103856
0.0243384
-0.00077461
0.0246875
-0.000506055
0.0249715
-0.000325105
0.0252212
-0.000290451
0.0254477
-0.000333496
0.0256459
-0.000392466
0.025822
-0.000467603
0.0259945
-0.000559573
-0.000563941
0.00222217
-0.0129721
0.00413552
-0.0121856
0.0056539
-0.0101819
0.00687707
-0.00835486
0.00788689
-0.00690293
0.00873184
-0.00576246
0.00944846
-0.00487566
0.0100639
-0.0041932
0.0105994
-0.00367535
0.0110727
-0.0032887
0.0114978
-0.00300373
0.0118863
-0.00279292
0.0122466
-0.00262944
0.0125841
-0.00248697
0.0129002
-0.00234159
0.013191
-0.00217626
0.0134488
-0.00198729
0.0136677
-0.00178748
0.0138533
-0.00159698
0.0140254
-0.00141799
0.0141984
-0.00121152
0.0143498
-0.000925995
0.0144032
-0.000559479
0.0142931
-0.000215059
0.0140392
-3.65252e-05
0.0137121
-6.38794e-06
0.0133392
-1.95501e-05
0.0129396
-6.80213e-05
0.0125673
-0.000187232
-0.000431561
0.00137104
-0.0143431
0.00230651
-0.013121
0.00292639
-0.0108018
0.00334699
-0.00877546
0.00364826
-0.00720419
0.00385396
-0.00596816
0.00398385
-0.00500555
0.00405254
-0.00426189
0.00407211
-0.00369492
0.00405238
-0.00326897
0.00400167
-0.00295302
0.0039274
-0.00271864
0.00383614
-0.00253818
0.00373393
-0.00238477
0.0036259
-0.00223355
0.00351376
-0.00206413
0.00339106
-0.00186459
0.00323741
-0.00163383
0.00302014
-0.00137971
0.00271347
-0.00111132
0.002322
-0.000820051
0.00188572
-0.000489713
0.00148408
-0.00015784
0.00118292
8.61023e-05
0.00097748
0.000168914
0.000840833
0.000130259
0.000754946
6.63364e-05
0.00067675
1.01744e-05
0.000581954
-9.24355e-05
-0.000345361
0.000392489
-0.0147356
0.000291565
-0.0130201
-6.29639e-05
-0.0104472
-0.000456581
-0.00838185
-0.000929579
-0.0067312
-0.0014423
-0.00545544
-0.00197832
-0.00446953
-0.00252406
-0.00371615
-0.0030711
-0.00314788
-0.0036138
-0.00272627
-0.00414778
-0.00241904
-0.00466904
-0.00219739
-0.00517389
-0.00203333
-0.00565857
-0.00190009
-0.0061179
-0.00177422
-0.00654451
-0.00163751
-0.00693031
-0.00147879
-0.0072702
-0.00129395
-0.00756675
-0.00108316
-0.00783062
-0.000847456
-0.0080653
-0.000585372
-0.00825785
-0.000297161
-0.0083891
-2.65933e-05
-0.00848595
0.000182956
-0.00858554
0.000268498
-0.00870579
0.000250517
-0.00883368
0.000194222
-0.00894997
0.000126467
-0.00903167
-1.07413e-05
-0.000250037
-0.000673004
-0.0140626
-0.00183879
-0.0118543
-0.00311468
-0.00917134
-0.00442269
-0.00707384
-0.00570143
-0.00545246
-0.00692468
-0.00423219
-0.00807071
-0.0033235
-0.00912922
-0.00265763
-0.0100951
-0.00218199
-0.0109684
-0.00185298
-0.0117538
-0.0016336
-0.012459
-0.00149224
-0.0130925
-0.00139982
-0.0136623
-0.00133026
-0.0141736
-0.00126291
-0.0146277
-0.00118345
-0.0150229
-0.00108358
-0.0153583
-0.000958614
-0.0156371
-0.000804313
-0.0158682
-0.000616396
-0.01606
-0.000393567
-0.0162158
-0.000141361
-0.0163353
9.29209e-05
-0.0164269
0.000274611
-0.0165263
0.000367863
-0.0166488
0.00037299
-0.0167834
0.00032881
-0.0169061
0.000249162
-0.0170061
8.92992e-05
-0.000115128
-0.00182042
-0.0122422
-0.00404509
-0.00962966
-0.00626995
-0.00694649
-0.008402
-0.00494178
-0.0103642
-0.00349022
-0.0121236
-0.0024728
-0.0136707
-0.00177647
-0.0150167
-0.00131156
-0.0161829
-0.00101584
-0.0171932
-0.000842614
-0.0180717
-0.000755161
-0.018839
-0.000724953
-0.0195127
-0.000726045
-0.0201083
-0.00073467
-0.020637
-0.000734266
-0.0211048
-0.000715581
-0.0215135
-0.000674963
-0.0218625
-0.000609586
-0.0221537
-0.000513055
-0.0223937
-0.000376409
-0.0225918
-0.000195504
-0.0227501
1.69881e-05
-0.0228817
0.000224483
-0.0229974
0.000390335
-0.0231141
0.000484495
-0.0232437
0.000502607
-0.0233825
0.000467662
-0.0235174
0.000384063
-0.0236548
0.000226688
5.92802e-05
-0.00309007
-0.0091521
-0.00642834
-0.00629139
-0.00956002
-0.00381481
-0.0123838
-0.00211801
-0.0148463
-0.00102773
-0.0169572
-0.000361905
-0.0187429
9.28886e-06
-0.0202258
0.000171351
-0.0214525
0.000210757
-0.0224809
0.000185789
-0.0233613
0.000125327
-0.0241309
4.45851e-05
-0.024811
-4.59041e-05
-0.0254144
-0.000131312
-0.0259513
-0.000197295
-0.02643
-0.000236915
-0.0268524
-0.000252628
-0.0272164
-0.00024558
-0.0275217
-0.000207693
-0.0277741
-0.000124034
-0.027983
1.33601e-05
-0.0281568
0.000190836
-0.0283104
0.000378105
-0.028456
0.000535911
-0.028601
0.000629476
-0.0287514
0.000653
-0.0289064
0.000622685
-0.0290653
0.000542992
-0.0292441
0.000405488
0.00027031
-0.0046567
-0.00449541
-0.00953199
-0.0014161
-0.0137494
0.000402647
-0.0171796
0.00131214
-0.0199013
0.00169395
-0.022047
0.0017838
-0.0237499
0.0017122
-0.0251314
0.00155289
-0.0262771
0.00135642
-0.0272405
0.00114921
-0.028062
0.000946847
-0.0287704
0.00075299
-0.029389
0.000572611
-0.0299388
0.000418564
-0.0304371
0.000300994
-0.030892
0.000218019
-0.0313027
0.000157988
-0.0316623
0.000114075
-0.0319665
9.64783e-05
-0.0322189
0.000128331
-0.0324318
0.000226335
-0.0326239
0.000382896
-0.0328089
0.00056315
-0.0329911
0.000718113
-0.033172
0.000810317
-0.0333514
0.000832468
-0.0335292
0.000800402
-0.0337105
0.000724295
-0.0339116
0.000606612
0.000501225
-0.0065673
0.00207189
-0.012297
0.0043136
-0.0167733
0.00487898
-0.0202823
0.00482107
-0.0230739
0.0044856
-0.0253016
0.00401148
-0.0270905
0.00350114
-0.0285406
0.00300299
-0.029727
0.00254282
-0.0307169
0.00213906
-0.0315634
0.00179338
-0.0322998
0.00148935
-0.0329438
0.00121664
-0.0335108
0.000985524
-0.0340196
0.000809816
-0.034485
0.000683396
-0.0349079
0.000580946
-0.0352781
0.00048429
-0.0355878
0.000406161
-0.0358442
0.000384726
-0.0360685
0.000450618
-0.0362829
0.000597319
-0.0364999
0.000780161
-0.0367204
0.000938609
-0.036938
0.00102793
-0.0371456
0.00104002
-0.037342
0.000996859
-0.0375381
0.000920335
-0.0377531
0.000821666
0.000745423
-0.00775723
0.00982913
-0.0142019
0.0107582
-0.0192205
0.00989764
-0.0230696
0.00867015
-0.0260096
0.00742558
-0.0282751
0.00627702
-0.0300548
0.00528081
-0.0314797
0.0044279
-0.0326345
0.0036976
-0.0335934
0.00309801
-0.0344211
0.00262108
-0.0351518
0.00222004
-0.0357939
0.00185876
-0.0363577
0.00154931
-0.0368676
0.00131969
-0.0373459
0.00116167
-0.0377924
0.00102751
-0.0381863
0.000878194
-0.0385096
0.000729423
-0.0387696
0.000644693
-0.0389972
0.000678295
-0.0392253
0.000825346
-0.0394694
0.0010243
-0.0397257
0.00119489
-0.0399782
0.00128041
-0.0402114
0.00127322
-0.0404231
0.00120859
-0.0406295
0.00112677
-0.0408544
0.00104653
0.000998578
-0.00928786
0.019117
-0.0169301
0.0184004
-0.0223537
0.0153213
-0.0262057
0.0125221
-0.0290371
0.010257
-0.0311455
0.00838548
-0.0327714
0.00690667
-0.0340747
0.0057312
-0.0351248
0.00474774
-0.0359924
0.00396555
-0.0367608
0.00338952
-0.0374664
0.00292558
-0.0380938
0.00248618
-0.0386374
0.00209295
-0.0391309
0.00181319
-0.0396127
0.00164347
-0.0400823
0.00149707
-0.0405002
0.00129607
-0.0408294
0.00105869
-0.0410769
0.000892196
-0.0412914
0.000892747
-0.0415228
0.00105676
-0.0417913
0.00129276
-0.0420852
0.00148879
-0.0423755
0.00157074
-0.0426353
0.00153299
-0.0428596
0.00143297
-0.0430719
0.00133898
-0.0433022
0.00127686
0.00125679
-0.0121127
0.0312297
-0.0212604
0.0275481
-0.0265962
0.0206571
-0.0298709
0.0157968
-0.0322733
0.0126594
-0.0339868
0.0100989
-0.0352772
0.00819713
-0.0363617
0.00681562
-0.0372457
0.00563176
-0.0379583
0.00467817
-0.0386252
0.00405643
-0.0392971
0.00359746
-0.0399059
0.00309499
-0.0404083
0.00259537
-0.0408579
0.00226276
-0.0413293
0.00211489
-0.0418251
0.00199285
-0.0422734
0.00174438
-0.0426023
0.00138759
-0.0428159
0.00110582
-0.0429947
0.00107152
-0.0432182
0.00128032
-0.0435113
0.00158585
-0.0438491
0.00182654
-0.0441836
0.00190532
-0.0444719
0.00182121
-0.0447041
0.00166525
-0.0449146
0.00154945
-0.0451454
0.00150761
0.00151586
-0.0170984
0.048328
-0.0281105
0.0385602
-0.0326146
0.0251612
-0.0340939
0.0172761
-0.0357276
0.0142931
-0.0367696
0.011141
-0.0374858
0.00891336
-0.0383054
0.00763519
-0.0390359
0.00636231
-0.0395198
0.00516203
-0.0400156
0.00455225
-0.0406553
0.00423718
-0.0412574
0.00369706
-0.0416944
0.00303232
-0.0420582
0.00262655
-0.0425043
0.00256101
-0.0430448
0.00253335
-0.0435472
0.00224685
-0.0438757
0.00171608
-0.0440246
0.00125468
-0.0441348
0.00118169
-0.0443372
0.00148272
-0.0446592
0.00190786
-0.045052
0.0022194
-0.045441
0.0022943
-0.0457606
0.00214075
-0.045993
0.00189768
-0.0461896
0.0017461
-0.0464155
0.00173344
0.00177247
0.207447
0.00576022
0.207034
0.0111751
0.206432
0.01635
0.205647
0.021368
0.204688
0.026294
0.20356
0.0311821
0.202271
0.03608
0.200825
0.0410293
0.199229
0.0460671
0.197487
0.0512264
0.195606
0.0565374
0.193591
0.0620286
0.191448
0.0677272
0.189181
0.0736606
0.186795
0.0798573
0.184295
0.0863488
0.181684
0.0931707
0.178963
0.100366
0.176133
0.107989
0.173191
0.116109
0.170135
0.124816
0.166959
0.134235
0.163658
0.144538
0.160235
0.155968
0.156712
0.168877
0.153185
0.183795
0.15002
0.201518
0.148899
0.222959
0.160631
0.245596
0.25872
0.23631
0.21249
0.00595266
0.212118
0.011548
0.211574
0.0168936
0.210868
0.022074
0.210007
0.0271545
0.209
0.0321897
0.207853
0.0372272
0.206573
0.0423086
0.20517
0.0474708
0.203649
0.0527465
0.202021
0.0581656
0.200294
0.0637556
0.198478
0.0695433
0.196583
0.0755553
0.194622
0.0818191
0.192606
0.0883646
0.190551
0.0952261
0.188473
0.102444
0.186395
0.110067
0.184345
0.118159
0.182363
0.126798
0.18051
0.136088
0.178886
0.146162
0.177662
0.157191
0.177161
0.169378
0.178038
0.182919
0.18171
0.197846
0.190784
0.213885
0.20627
0.23011
0.245591
0.219399
0.217658
0.00612261
0.217329
0.011877
0.21685
0.0173723
0.21623
0.0226937
0.215478
0.0279069
0.214601
0.0330664
0.213609
0.0382195
0.21251
0.0434074
0.211314
0.0486663
0.210033
0.0540283
0.208676
0.0595219
0.207258
0.0651739
0.205792
0.0710092
0.204295
0.0770525
0.202785
0.0833291
0.201284
0.0898656
0.199818
0.0966917
0.19842
0.103842
0.197133
0.111355
0.196011
0.119281
0.195133
0.127676
0.194612
0.136608
0.194619
0.146155
0.195418
0.156393
0.197418
0.167378
0.201231
0.179106
0.207626
0.191451
0.217263
0.204248
0.229859
0.217515
0.228673
0.246777
0.222951
0.00626808
0.22267
0.0121583
0.222262
0.0177805
0.221735
0.0232201
0.2211
0.0285426
0.220364
0.0338021
0.219538
0.0390453
0.218633
0.0443126
0.21766
0.0496392
0.216633
0.0550558
0.215565
0.0605896
0.214474
0.0662653
0.213377
0.0721055
0.212297
0.0781322
0.21126
0.0843667
0.210294
0.090831
0.209438
0.0975481
0.208736
0.104543
0.208248
0.111844
0.208049
0.119479
0.208243
0.127482
0.208969
0.135882
0.210421
0.144703
0.212863
0.153951
0.216641
0.163601
0.222173
0.173574
0.229908
0.183715
0.240417
0.193739
0.254615
0.203317
0.210194
0.273094
0.228374
0.00638722
0.228144
0.0123884
0.227812
0.0181131
0.227385
0.0236465
0.226874
0.0290535
0.226289
0.0343874
0.22564
0.039694
0.22494
0.0450125
0.224203
0.0503768
0.223443
0.0558157
0.222678
0.0613544
0.221928
0.0670152
0.221216
0.0728179
0.220567
0.0787804
0.220015
0.0849196
0.219594
0.0912512
0.219352
0.0977907
0.219342
0.104553
0.219636
0.11155
0.22032
0.118795
0.221507
0.126295
0.223343
0.134046
0.226012
0.142034
0.229745
0.150218
0.234821
0.158524
0.241569
0.166826
0.250366
0.174918
0.261659
0.182447
0.275919
0.189057
0.193664
0.292448
0.233929
0.00647835
0.233754
0.0125639
0.233502
0.0183654
0.233181
0.0239669
0.232802
0.0294324
0.232375
0.0348142
0.231913
0.0401565
0.231428
0.0454973
0.230936
0.0508685
0.230455
0.0562971
0.230004
0.0618057
0.229605
0.0674136
0.229286
0.0731371
0.229077
0.07899
0.229012
0.0849838
0.229136
0.0911278
0.229498
0.0974289
0.230159
0.103891
0.231194
0.110515
0.232695
0.117295
0.234773
0.124217
0.237563
0.131255
0.24123
0.138367
0.245966
0.145482
0.251991
0.1525
0.259546
0.15927
0.268873
0.16559
0.280151
0.171169
0.293473
0.175735
0.178776
0.308361
0.23962
0.00653996
0.239502
0.0126821
0.239334
0.0185333
0.239124
0.0241761
0.238884
0.0296733
0.238622
0.0350754
0.238353
0.0404254
0.238092
0.0457591
0.237854
0.0511066
0.237658
0.0564923
0.237528
0.0619362
0.237487
0.0674545
0.237564
0.0730596
0.237793
0.0787609
0.238213
0.0845642
0.238868
0.0904725
0.239812
0.0964846
0.241109
0.102595
0.242831
0.108793
0.245067
0.115059
0.24792
0.121364
0.251509
0.127666
0.25597
0.133906
0.261451
0.140001
0.268109
0.145842
0.276094
0.151286
0.285525
0.15616
0.296446
0.160248
0.308847
0.163335
0.165154
0.322468
0.245448
0.00657079
0.24539
0.0127404
0.24531
0.0186133
0.245216
0.0242699
0.245118
0.029771
0.245028
0.0351657
0.244959
0.0404948
0.244926
0.0457923
0.244947
0.0510856
0.245042
0.0563969
0.245235
0.0617432
0.245552
0.0671373
0.246024
0.0725879
0.246685
0.0780997
0.247576
0.0836737
0.248741
0.0893065
0.250236
0.0949902
0.25212
0.100711
0.254463
0.106449
0.257346
0.112176
0.260856
0.117853
0.265094
0.123429
0.270162
0.128838
0.276167
0.133996
0.28321
0.138799
0.29137
0.143126
0.300694
0.146835
0.311172
0.14977
0.322735
0.151771
0.152708
0.335182
0.251418
0.00656984
0.251422
0.012737
0.251432
0.0186027
0.251457
0.0242448
0.251506
0.029722
0.251591
0.0350812
0.251725
0.0403611
0.251923
0.0455934
0.252206
0.0508032
0.252593
0.0560099
0.253109
0.0612276
0.25378
0.0664658
0.254638
0.0717296
0.255718
0.0770196
0.25706
0.0823321
0.258708
0.0876586
0.260712
0.0929856
0.26313
0.0982934
0.266024
0.103556
0.269461
0.108739
0.273516
0.113799
0.278264
0.118681
0.28378
0.123322
0.290134
0.127641
0.297382
0.131551
0.305559
0.13495
0.314664
0.13773
0.324653
0.139781
0.335426
0.140998
0.141322
0.346813
0.257532
0.00653634
0.257599
0.0126704
0.257702
0.0184996
0.257848
0.0240986
0.258047
0.0295237
0.258308
0.0348195
0.258647
0.0400224
0.259079
0.0451616
0.259622
0.0502598
0.260298
0.0553336
0.261132
0.0603943
0.262149
0.0654485
0.263381
0.0704977
0.264862
0.0755391
0.266629
0.0805651
0.268724
0.0855633
0.271194
0.090516
0.274087
0.0953997
0.277458
0.100185
0.281363
0.104834
0.285857
0.109304
0.290996
0.113543
0.296829
0.117488
0.303396
0.121074
0.310722
0.124225
0.318808
0.126863
0.327628
0.12891
0.337116
0.130293
0.347169
0.130945
0.130847
0.357644
0.263794
0.00646983
0.263925
0.0125398
0.264122
0.0183028
0.26439
0.02383
0.264739
0.0291752
0.265178
0.0343802
0.265721
0.039479
0.266384
0.0444984
0.267186
0.0494585
0.268146
0.0543735
0.269288
0.0592519
0.270639
0.0640975
0.272228
0.0689092
0.274085
0.0736811
0.276248
0.0784028
0.278752
0.0830591
0.281638
0.0876296
0.284949
0.0920891
0.288727
0.0964066
0.293016
0.100546
0.297856
0.104464
0.303284
0.108115
0.309328
0.111444
0.316006
0.114396
0.323319
0.116912
0.331249
0.118934
0.339751
0.120408
0.348757
0.121287
0.358167
0.121535
0.121151
0.367863
0.270207
0.00637013
0.270402
0.0123448
0.270692
0.018012
0.271083
0.0234391
0.271582
0.0286768
0.272198
0.0337644
0.272943
0.0387333
0.273834
0.0436077
0.274887
0.0484054
0.276123
0.0531381
0.277562
0.0578122
0.279231
0.0624289
0.281155
0.0669849
0.283364
0.0714722
0.285889
0.0758784
0.288761
0.0801866
0.292015
0.0843755
0.295685
0.0884194
0.299803
0.0922882
0.304402
0.0959476
0.309507
0.0993594
0.315139
0.102482
0.321311
0.105272
0.328023
0.107684
0.335262
0.109674
0.342995
0.111201
0.351174
0.112229
0.359729
0.112732
0.368572
0.112692
0.112121
0.377601
0.276774
0.00623735
0.277033
0.0120857
0.277417
0.0176278
0.277929
0.0229268
0.278576
0.0280303
0.279365
0.0329749
0.280309
0.0377893
0.281422
0.0424954
0.282718
0.0471086
0.284218
0.0516386
0.28594
0.0560897
0.287908
0.0604612
0.290145
0.0647481
0.292676
0.068941
0.295528
0.0730265
0.298727
0.0769871
0.302301
0.0808017
0.306275
0.0844455
0.310673
0.0878905
0.315514
0.0911059
0.320815
0.0940586
0.326584
0.0967138
0.332819
0.0990365
0.33951
0.100993
0.346633
0.10255
0.354152
0.103682
0.362014
0.104367
0.370155
0.104591
0.378496
0.104351
0.103663
0.386954
0.283498
0.00607186
0.283821
0.0117634
0.284297
0.0171514
0.284929
0.0222952
0.28572
0.0272387
0.286679
0.0320159
0.287815
0.0366529
0.289141
0.0411694
0.290672
0.0455786
0.292422
0.0498882
0.294411
0.054101
0.296657
0.0582149
0.299181
0.0622238
0.302005
0.0661175
0.305149
0.0698824
0.308634
0.0735013
0.312482
0.0769542
0.316709
0.0802182
0.321331
0.0832684
0.326359
0.086078
0.331798
0.0886194
0.337648
0.0908647
0.343897
0.092787
0.350528
0.0943615
0.357512
0.0955666
0.364809
0.0963853
0.372369
0.0968069
0.380132
0.0968275
0.388032
0.0964505
0.0956965
0.395999
0.290384
0.0058743
0.290768
0.0113789
0.291335
0.0165849
0.292083
0.0215471
0.293015
0.0263061
0.294138
0.030893
0.29546
0.0353316
0.29699
0.0396392
0.298741
0.0438272
0.300727
0.0479019
0.302964
0.0518645
0.305467
0.0557121
0.308253
0.059438
0.311338
0.063032
0.31474
0.0664807
0.318473
0.0697681
0.322552
0.0728758
0.326986
0.0757835
0.331785
0.0784698
0.33695
0.0809123
0.342481
0.0830888
0.348368
0.0849778
0.354596
0.0865595
0.36114
0.0878167
0.367971
0.0887361
0.375047
0.0893087
0.382323
0.0895309
0.389746
0.0894051
0.397257
0.0889395
0.0881555
0.404798
0.297435
0.00564553
0.297879
0.0109342
0.298533
0.0159311
0.299394
0.0206865
0.300462
0.0252377
0.301742
0.0296131
0.30324
0.0338339
0.304964
0.0379156
0.306923
0.0418679
0.309129
0.0456956
0.311594
0.0493991
0.314331
0.0529751
0.317353
0.0564167
0.320671
0.0597139
0.324297
0.0628544
0.328242
0.0658236
0.332512
0.0686052
0.337114
0.0711821
0.342047
0.0735361
0.34731
0.0756493
0.352895
0.0775045
0.358787
0.0790859
0.364966
0.0803797
0.371408
0.081375
0.37808
0.0820646
0.384943
0.0824453
0.391955
0.0825184
0.39907
0.0822905
0.406237
0.0817722
0.0809845
0.413408
0.304654
0.00538662
0.305157
0.0104312
0.305895
0.015193
0.306864
0.0197177
0.308062
0.0240394
0.309492
0.0281836
0.311156
0.0321694
0.313061
0.0360102
0.315215
0.0397145
0.317624
0.043286
0.320299
0.0467246
0.323248
0.0500265
0.326479
0.0531852
0.330002
0.0561915
0.333822
0.0590342
0.337945
0.0617007
0.342373
0.0641771
0.347106
0.0664489
0.35214
0.0685017
0.357468
0.0703216
0.363076
0.0718959
0.368949
0.0732134
0.375063
0.0742653
0.381393
0.0750457
0.387905
0.0755519
0.394566
0.0757846
0.401336
0.0757488
0.408173
0.0754528
0.415037
0.074909
0.0741367
0.421884
0.312046
0.00509878
0.312605
0.00987249
0.313423
0.0143744
0.314495
0.0186459
0.315817
0.0227178
0.317388
0.0266128
0.319209
0.0303481
0.321284
0.0339353
0.323617
0.0373816
0.326213
0.04069
0.329077
0.0438599
0.332216
0.0468877
0.335634
0.0497674
0.339335
0.0524908
0.343321
0.0550483
0.347592
0.0574288
0.352148
0.0596211
0.356984
0.0616136
0.36209
0.0633951
0.367457
0.0649552
0.373068
0.066285
0.378904
0.0673773
0.384942
0.0682272
0.391155
0.0688324
0.397514
0.0691935
0.403984
0.0693141
0.410532
0.0692009
0.417121
0.0688636
0.423716
0.0683146
0.067572
0.43028
0.319615
0.00478333
0.320227
0.00926052
0.321122
0.0134792
0.322292
0.0174764
0.32373
0.0212797
0.325433
0.0249094
0.327401
0.0283805
0.329633
0.0317031
0.332131
0.0348835
0.334897
0.0379238
0.337934
0.0408235
0.341242
0.0435793
0.344824
0.0461857
0.348679
0.0486357
0.352806
0.0509212
0.357202
0.0530332
0.36186
0.0549626
0.366773
0.0567005
0.37193
0.0582385
0.377316
0.0595695
0.382913
0.0606875
0.388702
0.0615885
0.394658
0.0622706
0.400757
0.0627341
0.406968
0.0629819
0.413263
0.0630193
0.41961
0.062854
0.425978
0.0624961
0.432335
0.0619577
0.0612551
0.438651
0.327365
0.00444164
0.328027
0.00859803
0.328995
0.0125114
0.330257
0.0162147
0.331804
0.0197322
0.333632
0.023082
0.335735
0.0262769
0.338113
0.0293259
0.340762
0.032234
0.343683
0.0350032
0.346874
0.0376328
0.350333
0.0401199
0.354059
0.0424599
0.358048
0.0446469
0.362295
0.0466743
0.366793
0.048535
0.371533
0.0502219
0.376505
0.0517285
0.381695
0.0530489
0.387086
0.0541783
0.39266
0.0551134
0.398396
0.0558526
0.404271
0.0563961
0.410259
0.056746
0.416334
0.0569067
0.422469
0.0568844
0.428636
0.0566872
0.434807
0.056325
0.440955
0.0558093
0.0551546
0.447056
0.3353
0.00407504
0.336011
0.00788767
0.337047
0.0114751
0.338396
0.0148662
0.340045
0.0180824
0.341988
0.0211391
0.344218
0.0240474
0.346729
0.026815
0.349517
0.0294461
0.352577
0.0319424
0.355907
0.0343032
0.359501
0.0365261
0.363353
0.0386074
0.367458
0.0405422
0.371807
0.0423253
0.376391
0.0439513
0.381198
0.0454151
0.386214
0.0467119
0.391425
0.0478379
0.396813
0.0487903
0.402359
0.0495679
0.408041
0.0501707
0.413836
0.0506003
0.419722
0.0508602
0.425674
0.0509553
0.431666
0.0508924
0.437673
0.0506795
0.443672
0.050326
0.449639
0.0498423
0.0492413
0.455553
0.343426
0.0036848
0.344182
0.00713191
0.345283
0.010374
0.346713
0.0134361
0.348459
0.0163367
0.350509
0.0190886
0.352855
0.0217014
0.355489
0.0241812
0.358403
0.0265318
0.361591
0.0287544
0.365046
0.0308486
0.368759
0.0328124
0.372724
0.0346427
0.37693
0.036336
0.381367
0.0378881
0.386024
0.0392951
0.390885
0.0405534
0.395937
0.0416599
0.401163
0.0426124
0.406543
0.0434096
0.41206
0.0440516
0.417691
0.0445396
0.423415
0.0448763
0.429209
0.0450657
0.435052
0.0451131
0.440919
0.0450252
0.446789
0.0448095
0.45264
0.0444748
0.458452
0.0440305
0.0434877
0.464205
0.351746
0.00327194
0.352546
0.00633284
0.353708
0.00921142
0.355215
0.0119293
0.35705
0.0145013
0.359201
0.0169382
0.361655
0.0192474
0.364402
0.0214341
0.367432
0.0235015
0.370736
0.0254504
0.374304
0.0272806
0.378126
0.0289904
0.382191
0.0305777
0.386488
0.0320395
0.391003
0.033373
0.395723
0.0345754
0.400632
0.0356443
0.405714
0.0365778
0.410951
0.037375
0.416325
0.0380358
0.421816
0.038561
0.427403
0.0389526
0.433065
0.0392139
0.438782
0.0393491
0.444531
0.0393634
0.450293
0.0392631
0.456048
0.0390552
0.461775
0.0387474
0.467458
0.038348
0.0378668
0.473079
0.360267
0.00283709
0.361108
0.00549188
0.362329
0.00799009
0.363909
0.0103496
0.365829
0.0125818
0.368072
0.0146942
0.370627
0.016693
0.373479
0.0185822
0.376616
0.0203642
0.380027
0.0220398
0.383699
0.0236086
0.38762
0.0250695
0.391777
0.0264208
0.396155
0.0276605
0.400742
0.0287866
0.40552
0.0297972
0.410474
0.0306908
0.415585
0.0314665
0.420836
0.0321243
0.426207
0.0326645
0.431679
0.0330889
0.437232
0.0333996
0.442846
0.0336001
0.4485
0.0336944
0.454176
0.0336875
0.459854
0.0335851
0.465516
0.0333934
0.471144
0.0331191
0.476723
0.0327694
0.0323525
0.482237
0.368993
0.00238018
0.369876
0.00460927
0.371154
0.00671157
0.372804
0.0087005
0.374803
0.0105824
0.377135
0.0123623
0.379783
0.0140444
0.382734
0.0156321
0.385971
0.017127
0.389481
0.0185296
0.39325
0.0198396
0.397263
0.0210562
0.401506
0.022178
0.405963
0.0232038
0.410617
0.0241322
0.415453
0.0249619
0.420451
0.0256924
0.425594
0.0263232
0.430864
0.0268547
0.43624
0.027288
0.441704
0.0276247
0.447237
0.0278673
0.452818
0.0280189
0.458429
0.0280833
0.464052
0.0280648
0.469669
0.0279685
0.475262
0.0277997
0.480817
0.027564
0.486319
0.0272674
0.0269165
0.491755
0.377932
0.00189961
0.378858
0.00368306
0.380193
0.00537651
0.381908
0.006985
0.383983
0.00850786
0.386398
0.0099475
0.389135
0.0113074
0.392177
0.0125898
0.395508
0.0137957
0.399113
0.0149254
0.402974
0.0159784
0.407076
0.0169542
0.411402
0.0178519
0.415935
0.0186705
0.420658
0.0194092
0.425553
0.0200673
0.430601
0.0206446
0.435783
0.021141
0.44108
0.0215573
0.446474
0.0218945
0.451944
0.0221544
0.457472
0.0223391
0.46304
0.0224515
0.468628
0.0224947
0.47422
0.0224726
0.4798
0.0223891
0.485351
0.0222487
0.490859
0.0220561
0.49631
0.0218159
0.0215337
0.501693
0.387091
0.00139017
0.388068
0.00270601
0.389462
0.0039824
0.391244
0.0052034
0.393392
0.00635954
0.395887
0.0074526
0.398709
0.00848553
0.401839
0.00945947
0.40526
0.0103746
0.408955
0.0112309
0.412905
0.0120281
0.417094
0.0127657
0.421502
0.013443
0.426113
0.0140595
0.430908
0.0146147
0.435867
0.0151082
0.440971
0.01554
0.446202
0.0159102
0.45154
0.0162197
0.456965
0.0164693
0.462459
0.0166606
0.468003
0.0167954
0.473578
0.016876
0.479168
0.0169049
0.484756
0.016885
0.490325
0.0168196
0.495862
0.0167118
0.501353
0.0165651
0.506786
0.016383
0.0161696
0.51215
0.396484
0.000838821
0.397518
0.00167258
0.398967
0.00253342
0.40081
0.00335953
0.40303
0.00414039
0.405602
0.00488047
0.408506
0.00558151
0.411722
0.00624317
0.415232
0.00686499
0.419016
0.0074467
0.423056
0.00798805
0.427333
0.00848864
0.431828
0.00894804
0.436522
0.00936585
0.441395
0.00974176
0.446427
0.0100756
0.4516
0.0103674
0.456893
0.0106174
0.462286
0.0108262
0.467761
0.0109945
0.473298
0.0111234
0.478879
0.0112143
0.484487
0.0112687
0.490103
0.0112884
0.495713
0.0112755
0.5013
0.0112322
0.506851
0.0111607
0.512353
0.0110635
0.517793
0.0109431
0.0108025
0.52316
0.406193
0.000155663
0.40729
0.000575626
0.40879
0.00103372
0.410693
0.00145675
0.412976
0.00185684
0.415617
0.00223948
0.418595
0.00260391
0.421889
0.00294881
0.425481
0.00327355
0.42935
0.00357785
0.433476
0.00386146
0.437841
0.00412408
0.442423
0.0043654
0.447204
0.00458519
0.452163
0.00478324
0.457279
0.00495948
0.462532
0.00511391
0.467903
0.00524668
0.473371
0.00535809
0.478917
0.00544857
0.484521
0.0055187
0.490167
0.00556918
0.495834
0.00560087
0.501508
0.00561472
0.507172
0.00561179
0.512811
0.00559321
0.518411
0.00556018
0.523961
0.00551393
0.529448
0.00545569
0.0053873
0.534863
0.415475
0.416051
0.417084
0.418541
0.420398
0.422637
0.425241
0.42819
0.431464
0.435041
0.438903
0.443027
0.447392
0.451978
0.456761
0.46172
0.466834
0.472081
0.477439
0.482888
0.488406
0.493975
0.499576
0.505191
0.510803
0.516396
0.521956
0.52747
0.532926
0.538313
0.128695
0.107615
0.0391356
0.0895599
0.0574327
-0.0182971
0.210824
0.116189
0.194606
0.105777
0.0898464
0.162193
0.252496
0.11047
0.251854
0.10642
0.0994728
0.242227
0.28008
0.103485
0.283978
0.102522
0.0998206
0.28363
0.29987
0.096063
0.306056
0.0963356
0.0956079
0.310269
0.315711
0.0887128
0.322675
0.0893718
0.0894897
0.328793
0.329327
0.0818544
0.336146
0.0825525
0.0829516
0.342684
0.341447
0.0755889
0.347791
0.0762085
0.0766441
0.354099
0.352533
0.0698696
0.358349
0.070392
0.0707861
0.364207
0.362888
0.0646253
0.368217
0.0650631
0.0654036
0.373599
0.372701
0.059788
0.377606
0.0601581
0.0604511
0.382558
0.382093
0.0552964
0.386638
0.0556131
0.0558672
0.391222
0.391152
0.051099
0.395392
0.0513729
0.0515955
0.399664
0.399945
0.0471528
0.403926
0.0473919
0.0475885
0.407933
0.408528
0.0434228
0.412287
0.0436328
0.0438075
0.416068
0.416951
0.0398798
0.420519
0.0400651
0.0402209
0.424105
0.425265
0.0364996
0.428666
0.0366636
0.0368028
0.432084
0.433518
0.0332615
0.436775
0.0334068
0.0335311
0.440047
0.441765
0.0301475
0.444896
0.030276
0.0303869
0.44804
0.450061
0.0271416
0.453082
0.027255
0.0273535
0.456116
0.458465
0.0242291
0.461392
0.0243287
0.0244157
0.464329
0.467038
0.0213962
0.469884
0.0214829
0.021559
0.472741
0.475845
0.0186295
0.478624
0.0187041
0.01877
0.481413
0.484951
0.0159154
0.487677
0.0159787
0.0160346
0.490412
0.494429
0.0132412
0.497115
0.0132935
0.0133401
0.499809
0.504343
0.0105919
0.507003
0.0106334
0.0106704
0.509672
0.514787
0.00795523
0.517434
0.00798646
0.00801453
0.520089
0.525803
0.0053116
0.528458
0.00533217
0.00535005
0.531122
0.537522
0.00265296
0.540192
0.00266214
0.00267075
0.542871
0.540966
0.543628
0.546299
-0.0361535
0.0661844
-0.0450808
0.0474876
-0.0455218
0.0256022
-0.0395539
0.0113082
-0.040293
0.0150323
-0.0408918
0.0117397
-0.0408894
0.00891092
-0.0415264
0.0082722
-0.0421982
0.00703411
-0.042199
0.00516284
-0.0423487
0.00470199
-0.0430582
0.00494669
-0.0437802
0.00441904
-0.0441745
0.00342659
-0.0443816
0.0028337
-0.0447891
0.00296852
-0.0454301
0.00317431
-0.0460495
0.00286624
-0.0463879
0.00205445
-0.0464165
0.00128329
-0.0464007
0.00116592
-0.0465721
0.00165418
-0.0469508
0.00228651
-0.0474377
0.00270632
-0.0479155
0.00277206
-0.0482856
0.00251085
-0.0485148
0.00212688
-0.0486828
0.00191409
-0.0489059
0.00195653
0.00204388
0.0979163
0.130461
0.0490871
0.0963167
0.00335159
0.0713377
-0.0303136
0.0449734
-0.0447547
0.0294734
-0.0474533
0.0144383
-0.0436106
0.00506816
-0.0430267
0.00768832
-0.0439247
0.00793213
-0.0433646
0.00460269
-0.0432973
0.00463473
-0.0444394
0.00608883
-0.0454855
0.00546511
-0.0457023
0.00364336
-0.0453789
0.00251032
-0.0456436
0.0032332
-0.0464682
0.00399888
-0.0473145
0.00371261
-0.0476947
0.00243462
-0.0475357
0.00112427
-0.047295
0.00092529
-0.0474143
0.0017734
-0.0478806
0.0027528
-0.0484972
0.00332292
-0.0490861
0.00336104
-0.04951
0.00293474
-0.0497084
0.0023253
-0.0497986
0.00200427
-0.0500034
0.0021613
0.00234265
0.205125
0.167563
0.164598
0.136844
0.125512
0.110423
0.0843874
0.0860984
0.0471366
0.0667241
0.00917146
0.0524035
-0.0225
0.0367396
-0.0406809
0.0258692
-0.047527
0.0147782
-0.0471786
0.00425433
-0.043467
0.000923057
-0.044346
0.00696789
-0.0458854
0.00700452
-0.0457672
0.00352516
-0.0447891
0.0015322
-0.045247
0.00369112
-0.0465959
0.00534778
-0.0479384
0.00505505
-0.0484231
0.00291936
-0.0478776
0.00057881
-0.0470013
4.89497e-05
-0.0469978
0.0017699
-0.0476313
0.00338633
-0.0484391
0.00413071
-0.0491687
0.00409063
-0.0496523
0.0034183
-0.0497877
0.00246079
-0.0497212
0.00193777
-0.0498788
0.00231887
0.00276836
0.268785
0.182408
0.244762
0.160867
0.216024
0.139161
0.183654
0.118468
0.150615
0.0997636
0.119449
0.0835685
0.0878415
0.0683477
0.0585987
0.0551119
0.02973
0.0436469
-0.00162213
0.0356065
-0.0268304
0.0261313
-0.0400528
0.0201904
-0.0459052
0.0128569
-0.0468164
0.00443636
-0.0442774
-0.00100682
-0.0430997
0.00251339
-0.0448584
0.00710651
-0.046824
0.00702066
-0.0473951
0.0034904
-0.045725
-0.00109124
-0.0444165
-0.00125955
-0.0448181
0.00217147
-0.0458816
0.00444986
-0.0470124
0.00526153
-0.0479468
0.00502499
-0.0485237
0.00399519
-0.0485752
0.0025123
-0.0481761
0.00153867
-0.0481933
0.00233607
0.00346255
0.308706
0.183971
0.298288
0.171285
0.281388
0.156061
0.25986
0.139997
0.235536
0.124087
0.21003
0.109075
0.183381
0.0949959
0.156493
0.0820005
0.129792
0.0703482
0.104976
0.0604225
0.079947
0.0511598
0.0573101
0.0428272
0.0354981
0.034669
0.0112671
0.0286673
-0.0121816
0.0224419
-0.0286334
0.0189651
-0.0371391
0.0156122
-0.0415368
0.0114184
-0.0430284
0.00498204
-0.0420788
-0.0020409
-0.0394807
-0.00385764
-0.0402603
0.00295105
-0.0419845
0.00617415
-0.043513
0.00678995
-0.0445712
0.00608325
-0.045101
0.00452494
-0.0448973
0.00230866
-0.043678
0.00031936
-0.0434386
0.00209667
0.00508687
0.334905
0.177858
0.334145
0.172046
0.327316
0.162889
0.315551
0.151763
0.299999
0.139639
0.281788
0.127286
0.261682
0.115102
0.240338
0.103345
0.21839
0.0922961
0.196568
0.0822447
0.174722
0.0730056
0.153274
0.0642747
0.131864
0.056079
0.1115
0.0490315
0.091091
0.0428511
0.0722605
0.0377957
0.05519
0.0326827
0.03944
0.0271683
0.0225008
0.0219212
0.00173733
0.0187226
-0.0174514
0.0153311
-0.0279625
0.0134622
-0.0332482
0.0114599
-0.0360876
0.00962931
-0.0378283
0.00782401
-0.038897
0.0055936
-0.0391164
0.00252804
-0.0379635
-0.00083351
-0.036847
0.000980183
0.00791258
0.352637
0.167906
0.358021
0.166662
0.358615
0.162295
0.354764
0.155614
0.34706
0.147343
0.336232
0.138114
0.322945
0.128389
0.307762
0.118527
0.29122
0.108839
0.273872
0.0995923
0.256068
0.0908101
0.237947
0.0823952
0.219601
0.0744258
0.201453
0.0671791
0.183551
0.0607532
0.166388
0.0549585
0.14979
0.0492806
0.133356
0.0436025
0.116901
0.0383762
0.101324
0.0343001
0.0856813
0.0309734
0.0710733
0.0280702
0.0574617
0.0250715
0.0448356
0.0222554
0.0330763
0.0195833
0.0217347
0.0169352
0.00959927
0.0146634
-0.00417913
0.0129449
-0.0155587
0.0123597
0.0160603
0.36543
0.156574
0.374157
0.157935
0.379598
0.156854
0.38157
0.153642
0.380199
0.148714
0.375812
0.1425
0.368811
0.13539
0.359613
0.127726
0.348645
0.119806
0.336358
0.111879
0.323102
0.104067
0.309075
0.0964218
0.294459
0.0890419
0.279536
0.0821018
0.264599
0.0756908
0.249853
0.0697043
0.235207
0.0639269
0.2205
0.0583093
0.205782
0.0530946
0.191426
0.0486558
0.177462
0.0449375
0.163987
0.0415452
0.150807
0.0382509
0.137932
0.0351304
0.125307
0.0322091
0.112733
0.0295089
0.100158
0.027238
0.0873368
0.0257665
0.0740726
0.025624
0.0277076
0.375586
0.145195
0.385713
0.147808
0.393872
0.148695
0.399642
0.147872
0.402847
0.145509
0.403506
0.141842
0.401767
0.137128
0.397865
0.131629
0.392081
0.12559
0.384731
0.119229
0.376092
0.112705
0.366382
0.106132
0.355801
0.0996224
0.344594
0.0933088
0.333009
0.0872755
0.321204
0.0815094
0.309194
0.075937
0.296949
0.0705549
0.284533
0.0655098
0.27218
0.0610095
0.260062
0.0570551
0.248162
0.0534455
0.236368
0.0500449
0.224641
0.0468573
0.212925
0.0439249
0.201122
0.0413123
0.189169
0.0391907
0.177064
0.0378717
0.165022
0.0376657
0.0385039
0.384438
0.134356
0.394813
0.137433
0.404166
0.139342
0.412057
0.139981
0.418186
0.13938
0.422396
0.137632
0.424652
0.134873
0.425016
0.131265
0.423621
0.126985
0.420646
0.122203
0.416283
0.117069
0.410709
0.111706
0.404101
0.10623
0.396655
0.100755
0.388562
0.0953685
0.379965
0.0901063
0.370932
0.0849693
0.361501
0.0799867
0.351751
0.0752594
0.341848
0.0709125
0.331928
0.0669748
0.322008
0.0633657
0.312044
0.0600085
0.302002
0.0568996
0.291842
0.0540852
0.281511
0.0516434
0.270987
0.0497144
0.260363
0.048496
0.249919
0.0481092
0.0482727
0.392681
0.124233
0.402735
0.127379
0.412347
0.12973
0.421163
0.131165
0.428888
0.131655
0.435305
0.131216
0.440279
0.129898
0.443757
0.127787
0.445753
0.124989
0.446334
0.121622
0.445599
0.117804
0.443664
0.113642
0.440653
0.109241
0.436708
0.1047
0.43197
0.100106
0.426561
0.0955154
0.420563
0.0909675
0.414039
0.0865106
0.407074
0.0822243
0.399789
0.0781976
0.39229
0.0744739
0.38462
0.071036
0.376774
0.0678545
0.368736
0.0649376
0.360487
0.0623333
0.352013
0.0601177
0.343329
0.0583984
0.334534
0.0572907
0.325825
0.0568191
0.056692
0.40064
0.114816
0.41016
0.117859
0.419549
0.12034
0.42856
0.122154
0.436956
0.123258
0.444535
0.123637
0.451136
0.123297
0.456652
0.122271
0.461024
0.120616
0.464242
0.118404
0.46633
0.115716
0.467339
0.112633
0.467338
0.109241
0.466415
0.105623
0.464666
0.101856
0.462179
0.0980025
0.459028
0.0941179
0.45528
0.0902586
0.45101
0.086494
0.446311
0.0828969
0.441267
0.0795178
0.43593
0.0763736
0.430315
0.0734693
0.424425
0.0708277
0.41826
0.0684978
0.411829
0.066549
0.405164
0.0650635
0.398344
0.0641102
0.391485
0.0636782
0.0635219
0.408452
0.106028
0.417406
0.108905
0.42638
0.111366
0.435209
0.113326
0.443723
0.114744
0.451762
0.115599
0.459181
0.115878
0.465864
0.115588
0.471727
0.114754
0.476717
0.113415
0.480809
0.111623
0.484006
0.109436
0.486331
0.106916
0.487826
0.104129
0.488543
0.101138
0.48854
0.0980056
0.487871
0.0947866
0.486591
0.091539
0.484759
0.0883254
0.482446
0.08521
0.479718
0.0822459
0.476623
0.0794684
0.473188
0.0769044
0.469427
0.0745885
0.465354
0.0725709
0.460988
0.0709147
0.456366
0.0696864
0.451542
0.0689339
0.446575
0.0686446
0.0686359
0.416176
0.0977847
0.424605
0.100476
0.433122
0.102848
0.441616
0.104832
0.449968
0.106393
0.458059
0.107508
0.465776
0.108161
0.473018
0.108346
0.479698
0.108073
0.485753
0.107361
0.491136
0.106241
0.495821
0.104751
0.4998
0.102936
0.503083
0.100846
0.505689
0.0985323
0.507647
0.0960469
0.508992
0.0934421
0.509759
0.0907715
0.509993
0.0880919
0.509742
0.0854608
0.509057
0.0829312
0.507978
0.0805471
0.506535
0.0783479
0.504747
0.0763759
0.502635
0.0746828
0.500223
0.0733275
0.497541
0.0723685
0.494626
0.0718482
0.491502
0.0717692
0.0720127
0.423843
0.0900092
0.431807
0.0925122
0.439891
0.0947643
0.448014
0.0967085
0.456091
0.0983154
0.464036
0.0995634
0.471761
0.100435
0.479187
0.100921
0.486239
0.101021
0.492855
0.100744
0.498986
0.10011
0.504594
0.0991427
0.509656
0.097874
0.514162
0.0963407
0.518111
0.0945836
0.521511
0.0926462
0.52438
0.0905739
0.526737
0.0884146
0.52861
0.0862189
0.530032
0.0840387
0.531038
0.0819246
0.531661
0.0799239
0.531928
0.0780816
0.531859
0.0764447
0.531476
0.0750655
0.530803
0.0740008
0.529865
0.0733065
0.528685
0.073028
0.527266
0.0731881
0.0737272
0.431479
0.082636
0.439038
0.0849533
0.446731
0.0870712
0.454498
0.0889416
0.462274
0.0905389
0.469994
0.0918433
0.477592
0.0928375
0.485002
0.0935101
0.492166
0.093857
0.499029
0.0938815
0.505545
0.0935941
0.511676
0.0930115
0.517394
0.092156
0.522679
0.0910556
0.527521
0.0897421
0.531916
0.0882514
0.535867
0.0866224
0.539385
0.0848968
0.542484
0.0831193
0.545187
0.0813366
0.547515
0.0795963
0.549494
0.0779451
0.551145
0.0764301
0.55249
0.0750999
0.553548
0.0740071
0.554342
0.0732074
0.554891
0.0727572
0.555211
0.0727079
0.555297
0.073102
0.0739304
0.43911
0.0756108
0.446316
0.0777464
0.453665
0.0797226
0.461108
0.0814986
0.468595
0.0830518
0.476074
0.0843643
0.483492
0.0854195
0.490797
0.0862049
0.49794
0.086714
0.504875
0.0869466
0.511561
0.0869079
0.517964
0.0866088
0.524055
0.0860655
0.529811
0.0852991
0.535218
0.0843351
0.540267
0.0832028
0.544954
0.0819354
0.549282
0.080569
0.553258
0.0791431
0.556895
0.0776997
0.560208
0.0762825
0.563217
0.0749367
0.565938
0.0737087
0.568391
0.0726471
0.570594
0.0718039
0.572567
0.0712344
0.574328
0.0709963
0.575889
0.071147
0.577246
0.071745
0.072821
0.44677
0.0688878
0.453671
0.0708458
0.460717
0.0726762
0.467871
0.0743441
0.475093
0.07583
0.48234
0.0771175
0.489568
0.0781911
0.496735
0.079038
0.503799
0.0796506
0.51072
0.0800258
0.517462
0.0801655
0.523994
0.0800766
0.530289
0.0797705
0.536325
0.0792632
0.542085
0.0785751
0.547557
0.0777303
0.552736
0.0767568
0.557619
0.0756862
0.562209
0.0745531
0.566513
0.0733951
0.570544
0.0722524
0.574313
0.0711674
0.577837
0.0701848
0.581132
0.069352
0.584216
0.0687198
0.587107
0.0683429
0.589824
0.0682798
0.592378
0.0685927
0.594773
0.0693503
0.0706116
0.4545
0.0624277
0.461134
0.064212
0.467916
0.0658942
0.474816
0.0674445
0.4818
0.068846
0.488833
0.0700842
0.49588
0.0711447
0.502902
0.0720153
0.509865
0.0726875
0.516734
0.0731567
0.523477
0.0734226
0.530065
0.0734887
0.536473
0.073363
0.542679
0.0730574
0.548666
0.0725881
0.554421
0.071975
0.559936
0.0712416
0.565207
0.0704152
0.570234
0.0695261
0.575021
0.068608
0.579576
0.0676975
0.58391
0.0668338
0.588035
0.0660592
0.591968
0.0654189
0.595726
0.0649622
0.599327
0.0647423
0.602789
0.0648176
0.606129
0.0652526
0.609358
0.0661212
0.067499
0.462348
0.0561957
0.46875
0.0578099
0.475302
0.0593425
0.481978
0.0607682
0.488751
0.0620726
0.495593
0.0632428
0.502472
0.0642659
0.509356
0.0651305
0.516216
0.065828
0.52302
0.066353
0.529739
0.0667035
0.536347
0.0668809
0.542819
0.0668904
0.549136
0.0667408
0.555279
0.0664447
0.561236
0.0660183
0.566996
0.0654813
0.572555
0.064857
0.577909
0.0641719
0.583061
0.063456
0.588016
0.062742
0.592784
0.062066
0.597376
0.0614673
0.601806
0.0609885
0.606092
0.0606764
0.610252
0.0605822
0.614307
0.0607628
0.618277
0.0612824
0.622183
0.0622155
0.0636448
0.470365
0.0501604
0.476567
0.0516076
0.48292
0.0529898
0.489402
0.0542857
0.495992
0.055483
0.502664
0.0565705
0.509393
0.0575368
0.516152
0.0583716
0.522913
0.0590666
0.52965
0.0596161
0.536336
0.0600172
0.542948
0.0602698
0.549461
0.0603769
0.555857
0.060345
0.562118
0.0601837
0.56823
0.0599061
0.574183
0.0595286
0.579969
0.0590708
0.585585
0.0585557
0.591032
0.0580095
0.596312
0.0574616
0.601433
0.0569445
0.606406
0.0564942
0.611245
0.0561501
0.615965
0.055956
0.620587
0.0559601
0.625133
0.0562168
0.629628
0.0567877
0.634099
0.0577443
0.0591696
0.478609
0.0442921
0.484641
0.0455751
0.490825
0.0468066
0.497142
0.0479687
0.503574
0.049051
0.5101
0.0500441
0.516699
0.050938
0.523347
0.0517236
0.53002
0.0523932
0.536695
0.0529412
0.543348
0.0533642
0.549957
0.0536613
0.5565
0.053834
0.562958
0.0538868
0.569314
0.0538271
0.575555
0.0536653
0.581669
0.0534147
0.587648
0.0530921
0.593487
0.0527169
0.599184
0.0523118
0.604743
0.0519027
0.610169
0.0515186
0.615472
0.0511919
0.620663
0.0509586
0.62576
0.0508586
0.630784
0.0509368
0.635757
0.0512435
0.640709
0.0518361
0.645672
0.0527809
0.0541567
0.487142
0.0385626
0.493034
0.0396836
0.499076
0.0407642
0.505256
0.0417893
0.511556
0.0427503
0.517961
0.0436395
0.524451
0.0444483
0.531006
0.0451687
0.537605
0.0457938
0.544228
0.0463185
0.550853
0.0467393
0.557459
0.0470547
0.564028
0.0472654
0.57054
0.0473743
0.57698
0.047387
0.583334
0.0473116
0.58959
0.0471592
0.595738
0.0469434
0.601775
0.0466806
0.607696
0.0463905
0.613503
0.0460952
0.619202
0.0458202
0.6248
0.0455942
0.630309
0.0454493
0.635746
0.0454214
0.641132
0.045551
0.646492
0.0458838
0.651856
0.0464717
0.657262
0.0473745
0.0486648
0.496031
0.0329438
0.50181
0.0339045
0.50774
0.0348338
0.51381
0.0357194
0.520007
0.0365541
0.526314
0.0373316
0.532718
0.0380447
0.5392
0.0386866
0.545742
0.0392515
0.552326
0.0397347
0.558933
0.0401329
0.565543
0.0404444
0.572139
0.0406692
0.578704
0.0408093
0.585222
0.0408688
0.59168
0.0408541
0.598065
0.040774
0.604369
0.0406395
0.610585
0.0404644
0.616711
0.040265
0.622745
0.0400603
0.628693
0.0398722
0.634562
0.0397253
0.640364
0.0396477
0.646114
0.039671
0.651835
0.0398307
0.657551
0.0401673
0.663296
0.0407265
0.66911
0.0415605
0.0427339
0.505345
0.0274076
0.511041
0.0282093
0.516888
0.0289868
0.522877
0.0297303
0.528996
0.0304343
0.535234
0.0310936
0.541577
0.0317024
0.548008
0.0322549
0.554513
0.0327464
0.561075
0.0331729
0.567677
0.0335313
0.574301
0.03382
0.580932
0.0340387
0.587552
0.0341887
0.594148
0.0342729
0.600706
0.0342962
0.607215
0.0342656
0.613664
0.0341898
0.620049
0.03408
0.626364
0.0339496
0.63261
0.0338143
0.63879
0.0336924
0.644911
0.0336045
0.650984
0.0335745
0.657026
0.0336293
0.663057
0.0337992
0.669105
0.0341188
0.675204
0.0346274
0.681395
0.0353696
0.0364027
0.515155
0.0219248
0.520797
0.0225676
0.526591
0.0231927
0.532529
0.0237922
0.538602
0.0243617
0.544798
0.0248973
0.551106
0.0253943
0.557513
0.0258484
0.564004
0.0262556
0.570564
0.0266125
0.577178
0.0269169
0.583831
0.0271671
0.590507
0.0273628
0.597191
0.0275045
0.603869
0.0275946
0.610529
0.0276367
0.617159
0.0276359
0.623749
0.0275991
0.630294
0.0275351
0.636789
0.0274545
0.643234
0.0273697
0.649631
0.0272954
0.655987
0.0272484
0.662314
0.027248
0.668627
0.0273161
0.674948
0.0274779
0.681305
0.0277616
0.687733
0.0281996
0.694275
0.0288281
0.0296938
0.525549
0.0164652
0.531167
0.0169493
0.536939
0.0174207
0.542858
0.0178737
0.548914
0.0183052
0.555099
0.0187123
0.561402
0.0190914
0.567811
0.0194394
0.574314
0.0197531
0.580896
0.0200303
0.587544
0.0202689
0.594243
0.0204677
0.60098
0.0206262
0.607739
0.020745
0.614509
0.0208255
0.621275
0.0208702
0.628028
0.0208829
0.634758
0.0208688
0.641459
0.0208341
0.648127
0.0207869
0.65476
0.0207364
0.661362
0.0206938
0.667938
0.0206718
0.674501
0.0206852
0.681066
0.0207509
0.687656
0.0208881
0.694299
0.021119
0.701029
0.021469
0.70789
0.0219673
0.0226552
0.536592
0.0109956
0.542222
0.0113193
0.548006
0.0116363
0.553939
0.0119409
0.560013
0.0122311
0.56622
0.0125053
0.57255
0.0127613
0.578992
0.0129968
0.585536
0.0132098
0.592167
0.0133987
0.598874
0.0135622
0.605642
0.0136993
0.612459
0.0138098
0.61931
0.0138939
0.626183
0.0139525
0.633066
0.0139872
0.639948
0.0140006
0.646821
0.0139959
0.653678
0.0139775
0.660514
0.0139506
0.667329
0.0139216
0.674125
0.0138978
0.680909
0.0138879
0.687692
0.0139021
0.694491
0.0139518
0.701328
0.0140506
0.708234
0.0142139
0.715242
0.0144601
0.722399
0.0148104
0.0152936
0.548387
0.00547976
0.55406
0.0056467
0.55989
0.00580665
0.565871
0.00595919
0.571998
0.00610464
0.578261
0.00624221
0.584652
0.00637058
0.59116
0.00648852
0.597775
0.00659505
0.604484
0.00668934
0.611276
0.00677073
0.618136
0.00683876
0.625053
0.00689325
0.632012
0.0069343
0.639002
0.00696235
0.646011
0.00697824
0.653029
0.00698321
0.660046
0.00697894
0.667056
0.00696762
0.674054
0.00695191
0.681041
0.00693505
0.688018
0.00692087
0.694992
0.00691383
0.701975
0.00691913
0.708984
0.00694285
0.716042
0.00699214
0.72318
0.00707576
0.730435
0.00720527
0.737847
0.00739836
0.00769966
0.551779
0.557425
0.563232
0.569191
0.575296
0.581538
0.587909
0.594397
0.600992
0.607682
0.614452
0.621291
0.628184
0.635119
0.642081
0.649059
0.656042
0.663021
0.669989
0.676941
0.683876
0.690797
0.697711
0.70463
0.711573
0.718565
0.725641
0.732846
0.740244
)
;

boundaryField
{
    inlet
    {
        type            calculated;
        value           nonuniform List<scalar> 
45
(
-0.2
-0.2
-0.2
-0.2
-0.2
-0.2
-0.2
-0.2
-0.2
-0.2
-0.2
-0.2
-0.2
-0.2
-0.2
-0.20766
-0.212683
-0.217828
-0.223097
-0.228493
-0.23402
-0.239681
-0.245479
-0.251417
-0.257499
-0.263728
-0.270107
-0.276641
-0.283333
-0.290186
-0.297206
-0.304395
-0.311758
-0.3193
-0.327023
-0.334934
-0.343036
-0.351334
-0.359832
-0.368536
-0.377451
-0.386582
-0.395933
-0.40551
-0.415319
)
;
    }
    outlet
    {
        type            calculated;
        value           nonuniform List<scalar> 
45
(
0.0260505
0.0336419
0.0261474
0.0124349
0.000495755
-0.00912699
-0.017141
-0.0238292
-0.0294552
-0.0341425
-0.0379973
-0.0411076
-0.0435604
-0.0454044
-0.0466721
-0.0491773
-0.0503022
-0.0503045
-0.0488875
-0.0450629
-0.0396727
-0.0237064
0.0624253
0.154226
0.240151
0.317405
0.384655
0.441461
0.488125
0.525552
0.555094
0.578356
0.596982
0.612471
0.626037
0.638575
0.650685
0.662754
0.675041
0.687727
0.700984
0.714929
0.729761
0.745441
0.747944
)
;
    }
    flap
    {
        type            calculated;
        value           uniform 0;
    }
    upperWall
    {
        type            calculated;
        value           uniform 0;
    }
    lowerWall
    {
        type            calculated;
        value           uniform 0;
    }
    frontAndBack
    {
        type            empty;
        value           nonuniform 0();
    }
}


// ************************************************************************* //
