/*--------------------------------*- C++ -*----------------------------------*\
  =========                 |
  \\      /  F ield         | OpenFOAM: The Open Source CFD Toolbox
   \\    /   O peration     | Website:  https://openfoam.org
    \\  /    A nd           | Version:  dev
     \\/     M anipulation  |
\*---------------------------------------------------------------------------*/
FoamFile
{
    version     2.0;
    format      ascii;
    class       surfaceScalarField;
    location    "7";
    object      phi;
}
// * * * * * * * * * * * * * * * * * * * * * * * * * * * * * * * * * * * * * //

dimensions      [0 3 -1 0 0 0 0];

internalField   nonuniform List<scalar> 
5457
(
0.198418
0.00158236
0.19648
0.00193733
0.194192
0.00228803
0.191509
0.00268351
0.188428
0.00308112
0.184951
0.00347668
0.181072
0.00387848
0.176779
0.00429391
0.17205
0.00472812
0.166865
0.00518512
0.161197
0.00566841
0.155016
0.00618094
0.148291
0.00672488
0.14099
0.00730126
0.13308
0.00790944
0.124534
0.0085464
0.115328
0.00920585
0.105451
0.00987716
0.0949069
0.0105441
0.0837234
0.0111835
0.0719588
0.0117646
0.0597104
0.0122483
0.0471217
0.0125888
0.0343814
0.0127403
0.0216863
0.0126951
0.00903608
0.0126502
-0.00291719
0.0119533
-0.00847257
0.00555538
-0.00804318
-0.000429383
-0.00804318
0.199928
0.00165419
0.199176
0.00268974
0.197965
0.00349892
0.196332
0.00431663
0.194272
0.00514109
0.191782
0.00596666
0.188855
0.00680537
0.185478
0.00767068
0.181633
0.00857293
0.177298
0.00952043
0.172446
0.0105204
0.167048
0.0115792
0.161071
0.0127016
0.154482
0.0138901
0.147247
0.0151445
0.139334
0.0164595
0.130716
0.0178238
0.121376
0.0192173
0.111311
0.0206089
0.100541
0.0219534
0.0891168
0.0231892
0.0771291
0.024236
0.0647231
0.0249948
0.0521155
0.0253478
0.0396552
0.0251555
0.0281051
0.0242003
0.0185945
0.0214639
0.00879657
0.0153533
0.00118318
0.00718401
-0.00686
0.199781
0.00187361
0.199087
0.00338355
0.197946
0.0046398
0.196409
0.00585318
0.194483
0.00706715
0.192164
0.00828563
0.189447
0.00952271
0.186322
0.0107961
0.182774
0.0121207
0.178785
0.0135092
0.174333
0.0149725
0.169392
0.0165202
0.163933
0.0181601
0.157926
0.0198973
0.151338
0.0217327
0.144136
0.0236612
0.136291
0.0256692
0.127777
0.0277312
0.11858
0.0298058
0.108702
0.0318313
0.0981703
0.0337211
0.0870479
0.0353584
0.0754511
0.0365916
0.0635739
0.037225
0.051732
0.0369974
0.0403967
0.0355356
0.0297384
0.0321221
0.0191656
0.0259261
0.00959737
0.0167523
0.00273737
0.199703
0.00217052
0.199008
0.00407882
0.197887
0.00576028
0.196376
0.00736404
0.194488
0.0089552
0.192223
0.0105515
0.189575
0.0121703
0.186539
0.013832
0.183105
0.0155551
0.179258
0.0173556
0.174983
0.0192474
0.170261
0.0212427
0.165069
0.0233517
0.159385
0.0255814
0.153183
0.0279343
0.146438
0.0304064
0.139124
0.0329836
0.131216
0.0356385
0.122697
0.038325
0.113556
0.0409723
0.103799
0.0434781
0.0934566
0.0457011
0.0825953
0.0474529
0.0713324
0.0484879
0.0598404
0.0484894
0.0483163
0.0470596
0.0368104
0.0436281
0.0251874
0.037549
0.0133353
0.0286044
0.0160727
0.199667
0.00250309
0.198964
0.00478205
0.197863
0.00686155
0.196381
0.00884566
0.194533
0.0108039
0.192318
0.0127661
0.189734
0.014754
0.186776
0.0167905
0.183434
0.0188967
0.179699
0.0210913
0.175556
0.0233902
0.170991
0.0258077
0.165987
0.0283554
0.160527
0.0310416
0.154591
0.0338699
0.148161
0.0368369
0.141215
0.0399294
0.133733
0.0431201
0.125696
0.046362
0.117087
0.0495818
0.107893
0.0526717
0.0981142
0.0554802
0.0877642
0.057803
0.076878
0.059374
0.065508
0.0598595
0.0537072
0.0588604
0.0414533
0.055882
0.0285872
0.0504151
0.014852
0.0423395
0.0309247
0.199653
0.00285028
0.198949
0.00548608
0.197871
0.00793945
0.196427
0.0102898
0.194627
0.0126038
0.192473
0.0149195
0.189964
0.0172636
0.187093
0.0196612
0.183854
0.0221359
0.180237
0.0247084
0.17623
0.0273967
0.171822
0.0302163
0.166997
0.0331802
0.161741
0.0362975
0.156038
0.0395727
0.149872
0.0430035
0.143223
0.0465777
0.136074
0.0502695
0.128402
0.0540343
0.120182
0.0578015
0.111387
0.0614662
0.101988
0.0648792
0.0919539
0.0678374
0.081253
0.070075
0.0698531
0.0712594
0.0577157
0.0709977
0.0447596
0.0688381
0.0308483
0.0643264
0.0158727
0.0573151
0.0467974
0.19965
0.00320021
0.198954
0.00618203
0.197905
0.00898903
0.196505
0.0116894
0.194763
0.014346
0.192681
0.0170015
0.190257
0.0196871
0.187488
0.0224307
0.184366
0.0252579
0.180883
0.0281912
0.177029
0.0312505
0.172793
0.0344528
0.168161
0.0378122
0.163119
0.041339
0.157653
0.045039
0.151745
0.048911
0.145378
0.0529453
0.138528
0.0571191
0.13117
0.0613927
0.123269
0.0657025
0.114782
0.0699531
0.105654
0.0740073
0.0958156
0.0776755
0.0851848
0.0807058
0.0736667
0.0827775
0.0611599
0.0835045
0.0475538
0.0824442
0.0327575
0.0791227
0.0167823
0.0732904
0.0635797
0.199655
0.00354554
0.198975
0.00686211
0.197959
0.0100047
0.19661
0.0130381
0.194934
0.016022
0.192934
0.0190019
0.190608
0.0220131
0.187953
0.0250859
0.184963
0.0282478
0.181631
0.0315233
0.177947
0.0349339
0.173902
0.0384981
0.169483
0.0422316
0.164675
0.0461464
0.159464
0.0502498
0.153832
0.0545434
0.147757
0.0590206
0.141212
0.0636639
0.134164
0.0684412
0.126567
0.0732995
0.118361
0.0781585
0.109468
0.0829004
0.099785
0.0873585
0.0891855
0.0913053
0.0775231
0.0944399
0.0646453
0.0963823
0.0504155
0.096674
0.0347666
0.0947716
0.017789
0.090268
0.0813687
0.199664
0.00388135
0.199006
0.00751989
0.19803
0.0109809
0.196739
0.0143295
0.195137
0.0176239
0.193227
0.0209117
0.191009
0.0242309
0.188481
0.0276144
0.185637
0.0310916
0.182471
0.0346888
0.178976
0.0384292
0.175141
0.0423329
0.170955
0.0464175
0.166405
0.0506967
0.161474
0.0551808
0.156143
0.0598747
0.150386
0.0647769
0.144173
0.069877
0.137462
0.0751529
0.130195
0.0805663
0.122297
0.0860566
0.113665
0.0915319
0.104166
0.0968575
0.0936316
0.10184
0.081862
0.106209
0.0686466
0.109598
0.0537993
0.111521
0.0372344
0.111336
0.0190822
0.10842
0.100451
0.199677
0.00420411
0.199047
0.0081501
0.198116
0.0119122
0.196888
0.0155577
0.195367
0.0191448
0.193556
0.0227222
0.191456
0.0263306
0.189066
0.0300051
0.186381
0.0337768
0.183396
0.0376735
0.180105
0.0417203
0.176499
0.045939
0.172567
0.050349
0.168297
0.0549668
0.163672
0.0598056
0.158672
0.064875
0.15327
0.0701795
0.147429
0.075718
0.141101
0.0814807
0.13422
0.0874473
0.126695
0.0935813
0.118404
0.0998234
0.109181
0.10608
0.0988166
0.112205
0.0870491
0.117977
0.0735862
0.123061
0.0581449
0.126963
0.0405489
0.128932
0.0208996
0.12807
0.12135
0.199693
0.00451117
0.199095
0.00874845
0.198213
0.0127938
0.197053
0.0167173
0.19562
0.0205781
0.193916
0.0244259
0.191943
0.0283035
0.189701
0.0322478
0.187186
0.0362917
0.184395
0.0404644
0.181323
0.0447923
0.177963
0.0492994
0.174305
0.0540069
0.170337
0.058934
0.166045
0.0640976
0.161408
0.0695123
0.156398
0.0751899
0.150977
0.0811391
0.145092
0.0873649
0.138673
0.0938668
0.131618
0.100637
0.123788
0.107653
0.114993
0.114874
0.104979
0.122219
0.0934147
0.129541
0.0798932
0.136582
0.0639629
0.142893
0.0452305
0.147665
0.023609
0.149691
0.144959
0.199711
0.00480046
0.199148
0.00931142
0.19832
0.0136213
0.197234
0.0178035
0.195894
0.0219181
0.194304
0.0260162
0.192465
0.0301419
0.190379
0.0343339
0.188045
0.0386263
0.185459
0.0430498
0.182619
0.0476322
0.17952
0.052399
0.176153
0.0573734
0.17251
0.0625774
0.168576
0.0680315
0.164333
0.0737555
0.159754
0.0797684
0.154804
0.0860897
0.14943
0.0927389
0.143559
0.099737
0.13709
0.107106
0.129876
0.114867
0.121713
0.123038
0.11231
0.131621
0.101268
0.140584
0.088039
0.149811
0.0719161
0.159016
0.0520798
0.167501
0.0278813
0.173889
0.172841
0.19973
0.00507037
0.199205
0.00983617
0.198435
0.0143913
0.197427
0.0188121
0.196185
0.0231601
0.194714
0.0274873
0.193016
0.0318392
0.191095
0.0362556
0.188949
0.040772
0.186579
0.04542
0.183982
0.0502287
0.181157
0.0552247
0.178097
0.0604332
0.174796
0.0658785
0.171243
0.0715845
0.167423
0.0775755
0.163313
0.0838777
0.158883
0.0905199
0.154086
0.0975359
0.148857
0.104967
0.1431
0.112863
0.136678
0.121289
0.129389
0.130326
0.120937
0.140073
0.110877
0.150645
0.0985349
0.162153
0.0828914
0.174659
0.0624255
0.187967
0.0351173
0.201198
0.207958
0.199751
0.00531965
0.199267
0.0103204
0.198557
0.0151006
0.19763
0.0197396
0.19649
0.0242999
0.195143
0.0288345
0.193592
0.03339
0.191841
0.038007
0.189891
0.0427219
0.187744
0.0475671
0.1854
0.0525725
0.182859
0.0577658
0.180118
0.0631736
0.177175
0.0688218
0.174022
0.0747371
0.17065
0.0809476
0.167043
0.0874848
0.163178
0.0943855
0.159019
0.101695
0.154516
0.10947
0.149593
0.117785
0.14414
0.126742
0.137989
0.136477
0.13088
0.147182
0.122399
0.159126
0.11185
0.172702
0.0980034
0.188506
0.0785206
0.20745
0.0486493
0.231069
0.256607
0.199772
0.00554733
0.19933
0.0107622
0.198684
0.015747
0.197841
0.0205831
0.196806
0.0253342
0.195587
0.0300541
0.194187
0.0347899
0.192611
0.0395831
0.190862
0.0444705
0.188944
0.049485
0.18686
0.0546569
0.184611
0.0600144
0.1822
0.065585
0.179626
0.0713956
0.176888
0.0774746
0.173983
0.0838525
0.170904
0.0905643
0.167638
0.0976516
0.164166
0.105167
0.160459
0.113176
0.156474
0.121771
0.152144
0.131072
0.147369
0.141253
0.141989
0.152561
0.135743
0.165373
0.128157
0.180287
0.118292
0.19837
0.103896
0.221846
0.0776585
0.257307
0.334266
0.00380223
-0.00380223
0.00740206
-0.00359983
0.0103359
-0.00293388
0.0125805
-0.00224457
0.014216
-0.00163548
0.0153389
-0.00112294
0.0160425
-0.000703524
0.0164126
-0.000370172
0.0165293
-0.000116669
0.0164583
7.10264e-05
0.0162571
0.000201134
0.0159814
0.000275736
0.0156693
0.000312072
0.015351
0.00031833
0.0150483
0.000302728
0.0147746
0.000273697
0.0145369
0.000237643
0.014337
0.000199974
0.0141715
0.000165425
0.0140366
0.000134976
0.0139242
0.000112379
0.0138284
9.57651e-05
0.0137435
8.48986e-05
0.0136621
8.14307e-05
0.0135739
8.82169e-05
0.013467
0.000106834
0.0133323
0.000134698
0.0131685
0.000163783
0.01299
0.000178556
0.000144007
0.0035146
-0.00731683
0.00687973
-0.00696496
0.00969352
-0.00574766
0.0119392
-0.0044903
0.0136923
-0.00338851
0.0150382
-0.00246886
0.0160569
-0.00172226
0.0168188
-0.00113203
0.0173798
-0.000677645
0.0177867
-0.000335874
0.0180788
-9.10161e-05
0.0182851
6.93992e-05
0.0184354
0.00016186
0.0185601
0.00019356
0.0186802
0.000182694
0.0188073
0.000146569
0.018947
9.79559e-05
0.0190989
4.80225e-05
0.0192585
5.84045e-06
0.0194268
-3.32903e-05
0.0195992
-6.00731e-05
0.0197742
-7.91762e-05
0.0199494
-9.03292e-05
0.0201207
-8.98983e-05
0.0202805
-7.15449e-05
0.0204181
-3.08076e-05
0.0205242
2.86541e-05
0.0205969
9.1062e-05
0.0206492
0.000126229
0.000118657
0.00297353
-0.0102904
0.00573613
-0.00972756
0.00801505
-0.00802659
0.00983008
-0.00630533
0.0112541
-0.00481253
0.0123583
-0.00357304
0.0132086
-0.00257259
0.0138629
-0.00178628
0.0143686
-0.00118336
0.0147659
-0.000733166
0.0150881
-0.00041319
0.0153616
-0.000204133
0.0156054
-8.19981e-05
0.0158249
-2.59083e-05
0.0160256
-1.80059e-05
0.0162137
-4.15303e-05
0.0163947
-8.30273e-05
0.016573
-0.000130239
0.0167518
-0.000173
0.0169266
-0.000208095
0.0170982
-0.000231629
0.0172676
-0.000248615
0.0174379
-0.000260647
0.0176114
-0.000263423
0.0177873
-0.000247426
0.0179608
-0.000204274
0.0181282
-0.000138787
0.0182874
-6.81555e-05
0.0184316
-1.79586e-05
2.65231e-05
0.00237732
-0.0126677
0.00442453
-0.0117748
0.00604605
-0.00964811
0.00732291
-0.0075822
0.00832242
-0.00581203
0.00909722
-0.00434785
0.00969632
-0.00317169
0.0101617
-0.00225168
0.0105259
-0.00154755
0.0108127
-0.00102
0.0110432
-0.000643682
0.0112373
-0.000398209
0.0114082
-0.000252908
0.0115608
-0.000178515
0.0116986
-0.000155739
0.0118228
-0.00016575
0.0119326
-0.000192879
0.0120265
-0.000224055
0.012103
-0.000249509
0.0121607
-0.000265846
0.0122011
-0.000272
0.012229
-0.000276545
0.0122514
-0.000283081
0.0122742
-0.000286129
0.0122992
-0.000272426
0.0123223
-0.000227436
0.0123378
-0.000154232
0.0123476
-7.79636e-05
0.0123417
-1.21127e-05
4.14348e-05
0.00168206
-0.0143497
0.00292665
-0.0130194
0.00381574
-0.0105372
0.00449161
-0.00825806
0.00500898
-0.0063294
0.00540307
-0.00474194
0.00570499
-0.00347361
0.00593986
-0.00248655
0.00612296
-0.00173066
0.00625892
-0.00115596
0.0063552
-0.000739961
0.0064256
-0.000468611
0.006476
-0.000303312
0.00650169
-0.000204197
0.0065019
-0.000155949
0.0064742
-0.00013805
0.00641674
-0.000135419
0.00632897
-0.000136285
0.00621035
-0.000130895
0.00606267
-0.000118163
0.00588798
-9.73105e-05
0.00569078
-7.93478e-05
0.00548047
-7.27647e-05
0.00526886
-7.4517e-05
0.00506544
-6.90056e-05
0.00485416
-1.61582e-05
0.00459342
0.000106509
0.00427906
0.000236392
0.00397364
0.000293304
0.00026225
0.000881136
-0.0152309
0.00123162
-0.0133698
0.00133161
-0.0106372
0.00135729
-0.00828374
0.00133171
-0.00630382
0.00128171
-0.00469194
0.00122577
-0.00341766
0.00117156
-0.00243234
0.00111447
-0.00167356
0.00104096
-0.00108245
0.000946125
-0.000645125
0.000832381
-0.000354866
0.000682141
-0.000153072
0.000476454
1.48965e-06
0.000225588
9.49169e-05
-7.14834e-05
0.000159021
-0.000398494
0.000191592
-0.000757029
0.000222249
-0.00116145
0.000273527
-0.00162315
0.000343535
-0.00213552
0.000415059
-0.00267239
0.000457522
-0.00320173
0.000456574
-0.00369879
0.000422549
-0.0041469
0.000379107
-0.00451727
0.000354211
-0.00478889
0.000378124
-0.00499774
0.000445239
-0.00517897
0.00047454
0.000420003
-9.82007e-05
-0.0151327
-0.000665843
-0.0128022
-0.00138851
-0.00991452
-0.0020932
-0.00757905
-0.00275124
-0.00564578
-0.00334151
-0.00410166
-0.00386
-0.00289918
-0.00431509
-0.00197725
-0.00472199
-0.00126666
-0.00512608
-0.000678364
-0.00561152
-0.000159684
-0.00620544
0.000239047
-0.00682533
0.000466823
-0.00740192
0.000578085
-0.00794201
0.000635003
-0.00845151
0.000668518
-0.00894169
0.000681771
-0.00940677
0.000687336
-0.00983783
0.000704584
-0.0102378
0.000743524
-0.0106175
0.000794716
-0.0109898
0.000829856
-0.0113572
0.000823932
-0.0117075
0.000772873
-0.012024
0.000695605
-0.0122957
0.000625961
-0.0125169
0.000599299
-0.0126855
0.000613821
-0.0128219
0.000610939
0.00056739
-0.00111306
-0.0140196
-0.00273227
-0.011183
-0.00436137
-0.00828542
-0.00590436
-0.00603606
-0.00730177
-0.00424837
-0.00855063
-0.0028528
-0.00967313
-0.00177668
-0.0107072
-0.000943218
-0.0116744
-0.000299425
-0.0125339
0.000181101
-0.0132092
0.000515634
-0.0137177
0.000747561
-0.0141613
0.000910472
-0.0145962
0.00101292
-0.0150311
0.00106991
-0.0154599
0.00109736
-0.0158796
0.00110143
-0.0162855
0.0010933
-0.0166719
0.00109097
-0.0170362
0.00110784
-0.017381
0.00113948
-0.0177123
0.00116115
-0.018032
0.00114365
-0.0183331
0.00107399
-0.0186039
0.000966417
-0.0188357
0.000857685
-0.0190224
0.000785991
-0.019164
0.000755418
-0.0192827
0.000729653
0.00069845
-0.00228386
-0.0117358
-0.00500408
-0.00846277
-0.00765573
-0.00563376
-0.0100796
-0.00361218
-0.0122112
-0.00211675
-0.0140375
-0.00102649
-0.015577
-0.000237192
-0.0168215
0.00030122
-0.0177814
0.000660505
-0.018515
0.000914723
-0.0191113
0.00111191
-0.0196272
0.00126351
-0.0200865
0.00136978
-0.020512
0.00143835
-0.020921
0.0014789
-0.0213199
0.00149631
-0.0217091
0.00149061
-0.0220846
0.00146877
-0.0224419
0.00144829
-0.0227802
0.00144616
-0.0231029
0.00146214
-0.0234142
0.00147245
-0.0237131
0.00144258
-0.0239903
0.0013512
-0.0242329
0.00120898
-0.0244326
0.00105742
-0.0245884
0.000941837
-0.0247078
0.000874751
-0.0248128
0.000834709
0.000815297
-0.00366134
-0.00807442
-0.00757654
-0.00454757
-0.0112635
-0.00194682
-0.0144746
-0.000401061
-0.0170853
0.000493914
-0.0191061
0.000994336
-0.0206269
0.00128361
-0.0217885
0.00146287
-0.0227164
0.0015884
-0.0234844
0.00168272
-0.0241288
0.00175625
-0.0246747
0.00180941
-0.0251469
0.00184197
-0.0255703
0.00186178
-0.025967
0.00187562
-0.0263495
0.0018788
-0.0267193
0.00186036
-0.027071
0.00182051
-0.0274008
0.00177812
-0.0277119
0.00175722
-0.0280125
0.00176278
-0.028309
0.00176888
-0.0285974
0.00173107
-0.0288629
0.00161661
-0.0290869
0.00143302
-0.0292604
0.00123092
-0.0293884
0.00106982
-0.0294866
0.000972943
-0.0295771
0.000925248
0.000915472
-0.00564362
-0.00243079
-0.0111562
0.000965022
-0.0155406
0.00243754
-0.0188828
0.00294112
-0.0214025
0.00301365
-0.023346
0.00293789
-0.0248761
0.00281364
-0.026092
0.00267883
-0.0270631
0.00255946
-0.027852
0.00247167
-0.0285074
0.00241164
-0.0290587
0.00236066
-0.0295271
0.00231036
-0.0299374
0.00227209
-0.0303169
0.00225512
-0.0306832
0.00224515
-0.031037
0.00221416
-0.0313681
0.00215157
-0.0316705
0.00208054
-0.0319521
0.00203881
-0.0322294
0.00204012
-0.0325137
0.00205314
-0.0327989
0.00201633
-0.0330616
0.0018793
-0.033274
0.00164535
-0.0334238
0.00138072
-0.0335235
0.00116959
-0.0335994
0.00104879
-0.0336739
0.000999774
0.000998079
-0.00786545
0.00543466
-0.0142776
0.0073772
-0.0189905
0.0071504
-0.0225372
0.00648779
-0.0252212
0.00569767
-0.0272458
0.00496246
-0.0287963
0.00436416
-0.0300042
0.00388677
-0.0309518
0.00350701
-0.031711
0.00323092
-0.0323416
0.00304226
-0.0328735
0.00289253
-0.0333186
0.00275544
-0.0336988
0.00265225
-0.0340495
0.00260589
-0.0343964
0.002592
-0.0347368
0.00255456
-0.0350498
0.00246461
-0.0353232
0.00235396
-0.0355706
0.00228617
-0.0358214
0.00229088
-0.0360955
0.00232728
-0.0363851
0.00230591
-0.0366545
0.00214874
-0.0368611
0.00185194
-0.0369866
0.00150621
-0.0370534
0.00123642
-0.0371032
0.00109852
-0.0371605
0.00105713
0.00106328
-0.00973879
0.0151734
-0.017451
0.0150894
-0.0227982
0.0124976
-0.0264949
0.0101845
-0.0291423
0.00834501
-0.0310493
0.00686944
-0.0324759
0.0057908
-0.0335828
0.00499372
-0.0344351
0.00435927
-0.0351062
0.00390199
-0.0356745
0.00361059
-0.0361678
0.00338579
-0.0365736
0.00316132
-0.0369039
0.00298254
-0.0372099
0.00291188
-0.037533
0.00291508
-0.0378652
0.00288674
-0.0381649
0.00276429
-0.0384058
0.00259491
-0.0386093
0.00248967
-0.0388263
0.00250786
-0.0390915
0.00259249
-0.0393946
0.00260901
-0.0396827
0.0024368
-0.0398902
0.00205946
-0.0399877
0.0016037
-0.0400114
0.00126018
-0.0400283
0.00111533
-0.0400688
0.00109768
0.0011132
-0.0129439
0.0281173
-0.0223861
0.0245316
-0.0277327
0.0178443
-0.0309663
0.0134181
-0.0332762
0.0106549
-0.034815
0.00840819
-0.0359256
0.00690143
-0.036836
0.00590408
-0.0375302
0.00505348
-0.0380506
0.00442242
-0.0385189
0.00407891
-0.0389664
0.00383321
-0.0393246
0.00351951
-0.0395791
0.00323713
-0.0398147
0.00314744
-0.0401083
0.00320872
-0.0404437
0.00322211
-0.0407402
0.00306081
-0.0409435
0.00279815
-0.0410858
0.00263196
-0.0412554
0.00267751
-0.041512
0.0028491
-0.041841
0.00293797
-0.042164
0.00275979
-0.0423813
0.00227679
-0.0424435
0.00166596
-0.0424061
0.00122277
-0.0423786
0.00108777
-0.0424058
0.00112494
0.00115509
-0.0184418
0.0465591
-0.0298813
0.0359711
-0.0345082
0.0224712
-0.036028
0.0149379
-0.0376792
0.0123061
-0.0384924
0.00922134
-0.0390154
0.00742446
-0.0397098
0.00659848
-0.040259
0.00560267
-0.0405493
0.00471279
-0.040856
0.00438554
-0.0412614
0.00423863
-0.0415764
0.0038345
-0.0417224
0.00338318
-0.0418459
0.0032709
-0.0421058
0.00346865
-0.0424701
0.0035864
-0.0427854
0.0033761
-0.0429426
0.00295531
-0.0429913
0.0026807
-0.043088
0.00277417
-0.0433343
0.00309548
-0.0437057
0.00330935
-0.0440862
0.00314022
-0.044326
0.00251663
-0.0443413
0.00168123
-0.044212
0.00109347
-0.0441203
0.000996156
-0.0441437
0.00114832
0.00120815
0.207447
0.00576007
0.207034
0.0111748
0.206432
0.0163495
0.205647
0.0213674
0.204688
0.0262933
0.203561
0.0311815
0.202272
0.0360793
0.200826
0.0410287
0.19923
0.0460666
0.197489
0.0512261
0.195608
0.0565375
0.193593
0.0620291
0.19145
0.0677283
0.189183
0.0736624
0.186798
0.07986
0.184298
0.0863525
0.181687
0.0931757
0.178965
0.100373
0.176135
0.107997
0.173192
0.116119
0.170135
0.124828
0.166956
0.13425
0.163652
0.144556
0.160224
0.15599
0.156694
0.168903
0.153154
0.183827
0.14997
0.201555
0.148812
0.223004
0.160458
0.24566
0.258864
0.23586
0.21249
0.00595248
0.212118
0.0115476
0.211574
0.0168931
0.210868
0.0220733
0.210008
0.0271537
0.209001
0.0321888
0.207854
0.0372263
0.206575
0.0423078
0.205171
0.0474701
0.203651
0.052746
0.202023
0.0581653
0.200297
0.0637558
0.198481
0.0695441
0.196586
0.0755568
0.194625
0.0818215
0.192609
0.0883681
0.190554
0.0952309
0.188477
0.10245
0.186398
0.110076
0.184348
0.118169
0.182365
0.126811
0.18051
0.136105
0.178883
0.146183
0.177655
0.157218
0.177147
0.169412
0.178011
0.182962
0.181662
0.197904
0.190699
0.213967
0.206127
0.230232
0.24578
0.219211
0.217658
0.00612239
0.217329
0.0118766
0.21685
0.0173717
0.21623
0.0226929
0.215478
0.027906
0.214602
0.0330654
0.21361
0.0382183
0.212511
0.0434063
0.211316
0.0486653
0.210035
0.0540274
0.208679
0.0595213
0.207261
0.0651737
0.205795
0.0710095
0.204298
0.0770536
0.202789
0.083331
0.201288
0.0898686
0.199823
0.0966961
0.198426
0.103848
0.197138
0.111363
0.196016
0.119291
0.195138
0.12769
0.194616
0.136626
0.194622
0.146178
0.195417
0.156422
0.197413
0.167416
0.201219
0.179156
0.207606
0.191518
0.217235
0.204338
0.229832
0.217636
0.228834
0.246778
0.222951
0.00626783
0.22267
0.0121578
0.222262
0.0177798
0.221736
0.0232191
0.2211
0.0285414
0.220365
0.0338008
0.219539
0.0390438
0.218634
0.0443111
0.217662
0.0496378
0.216635
0.0550545
0.215568
0.0605886
0.214477
0.0662645
0.213381
0.0721053
0.212302
0.0781326
0.211265
0.084368
0.2103
0.0908334
0.209444
0.0975519
0.208743
0.104549
0.208255
0.111851
0.208057
0.11949
0.208251
0.127495
0.208978
0.135899
0.210431
0.144725
0.212872
0.153981
0.21665
0.163639
0.222182
0.173623
0.229921
0.183779
0.240437
0.193821
0.254651
0.203422
0.210329
0.273156
0.228374
0.00638693
0.228144
0.0123878
0.227812
0.0181123
0.227386
0.0236454
0.226875
0.0290521
0.22629
0.0343858
0.225641
0.0396922
0.224942
0.0450107
0.224205
0.0503749
0.223445
0.0558139
0.222681
0.0613528
0.221932
0.0670139
0.22122
0.072817
0.220573
0.0787801
0.220021
0.08492
0.219601
0.0912527
0.21936
0.0977935
0.219351
0.104557
0.219646
0.111557
0.220331
0.118804
0.22152
0.126307
0.223357
0.134062
0.226028
0.142055
0.229764
0.150245
0.234844
0.158559
0.241597
0.166869
0.250404
0.174973
0.26171
0.182515
0.27599
0.189142
0.193767
0.292552
0.233929
0.006478
0.233754
0.0125633
0.233502
0.0183644
0.233182
0.0239656
0.232803
0.0294308
0.232376
0.0348123
0.231914
0.0401544
0.23143
0.0454951
0.230939
0.0508662
0.230458
0.0562947
0.230007
0.0618034
0.22961
0.0674115
0.229291
0.0731353
0.229083
0.0789887
0.229019
0.0849832
0.229144
0.091128
0.229507
0.0974303
0.23017
0.103894
0.231207
0.11052
0.23271
0.117302
0.23479
0.124227
0.237583
0.131268
0.241254
0.138384
0.245995
0.145504
0.252026
0.152528
0.25959
0.159305
0.268929
0.165633
0.280223
0.171221
0.293569
0.175796
0.178845
0.308491
0.23962
0.00653956
0.239502
0.0126813
0.239334
0.0185321
0.239125
0.0241746
0.238884
0.0296714
0.238623
0.0350732
0.238355
0.0404229
0.238094
0.0457564
0.237856
0.0511037
0.237661
0.0564893
0.237532
0.0619333
0.237491
0.0674516
0.23757
0.0730569
0.2378
0.0787585
0.238221
0.0845624
0.238878
0.0904713
0.239824
0.0964844
0.241122
0.102596
0.242846
0.108795
0.245085
0.115063
0.247941
0.12137
0.251534
0.127675
0.256
0.133918
0.261488
0.140017
0.268154
0.145861
0.276149
0.15131
0.285594
0.156189
0.296534
0.160281
0.308958
0.163372
0.165193
0.32261
0.245448
0.00657035
0.24539
0.0127395
0.24531
0.018612
0.245217
0.0242681
0.245119
0.0297689
0.245029
0.0351632
0.24496
0.040492
0.244928
0.0457891
0.244949
0.0510822
0.245045
0.0563933
0.245239
0.0617394
0.245557
0.0671335
0.24603
0.0725841
0.246692
0.0780961
0.247584
0.0836704
0.248752
0.0893037
0.250248
0.094988
0.252135
0.10071
0.254481
0.106449
0.257366
0.112177
0.260881
0.117856
0.265123
0.123433
0.270197
0.128844
0.27621
0.134004
0.283261
0.13881
0.291433
0.143138
0.300772
0.14685
0.311267
0.149786
0.322852
0.151787
0.152722
0.335323
0.251418
0.00656933
0.251422
0.012736
0.251432
0.0186012
0.251458
0.0242428
0.251507
0.0297195
0.251592
0.0350783
0.251726
0.0403578
0.251926
0.0455897
0.252209
0.0507991
0.252596
0.0560055
0.253113
0.061223
0.253785
0.066461
0.254645
0.0717247
0.255726
0.0770147
0.257069
0.0823272
0.258719
0.0876539
0.260726
0.0929811
0.263146
0.0982894
0.266043
0.103552
0.269484
0.108736
0.273543
0.113797
0.278297
0.11868
0.283819
0.123321
0.290181
0.127642
0.297439
0.131552
0.305626
0.134951
0.314745
0.137731
0.32475
0.139781
0.335542
0.140995
0.141314
0.346949
0.257532
0.00653578
0.257599
0.0126693
0.257702
0.0184979
0.257849
0.0240964
0.258047
0.0295209
0.258309
0.0348162
0.258649
0.0400186
0.259081
0.0451574
0.259625
0.050255
0.260302
0.0553284
0.261136
0.0603888
0.262155
0.0654426
0.263388
0.0704915
0.26487
0.0755327
0.266639
0.0805585
0.268736
0.0855566
0.271208
0.0905092
0.274104
0.0953929
0.277479
0.100178
0.281387
0.104828
0.285886
0.109298
0.29103
0.113536
0.29687
0.117482
0.303445
0.121067
0.31078
0.124217
0.318877
0.126854
0.327708
0.128899
0.337211
0.130279
0.347279
0.130927
0.130823
0.357771
0.263794
0.00646922
0.263925
0.0125386
0.264122
0.0183009
0.264391
0.0238276
0.264739
0.0291721
0.265179
0.0343766
0.265723
0.0394748
0.266387
0.0444936
0.267189
0.0494532
0.268149
0.0543675
0.269293
0.0592454
0.270645
0.0640905
0.272235
0.0689017
0.274094
0.0736732
0.276258
0.0783944
0.278764
0.0830502
0.281653
0.0876204
0.284967
0.0920794
0.288748
0.0963965
0.293041
0.100535
0.297886
0.104453
0.303319
0.108103
0.30937
0.111431
0.316055
0.114382
0.323376
0.116896
0.331315
0.118916
0.339828
0.120386
0.348846
0.121261
0.358269
0.121504
0.121113
0.367978
0.270207
0.00636947
0.270402
0.0123435
0.270693
0.01801
0.271084
0.0234365
0.271583
0.0286735
0.272199
0.0337604
0.272945
0.0387286
0.273836
0.0436023
0.27489
0.0483994
0.276126
0.0531314
0.277567
0.0578048
0.279237
0.0624208
0.281162
0.0669761
0.283373
0.0714627
0.285899
0.0758682
0.288774
0.0801756
0.29203
0.0843638
0.295703
0.0884068
0.299825
0.0922747
0.304427
0.0959331
0.309536
0.0993436
0.315174
0.102465
0.321352
0.105253
0.328071
0.107663
0.335316
0.10965
0.343058
0.111174
0.351246
0.112198
0.359811
0.112697
0.368663
0.112651
0.112074
0.377703
0.276774
0.00623663
0.277033
0.0120843
0.277417
0.0176256
0.27793
0.0229239
0.278577
0.0280267
0.279366
0.0329705
0.280311
0.0377842
0.281424
0.0424895
0.282721
0.047102
0.284221
0.0516311
0.285945
0.0560813
0.287914
0.060452
0.290152
0.064738
0.292684
0.06893
0.295538
0.0730146
0.298739
0.0769741
0.302316
0.0807876
0.306292
0.0844302
0.310693
0.0878739
0.315538
0.0910878
0.320843
0.0940387
0.326616
0.0966919
0.332857
0.0990123
0.339554
0.100966
0.346684
0.10252
0.354209
0.103648
0.362079
0.104329
0.370227
0.104548
0.378576
0.104302
0.103608
0.387042
0.283498
0.00607109
0.283821
0.0117618
0.284297
0.0171491
0.284929
0.0222921
0.285721
0.0272348
0.28668
0.0320112
0.287817
0.0366474
0.289144
0.041163
0.290674
0.0455713
0.292425
0.04988
0.294415
0.0540918
0.296662
0.0582047
0.299188
0.0622126
0.302012
0.0661052
0.305158
0.0698688
0.308646
0.0734865
0.312495
0.0769379
0.316725
0.0802004
0.32135
0.0832489
0.326381
0.0860566
0.331824
0.0885958
0.337677
0.0908387
0.343931
0.0927583
0.350567
0.0943297
0.357556
0.0955312
0.364859
0.096346
0.372424
0.096763
0.380194
0.0967786
0.3881
0.096396
0.0956359
0.396072
0.290384
0.00587348
0.290768
0.0113773
0.291335
0.0165825
0.292083
0.0215438
0.293016
0.026302
0.294139
0.030888
0.295461
0.0353257
0.296992
0.0396323
0.298743
0.0438194
0.30073
0.047893
0.302968
0.0518545
0.305472
0.055701
0.308258
0.0594257
0.311345
0.0630184
0.314748
0.0664657
0.318483
0.0697515
0.322564
0.0728576
0.327001
0.0757635
0.331802
0.0784478
0.33697
0.0808881
0.342504
0.0830622
0.348394
0.0849484
0.354625
0.0865271
0.361174
0.087781
0.368009
0.0886967
0.375089
0.0892651
0.38237
0.0894827
0.389796
0.089352
0.397311
0.0888811
0.0880914
0.404856
0.297435
0.00564468
0.297879
0.0109325
0.298533
0.0159285
0.299394
0.020683
0.300463
0.0252334
0.301743
0.0296078
0.303241
0.0338277
0.304965
0.0379083
0.306925
0.0418596
0.309132
0.0456861
0.311598
0.0493885
0.314335
0.0529632
0.317358
0.0564034
0.320677
0.0596992
0.324304
0.0628381
0.32825
0.0658056
0.332523
0.0685854
0.337126
0.0711602
0.342062
0.073512
0.347327
0.0756229
0.352914
0.0774754
0.358808
0.0790539
0.364991
0.0803445
0.371435
0.0813364
0.37811
0.0820222
0.384976
0.0823987
0.391992
0.0824674
0.399109
0.0822347
0.406278
0.0817115
0.0809185
0.413451
0.304654
0.00538574
0.305157
0.0104295
0.305895
0.0151904
0.306864
0.0197142
0.308062
0.0240349
0.309492
0.0281781
0.311157
0.0321629
0.313063
0.0360027
0.315216
0.0397058
0.317626
0.0432761
0.320301
0.0467134
0.323251
0.0500139
0.326483
0.0531712
0.330006
0.0561759
0.333827
0.059017
0.337951
0.0616816
0.342381
0.064156
0.347115
0.0664257
0.352151
0.0684761
0.357481
0.0702935
0.363091
0.071865
0.368965
0.0731795
0.375082
0.0742282
0.381413
0.0750051
0.387928
0.0755075
0.39459
0.0757363
0.401361
0.0756962
0.4082
0.0753958
0.415064
0.0748473
0.0740702
0.421913
0.312046
0.00509789
0.312605
0.0098707
0.313424
0.0143717
0.314495
0.0186423
0.315817
0.0227132
0.317388
0.0266073
0.31921
0.0303415
0.321285
0.0339276
0.323618
0.0373727
0.326214
0.0406798
0.329079
0.0438483
0.332218
0.0468748
0.335637
0.0497529
0.339338
0.0524747
0.343325
0.0550303
0.347597
0.057409
0.352154
0.0595992
0.35699
0.0615895
0.362098
0.0633685
0.367465
0.064926
0.373077
0.066253
0.378915
0.0673423
0.384954
0.068189
0.391168
0.0687908
0.397527
0.0691483
0.403998
0.0692651
0.410547
0.0691479
0.417136
0.0688065
0.42373
0.0682532
0.0675062
0.430294
0.319615
0.00478243
0.320227
0.00925872
0.321122
0.0134765
0.322292
0.0174728
0.32373
0.0212751
0.325433
0.0249038
0.327401
0.0283738
0.329633
0.0316953
0.332132
0.0348744
0.334898
0.0379135
0.337934
0.0408118
0.341243
0.0435661
0.344825
0.0461709
0.34868
0.0486192
0.352808
0.0509029
0.357204
0.0530129
0.361863
0.0549403
0.366776
0.0566759
0.371933
0.0582115
0.37732
0.0595398
0.382917
0.0606551
0.388707
0.0615532
0.394663
0.0622322
0.400762
0.0626924
0.406973
0.0629368
0.413268
0.0629706
0.419614
0.0628016
0.425981
0.0624399
0.432336
0.0618977
0.0611912
0.438651
0.327365
0.00444074
0.328027
0.00859625
0.328995
0.0125087
0.330257
0.0162111
0.331804
0.0197277
0.333632
0.0230764
0.335735
0.0262703
0.338112
0.0293181
0.340762
0.0322249
0.343683
0.0349929
0.346873
0.0376211
0.350333
0.0401067
0.354059
0.0424451
0.358047
0.0446304
0.362294
0.046656
0.366792
0.0485148
0.371533
0.0501996
0.376505
0.051704
0.381694
0.053022
0.387085
0.0541489
0.392659
0.0550813
0.398395
0.0558177
0.404269
0.0563582
0.410256
0.0567051
0.41633
0.0568626
0.422464
0.056837
0.428629
0.0566364
0.434798
0.0562708
0.440944
0.0557516
0.0550935
0.447042
0.3353
0.00407417
0.336011
0.00788593
0.337047
0.0114724
0.338395
0.0148627
0.340045
0.0180779
0.341988
0.0211336
0.344217
0.0240409
0.346728
0.0268074
0.349516
0.0294373
0.352576
0.0319323
0.355906
0.0342918
0.359499
0.0365132
0.363351
0.0385929
0.367456
0.040526
0.371804
0.0423074
0.376388
0.0439315
0.381194
0.0453932
0.38621
0.0466879
0.39142
0.0478116
0.396808
0.0487617
0.402352
0.0495368
0.408033
0.0501369
0.413827
0.0505638
0.419712
0.0508208
0.425661
0.0509131
0.431651
0.0508471
0.437656
0.0506312
0.443653
0.0502746
0.449616
0.0497878
0.0491838
0.455526
0.343426
0.00368396
0.344182
0.00713025
0.345283
0.0103715
0.346713
0.0134328
0.348458
0.0163324
0.350508
0.0190834
0.352854
0.0216951
0.355487
0.0241739
0.358401
0.0265233
0.361589
0.0287448
0.365043
0.0308376
0.368756
0.0328
0.37272
0.0346289
0.376926
0.0363205
0.381362
0.0378709
0.386018
0.0392761
0.390878
0.0405325
0.395929
0.041637
0.401153
0.0425874
0.406533
0.0433823
0.412048
0.044022
0.417677
0.0445076
0.423399
0.0448418
0.429191
0.0450286
0.435031
0.0450734
0.440895
0.0449828
0.446762
0.0447644
0.452609
0.044427
0.458417
0.04398
0.0434345
0.464166
0.351746
0.00327115
0.352545
0.00633128
0.353708
0.00920908
0.355214
0.0119261
0.35705
0.0144973
0.3592
0.0169333
0.361653
0.0192415
0.3644
0.0214273
0.36743
0.0234935
0.370733
0.0254414
0.3743
0.0272703
0.378122
0.0289788
0.382186
0.0305646
0.386481
0.032025
0.390995
0.0333569
0.395714
0.0345576
0.400622
0.0356248
0.405702
0.0365565
0.410938
0.0373517
0.41631
0.0380105
0.421798
0.0385335
0.427383
0.038923
0.433042
0.0391821
0.438756
0.039315
0.444502
0.0393269
0.450261
0.0392243
0.456011
0.039014
0.461735
0.0387039
0.467412
0.0383022
0.0378186
0.473028
0.360267
0.00283638
0.361108
0.00549046
0.362329
0.00798796
0.363908
0.0103468
0.365827
0.0125781
0.368071
0.0146898
0.370625
0.0166877
0.373476
0.018576
0.376613
0.020357
0.380023
0.0220315
0.383694
0.0235992
0.387614
0.0250589
0.391769
0.026409
0.396147
0.0276474
0.400732
0.028772
0.405508
0.029781
0.41046
0.0306731
0.415569
0.0314472
0.420818
0.0321032
0.426187
0.0326417
0.431656
0.0330642
0.437206
0.033373
0.442817
0.0335715
0.448468
0.0336638
0.45414
0.0336549
0.459814
0.0335505
0.465471
0.0333567
0.471094
0.0330805
0.476668
0.0327288
0.0323099
0.482176
0.368993
0.00237956
0.369876
0.00460802
0.371154
0.00670969
0.372803
0.00869797
0.374802
0.0105792
0.377133
0.0123583
0.379781
0.0140397
0.38273
0.0156266
0.385967
0.0171206
0.389476
0.0185223
0.393244
0.0198313
0.397256
0.0210468
0.401497
0.0221676
0.405952
0.0231922
0.410605
0.0241193
0.415438
0.0249478
0.420434
0.0256769
0.425575
0.0263063
0.430842
0.0268363
0.436216
0.0272681
0.441677
0.0276032
0.447206
0.0278441
0.452783
0.0279941
0.45839
0.0280568
0.464008
0.0280366
0.46962
0.0279387
0.475209
0.0277682
0.480759
0.0275308
0.486255
0.0272325
0.02688
0.491685
0.377932
0.00189909
0.378858
0.00368201
0.380192
0.00537494
0.381907
0.00698289
0.383982
0.00850518
0.386396
0.00994421
0.389132
0.0113035
0.392173
0.0125852
0.395504
0.0137904
0.399107
0.0149193
0.402966
0.0159715
0.407067
0.0169464
0.411391
0.0178431
0.415923
0.0186608
0.420644
0.0193985
0.425536
0.0200555
0.430581
0.0206316
0.435761
0.0211269
0.441055
0.021542
0.446445
0.0218779
0.451912
0.0221365
0.457436
0.0223199
0.462999
0.0224309
0.468583
0.0224728
0.474171
0.0224493
0.479745
0.0223645
0.48529
0.0222227
0.490792
0.0220287
0.496238
0.0217872
0.0215038
0.501614
0.387091
0.00138976
0.388068
0.0027052
0.389461
0.00398117
0.391243
0.00520175
0.39339
0.00635744
0.395884
0.00745003
0.398705
0.00848247
0.401835
0.00945587
0.405255
0.0103705
0.408948
0.0112262
0.412897
0.0120227
0.417084
0.0127596
0.42149
0.0134362
0.426099
0.014052
0.430891
0.0146064
0.435848
0.015099
0.44095
0.0155299
0.446177
0.0158992
0.451511
0.0162077
0.456933
0.0164564
0.462423
0.0166467
0.467962
0.0167805
0.473533
0.0168601
0.479118
0.0168879
0.4847
0.0168671
0.490264
0.0168005
0.495795
0.0166917
0.501279
0.0165441
0.506706
0.016361
0.0161466
0.512063
0.396484
0.000838542
0.397517
0.00167201
0.398966
0.00253257
0.400809
0.0033584
0.403028
0.00413895
0.405599
0.0048787
0.408502
0.0055794
0.411717
0.00624069
0.415226
0.00686211
0.419008
0.00744342
0.423047
0.00798432
0.427322
0.00848444
0.431815
0.00894335
0.436506
0.00936064
0.441376
0.00973599
0.446406
0.0100693
0.451576
0.0103604
0.456865
0.0106098
0.462255
0.010818
0.467726
0.0109856
0.473258
0.0111139
0.478835
0.011204
0.484437
0.0112577
0.490048
0.0112768
0.495652
0.0112632
0.501234
0.0112192
0.506778
0.011147
0.512273
0.0110491
0.517706
0.0109281
0.0107869
0.523066
0.406193
0.000155533
0.40729
0.000575335
0.408789
0.00103328
0.410691
0.00145616
0.412974
0.00185609
0.415614
0.00223857
0.418591
0.00260282
0.421884
0.00294752
0.425474
0.00327207
0.429341
0.00357615
0.433466
0.00385953
0.437829
0.00412191
0.442409
0.00436298
0.447187
0.00458249
0.452143
0.00478026
0.457256
0.0049562
0.462506
0.00511032
0.467873
0.00524278
0.473337
0.00535386
0.478879
0.005444
0.484479
0.00551378
0.490119
0.00556391
0.495782
0.00559525
0.50145
0.00560874
0.507107
0.00560545
0.51274
0.00558652
0.518334
0.00555315
0.523877
0.00550656
0.529357
0.00544799
0.00537928
0.534764
0.415475
0.41605
0.417083
0.41854
0.420396
0.422634
0.425237
0.428185
0.431457
0.435033
0.438892
0.443014
0.447377
0.45196
0.45674
0.461696
0.466807
0.472049
0.477403
0.482847
0.488361
0.493925
0.49952
0.505129
0.510734
0.516321
0.521874
0.527381
0.532829
0.538208
0.128044
0.107816
0.0380612
0.0899829
0.0572888
-0.0192276
0.210697
0.11633
0.194685
0.105994
0.089927
0.162047
0.252537
0.110571
0.251977
0.106554
0.0995868
0.242317
0.280167
0.103561
0.28411
0.102611
0.0999068
0.28379
0.299996
0.0961168
0.306214
0.0963933
0.0956647
0.310456
0.315861
0.0887473
0.322848
0.0894066
0.0895232
0.328989
0.329484
0.081873
0.336321
0.0825697
0.0829667
0.342877
0.341602
0.0755942
0.34796
0.0762118
0.0766448
0.354282
0.352679
0.0698642
0.358507
0.0703843
0.0707756
0.364376
0.363023
0.0646115
0.368361
0.0650469
0.0653845
0.373752
0.372822
0.0597675
0.377734
0.0601353
0.0604255
0.382693
0.3822
0.055271
0.38675
0.0555853
0.0558369
0.391338
0.391243
0.0510699
0.395487
0.0513415
0.0515617
0.399762
0.40002
0.0471212
0.404004
0.0473581
0.0475524
0.408013
0.408587
0.0433895
0.412348
0.0435975
0.0437701
0.41613
0.416995
0.0398457
0.420563
0.0400293
0.0401831
0.42415
0.425293
0.0364654
0.428694
0.0366278
0.0367652
0.432112
0.433532
0.0332278
0.436788
0.0333716
0.0334943
0.440059
0.441764
0.0301149
0.444894
0.030242
0.0303514
0.448037
0.450046
0.0271105
0.453066
0.0272226
0.0273198
0.456097
0.458437
0.0241999
0.461361
0.0242983
0.0243842
0.464297
0.466997
0.0213692
0.469841
0.0214549
0.02153
0.472695
0.475792
0.018605
0.478568
0.0186788
0.0187439
0.481355
0.484888
0.0158939
0.48761
0.0159564
0.0160116
0.490342
0.494356
0.0132228
0.497038
0.0132745
0.0133204
0.499729
0.50426
0.0105767
0.506917
0.0106178
0.0106543
0.509583
0.514696
0.00794363
0.517339
0.00797449
0.00800219
0.519991
0.525706
0.00530371
0.528356
0.00532402
0.00534166
0.531017
0.537419
0.0026489
0.540085
0.00265795
0.00266643
0.54276
0.540857
0.543515
0.546181
-0.0384356
0.0657671
-0.0483964
0.0459319
-0.0487956
0.0228704
-0.0422301
0.00837245
-0.0432706
0.0133465
-0.0434943
0.0094451
-0.043312
0.0072421
-0.0439864
0.0072729
-0.0444348
0.00605111
-0.04418
0.00445793
-0.0441756
0.00438122
-0.0446412
0.00470416
-0.0450187
0.00421202
-0.0450392
0.00340372
-0.0449523
0.00318398
-0.0451684
0.00368473
-0.0456166
0.00403465
-0.0459986
0.00375803
-0.0460949
0.00305167
-0.045985
0.00257078
-0.0459597
0.00274891
-0.0462041
0.00333983
-0.046662
0.00376723
-0.0471518
0.00363004
-0.0474446
0.00280947
-0.0473924
0.001629
-0.047106
0.000807089
-0.0469062
0.000796333
-0.0469458
0.00118792
0.00132566
0.097465
0.130349
0.0474173
0.0959796
-0.000989721
0.0712775
-0.0359467
0.0433295
-0.0499817
0.0273815
-0.0518103
0.0112736
-0.0467806
0.00221241
-0.0465443
0.0070366
-0.0470341
0.00654091
-0.0461825
0.00360637
-0.0461488
0.0043475
-0.0470599
0.00561528
-0.0476717
0.0048238
-0.0473258
0.00305777
-0.0466181
0.00247634
-0.0467636
0.00383018
-0.0474161
0.00468716
-0.0479733
0.00431522
-0.0480184
0.00309682
-0.0476362
0.00218853
-0.0473842
0.00249692
-0.0476247
0.0035804
-0.0482122
0.00435475
-0.04886
0.00427784
-0.0492321
0.00318153
-0.049076
0.00147284
-0.04852
0.000251149
-0.0481332
0.000409487
-0.0482233
0.0012781
0.00161173
0.205035
0.167631
0.16421
0.136804
0.125233
0.110254
0.0831212
0.0854417
0.0446429
0.0658598
0.00373335
0.0521832
-0.0291164
0.0350621
-0.0464382
0.0243585
-0.0521673
0.0122699
-0.0509217
0.00236082
-0.047253
0.000678785
-0.0479604
0.00632267
-0.0489255
0.00578891
-0.0478721
0.00200435
-0.0466939
0.00129817
-0.0471577
0.00429395
-0.0483271
0.00585663
-0.0492545
0.00524261
-0.0491907
0.00303299
-0.0481711
0.00116892
-0.0473751
0.0017009
-0.0476403
0.00384566
-0.0484403
0.00515474
-0.0493238
0.00516126
-0.0498252
0.00368295
-0.049539
0.00118666
-0.048559
-0.000728813
-0.0478699
-0.000279582
-0.0480735
0.00148167
0.00224245
0.268919
0.182503
0.244859
0.160864
0.216059
0.139054
0.183296
0.118205
0.149757
0.0993987
0.118688
0.0832527
0.0861097
0.06764
0.0561854
0.0542828
0.0252446
0.0432107
-0.00668054
0.034286
-0.0315278
0.025526
-0.0443055
0.0191004
-0.0493203
0.0108036
-0.0493395
0.00202357
-0.0455386
-0.00250271
-0.0451888
0.00394412
-0.0470721
0.00773998
-0.0485609
0.00673136
-0.0482733
0.00274542
-0.0461813
-0.000923047
-0.0450261
0.000545697
-0.0456519
0.0044714
-0.0468789
0.0063818
-0.048158
0.00644029
-0.0488646
0.00438961
-0.0484906
0.000812659
-0.046635
-0.00258447
-0.045502
-0.00141254
-0.0459541
0.00193373
0.00347136
0.308918
0.184041
0.29849
0.171292
0.281542
0.156002
0.259898
0.139849
0.235445
0.123851
0.209892
0.108806
0.182887
0.0946447
0.1556
0.0815698
0.128823
0.0699878
0.103279
0.0598301
0.0782056
0.0505991
0.0553559
0.0419502
0.0325427
0.0336168
0.00643918
0.0281271
-0.0176807
0.0216172
-0.0323401
0.0186035
-0.0395843
0.0149841
-0.0430776
0.0102247
-0.0438158
0.00348366
-0.0417013
-0.0030376
-0.0399383
-0.00121731
-0.040872
0.00540518
-0.0427524
0.00826218
-0.0444572
0.00814508
-0.0456161
0.00554851
-0.044344
-0.00045945
-0.0421913
-0.00473714
-0.0406977
-0.00290618
-0.0416351
0.00287115
0.00564464
0.335131
0.177899
0.334378
0.172045
0.327542
0.162838
0.315744
0.151647
0.300135
0.13946
0.281867
0.127075
0.261661
0.11485
0.240194
0.103037
0.218207
0.0919749
0.196169
0.0818687
0.174208
0.0725597
0.15247
0.0636881
0.130653
0.0554341
0.110235
0.0485452
0.0893778
0.0424742
0.0705343
0.037447
0.0534355
0.0320829
0.0372715
0.0263886
0.0192248
0.0215303
-0.00183655
0.0180238
-0.0185057
0.0154518
-0.0269886
0.0138881
-0.0311674
0.012441
-0.0338027
0.0107803
-0.0352937
0.0070395
-0.0359629
0.00020975
-0.0337173
-0.00698266
-0.0334363
-0.00318727
-0.0353377
0.00477259
0.00923016
0.352859
0.167917
0.358262
0.166643
0.358864
0.162236
0.355003
0.155507
0.347274
0.14719
0.336423
0.137926
0.323109
0.128164
0.307885
0.118261
0.291311
0.108549
0.27391
0.0992697
0.256037
0.0904329
0.237778
0.0819471
0.219268
0.0739431
0.201039
0.0667746
0.183061
0.0604523
0.165872
0.0546364
0.149119
0.0488352
0.132411
0.0430967
0.115934
0.0380073
0.0999029
0.0340551
0.0843082
0.0310465
0.0698822
0.0283141
0.0568431
0.0254802
0.0452241
0.0223992
0.033784
0.0184797
0.0188898
0.0151039
-0.0012979
0.013205
-0.0171581
0.0126729
-0.0237557
0.0113701
0.0152903
0.36564
0.156559
0.374387
0.157896
0.37984
0.156782
0.381814
0.153533
0.380436
0.148567
0.376044
0.142318
0.369035
0.135173
0.359821
0.127475
0.348842
0.119528
0.336542
0.11157
0.323255
0.103719
0.309169
0.0960336
0.294476
0.0886365
0.279514
0.0817366
0.264587
0.0753793
0.249835
0.069388
0.235109
0.0635609
0.220281
0.0579244
0.205496
0.0527931
0.191042
0.048509
0.177123
0.0449658
0.163764
0.0416722
0.150885
0.0383595
0.13838
0.0349045
0.125599
0.0312608
0.112548
0.0281542
0.0993331
0.0264204
0.086311
0.0256951
0.0724391
0.025242
0.0271198
0.375776
0.145159
0.385921
0.147751
0.394093
0.148611
0.39987
0.147756
0.403077
0.145361
0.403735
0.14166
0.401994
0.136914
0.398087
0.131382
0.392301
0.125314
0.384947
0.118924
0.376296
0.11237
0.366559
0.10577
0.355947
0.0992488
0.344732
0.0929517
0.333167
0.0869443
0.321372
0.0811828
0.309338
0.0755953
0.297046
0.0702162
0.284607
0.0652321
0.272278
0.0608378
0.260257
0.0569871
0.24851
0.0534194
0.236931
0.0499388
0.225366
0.0464695
0.213538
0.0430882
0.201463
0.0402298
0.189459
0.0384244
0.177603
0.0375502
0.165545
0.0373004
0.0379927
0.384607
0.134303
0.394996
0.137361
0.404361
0.139247
0.412258
0.139859
0.418391
0.139228
0.422602
0.137449
0.424857
0.134659
0.425218
0.13102
0.423822
0.126711
0.420845
0.121901
0.416475
0.11674
0.410889
0.111355
0.404271
0.105867
0.396828
0.100395
0.388753
0.0950193
0.380173
0.0897622
0.371145
0.0846234
0.361711
0.0796505
0.35198
0.0749634
0.342138
0.0706795
0.332329
0.0667963
0.322559
0.0631894
0.312758
0.0597392
0.302814
0.0564138
0.292592
0.0533107
0.282109
0.050712
0.271602
0.0489312
0.261189
0.0479636
0.250868
0.0476215
0.0477283
0.392828
0.124168
0.402893
0.127297
0.412513
0.129627
0.421334
0.131037
0.429062
0.131501
0.435478
0.131033
0.440451
0.129686
0.443925
0.127545
0.445917
0.124719
0.446494
0.121325
0.445753
0.117481
0.443811
0.113298
0.440796
0.108882
0.436855
0.104336
0.432131
0.0997426
0.42674
0.0951533
0.420758
0.0906055
0.414253
0.0861558
0.407325
0.0818914
0.400108
0.077896
0.392712
0.0741922
0.385169
0.0707328
0.377445
0.0674627
0.369476
0.0643829
0.361203
0.0615845
0.352658
0.0592565
0.343996
0.0575935
0.335336
0.0566233
0.326748
0.0562096
0.0560705
0.400765
0.114741
0.410293
0.117769
0.419688
0.120231
0.428702
0.122024
0.437098
0.123104
0.444675
0.123456
0.451272
0.123089
0.456782
0.122036
0.461147
0.120353
0.464357
0.118114
0.466438
0.115401
0.467439
0.112296
0.467433
0.108887
0.466511
0.105258
0.46477
0.101484
0.462297
0.0976265
0.459164
0.0937387
0.45544
0.0898799
0.451209
0.0861221
0.446571
0.0825337
0.441612
0.0791512
0.436372
0.075973
0.430845
0.0729893
0.425005
0.0702237
0.418833
0.067756
0.412371
0.065719
0.405722
0.0642425
0.398986
0.0633587
0.392224
0.0629716
0.0628198
0.408556
0.105948
0.417515
0.10881
0.426493
0.111254
0.435322
0.113194
0.443835
0.114591
0.451869
0.115422
0.459282
0.115676
0.465958
0.11536
0.471811
0.1145
0.47679
0.113136
0.480871
0.11132
0.484058
0.10911
0.486375
0.10657
0.487865
0.103768
0.488584
0.100765
0.488588
0.0976225
0.487932
0.094395
0.486671
0.0911405
0.484871
0.0879219
0.482606
0.0847994
0.479939
0.0818174
0.476913
0.0789999
0.473536
0.0763659
0.469807
0.0739528
0.465731
0.0718317
0.461348
0.0701021
0.456732
0.0688582
0.451958
0.0681333
0.447059
0.0678702
0.0678684
0.41626
0.0977009
0.424691
0.100379
0.43321
0.102735
0.441703
0.104701
0.450052
0.106243
0.458137
0.107336
0.465846
0.107967
0.473078
0.108128
0.479747
0.107831
0.485789
0.107094
0.491158
0.105951
0.495829
0.104438
0.499797
0.102603
0.50307
0.100494
0.505671
0.0981643
0.507629
0.0956644
0.508978
0.0930459
0.509757
0.090362
0.51001
0.0876684
0.509789
0.0850199
0.509143
0.0824638
0.508105
0.0800375
0.506695
0.0777763
0.504922
0.0757257
0.502803
0.0739507
0.500373
0.0725318
0.497687
0.0715443
0.494795
0.0710258
0.491709
0.0709556
0.0712016
0.423908
0.0899236
0.431872
0.0924141
0.439955
0.0946521
0.448075
0.0965804
0.456148
0.0981697
0.464086
0.0993986
0.471803
0.10025
0.479218
0.100714
0.486257
0.100791
0.492859
0.100493
0.498974
0.0998354
0.504566
0.0988458
0.509613
0.0975559
0.514105
0.0960026
0.518043
0.0942267
0.521436
0.0922714
0.5243
0.0901814
0.526658
0.0880039
0.528538
0.0857883
0.529974
0.0835843
0.530999
0.0814392
0.53164
0.0793963
0.531917
0.0774988
0.531847
0.0757961
0.531448
0.0743493
0.530752
0.0732281
0.529798
0.0724989
0.528617
0.0722063
0.527211
0.0723614
0.0728958
0.431524
0.0825503
0.439082
0.0848561
0.446773
0.0869611
0.454536
0.0888171
0.462307
0.0903986
0.47002
0.0916858
0.477608
0.0926617
0.485007
0.0933147
0.492157
0.0936412
0.499005
0.0936447
0.505505
0.093336
0.511618
0.092732
0.517319
0.0918556
0.522587
0.0907345
0.527413
0.0894009
0.531794
0.0878903
0.535734
0.0862409
0.539244
0.084494
0.542339
0.0826931
0.54504
0.0808833
0.547369
0.0791101
0.549347
0.0774182
0.550993
0.0758536
0.552322
0.0744671
0.553354
0.0733166
0.554116
0.072466
0.554637
0.0719782
0.554938
0.0719055
0.555015
0.0722846
0.0731011
0.439136
0.0755263
0.446341
0.0776514
0.453686
0.0796159
0.461125
0.0813789
0.468605
0.0829179
0.476076
0.084215
0.483484
0.0852535
0.490778
0.0860213
0.497907
0.0865119
0.504827
0.0867252
0.511496
0.0866667
0.51788
0.0863475
0.523952
0.085784
0.529689
0.0849972
0.535078
0.0840127
0.540108
0.0828596
0.544779
0.0815706
0.549091
0.0801814
0.553054
0.0787305
0.556678
0.0772588
0.55998
0.0758089
0.562973
0.0744245
0.565675
0.0731519
0.568101
0.0720412
0.570269
0.0711479
0.572203
0.0705323
0.573925
0.0702563
0.575452
0.0703786
0.576781
0.070955
0.0720131
0.446779
0.0688057
0.453677
0.0707541
0.460719
0.0725739
0.467867
0.0742301
0.475082
0.0757032
0.48232
0.0769768
0.489538
0.0780354
0.496693
0.0788665
0.503743
0.0794623
0.510648
0.0798199
0.517373
0.0799415
0.523887
0.0798338
0.530162
0.0795086
0.536178
0.0789817
0.541917
0.0782734
0.547369
0.0774079
0.552527
0.0764127
0.557389
0.075319
0.561959
0.0741607
0.566243
0.0729748
0.570251
0.0718006
0.573996
0.0706799
0.577491
0.0696574
0.58075
0.0687814
0.583793
0.0681052
0.586639
0.0676865
0.589308
0.0675866
0.591818
0.067869
0.594172
0.0686012
0.0698404
0.454493
0.062349
0.461123
0.0641246
0.4679
0.0657971
0.474793
0.0673369
0.481769
0.0687269
0.488793
0.0699527
0.495829
0.0709998
0.502839
0.0718561
0.509788
0.0725132
0.516642
0.0729665
0.523367
0.0732157
0.529937
0.0732645
0.536324
0.0731209
0.542509
0.0727968
0.548474
0.0723084
0.554207
0.0716752
0.559699
0.0709208
0.564946
0.0700719
0.569948
0.0691586
0.574709
0.0682138
0.579236
0.0672738
0.583538
0.0663775
0.587628
0.0655672
0.591521
0.064889
0.595233
0.0643934
0.598783
0.0641359
0.602193
0.0641766
0.605481
0.064581
0.60866
0.0654226
0.0667759
0.462325
0.0561213
0.468722
0.0577276
0.475267
0.0592515
0.481937
0.0606678
0.488702
0.0619618
0.495533
0.0631209
0.502401
0.064132
0.509273
0.0649839
0.516119
0.0656678
0.522907
0.0661784
0.529609
0.0665138
0.536198
0.0666755
0.54265
0.0666685
0.548945
0.0665017
0.555066
0.0661877
0.560999
0.0657424
0.566734
0.0651856
0.572266
0.0645401
0.577592
0.0638322
0.582715
0.0630914
0.587638
0.0623504
0.592371
0.061645
0.596923
0.0610146
0.60131
0.0605024
0.605547
0.060156
0.609655
0.0600281
0.613655
0.0601769
0.617569
0.0606671
0.621418
0.0615733
0.0629775
0.470327
0.0500911
0.476523
0.0515312
0.482869
0.0529057
0.489344
0.0541931
0.495925
0.0553812
0.502587
0.0564588
0.509304
0.0574145
0.51605
0.0582379
0.522797
0.0589208
0.529518
0.0594575
0.536187
0.0598449
0.542779
0.0600832
0.549272
0.0601754
0.555646
0.0601278
0.561884
0.05995
0.567971
0.0596551
0.573898
0.0592591
0.579656
0.0587818
0.585242
0.0582457
0.590657
0.0576769
0.595902
0.0571046
0.600986
0.0565613
0.605918
0.056083
0.610711
0.0557096
0.615381
0.0554854
0.61995
0.0554597
0.624439
0.0556875
0.628875
0.056231
0.633287
0.0571619
0.0585628
0.478557
0.0442286
0.484583
0.0455052
0.490759
0.0467299
0.497067
0.0478845
0.50349
0.0489587
0.510006
0.0499431
0.516593
0.0508277
0.523227
0.0516032
0.529886
0.052262
0.536545
0.0527986
0.54318
0.0532096
0.54977
0.0534939
0.556292
0.0536532
0.562728
0.0536919
0.56906
0.0536173
0.575276
0.0534397
0.581362
0.0531726
0.587312
0.0528322
0.59312
0.052438
0.598784
0.0520127
0.604307
0.0515819
0.609693
0.0511747
0.614953
0.0508235
0.620098
0.0505646
0.625145
0.0504385
0.630114
0.0504904
0.63503
0.0507713
0.639922
0.0513391
0.644824
0.0522602
0.0536131
0.487078
0.0385054
0.492962
0.0396209
0.498997
0.0406955
0.505167
0.0417141
0.511458
0.0426681
0.517851
0.0435497
0.524328
0.0443503
0.53087
0.0450619
0.537454
0.0456776
0.54406
0.0461924
0.550667
0.0466026
0.557254
0.0469069
0.563802
0.0471057
0.570292
0.0472021
0.576707
0.0472015
0.583035
0.0471123
0.589263
0.046945
0.595381
0.0467135
0.601385
0.046434
0.607272
0.046126
0.613042
0.0458117
0.6187
0.0455167
0.624254
0.0452695
0.629716
0.0451025
0.635103
0.045052
0.640434
0.0451588
0.645737
0.0454691
0.651041
0.046035
0.656384
0.0469165
0.048186
0.495954
0.0328936
0.501726
0.0338495
0.507647
0.0347737
0.513708
0.0356536
0.519894
0.0364823
0.52619
0.0372533
0.532581
0.0379594
0.539049
0.0385939
0.545576
0.0391507
0.552143
0.0396254
0.558731
0.0400145
0.565321
0.0403163
0.571896
0.0405309
0.578438
0.0406602
0.584931
0.0407083
0.591362
0.0406815
0.597719
0.0405885
0.603992
0.0404404
0.610175
0.0402508
0.616265
0.0400361
0.622261
0.0398151
0.628168
0.0396098
0.633993
0.0394449
0.639747
0.0393486
0.645446
0.0393526
0.651112
0.039493
0.656771
0.0398101
0.662456
0.0403503
0.668207
0.0411657
0.0423207
0.505258
0.0273647
0.510945
0.0281624
0.516783
0.0289356
0.522762
0.0296745
0.528871
0.0303735
0.535097
0.0310274
0.541426
0.0316303
0.547843
0.0321766
0.554332
0.0326614
0.560877
0.0330807
0.56746
0.0334315
0.574064
0.0337121
0.580673
0.0339223
0.58727
0.0340631
0.59384
0.0341377
0.600371
0.0341509
0.60685
0.0341094
0.613268
0.0340221
0.619619
0.0339002
0.625898
0.033757
0.632105
0.0336081
0.638243
0.0334718
0.644319
0.033369
0.650344
0.0333235
0.656334
0.0333623
0.662311
0.0335161
0.668302
0.0338195
0.67434
0.0343121
0.680467
0.0350385
0.0360559
0.515058
0.0218897
0.520691
0.0225293
0.526475
0.023151
0.532403
0.0237468
0.538464
0.0243122
0.544648
0.0248435
0.550943
0.0253358
0.557334
0.0257849
0.563809
0.0261867
0.570352
0.0265379
0.576947
0.0268361
0.58358
0.0270799
0.590233
0.0272686
0.596893
0.027403
0.603546
0.0274853
0.610178
0.0275191
0.616777
0.0275096
0.623336
0.0274636
0.629846
0.0273898
0.636305
0.0272988
0.64271
0.027203
0.649064
0.0271173
0.655375
0.0270583
0.661653
0.0270455
0.667914
0.0271009
0.674181
0.0272497
0.68048
0.0275204
0.686846
0.0279454
0.693324
0.0285611
0.029414
0.525443
0.0164383
0.531052
0.0169201
0.536814
0.0173888
0.542722
0.0178391
0.548767
0.0182675
0.554939
0.0186713
0.561228
0.0190469
0.567622
0.0193911
0.574107
0.0197008
0.580672
0.0199736
0.5873
0.0202075
0.593979
0.0204014
0.600693
0.0205547
0.607428
0.020668
0.61417
0.0207425
0.620909
0.020781
0.627631
0.0207871
0.634329
0.0207659
0.640995
0.0207238
0.647625
0.0206687
0.654218
0.02061
0.660776
0.0205588
0.667307
0.0205278
0.67382
0.0205319
0.680333
0.0205879
0.686868
0.0207154
0.693452
0.0209364
0.70012
0.0212766
0.706916
0.0217651
0.0224431
0.536478
0.0109774
0.542098
0.0112994
0.547873
0.0116147
0.553794
0.0119174
0.559856
0.0122056
0.56605
0.0124775
0.572366
0.0127312
0.578793
0.0129641
0.585319
0.0131744
0.591932
0.0133603
0.598619
0.0135206
0.605366
0.0136545
0.612159
0.0137614
0.618986
0.0138418
0.625832
0.0138964
0.632686
0.0139269
0.639537
0.0139358
0.646377
0.0139264
0.653198
0.013903
0.659996
0.0138708
0.666769
0.0138362
0.673522
0.0138066
0.680259
0.0137907
0.686992
0.0137985
0.693738
0.0138418
0.70052
0.013934
0.707365
0.0140907
0.714312
0.0143303
0.721403
0.0146738
0.0151503
0.548267
0.0054704
0.55393
0.00563651
0.559749
0.00579557
0.56572
0.00594714
0.571834
0.00609154
0.578083
0.00622799
0.584459
0.00635514
0.590952
0.00647178
0.597549
0.00657691
0.60424
0.00666971
0.611011
0.0067495
0.617849
0.00681584
0.624742
0.00686852
0.631677
0.00690764
0.638639
0.00693366
0.645619
0.00694738
0.652604
0.00695006
0.659587
0.00694337
0.666561
0.00692949
0.673521
0.00691108
0.680465
0.00689138
0.687398
0.00687423
0.694324
0.0068641
0.701257
0.00686621
0.708212
0.00688665
0.715213
0.00693259
0.722291
0.00701282
0.729483
0.00713891
0.736828
0.00732855
0.00762611
0.551651
0.557288
0.563084
0.569031
0.575122
0.58135
0.587705
0.594177
0.600754
0.607424
0.614173
0.620989
0.627858
0.634765
0.641699
0.648646
0.655596
0.66254
0.669469
0.67638
0.683272
0.690146
0.69701
0.703876
0.710763
0.717695
0.724708
0.731847
0.739176
)
;

boundaryField
{
    inlet
    {
        type            calculated;
        value           nonuniform List<scalar> 
45
(
-0.2
-0.2
-0.2
-0.2
-0.2
-0.2
-0.2
-0.2
-0.2
-0.2
-0.2
-0.2
-0.2
-0.2
-0.2
-0.20766
-0.212683
-0.217828
-0.223097
-0.228493
-0.23402
-0.239681
-0.245479
-0.251417
-0.257499
-0.263728
-0.270107
-0.276641
-0.283333
-0.290186
-0.297206
-0.304395
-0.311758
-0.3193
-0.327023
-0.334934
-0.343036
-0.351334
-0.359832
-0.368536
-0.377451
-0.386582
-0.395933
-0.40551
-0.415319
)
;
    }
    outlet
    {
        type            calculated;
        value           nonuniform List<scalar> 
45
(
0.012846
0.0206746
0.0185238
0.0123268
0.00375283
-0.00533672
-0.0129693
-0.0194137
-0.0249297
-0.0296773
-0.0337565
-0.0372257
-0.0401187
-0.0424477
-0.0441968
-0.0470633
-0.0485094
-0.0487042
-0.047183
-0.0438084
-0.0389232
-0.0298158
0.0606096
0.154672
0.241132
0.318406
0.385475
0.442011
0.488376
0.525517
0.554809
0.577869
0.596344
0.611724
0.625216
0.637701
0.649773
0.661811
0.674072
0.686732
0.699966
0.713887
0.728696
0.744352
0.746802
)
;
    }
    flap
    {
        type            calculated;
        value           uniform 0;
    }
    upperWall
    {
        type            calculated;
        value           uniform 0;
    }
    lowerWall
    {
        type            calculated;
        value           uniform 0;
    }
    frontAndBack
    {
        type            empty;
        value           nonuniform 0();
    }
}


// ************************************************************************* //
