/*--------------------------------*- C++ -*----------------------------------*\
  =========                 |
  \\      /  F ield         | OpenFOAM: The Open Source CFD Toolbox
   \\    /   O peration     | Website:  https://openfoam.org
    \\  /    A nd           | Version:  dev
     \\/     M anipulation  |
\*---------------------------------------------------------------------------*/
FoamFile
{
    version     2.0;
    format      ascii;
    class       volVectorField;
    location    "7.6";
    object      U;
}
// * * * * * * * * * * * * * * * * * * * * * * * * * * * * * * * * * * * * * //

dimensions      [0 1 -1 0 0 0 0];

internalField   nonuniform List<vector> 
2790
(
(9.94399 0 0.0205232)
(9.87572 0 0.0295877)
(9.77521 0 0.0359895)
(9.64944 0 0.0425563)
(9.50409 0 0.0493856)
(9.34007 0 0.0564286)
(9.15654 0 0.0638164)
(8.95262 0 0.0717124)
(8.72746 0 0.0802563)
(8.48008 0 0.089575)
(8.20926 0 0.0997955)
(7.91363 0 0.111048)
(7.59166 0 0.123464)
(7.24175 0 0.137169)
(6.86229 0 0.152278)
(6.45175 0 0.168877)
(6.00882 0 0.187005)
(5.53262 0 0.206627)
(5.02289 0 0.227599)
(4.48036 0 0.24962)
(3.90706 0 0.272185)
(3.30673 0 0.294533)
(2.68518 0 0.315626)
(2.05052 0 0.334293)
(1.4117 0 0.350609)
(0.797954 0 0.372887)
(0.110594 0 0.325016)
(-0.46957 0 -0.114882)
(-0.453791 0 -0.297137)
(-0.231164 0 -0.423852)
(9.9985 0 0.040703)
(9.98145 0 0.0623828)
(9.93574 0 0.0791403)
(9.86416 0 0.096625)
(9.77097 0 0.115124)
(9.65715 0 0.134489)
(9.52206 0 0.154976)
(9.36485 0 0.176945)
(9.18471 0 0.20071)
(8.98067 0 0.226553)
(8.75152 0 0.254749)
(8.49587 0 0.285567)
(8.21218 0 0.319258)
(7.8988 0 0.356033)
(7.55401 0 0.396032)
(7.17615 0 0.439277)
(6.76373 0 0.485608)
(6.3156 0 0.534604)
(5.83118 0 0.585479)
(5.3108 0 0.636971)
(4.75607 0 0.687219)
(4.17032 0 0.733659)
(3.5592 0 0.772961)
(2.93146 0 0.801096)
(2.29986 0 0.813747)
(1.69288 0 0.807248)
(1.10708 0 0.747232)
(0.65885 0 0.547903)
(0.186374 0 0.224571)
(-0.00819871 0 -0.45375)
(9.99559 0 0.043207)
(9.97556 0 0.0752717)
(9.9318 0 0.103346)
(9.8649 0 0.132371)
(9.77778 0 0.16306)
(9.67155 0 0.1954)
(9.54588 0 0.229744)
(9.40013 0 0.266605)
(9.23365 0 0.306474)
(9.04563 0 0.349812)
(8.83508 0 0.397079)
(8.6008 0 0.448731)
(8.34143 0 0.505204)
(8.05548 0 0.566878)
(7.74135 0 0.634028)
(7.3974 0 0.70675)
(7.02206 0 0.784858)
(6.6139 0 0.867746)
(6.17187 0 0.954217)
(5.69556 0 1.04228)
(5.18555 0 1.1289)
(4.64387 0 1.2098)
(4.0747 0 1.27917)
(3.48529 0 1.32933)
(2.88676 0 1.35008)
(2.29939 0 1.32641)
(1.73178 0 1.22075)
(1.21621 0 0.972971)
(0.70111 0 0.570107)
(0.358019 0 -0.156616)
(9.99403 0 0.0494993)
(9.97181 0 0.0932063)
(9.92788 0 0.133572)
(9.86225 0 0.174209)
(9.77693 0 0.216434)
(9.67298 0 0.260663)
(9.55031 0 0.307432)
(9.40849 0 0.357419)
(9.24702 0 0.411296)
(9.06533 0 0.469712)
(8.86268 0 0.533311)
(8.63818 0 0.602735)
(8.39083 0 0.678607)
(8.1195 0 0.761492)
(7.82297 0 0.851841)
(7.49997 0 0.949898)
(7.1492 0 1.05557)
(6.76939 0 1.16827)
(6.35943 0 1.28663)
(5.91853 0 1.40829)
(5.44645 0 1.52949)
(4.94392 0 1.6447)
(4.41308 0 1.74615)
(3.85818 0 1.82322)
(3.28573 0 1.86135)
(2.70632 0 1.8403)
(2.12558 0 1.72597)
(1.55421 0 1.47782)
(0.957918 0 1.08364)
(0.509414 0 0.502264)
(9.99331 0 0.0572136)
(9.96994 0 0.110959)
(9.92593 0 0.162104)
(9.86146 0 0.213348)
(9.77799 0 0.266358)
(9.67635 0 0.321916)
(9.55654 0 0.380705)
(9.41822 0 0.443493)
(9.26097 0 0.511062)
(9.08433 0 0.584179)
(8.8877 0 0.663599)
(8.67037 0 0.750077)
(8.43157 0 0.844352)
(8.17044 0 0.947105)
(7.88605 0 1.0589)
(7.57744 0 1.1801)
(7.24362 0 1.31071)
(6.88355 0 1.45021)
(6.49622 0 1.59725)
(6.08066 0 1.74935)
(5.63608 0 1.90244)
(5.16203 0 2.05033)
(4.65868 0 2.18418)
(4.12712 0 2.29174)
(3.56931 0 2.35654)
(2.9888 0 2.35729)
(2.38676 0 2.26491)
(1.76633 0 2.04758)
(1.08996 0 1.69132)
(0.536636 0 1.15406)
(9.99302 0 0.0655386)
(9.96923 0 0.128702)
(9.92556 0 0.190114)
(9.86253 0 0.251844)
(9.78129 0 0.315579)
(9.68244 0 0.382321)
(9.56601 0 0.452878)
(9.43171 0 0.528106)
(9.2792 0 0.608887)
(9.10806 0 0.696094)
(8.91777 0 0.790592)
(8.70773 0 0.89324)
(8.47727 0 1.00488)
(8.22566 0 1.12628)
(7.95212 0 1.25812)
(7.65585 0 1.40084)
(7.33599 0 1.55458)
(6.99159 0 1.7189)
(6.62162 0 1.89259)
(6.22493 0 2.07326)
(5.8002 0 2.25688)
(5.34595 0 2.43722)
(4.86061 0 2.60521)
(4.3426 0 2.74822)
(3.79029 0 2.84952)
(3.20248 0 2.88816)
(2.57648 0 2.83816)
(1.9134 0 2.67153)
(1.1727 0 2.3739)
(0.549947 0 1.89429)
(9.99297 0 0.0740748)
(9.96927 0 0.146314)
(9.92637 0 0.217483)
(9.86509 0 0.289292)
(9.78643 0 0.363356)
(9.69085 0 0.440829)
(9.57835 0 0.522664)
(9.44871 0 0.609816)
(9.30165 0 0.703263)
(9.13678 0 0.803976)
(8.95364 0 0.912914)
(8.75169 0 1.03103)
(8.53032 0 1.15924)
(8.28886 0 1.29843)
(8.02657 0 1.44933)
(7.74266 0 1.61252)
(7.43625 0 1.78823)
(7.10635 0 1.97621)
(6.75174 0 2.17545)
(6.37093 0 2.38386)
(5.96201 0 2.59778)
(5.52254 0 2.81141)
(5.04942 0 3.01617)
(4.53889 0 3.19996)
(3.98654 0 3.34666)
(3.38779 0 3.43592)
(2.73714 0 3.44323)
(2.03615 0 3.34139)
(1.24169 0 3.11344)
(0.563488 0 2.693)
(9.99306 0 0.0825879)
(9.96981 0 0.163606)
(9.92807 0 0.24405)
(9.86885 0 0.32548)
(9.79313 0 0.409447)
(9.70126 0 0.497208)
(9.59323 0 0.589842)
(9.46888 0 0.688401)
(9.32796 0 0.793948)
(9.17014 0 0.907541)
(8.99502 0 1.03023)
(8.8021 0 1.16306)
(8.59081 0 1.30703)
(8.36049 0 1.46312)
(8.11043 0 1.63218)
(7.83978 0 1.81491)
(7.54757 0 2.01171)
(7.23262 0 2.22256)
(6.89344 0 2.44679)
(6.52809 0 2.68274)
(6.134 0 2.9274)
(5.70774 0 3.17581)
(5.24485 0 3.42039)
(4.73965 0 3.6502)
(4.18534 0 3.85021)
(3.57461 0 4.00083)
(2.89938 0 4.07781)
(2.16199 0 4.05224)
(1.31604 0 3.90153)
(0.583183 0 3.53996)
(9.99326 0 0.090928)
(9.97072 0 0.180408)
(9.93046 0 0.269667)
(9.87362 0 0.360241)
(9.80118 0 0.453647)
(9.71344 0 0.551211)
(9.61038 0 0.654115)
(9.49189 0 0.763501)
(9.35776 0 0.880513)
(9.20774 0 1.00629)
(9.04146 0 1.14197)
(8.85848 0 1.28869)
(8.65827 0 1.44755)
(8.44021 0 1.61962)
(8.20356 0 1.80591)
(7.94743 0 2.00725)
(7.67075 0 2.2243)
(7.37212 0 2.45734)
(7.04973 0 2.70612)
(6.70119 0 2.96963)
(6.32325 0 3.24572)
(5.91153 0 3.53059)
(5.46022 0 3.81811)
(4.96185 0 4.099)
(4.40723 0 4.35985)
(3.78622 0 4.58204)
(3.08738 0 4.74096)
(2.31255 0 4.80429)
(1.41053 0 4.74086)
(0.614256 0 4.44167)
(9.99352 0 0.0989918)
(9.97191 0 0.196578)
(9.9334 0 0.294194)
(9.87924 0 0.393416)
(9.8104 0 0.495755)
(9.72717 0 0.602589)
(9.62954 0 0.715185)
(9.51742 0 0.834767)
(9.39069 0 0.962552)
(9.24913 0 1.09976)
(9.09246 0 1.24761)
(8.92028 0 1.40731)
(8.73213 0 1.58009)
(8.52742 0 1.76714)
(8.30542 0 1.9696)
(8.06524 0 2.18854)
(7.8057 0 2.42485)
(7.52525 0 2.67924)
(7.22185 0 2.952)
(6.89269 0 3.2429)
(6.53393 0 3.55087)
(6.14034 0 3.87357)
(5.70489 0 4.20676)
(5.21829 0 4.54342)
(4.66877 0 4.87243)
(4.04262 0 5.17691)
(3.32344 0 5.43218)
(2.50954 0 5.60176)
(1.5417 0 5.64321)
(0.663978 0 5.4177)
(9.99384 0 0.106703)
(9.9733 0 0.211999)
(9.9368 0 0.317501)
(9.88558 0 0.424854)
(9.82064 0 0.535588)
(9.74226 0 0.651121)
(9.65045 0 0.772789)
(9.54519 0 0.901889)
(9.42639 0 1.03971)
(9.29391 0 1.18753)
(9.14753 0 1.34665)
(8.98695 0 1.51837)
(8.81175 0 1.70402)
(8.62143 0 1.90491)
(8.41531 0 2.12236)
(8.19251 0 2.35766)
(7.95186 0 2.61203)
(7.69175 0 2.88662)
(7.40999 0 3.18237)
(7.10356 0 3.49996)
(6.76824 0 3.83958)
(6.39819 0 4.20064)
(5.98537 0 4.58127)
(5.51885 0 4.97739)
(4.9841 0 5.38134)
(4.36295 0 5.77951)
(3.63156 0 6.149)
(2.77979 0 6.45041)
(1.7332 0 6.62813)
(0.744709 0 6.50261)
(9.9942 0 0.114005)
(9.97487 0 0.226573)
(9.94056 0 0.339471)
(9.89252 0 0.454421)
(9.83174 0 0.572981)
(9.75851 0 0.696608)
(9.67289 0 0.826694)
(9.57489 0 0.964596)
(9.46449 0 1.11166)
(9.34163 0 1.26923)
(9.20617 0 1.43867)
(9.05788 0 1.62136)
(8.89646 0 1.81872)
(8.72148 0 2.0322)
(8.53238 0 2.26329)
(8.32836 0 2.51351)
(8.10833 0 2.78443)
(7.87078 0 3.07766)
(7.61356 0 3.39483)
(7.33365 0 3.73761)
(7.0268 0 4.10758)
(6.68699 0 4.50616)
(6.30567 0 4.93424)
(5.8708 0 5.39156)
(5.36542 0 5.87542)
(4.76647 0 6.37823)
(4.04023 0 6.88309)
(3.16097 0 7.3532)
(2.02435 0 7.7227)
(0.880526 0 7.7564)
(9.99459 0 0.120852)
(9.97657 0 0.240222)
(9.94461 0 0.360005)
(9.89996 0 0.481997)
(9.84357 0 0.607793)
(9.77576 0 0.73888)
(9.69663 0 0.876696)
(9.60624 0 1.02265)
(9.50465 0 1.17812)
(9.39186 0 1.34452)
(9.26783 0 1.52327)
(9.13244 0 1.71581)
(8.98549 0 1.92364)
(8.8267 0 2.14834)
(8.65564 0 2.39154)
(8.47168 0 2.655)
(8.27392 0 2.94062)
(8.06105 0 3.25045)
(7.83122 0 3.58681)
(7.58171 0 3.95232)
(7.30866 0 4.35)
(7.00647 0 4.78334)
(6.66696 0 5.25629)
(6.27813 0 5.77313)
(5.82201 0 6.33783)
(5.27192 0 6.95247)
(4.58385 0 7.61355)
(3.70922 0 8.3006)
(2.48752 0 8.95755)
(1.1241 0 9.29217)
(9.99501 0 0.127209)
(9.97838 0 0.252882)
(9.94891 0 0.379017)
(9.9078 0 0.507482)
(9.85599 0 0.639903)
(9.79383 0 0.777798)
(9.72144 0 0.922635)
(9.63895 0 1.07586)
(9.54649 0 1.23889)
(9.44415 0 1.41318)
(9.33198 0 1.60017)
(9.20997 0 1.80138)
(9.07808 0 2.01837)
(8.93617 0 2.2528)
(8.784 0 2.50644)
(8.62118 0 2.78125)
(8.44709 0 3.07939)
(8.2608 0 3.40331)
(8.06091 0 3.75592)
(7.84538 0 4.14068)
(7.61119 0 4.56189)
(7.35389 0 5.02494)
(7.06686 0 5.53679)
(6.74001 0 6.10642)
(6.35738 0 6.74551)
(5.89335 0 7.46912)
(5.29985 0 8.29636)
(4.50774 0 9.24771)
(3.26767 0 10.341)
(1.60427 0 11.3574)
(9.99545 0 0.133049)
(9.98027 0 0.2645)
(9.95339 0 0.396437)
(9.91596 0 0.530783)
(9.86889 0 0.669193)
(9.81254 0 0.813206)
(9.74709 0 0.964317)
(9.67273 0 1.12399)
(9.58965 0 1.29368)
(9.49804 0 1.47484)
(9.39805 0 1.66897)
(9.28981 0 1.87759)
(9.17341 0 2.10232)
(9.0489 0 2.34489)
(8.91627 0 2.60715)
(8.77542 0 2.8912)
(8.62609 0 3.19938)
(8.46783 0 3.53444)
(8.29993 0 3.89971)
(8.12123 0 4.29927)
(7.93003 0 4.73834)
(7.72377 0 5.22376)
(7.4986 0 5.76476)
(7.24862 0 6.37414)
(6.96433 0 7.07034)
(6.63017 0 7.88117)
(6.21332 0 8.852)
(5.66433 0 10.0657)
(4.68823 0 11.7302)
(2.6859 0 14.5889)
(0.120448 0 -0.119569)
(0.282545 0 -0.108382)
(0.447405 0 -0.0846206)
(0.583917 0 -0.0615597)
(0.68639 0 -0.0419349)
(0.758562 0 -0.0258427)
(0.805599 0 -0.0128745)
(0.832003 0 -0.00263135)
(0.841679 0 0.00511611)
(0.838261 0 0.010121)
(0.825073 0 0.0130103)
(0.805287 0 0.0144415)
(0.781559 0 0.0147997)
(0.755959 0 0.0143678)
(0.730122 0 0.0133748)
(0.705336 0 0.0120241)
(0.68255 0 0.0104995)
(0.662382 0 0.00895613)
(0.645147 0 0.00750721)
(0.630915 0 0.00622261)
(0.61955 0 0.00514512)
(0.610715 0 0.00429539)
(0.603877 0 0.00365456)
(0.598381 0 0.00322807)
(0.593475 0 0.00305852)
(0.588441 0 0.0030821)
(0.582774 0 0.00317648)
(0.576264 0 0.00322792)
(0.569051 0 0.00312034)
(0.560481 0 0.00244405)
(0.104047 0 -0.28133)
(0.263118 0 -0.263052)
(0.41834 0 -0.212587)
(0.550241 0 -0.162214)
(0.654722 0 -0.118871)
(0.735259 0 -0.0829825)
(0.796225 0 -0.0537408)
(0.8413 0 -0.0302988)
(0.873408 0 -0.0119782)
(0.894981 0 0.00175741)
(0.907621 0 0.0114672)
(0.912966 0 0.0176989)
(0.913455 0 0.0211148)
(0.911072 0 0.0223406)
(0.90741 0 0.0219093)
(0.903731 0 0.0202801)
(0.900962 0 0.0178675)
(0.899697 0 0.0150361)
(0.900237 0 0.0120749)
(0.90265 0 0.00919778)
(0.906803 0 0.00659453)
(0.91235 0 0.00448691)
(0.918719 0 0.00306283)
(0.925376 0 0.0023906)
(0.931835 0 0.00234467)
(0.93758 0 0.00278267)
(0.942125 0 0.00344988)
(0.945413 0 0.00404538)
(0.947623 0 0.00433072)
(0.949447 0 0.00382952)
(0.0834165 0 -0.445987)
(0.221714 0 -0.416606)
(0.347122 0 -0.339599)
(0.453766 0 -0.263358)
(0.538427 0 -0.198043)
(0.604602 0 -0.144033)
(0.655681 0 -0.100133)
(0.694436 0 -0.0650913)
(0.723296 0 -0.0377918)
(0.744511 0 -0.0170183)
(0.760969 0 -0.0017493)
(0.773973 0 0.00878848)
(0.783357 0 0.0152191)
(0.790436 0 0.0182392)
(0.79613 0 0.0185774)
(0.801156 0 0.0169679)
(0.806027 0 0.014101)
(0.811028 0 0.0105847)
(0.816249 0 0.00689373)
(0.821665 0 0.0033801)
(0.827023 0 0.00035183)
(0.832024 0 -0.00190071)
(0.837183 0 -0.00330047)
(0.842662 0 -0.00376964)
(0.848362 0 -0.00343888)
(0.854114 0 -0.0024773)
(0.859922 0 -0.00113069)
(0.865684 0 0.000214488)
(0.87125 0 0.00123316)
(0.876526 0 0.00183046)
(0.063354 0 -0.577939)
(0.174824 0 -0.532413)
(0.263378 0 -0.431706)
(0.339757 0 -0.33526)
(0.399407 0 -0.253743)
(0.446587 0 -0.186558)
(0.483493 0 -0.131955)
(0.511789 0 -0.0882706)
(0.532984 0 -0.0542333)
(0.548674 0 -0.0289032)
(0.560455 0 -0.0111761)
(0.570868 0 0.000792459)
(0.580359 0 0.00846049)
(0.588004 0 0.0125788)
(0.594247 0 0.013793)
(0.599379 0 0.0128487)
(0.60355 0 0.0105546)
(0.606807 0 0.00763317)
(0.609169 0 0.00461481)
(0.610762 0 0.00192203)
(0.611684 0 -0.000261937)
(0.61229 0 -0.00207642)
(0.612532 0 -0.00346689)
(0.612462 0 -0.00422052)
(0.612093 0 -0.00416122)
(0.611407 0 -0.00355505)
(0.610391 0 -0.00282108)
(0.609077 0 -0.0020845)
(0.60686 0 -0.00119296)
(0.604476 0 0.00014585)
(0.042524 0 -0.678735)
(0.121634 0 -0.612331)
(0.167592 0 -0.491471)
(0.211088 0 -0.381456)
(0.242274 0 -0.289926)
(0.267559 0 -0.214839)
(0.287646 0 -0.153892)
(0.30324 0 -0.10499)
(0.314924 0 -0.0667922)
(0.323444 0 -0.0385181)
(0.329696 0 -0.0187182)
(0.334926 0 -0.0048607)
(0.341437 0 0.00396681)
(0.345899 0 0.00864654)
(0.348197 0 0.0104593)
(0.348429 0 0.0102183)
(0.346773 0 0.00864316)
(0.343313 0 0.00640784)
(0.338143 0 0.0038311)
(0.33153 0 0.00119593)
(0.324282 0 -0.00117776)
(0.316387 0 -0.00302414)
(0.307398 0 -0.00397549)
(0.297002 0 -0.00388564)
(0.284872 0 -0.00271028)
(0.270812 0 -0.000718548)
(0.254979 0 0.00120085)
(0.23789 0 0.00260784)
(0.221121 0 0.00387467)
(0.204652 0 0.00455276)
(0.0203255 0 -0.742854)
(0.0615915 0 -0.651785)
(0.0607653 0 -0.514496)
(0.0691387 0 -0.397291)
(0.0684973 0 -0.300995)
(0.0684726 0 -0.222748)
(0.0680254 0 -0.159681)
(0.0674976 0 -0.109127)
(0.0668369 0 -0.069441)
(0.0662631 0 -0.0405752)
(0.0650824 0 -0.0230337)
(0.0639237 0 -0.0118514)
(0.0604535 0 -0.00109793)
(0.0520566 0 0.00722514)
(0.0420657 0 0.0118797)
(0.0290759 0 0.0140123)
(0.0129835 0 0.0146801)
(-0.00661944 0 0.0144561)
(-0.0285882 0 0.013543)
(-0.0528613 0 0.012093)
(-0.0784662 0 0.010534)
(-0.104229 0 0.00935144)
(-0.128875 0 0.0087156)
(-0.15141 0 0.00879716)
(-0.17074 0 0.00971995)
(-0.185766 0 0.0114045)
(-0.197256 0 0.0131331)
(-0.208369 0 0.0139552)
(-0.220504 0 0.0131352)
(-0.230546 0 0.0106041)
(-0.0047984 0 -0.763289)
(-0.00690741 0 -0.644977)
(-0.0557276 0 -0.496403)
(-0.0865916 0 -0.378401)
(-0.122025 0 -0.283069)
(-0.152525 0 -0.207503)
(-0.179379 0 -0.14809)
(-0.20229 0 -0.101332)
(-0.221842 0 -0.0641228)
(-0.240232 0 -0.0342289)
(-0.264326 0 -0.0114241)
(-0.299522 0 0.0039529)
(-0.324771 0 0.014379)
(-0.343652 0 0.0216978)
(-0.362183 0 0.0261802)
(-0.380856 0 0.0289867)
(-0.399839 0 0.0306142)
(-0.419185 0 0.0311711)
(-0.438925 0 0.0307567)
(-0.45926 0 0.0294336)
(-0.480181 0 0.0273795)
(-0.501295 0 0.0248966)
(-0.521893 0 0.0222433)
(-0.541156 0 0.0196898)
(-0.558048 0 0.0176396)
(-0.571637 0 0.0165677)
(-0.582073 0 0.0165203)
(-0.590805 0 0.016619)
(-0.59881 0 0.0157251)
(-0.604311 0 0.0138596)
(-0.0359867 0 -0.732461)
(-0.0856217 0 -0.589701)
(-0.180784 0 -0.439356)
(-0.256418 0 -0.324849)
(-0.330178 0 -0.235148)
(-0.396452 0 -0.165168)
(-0.455982 0 -0.110282)
(-0.508842 0 -0.0663702)
(-0.555339 0 -0.0306235)
(-0.596797 0 -0.00274131)
(-0.629142 0 0.0158299)
(-0.651142 0 0.0256531)
(-0.673254 0 0.0311266)
(-0.693826 0 0.035489)
(-0.713317 0 0.0388948)
(-0.732102 0 0.0410769)
(-0.750359 0 0.0421192)
(-0.768109 0 0.042159)
(-0.785447 0 0.0413693)
(-0.80267 0 0.0399152)
(-0.820114 0 0.0379159)
(-0.83785 0 0.0354241)
(-0.855519 0 0.0324426)
(-0.872352 0 0.0291116)
(-0.887302 0 0.0258983)
(-0.899459 0 0.0233825)
(-0.908728 0 0.0217838)
(-0.916017 0 0.0206221)
(-0.922052 0 0.0191223)
(-0.925566 0 0.0174705)
(-0.0735674 0 -0.64829)
(-0.171724 0 -0.485547)
(-0.317238 0 -0.338838)
(-0.439311 0 -0.233167)
(-0.550734 0 -0.15538)
(-0.647208 0 -0.096961)
(-0.729403 0 -0.0525327)
(-0.798377 0 -0.0190689)
(-0.85339 0 0.005374)
(-0.892349 0 0.0223013)
(-0.922148 0 0.0338598)
(-0.948137 0 0.0416259)
(-0.971334 0 0.0466608)
(-0.992394 0 0.0499848)
(-1.01189 0 0.0523199)
(-1.03029 0 0.0537081)
(-1.04781 0 0.0540626)
(-1.06444 0 0.053419)
(-1.08025 0 0.0520101)
(-1.09555 0 0.0501282)
(-1.11088 0 0.047903)
(-1.12655 0 0.045196)
(-1.14236 0 0.0417276)
(-1.15754 0 0.0374357)
(-1.17096 0 0.0327917)
(-1.18173 0 0.028643)
(-1.18981 0 0.0255862)
(-1.19603 0 0.0234649)
(-1.20094 0 0.0217142)
(-1.2035 0 0.0204132)
(-0.121599 0 -0.506387)
(-0.273498 0 -0.332186)
(-0.471443 0 -0.199502)
(-0.637282 0 -0.109903)
(-0.781647 0 -0.0486276)
(-0.898489 0 -0.00911952)
(-0.987401 0 0.0156178)
(-1.05405 0 0.0318646)
(-1.10423 0 0.0429338)
(-1.1447 0 0.0510889)
(-1.17776 0 0.0569766)
(-1.20551 0 0.0607818)
(-1.22935 0 0.0629959)
(-1.25031 0 0.0643404)
(-1.26934 0 0.0652529)
(-1.28712 0 0.0656233)
(-1.30393 0 0.0651094)
(-1.31964 0 0.0636043)
(-1.33422 0 0.0614308)
(-1.34804 0 0.0590773)
(-1.3618 0 0.0567291)
(-1.37607 0 0.054034)
(-1.39075 0 0.0503356)
(-1.40495 0 0.045262)
(-1.41731 0 0.0392461)
(-1.4269 0 0.0334385)
(-1.4338 0 0.028913)
(-1.43896 0 0.025889)
(-1.44295 0 0.0239313)
(-1.4449 0 0.0228786)
(-0.191275 0 -0.307926)
(-0.420981 0 -0.125948)
(-0.682437 0 0.000134717)
(-0.86931 0 0.0517343)
(-1.01166 0 0.0712611)
(-1.12001 0 0.0774792)
(-1.20531 0 0.0795165)
(-1.27247 0 0.0801165)
(-1.32555 0 0.080389)
(-1.36785 0 0.0806705)
(-1.40212 0 0.0807907)
(-1.43043 0 0.0803512)
(-1.45413 0 0.0793569)
(-1.47439 0 0.0783653)
(-1.4925 0 0.0777477)
(-1.50946 0 0.0771321)
(-1.52557 0 0.0757458)
(-1.54049 0 0.0732388)
(-1.55395 0 0.0700832)
(-1.56634 0 0.067119)
(-1.57869 0 0.0646885)
(-1.59191 0 0.062192)
(-1.60599 0 0.0584599)
(-1.61978 0 0.0526719)
(-1.63154 0 0.045195)
(-1.64011 0 0.037604)
(-1.64574 0 0.0316127)
(-1.64972 0 0.0278303)
(-1.65279 0 0.0257744)
(-1.65426 0 0.024916)
(-0.296943 0 0.0478125)
(-0.579944 0 0.19607)
(-0.854348 0 0.213458)
(-1.05298 0 0.203955)
(-1.20401 0 0.184281)
(-1.3185 0 0.163343)
(-1.40586 0 0.145203)
(-1.47322 0 0.130491)
(-1.52554 0 0.118943)
(-1.56668 0 0.110551)
(-1.59993 0 0.104624)
(-1.62736 0 0.0997578)
(-1.64997 0 0.0952302)
(-1.66875 0 0.0916056)
(-1.68533 0 0.0894554)
(-1.7012 0 0.0880834)
(-1.71669 0 0.0859906)
(-1.73097 0 0.0823867)
(-1.74331 0 0.077987)
(-1.75414 0 0.074259)
(-1.76497 0 0.0718765)
(-1.77729 0 0.0699153)
(-1.79121 0 0.0664584)
(-1.80518 0 0.0600213)
(-1.81678 0 0.0508556)
(-1.82441 0 0.0411532)
(-1.82855 0 0.0335712)
(-1.83108 0 0.0291853)
(-1.83316 0 0.0271998)
(-1.8342 0 0.0265151)
(-0.373347 0 0.493737)
(-0.712632 0 0.525493)
(-1.03707 0 0.449865)
(-1.25272 0 0.371365)
(-1.40603 0 0.30491)
(-1.51634 0 0.249823)
(-1.59757 0 0.208465)
(-1.6594 0 0.1782)
(-1.70685 0 0.155099)
(-1.7436 0 0.13835)
(-1.77352 0 0.127003)
(-1.7988 0 0.118165)
(-1.81949 0 0.109924)
(-1.83589 0 0.1033)
(-1.85009 0 0.0997237)
(-1.86451 0 0.0981565)
(-1.87952 0 0.0958096)
(-1.89344 0 0.0910543)
(-1.90464 0 0.0850069)
(-1.9135 0 0.0802672)
(-1.92243 0 0.0781619)
(-1.93382 0 0.0772962)
(-1.94804 0 0.0746139)
(-1.96287 0 0.0676385)
(-1.9748 0 0.0564161)
(-1.98147 0 0.0440302)
(-1.98369 0 0.0345805)
(-1.98435 0 0.029802)
(-1.98532 0 0.0281898)
(-1.98599 0 0.0276975)
(-0.49785 0 1.01566)
(-0.930041 0 0.932655)
(-1.29178 0 0.713062)
(-1.49255 0 0.53568)
(-1.62565 0 0.416829)
(-1.71758 0 0.324261)
(-1.78178 0 0.261829)
(-1.83135 0 0.220777)
(-1.87002 0 0.187915)
(-1.89916 0 0.162586)
(-1.92347 0 0.1465)
(-1.94574 0 0.13475)
(-1.96409 0 0.122906)
(-1.97706 0 0.112951)
(-1.98757 0 0.108353)
(-1.99992 0 0.107791)
(-2.01482 0 0.106057)
(-2.02896 0 0.0999724)
(-2.03899 0 0.0913806)
(-2.04517 0 0.0849905)
(-2.05141 0 0.0833949)
(-2.06166 0 0.084448)
(-2.07669 0 0.0832818)
(-2.09328 0 0.0759383)
(-2.10618 0 0.0620996)
(-2.1118 0 0.0461004)
(-2.11132 0 0.0342748)
(-2.10943 0 0.0294375)
(-2.10916 0 0.0287703)
(-2.10958 0 0.0285618)
(-0.735313 0 2.04627)
(-1.27287 0 1.61186)
(-1.65971 0 1.00946)
(-1.79083 0 0.621028)
(-1.86561 0 0.487286)
(-1.9214 0 0.378623)
(-1.95317 0 0.305993)
(-1.98469 0 0.259221)
(-2.01446 0 0.212592)
(-2.03371 0 0.174609)
(-2.04912 0 0.157549)
(-2.06745 0 0.148688)
(-2.08359 0 0.135244)
(-2.09194 0 0.120801)
(-2.09672 0 0.114345)
(-2.10617 0 0.115968)
(-2.12185 0 0.115863)
(-2.13745 0 0.108029)
(-2.14636 0 0.0954986)
(-2.14856 0 0.0866315)
(-2.1506 0 0.0862706)
(-2.15919 0 0.0909334)
(-2.17565 0 0.0926849)
(-2.19518 0 0.0854001)
(-2.20992 0 0.0682012)
(-2.21424 0 0.0471435)
(-2.20982 0 0.0320448)
(-2.20423 0 0.0276909)
(-2.2026 0 0.0290449)
(-2.20302 0 0.0293917)
(9.9959 0 0.138444)
(9.98225 0 0.275234)
(9.95811 0 0.412519)
(9.92454 0 0.552266)
(9.88243 0 0.696152)
(9.83217 0 0.845731)
(9.774 0 1.00251)
(9.70817 0 1.16796)
(9.63494 0 1.34355)
(9.55461 0 1.53075)
(9.46743 0 1.73103)
(9.37367 0 1.94597)
(9.2736 0 2.17717)
(9.16747 0 2.42639)
(9.05553 0 2.69554)
(8.938 0 2.98676)
(8.81508 0 3.30249)
(8.68689 0 3.64563)
(8.55351 0 4.0197)
(8.41493 0 4.42907)
(8.27108 0 4.87939)
(8.12183 0 5.37811)
(7.96714 0 5.93541)
(7.80724 0 6.56565)
(7.64332 0 7.28988)
(7.48034 0 8.1407)
(7.33146 0 9.17205)
(7.28656 0 10.4774)
(7.74283 0 12.2015)
(7.9209 0 14.9192)
(9.99638 0 0.143403)
(9.98434 0 0.285088)
(9.96306 0 0.427246)
(9.93352 0 0.571874)
(9.89657 0 0.720665)
(9.85263 0 0.875177)
(9.80198 0 1.03692)
(9.74494 0 1.20736)
(9.68186 0 1.38797)
(9.61312 0 1.58019)
(9.5391 0 1.78552)
(9.46022 0 2.00547)
(9.37692 0 2.24166)
(9.28968 0 2.49581)
(9.19902 0 2.76982)
(9.10551 0 3.0658)
(9.0098 0 3.38617)
(8.91265 0 3.73378)
(8.81498 0 4.1121)
(8.71794 0 4.52537)
(8.62316 0 4.97903)
(8.53298 0 5.4801)
(8.45112 0 6.03791)
(8.38382 0 6.66505)
(8.34224 0 7.37875)
(8.34841 0 8.20245)
(8.4411 0 9.1663)
(8.67614 0 10.3037)
(9.32213 0 11.5594)
(9.81064 0 12.6503)
(9.99688 0 0.14784)
(9.98651 0 0.293899)
(9.96819 0 0.440395)
(9.94283 0 0.589343)
(9.91122 0 0.742436)
(9.87378 0 0.901229)
(9.83087 0 1.06722)
(9.78285 0 1.24186)
(9.73016 0 1.42659)
(9.67326 0 1.62283)
(9.61266 0 1.83203)
(9.54892 0 2.05567)
(9.48266 0 2.29531)
(9.41457 0 2.5526)
(9.34546 0 2.82936)
(9.27623 0 3.12757)
(9.208 0 3.44951)
(9.1421 0 3.79783)
(9.0802 0 4.17563)
(9.02454 0 4.58668)
(8.97811 0 5.03559)
(8.94521 0 5.52804)
(8.9321 0 6.07101)
(8.94831 0 6.67292)
(9.00832 0 7.34321)
(9.13425 0 8.09057)
(9.3571 0 8.91693)
(9.6864 0 9.81128)
(10.2521 0 10.7224)
(10.9398 0 11.4408)
(9.9974 0 0.151701)
(9.98874 0 0.30156)
(9.97347 0 0.451801)
(9.95239 0 0.60444)
(9.92624 0 0.761165)
(9.89545 0 0.923511)
(9.86043 0 1.09295)
(9.82159 0 1.27091)
(9.77944 0 1.45878)
(9.73454 0 1.65795)
(9.68751 0 1.86979)
(9.63902 0 2.09571)
(9.58988 0 2.33718)
(9.54097 0 2.59574)
(9.49335 0 2.87303)
(9.44824 0 3.17087)
(9.40715 0 3.49125)
(9.37188 0 3.83645)
(9.34474 0 4.20905)
(9.3287 0 4.61201)
(9.32768 0 5.04875)
(9.347 0 5.52312)
(9.39389 0 6.03924)
(9.47826 0 6.6011)
(9.61331 0 7.21149)
(9.8159 0 7.8701)
(10.1088 0 8.56987)
(10.5007 0 9.29621)
(11.0586 0 10.039)
(11.8524 0 10.6851)
(9.99792 0 0.15494)
(9.99101 0 0.307978)
(9.97884 0 0.461327)
(9.96212 0 0.616989)
(9.94151 0 0.776632)
(9.91746 0 0.941763)
(9.89041 0 1.11382)
(9.86083 0 1.29417)
(9.8293 0 1.48417)
(9.79643 0 1.68512)
(9.76295 0 1.89832)
(9.72967 0 2.12506)
(9.69751 0 2.3667)
(9.66754 0 2.62461)
(9.64102 0 2.90023)
(9.61943 0 3.1951)
(9.60455 0 3.51088)
(9.59856 0 3.84935)
(9.60416 0 4.21242)
(9.62472 0 4.60215)
(9.66458 0 5.02064)
(9.72925 0 5.46992)
(9.82582 0 5.95159)
(9.96325 0 6.46637)
(10.1526 0 7.01319)
(10.407 0 7.58819)
(10.7437 0 8.18327)
(11.1744 0 8.78373)
(11.7222 0 9.37801)
(12.4761 0 9.89119)
(9.99845 0 0.157513)
(9.9933 0 0.313068)
(9.98427 0 0.468847)
(9.97194 0 0.626824)
(9.9569 0 0.788635)
(9.93962 0 0.955745)
(9.92055 0 1.12954)
(9.90023 0 1.31134)
(9.87926 0 1.50241)
(9.85835 0 1.70398)
(9.83828 0 1.91723)
(9.81996 0 2.14335)
(9.80442 0 2.3835)
(9.79288 0 2.63889)
(9.78674 0 2.9107)
(9.78764 0 3.20016)
(9.79757 0 3.50852)
(9.81887 0 3.83703)
(9.85443 0 4.1869)
(9.90773 0 4.55927)
(9.98306 0 4.95504)
(10.0856 0 5.37468)
(10.2218 0 5.81794)
(10.3992 0 6.28336)
(10.6265 0 6.7677)
(10.9134 0 7.26519)
(11.2713 0 7.7666)
(11.7082 0 8.25639)
(12.2248 0 8.71783)
(12.9015 0 9.10939)
(9.99898 0 0.159382)
(9.9956 0 0.316753)
(9.98971 0 0.474248)
(9.98177 0 0.633798)
(9.97229 0 0.796993)
(9.96174 0 0.965246)
(9.9506 0 1.13988)
(9.93943 0 1.32215)
(9.92888 0 1.51323)
(9.9197 0 1.71424)
(9.91274 0 1.92625)
(9.90896 0 2.1503)
(9.90948 0 2.38738)
(9.9156 0 2.63846)
(9.9288 0 2.90446)
(9.95082 0 3.18629)
(9.98371 0 3.48476)
(10.0299 0 3.80058)
(10.0921 0 4.13433)
(10.1738 0 4.4863)
(10.279 0 4.8564)
(10.4121 0 5.24392)
(10.5785 0 5.6473)
(10.7842 0 6.06372)
(11.0356 0 6.4887)
(11.3392 0 6.91555)
(11.7009 0 7.33491)
(12.1251 0 7.73336)
(12.6056 0 8.0963)
(13.2118 0 8.40318)
(9.99951 0 0.160513)
(9.99789 0 0.318966)
(9.9951 0 0.477432)
(9.99151 0 0.637785)
(9.98753 0 0.801555)
(9.98362 0 0.970095)
(9.98028 0 1.14466)
(9.97807 0 1.32641)
(9.97769 0 1.51642)
(9.9799 0 1.71572)
(9.98559 0 1.92523)
(9.99576 0 2.14582)
(10.0116 0 2.37831)
(10.0344 0 2.62342)
(10.0656 0 2.88183)
(10.1071 0 3.15407)
(10.1608 0 3.44057)
(10.229 0 3.74156)
(10.3145 0 4.05703)
(10.4201 0 4.3866)
(10.5494 0 4.72941)
(10.7062 0 5.08394)
(10.8946 0 5.4478)
(11.119 0 5.81747)
(11.3837 0 6.18805)
(11.6923 0 6.55297)
(12.0479 0 6.90394)
(12.4519 0 7.23064)
(12.8967 0 7.5219)
(13.4404 0 7.76637)
(10 0 0.160877)
(10.0001 0 0.319652)
(10.0004 0 0.478321)
(10.0011 0 0.638683)
(10.0025 0 0.802204)
(10.0051 0 0.970162)
(10.0093 0 1.14373)
(10.0158 0 1.32398)
(10.0252 0 1.51188)
(10.0384 0 1.70834)
(10.0561 0 1.91412)
(10.0795 0 2.12996)
(10.1097 0 2.35646)
(10.1479 0 2.59412)
(10.1957 0 2.84335)
(10.2548 0 3.10439)
(10.3269 0 3.37728)
(10.4144 0 3.66186)
(10.5194 0 3.95763)
(10.6446 0 4.26371)
(10.7929 0 4.57871)
(10.9672 0 4.90063)
(11.1706 0 5.22666)
(11.4059 0 5.55309)
(11.6758 0 5.87517)
(11.9822 0 6.18704)
(12.3259 0 6.48182)
(12.7067 0 6.75166)
(13.1168 0 6.9882)
(13.6052 0 7.18457)
(10.0005 0 0.160454)
(10.0023 0 0.318771)
(10.0056 0 0.476853)
(10.0104 0 0.636419)
(10.0171 0 0.798856)
(10.0259 0 0.965363)
(10.0375 0 1.13702)
(10.0523 0 1.3148)
(10.0711 0 1.49958)
(10.0946 0 1.69211)
(10.1237 0 1.89304)
(10.1594 0 2.10291)
(10.2028 0 2.32217)
(10.2552 0 2.55109)
(10.3179 0 2.78984)
(10.3925 0 3.03837)
(10.4807 0 3.29645)
(10.5844 0 3.56355)
(10.7056 0 3.83885)
(10.8463 0 4.12112)
(11.0088 0 4.40867)
(11.1954 0 4.69923)
(11.4079 0 4.98993)
(11.6483 0 5.27719)
(11.9179 0 5.5567)
(12.2172 0 5.82349)
(12.5459 0 6.07201)
(12.9025 0 6.29635)
(13.2801 0 6.49046)
(13.7205 0 6.65016)
(10.001 0 0.159228)
(10.0044 0 0.316292)
(10.0106 0 0.47299)
(10.0194 0 0.630948)
(10.0311 0 0.791466)
(10.0459 0 0.955658)
(10.0645 0 1.12451)
(10.0872 0 1.2989)
(10.1148 0 1.47957)
(10.148 0 1.66716)
(10.1877 0 1.86218)
(10.2347 0 2.06502)
(10.2902 0 2.27594)
(10.3553 0 2.49503)
(10.4312 0 2.72225)
(10.5193 0 2.95732)
(10.6212 0 3.19977)
(10.7383 0 3.44883)
(10.8723 0 3.70344)
(11.0248 0 3.96218)
(11.1975 0 4.22322)
(11.3918 0 4.48426)
(11.6091 0 4.74253)
(11.8502 0 4.99477)
(12.1155 0 5.23726)
(12.4047 0 5.4659)
(12.7168 0 5.67634)
(13.0499 0 5.86424)
(13.3977 0 6.02532)
(13.7969 0 6.15709)
(10.0015 0 0.157191)
(10.0065 0 0.312201)
(10.0154 0 0.466714)
(10.028 0 0.622252)
(10.0445 0 0.780026)
(10.065 0 0.941057)
(10.0901 0 1.10624)
(10.1203 0 1.27633)
(10.1561 0 1.45198)
(10.1983 0 1.6337)
(10.2476 0 1.82187)
(10.3049 0 2.01673)
(10.3712 0 2.21839)
(10.4475 0 2.42678)
(10.5348 0 2.64168)
(10.6344 0 2.86264)
(10.7475 0 3.089)
(10.8754 0 3.31985)
(11.0193 0 3.554)
(11.1804 0 3.78994)
(11.3597 0 4.02583)
(11.5583 0 4.25948)
(11.7768 0 4.48834)
(12.0153 0 4.70957)
(12.2738 0 4.92006)
(12.5513 0 5.1165)
(12.8465 0 5.29559)
(13.1573 0 5.45415)
(13.4784 0 5.58926)
(13.8421 0 5.69941)
(10.0019 0 0.154343)
(10.0084 0 0.306497)
(10.0199 0 0.458027)
(10.0362 0 0.610344)
(10.0571 0 0.764565)
(10.083 0 0.921616)
(10.1142 0 1.08229)
(10.1513 0 1.24725)
(10.1947 0 1.41704)
(10.245 0 1.59204)
(10.3031 0 1.77252)
(10.3696 0 1.9586)
(10.4454 0 2.15025)
(10.5313 0 2.34727)
(10.6284 0 2.5493)
(10.7375 0 2.75577)
(10.8597 0 2.96591)
(10.9959 0 3.17872)
(11.147 0 3.39296)
(11.3138 0 3.60713)
(11.497 0 3.81948)
(11.697 0 4.02798)
(11.914 0 4.23042)
(12.1478 0 4.42436)
(12.3977 0 4.60725)
(12.6628 0 4.77652)
(12.9414 0 4.92967)
(13.2316 0 5.06444)
(13.5287 0 5.17882)
(13.862 0 5.27197)
(10.0024 0 0.150689)
(10.0102 0 0.299195)
(10.0241 0 0.446954)
(10.0438 0 0.595265)
(10.0689 0 0.745147)
(10.0997 0 0.897431)
(10.1366 0 1.05281)
(10.18 0 1.21186)
(10.2302 0 1.37501)
(10.288 0 1.54254)
(10.3538 0 1.71462)
(10.4283 0 1.89126)
(10.5123 0 2.07231)
(10.6065 0 2.25749)
(10.7116 0 2.44632)
(10.8284 0 2.63817)
(10.9577 0 2.8322)
(11.1 0 3.02739)
(11.256 0 3.22251)
(11.4262 0 3.41613)
(11.6109 0 3.60665)
(11.8102 0 3.79228)
(12.0238 0 3.97109)
(12.2513 0 4.14107)
(12.4919 0 4.30019)
(12.7444 0 4.44646)
(13.0071 0 4.57803)
(13.2783 0 4.6933)
(13.5541 0 4.79093)
(13.8609 0 4.87049)
(10.0027 0 0.146242)
(10.0119 0 0.290319)
(10.0281 0 0.433537)
(10.0508 0 0.577081)
(10.0798 0 0.721869)
(10.1152 0 0.868641)
(10.1572 0 1.018)
(10.2062 0 1.17042)
(10.2627 0 1.32624)
(10.3269 0 1.48565)
(10.3996 0 1.64873)
(10.4811 0 1.8154)
(10.572 0 1.98543)
(10.673 0 2.15845)
(10.7847 0 2.33395)
(10.9075 0 2.51124)
(11.0419 0 2.68947)
(11.1885 0 2.86764)
(11.3475 0 3.04458)
(11.5192 0 3.21899)
(11.7035 0 3.38942)
(11.9003 0 3.55432)
(12.1092 0 3.71208)
(12.3295 0 3.86107)
(12.5603 0 3.99968)
(12.8003 0 4.1264)
(13.0481 0 4.23988)
(13.302 0 4.339)
(13.5588 0 4.42289)
(13.8426 0 4.4914)
(10.0031 0 0.141021)
(10.0134 0 0.279908)
(10.0317 0 0.417839)
(10.0573 0 0.555882)
(10.0898 0 0.694859)
(10.1293 0 0.835418)
(10.1759 0 0.978075)
(10.23 0 1.12322)
(10.2919 0 1.27109)
(10.3619 0 1.42184)
(10.4403 0 1.57543)
(10.5277 0 1.73172)
(10.6245 0 1.89044)
(10.731 0 2.05117)
(10.8477 0 2.21336)
(10.975 0 2.37631)
(11.1131 0 2.5392)
(11.2623 0 2.70108)
(11.4227 0 2.86088)
(11.5942 0 3.01742)
(11.7768 0 3.16944)
(11.97 0 3.31563)
(12.1732 0 3.45466)
(12.3858 0 3.58523)
(12.6067 0 3.70609)
(12.8348 0 3.8161)
(13.0686 0 3.91429)
(13.3068 0 3.99991)
(13.5466 0 4.07239)
(13.8103 0 4.13175)
(10.0034 0 0.135049)
(10.0148 0 0.268011)
(10.035 0 0.399936)
(10.0632 0 0.531779)
(10.0988 0 0.664267)
(10.142 0 0.797962)
(10.1927 0 0.933297)
(10.2513 0 1.07058)
(10.3179 0 1.20999)
(10.3927 0 1.3516)
(10.4761 0 1.49531)
(10.5684 0 1.64095)
(10.6698 0 1.7882)
(10.7807 0 1.93661)
(10.9012 0 2.08563)
(11.0316 0 2.23459)
(11.172 0 2.38271)
(11.3225 0 2.52911)
(11.4829 0 2.67282)
(11.6532 0 2.81282)
(11.8329 0 2.94802)
(12.0216 0 3.07735)
(12.2187 0 3.19972)
(12.4233 0 3.31409)
(12.6345 0 3.41951)
(12.8512 0 3.51515)
(13.0722 0 3.60032)
(13.2961 0 3.67451)
(13.5207 0 3.73738)
(13.7666 0 3.78905)
(10.0037 0 0.128354)
(10.0161 0 0.254684)
(10.0379 0 0.379917)
(10.0684 0 0.504898)
(10.1069 0 0.630263)
(10.1533 0 0.756493)
(10.2076 0 0.883946)
(10.27 0 1.01286)
(10.3407 0 1.14336)
(10.4196 0 1.27544)
(10.5071 0 1.409)
(10.6034 0 1.5438)
(10.7084 0 1.67951)
(10.8225 0 1.81569)
(10.9457 0 1.95179)
(11.0781 0 2.08719)
(11.2197 0 2.22116)
(11.3703 0 2.3529)
(11.5298 0 2.48159)
(11.6978 0 2.60632)
(11.874 0 2.72619)
(12.0577 0 2.84031)
(12.2483 0 2.94782)
(12.445 0 3.0479)
(12.6468 0 3.13985)
(12.8529 0 3.22304)
(13.0619 0 3.297)
(13.2729 0 3.36141)
(13.484 0 3.41608)
(13.7142 0 3.46118)
(10.004 0 0.120967)
(10.0172 0 0.23999)
(10.0405 0 0.357879)
(10.0731 0 0.475376)
(10.114 0 0.59303)
(10.1632 0 0.711246)
(10.2207 0 0.830315)
(10.2864 0 0.950418)
(10.3604 0 1.07162)
(10.4428 0 1.19389)
(10.5336 0 1.31708)
(10.6329 0 1.44094)
(10.7407 0 1.56514)
(10.8571 0 1.68924)
(10.9821 0 1.81274)
(11.1155 0 1.93506)
(11.2573 0 2.05553)
(11.4072 0 2.17346)
(11.5649 0 2.28813)
(11.7301 0 2.39878)
(11.9022 0 2.50467)
(12.0806 0 2.60506)
(12.2647 0 2.69928)
(12.4536 0 2.78671)
(12.6466 0 2.8668)
(12.8426 0 2.93913)
(13.0408 0 3.00337)
(13.2401 0 3.05932)
(13.439 0 3.10691)
(13.6554 0 3.1463)
(10.0042 0 0.112921)
(10.0182 0 0.223996)
(10.0428 0 0.333928)
(10.0771 0 0.443358)
(10.1202 0 0.552757)
(10.1718 0 0.662461)
(10.2319 0 0.772701)
(10.3004 0 0.883605)
(10.3772 0 0.995201)
(10.4623 0 1.10742)
(10.5557 0 1.2201)
(10.6574 0 1.33299)
(10.7672 0 1.44577)
(10.8851 0 1.55802)
(11.011 0 1.66928)
(11.1447 0 1.77901)
(11.286 0 1.88664)
(11.4345 0 1.99158)
(11.5899 0 2.09319)
(11.7518 0 2.19086)
(11.9195 0 2.28396)
(12.0926 0 2.37193)
(12.2702 0 2.45423)
(12.4517 0 2.53038)
(12.6363 0 2.59999)
(12.8231 0 2.66277)
(13.0114 0 2.71848)
(13.2002 0 2.76704)
(13.3882 0 2.80842)
(13.5922 0 2.84281)
(10.0044 0 0.104249)
(10.019 0 0.206769)
(10.0448 0 0.308166)
(10.0807 0 0.408989)
(10.1256 0 0.509635)
(10.1792 0 0.610377)
(10.2415 0 0.711393)
(10.3123 0 0.812767)
(10.3913 0 0.914497)
(10.4786 0 1.01649)
(10.574 0 1.11859)
(10.6773 0 1.22053)
(10.7885 0 1.32201)
(10.9073 0 1.42266)
(11.0335 0 1.52205)
(11.1668 0 1.61972)
(11.307 0 1.71516)
(11.4537 0 1.80786)
(11.6064 0 1.8973)
(11.7647 0 1.98296)
(11.928 0 2.06436)
(12.0957 0 2.14103)
(12.2672 0 2.21257)
(12.4417 0 2.27862)
(12.6185 0 2.33889)
(12.7969 0 2.39318)
(12.9761 0 2.44136)
(13.1555 0 2.48338)
(13.3338 0 2.51926)
(13.5269 0 2.5492)
(10.0046 0 0.0949831)
(10.0198 0 0.188375)
(10.0466 0 0.280695)
(10.0837 0 0.37241)
(10.1302 0 0.463848)
(10.1855 0 0.555223)
(10.2496 0 0.646667)
(10.3222 0 0.73823)
(10.4031 0 0.829884)
(10.492 0 0.92153)
(10.5888 0 1.013)
(10.6933 0 1.10405)
(10.8052 0 1.19441)
(10.9243 0 1.28372)
(11.0503 0 1.37163)
(11.1828 0 1.45772)
(11.3216 0 1.54157)
(11.4661 0 1.62274)
(11.616 0 1.70081)
(11.7706 0 1.77535)
(11.9295 0 1.84599)
(12.0921 0 1.91235)
(12.2577 0 1.97412)
(12.4256 0 2.03105)
(12.5953 0 2.08294)
(12.7661 0 2.12964)
(12.9372 0 2.17108)
(13.1081 0 2.20725)
(13.2778 0 2.23821)
(13.4612 0 2.26414)
(10.0047 0 0.0851512)
(10.0204 0 0.168872)
(10.0481 0 0.251608)
(10.0863 0 0.333754)
(10.1341 0 0.415569)
(10.1908 0 0.497214)
(10.2564 0 0.578779)
(10.3304 0 0.660284)
(10.4126 0 0.741688)
(10.5028 0 0.822883)
(10.6006 0 0.903707)
(10.7058 0 0.983945)
(10.818 0 1.06334)
(10.937 0 1.14159)
(11.0624 0 1.21837)
(11.1939 0 1.29335)
(11.3309 0 1.36616)
(11.4732 0 1.43644)
(11.6201 0 1.50384)
(11.7711 0 1.56803)
(11.9258 0 1.62871)
(12.0835 0 1.68559)
(12.2436 0 1.73844)
(12.4056 0 1.78708)
(12.5689 0 1.83136)
(12.7327 0 1.87119)
(12.8966 0 1.90655)
(13.0601 0 1.93744)
(13.2222 0 1.96393)
(13.3971 0 1.98619)
(10.0049 0 0.0747739)
(10.021 0 0.148305)
(10.0494 0 0.220985)
(10.0886 0 0.293138)
(10.1374 0 0.364956)
(10.1953 0 0.436548)
(10.262 0 0.507967)
(10.3371 0 0.579214)
(10.4204 0 0.650234)
(10.5114 0 0.72092)
(10.6098 0 0.79112)
(10.7153 0 0.860641)
(10.8276 0 0.929254)
(10.9462 0 0.996704)
(11.0708 0 1.06272)
(11.201 0 1.127)
(11.3362 0 1.18927)
(11.4761 0 1.24922)
(11.6201 0 1.30658)
(11.7677 0 1.36108)
(11.9185 0 1.4125)
(12.0717 0 1.4606)
(12.2269 0 1.50524)
(12.3835 0 1.54626)
(12.5409 0 1.58358)
(12.6987 0 1.61714)
(12.8563 0 1.64694)
(13.0131 0 1.673)
(13.1686 0 1.6954)
(13.3362 0 1.71427)
(10.005 0 0.0638579)
(10.0215 0 0.126698)
(10.0506 0 0.188882)
(10.0906 0 0.250657)
(10.1403 0 0.312131)
(10.1992 0 0.373357)
(10.2668 0 0.434361)
(10.3427 0 0.49513)
(10.4267 0 0.555608)
(10.5183 0 0.615692)
(10.617 0 0.675246)
(10.7227 0 0.734102)
(10.8347 0 0.792066)
(10.9527 0 0.848923)
(11.0764 0 0.904445)
(11.2051 0 0.958396)
(11.3386 0 1.01054)
(11.4762 0 1.06064)
(11.6175 0 1.10847)
(11.762 0 1.15384)
(11.9091 0 1.19657)
(12.0583 0 1.23649)
(12.2091 0 1.27348)
(12.3609 0 1.30744)
(12.5133 0 1.33832)
(12.6658 0 1.36608)
(12.8178 0 1.39074)
(12.9691 0 1.41233)
(13.1189 0 1.4309)
(13.2801 0 1.4466)
(10.0051 0 0.0523827)
(10.0221 0 0.104038)
(10.0518 0 0.155344)
(10.0925 0 0.20644)
(10.143 0 0.257324)
(10.2025 0 0.30799)
(10.2708 0 0.358436)
(10.3474 0 0.408636)
(10.4318 0 0.458525)
(10.5237 0 0.50801)
(10.6227 0 0.55697)
(10.7282 0 0.605264)
(10.8398 0 0.652733)
(10.9572 0 0.699203)
(11.0799 0 0.744492)
(11.2073 0 0.788414)
(11.339 0 0.830782)
(11.4745 0 0.871417)
(11.6134 0 0.910152)
(11.755 0 0.946833)
(11.8989 0 0.981326)
(12.0446 0 1.01352)
(12.1916 0 1.04332)
(12.3394 0 1.07066)
(12.4875 0 1.09552)
(12.6354 0 1.11786)
(12.7828 0 1.13772)
(12.9292 0 1.15512)
(13.0742 0 1.17012)
(13.2301 0 1.18284)
(10.0053 0 0.0402652)
(10.0228 0 0.0802189)
(10.0532 0 0.120212)
(10.0947 0 0.160181)
(10.1458 0 0.200018)
(10.2059 0 0.239703)
(10.2747 0 0.279232)
(10.3517 0 0.31857)
(10.4365 0 0.357651)
(10.5286 0 0.39639)
(10.6275 0 0.434684)
(10.7328 0 0.472419)
(10.844 0 0.509464)
(10.9607 0 0.545682)
(11.0824 0 0.580931)
(11.2085 0 0.615066)
(11.3387 0 0.647947)
(11.4724 0 0.679438)
(11.6091 0 0.709415)
(11.7483 0 0.737765)
(11.8895 0 0.764391)
(12.0323 0 0.789214)
(12.1761 0 0.812171)
(12.3205 0 0.833221)
(12.465 0 0.852341)
(12.6092 0 0.869529)
(12.7528 0 0.884798)
(12.8954 0 0.89818)
(13.0365 0 0.909722)
(13.1881 0 0.919512)
(10.0056 0 0.0273233)
(10.0239 0 0.0555839)
(10.0551 0 0.0845742)
(10.0971 0 0.113629)
(10.1486 0 0.142518)
(10.2092 0 0.171262)
(10.2784 0 0.199874)
(10.3557 0 0.22832)
(10.4407 0 0.256542)
(10.5328 0 0.28448)
(10.6317 0 0.312062)
(10.7367 0 0.339206)
(10.8475 0 0.365823)
(10.9636 0 0.391818)
(11.0844 0 0.41709)
(11.2096 0 0.441541)
(11.3384 0 0.465073)
(11.4706 0 0.487594)
(11.6056 0 0.509017)
(11.7428 0 0.529267)
(11.8819 0 0.548279)
(12.0223 0 0.566)
(12.1635 0 0.582389)
(12.3052 0 0.597421)
(12.4469 0 0.611082)
(12.5883 0 0.623373)
(12.7289 0 0.634307)
(12.8684 0 0.64391)
(13.0064 0 0.652214)
(13.1546 0 0.659291)
(10.0068 0 0.0112437)
(10.0271 0 0.026576)
(10.0593 0 0.0437996)
(10.1017 0 0.0613081)
(10.1534 0 0.0787823)
(10.2142 0 0.0962645)
(10.2835 0 0.113749)
(10.3609 0 0.131177)
(10.4458 0 0.148486)
(10.5378 0 0.165623)
(10.6364 0 0.182535)
(10.7412 0 0.199164)
(10.8515 0 0.215452)
(10.967 0 0.231336)
(11.0871 0 0.246754)
(11.2113 0 0.261645)
(11.3392 0 0.27595)
(11.4702 0 0.289614)
(11.6039 0 0.302588)
(11.7397 0 0.314827)
(11.8771 0 0.326296)
(12.0158 0 0.336965)
(12.1553 0 0.346814)
(12.2951 0 0.355831)
(12.4348 0 0.364011)
(12.5741 0 0.371359)
(12.7126 0 0.377887)
(12.85 0 0.383615)
(12.9859 0 0.388569)
(13.1319 0 0.392811)
(9.99589 0 0.000921748)
(10.007 0 0.0049526)
(10.0276 0 0.0102597)
(10.0576 0 0.0158004)
(10.0974 0 0.0214128)
(10.1466 0 0.0271239)
(10.205 0 0.032924)
(10.2719 0 0.0387785)
(10.3468 0 0.0446552)
(10.4294 0 0.0505276)
(10.519 0 0.0563715)
(10.6151 0 0.0621619)
(10.7174 0 0.067873)
(10.8251 0 0.0734782)
(10.9379 0 0.0789513)
(11.0553 0 0.0842663)
(11.1765 0 0.0893985)
(11.3013 0 0.0943245)
(11.429 0 0.0990229)
(11.559 0 0.103475)
(11.6911 0 0.107664)
(11.8245 0 0.111578)
(11.959 0 0.115206)
(12.0939 0 0.118542)
(12.229 0 0.121582)
(12.3639 0 0.124326)
(12.498 0 0.126776)
(12.6313 0 0.128937)
(12.7632 0 0.130814)
(12.9049 0 0.132437)
(9.42407 0 13.0937)
(6.204 0 10.7857)
(-1.10774 0 5.28644)
(10.3599 0 11.2317)
(9.80435 0 9.9394)
(8.21379 0 8.10887)
(11.4625 0 11.1385)
(11.68 0 10.5879)
(11.4234 0 9.6713)
(12.3545 0 10.7405)
(12.7013 0 10.5744)
(12.8088 0 10.1559)
(12.9219 0 10.0029)
(13.2928 0 9.99602)
(13.5367 0 9.85713)
(13.2974 0 9.22672)
(13.6598 0 9.28406)
(13.9436 0 9.27361)
(13.5641 0 8.50934)
(13.8974 0 8.58184)
(14.1721 0 8.61716)
(13.7528 0 7.8547)
(14.0511 0 7.92136)
(14.3008 0 7.96595)
(13.8828 0 7.25659)
(14.1485 0 7.31294)
(14.3716 0 7.35459)
(13.9687 0 6.70937)
(14.206 0 6.75643)
(14.4053 0 6.79259)
(14.0203 0 6.2064)
(14.2337 0 6.24597)
(14.4126 0 6.27697)
(14.0447 0 5.74101)
(14.2377 0 5.77465)
(14.3996 0 5.8014)
(14.0467 0 5.30748)
(14.2225 0 5.33642)
(14.37 0 5.35974)
(14.0304 0 4.90109)
(14.1916 0 4.92625)
(14.3268 0 4.94678)
(13.999 0 4.51799)
(14.1476 0 4.54004)
(14.2723 0 4.55823)
(13.9552 0 4.15499)
(14.0929 0 4.17441)
(14.2085 0 4.19061)
(13.9016 0 3.80944)
(14.0298 0 3.82661)
(14.1374 0 3.84107)
(13.8404 0 3.47912)
(13.9602 0 3.49432)
(14.0608 0 3.50724)
(13.7738 0 3.16209)
(13.8862 0 3.17555)
(13.9806 0 3.18709)
(13.7038 0 2.85668)
(13.8097 0 2.86858)
(13.8987 0 2.87885)
(13.6323 0 2.56135)
(13.7325 0 2.57182)
(13.8167 0 2.58092)
(13.5614 0 2.27471)
(13.6564 0 2.28387)
(13.7364 0 2.29188)
(13.4926 0 1.99531)
(13.5832 0 2.00324)
(13.6595 0 2.01022)
(13.4276 0 1.72204)
(13.5143 0 1.72883)
(13.5874 0 1.73482)
(13.368 0 1.45308)
(13.4514 0 1.45875)
(13.5217 0 1.46378)
(13.315 0 1.18812)
(13.3958 0 1.19275)
(13.4638 0 1.19687)
(13.2707 0 0.923565)
(13.3491 0 0.927124)
(13.4152 0 0.9303)
(13.2352 0 0.662232)
(13.312 0 0.664815)
(13.3767 0 0.667116)
(13.2112 0 0.394506)
(13.2866 0 0.39593)
(13.3502 0 0.397177)
(12.982 0 0.133039)
(13.0554 0 0.133512)
(13.1173 0 0.133931)
(-2.65474 0 1.43863)
(-2.09112 0 1.11547)
(-2.39899 0 0.602176)
(-2.21444 0 0.605201)
(-2.07828 0 0.685385)
(-2.10631 0 0.483842)
(-2.10661 0 0.297335)
(-2.12415 0 0.247153)
(-2.14835 0 0.208895)
(-2.14837 0 0.179458)
(-2.14448 0 0.178439)
(-2.15906 0 0.176306)
(-2.17748 0 0.152632)
(-2.18189 0 0.121827)
(-2.17753 0 0.110077)
(-2.1818 0 0.120006)
(-2.19946 0 0.12705)
(-2.2184 0 0.11922)
(-2.22605 0 0.101287)
(-2.22177 0 0.0879182)
(-2.21683 0 0.0890499)
(-2.2228 0 0.0992345)
(-2.24167 0 0.105189)
(-2.26596 0 0.097826)
(-2.28385 0 0.0755809)
(-2.28641 0 0.0468288)
(-2.27581 0 0.0267324)
(-2.26451 0 0.0237934)
(-2.26134 0 0.0292882)
(-2.26226 0 0.0309726)
(6.06913 0 5.45761)
(3.55926 0 3.50269)
(1.40697 0 1.99292)
(-1.64563 0 0.36093)
(-2.13621 0 0.253679)
(-2.42313 0 0.0325868)
(-2.32726 0 0.15105)
(-2.21584 0 0.396539)
(-2.22078 0 0.362808)
(-2.20393 0 0.226215)
(-2.19045 0 0.147091)
(-2.22041 0 0.147183)
(-2.25305 0 0.126439)
(-2.24791 0 0.0976825)
(-2.21824 0 0.105923)
(-2.2093 0 0.138611)
(-2.23283 0 0.154462)
(-2.26091 0 0.139217)
(-2.26926 0 0.103439)
(-2.25515 0 0.0758071)
(-2.23831 0 0.078345)
(-2.23996 0 0.100018)
(-2.2628 0 0.114566)
(-2.29448 0 0.109334)
(-2.31729 0 0.0819686)
(-2.31708 0 0.0433499)
(-2.29624 0 0.0161262)
(-2.27543 0 0.0163183)
(-2.27043 0 0.030101)
(-2.27294 0 0.0351186)
(10.3503 0 7.62306)
(8.58962 0 5.82505)
(6.65871 0 4.37266)
(4.70334 0 3.13405)
(2.90074 0 2.13285)
(1.51025 0 1.27918)
(-1.20849 0 0.196149)
(-1.93265 0 0.147269)
(-2.32986 0 -0.0257799)
(-2.37645 0 -0.111896)
(-2.26135 0 0.0901064)
(-2.21869 0 0.31438)
(-2.25333 0 0.298729)
(-2.23021 0 0.182929)
(-2.17394 0 0.0886952)
(-2.16851 0 0.107202)
(-2.21573 0 0.141847)
(-2.26441 0 0.126255)
(-2.27373 0 0.0796966)
(-2.23743 0 0.0515676)
(-2.19405 0 0.0761311)
(-2.18682 0 0.121695)
(-2.21665 0 0.148498)
(-2.25963 0 0.143948)
(-2.29023 0 0.104864)
(-2.28656 0 0.0446075)
(-2.24968 0 -0.00220499)
(-2.21512 0 0.00324729)
(-2.20893 0 0.032856)
(-2.21538 0 0.045365)
(12.4937 0 8.78589)
(11.6111 0 7.33492)
(10.3766 0 6.02252)
(8.97197 0 4.83361)
(7.46793 0 3.8101)
(6.02292 0 2.9897)
(4.51369 0 2.28697)
(3.12403 0 1.68001)
(1.90175 0 1.1295)
(0.609262 0 0.470284)
(-1.35575 0 0.0918125)
(-1.81815 0 0.130849)
(-2.16583 0 -0.0136603)
(-2.22384 0 -0.166739)
(-2.08887 0 -0.0705057)
(-2.05528 0 0.181492)
(-2.0973 0 0.290181)
(-2.17467 0 0.267335)
(-2.18098 0 0.164855)
(-2.10796 0 0.0514705)
(-2.04006 0 0.0395449)
(-2.0363 0 0.101221)
(-2.08489 0 0.141296)
(-2.14796 0 0.135097)
(-2.1928 0 0.0823769)
(-2.18541 0 0.00300137)
(-2.11793 0 -0.0410941)
(-2.06133 0 -0.0196619)
(-2.05873 0 0.0398819)
(-2.07429 0 0.0669078)
(13.665 0 9.10438)
(13.3776 0 8.09461)
(12.7531 0 7.04151)
(11.8897 0 6.01962)
(10.86 0 5.08843)
(9.75123 0 4.28339)
(8.59239 0 3.55606)
(7.40098 0 2.89906)
(6.22056 0 2.33934)
(5.07906 0 1.89017)
(3.89992 0 1.52431)
(2.85594 0 1.17061)
(1.89039 0 0.82152)
(1.16795 0 0.42391)
(-0.562934 0 0.0366713)
(-1.27489 0 0.165426)
(-1.65214 0 0.175886)
(-1.86778 0 0.0767386)
(-1.92593 0 -0.0815485)
(-1.80812 0 -0.163276)
(-1.79905 0 -0.0276532)
(-1.77594 0 0.181134)
(-1.84366 0 0.251933)
(-1.93366 0 0.254675)
(-1.99385 0 0.195518)
(-1.96751 0 0.0698397)
(-1.86178 0 -0.0747114)
(-1.80786 0 -0.0514053)
(-1.81853 0 0.0568838)
(-1.8548 0 0.107976)
(14.2898 0 8.92363)
(14.3699 0 8.30259)
(14.1973 0 7.55133)
(13.7911 0 6.75476)
(13.193 0 5.96818)
(12.4574 0 5.22685)
(11.6267 0 4.5325)
(10.7293 0 3.898)
(9.79373 0 3.34041)
(8.84952 0 2.86401)
(7.89855 0 2.43638)
(6.96322 0 2.03388)
(6.04196 0 1.66988)
(5.15617 0 1.38762)
(4.2403 0 1.1749)
(3.36714 0 0.973274)
(2.59295 0 0.777526)
(1.89003 0 0.582506)
(1.27182 0 0.369151)
(0.542921 0 0.0944668)
(-0.753592 0 0.0253684)
(-1.01964 0 0.155636)
(-1.27363 0 0.191153)
(-1.42019 0 0.158245)
(-1.52817 0 0.0427772)
(-1.54421 0 -0.146038)
(-1.36668 0 -0.247648)
(-1.47385 0 -0.119345)
(-1.50266 0 0.0926012)
(-1.581 0 0.175725)
(14.5949 0 8.48951)
(14.877 0 8.14832)
(15.002 0 7.66016)
(14.9361 0 7.08466)
(14.6887 0 6.46756)
(14.2922 0 5.84429)
(13.78 0 5.23579)
(13.1784 0 4.65825)
(12.5094 0 4.12416)
(11.7958 0 3.63839)
(11.0544 0 3.19377)
(10.2985 0 2.78389)
(9.53197 0 2.41477)
(8.76406 0 2.10667)
(8.00423 0 1.8425)
(7.26038 0 1.60183)
(6.55061 0 1.37144)
(5.86283 0 1.15074)
(5.18293 0 0.960398)
(4.51466 0 0.835137)
(3.81067 0 0.738973)
(3.18759 0 0.627556)
(2.61517 0 0.530847)
(2.08605 0 0.445848)
(1.60032 0 0.345137)
(1.21789 0 0.189639)
(0.534274 0 0.0146115)
(-0.687074 0 0.0284196)
(-0.903249 0 0.144808)
(-1.15144 0 0.295183)
(14.7262 0 7.94548)
(15.096 0 7.78006)
(15.3899 0 7.48746)
(15.5496 0 7.09881)
(15.5612 0 6.64584)
(15.4384 0 6.15735)
(15.2007 0 5.6556)
(14.8655 0 5.1576)
(14.4497 0 4.67673)
(13.971 0 4.22184)
(13.4457 0 3.79553)
(12.8856 0 3.39751)
(12.298 0 3.03133)
(11.6915 0 2.70456)
(11.0789 0 2.41336)
(10.4704 0 2.14955)
(9.87012 0 1.90156)
(9.27201 0 1.66919)
(8.67126 0 1.46625)
(8.07492 0 1.30497)
(7.48863 0 1.17122)
(6.92922 0 1.0475)
(6.39523 0 0.931525)
(5.87764 0 0.816319)
(5.37197 0 0.694775)
(4.86569 0 0.590485)
(4.34046 0 0.548854)
(3.75223 0 0.518419)
(3.26505 0 0.463857)
(2.53198 0 0.499456)
(14.7687 0 7.37777)
(15.1576 0 7.30971)
(15.5272 0 7.14584)
(15.8158 0 6.89729)
(15.9973 0 6.5818)
(16.0721 0 6.21846)
(16.0477 0 5.82485)
(15.9324 0 5.4163)
(15.7364 0 5.00592)
(15.4717 0 4.60375)
(15.1502 0 4.21576)
(14.7821 0 3.84535)
(14.3754 0 3.49665)
(13.9388 0 3.17461)
(13.4828 0 2.87977)
(13.0161 0 2.60777)
(12.5419 0 2.35293)
(12.0592 0 2.11581)
(11.5678 0 1.90339)
(11.0736 0 1.72118)
(10.5856 0 1.56497)
(10.1111 0 1.42443)
(9.64796 0 1.2918)
(9.18957 0 1.16253)
(8.72909 0 1.03729)
(8.25903 0 0.932583)
(7.77988 0 0.864484)
(7.29646 0 0.820011)
(6.83675 0 0.788565)
(6.22847 0 0.795946)
(14.7657 0 6.82944)
(15.1397 0 6.80934)
(15.5273 0 6.72172)
(15.8736 0 6.56758)
(16.1506 0 6.35482)
(16.3516 0 6.09406)
(16.4761 0 5.79689)
(16.5256 0 5.47487)
(16.5038 0 5.13886)
(16.4167 0 4.79807)
(16.2718 0 4.45946)
(16.0765 0 4.12825)
(15.8375 0 3.80927)
(15.5624 0 3.50691)
(15.2589 0 3.22304)
(14.9339 0 2.95652)
(14.5913 0 2.70563)
(14.2327 0 2.4714)
(13.8601 0 2.25778)
(13.4786 0 2.06794)
(13.0951 0 1.89988)
(12.7139 0 1.74712)
(12.3344 0 1.60417)
(11.9525 0 1.46902)
(11.5634 0 1.34406)
(11.1634 0 1.23846)
(10.755 0 1.16069)
(10.3457 0 1.10778)
(9.94742 0 1.07394)
(9.44316 0 1.05796)
(14.7377 0 6.31552)
(15.084 0 6.3168)
(15.4593 0 6.27086)
(15.8189 0 6.17524)
(16.1374 0 6.0327)
(16.4066 0 5.84832)
(16.6228 0 5.62868)
(16.7829 0 5.38131)
(16.886 0 5.11404)
(16.9336 0 4.83427)
(16.9292 0 4.54846)
(16.8768 0 4.26206)
(16.7813 0 3.97991)
(16.6479 0 3.70615)
(16.482 0 3.44343)
(16.2889 0 3.19275)
(16.0724 0 2.95452)
(15.835 0 2.73017)
(15.5797 0 2.52233)
(15.3104 0 2.33306)
(15.0321 0 2.16155)
(14.7482 0 2.00441)
(14.459 0 1.85857)
(14.1624 0 1.72322)
(13.8557 0 1.60056)
(13.5376 0 1.49609)
(13.2107 0 1.41487)
(12.8806 0 1.35579)
(12.5555 0 1.31381)
(12.1442 0 1.28153)
(14.6936 0 5.83776)
(15.0101 0 5.84783)
(15.361 0 5.82382)
(15.7102 0 5.76279)
(16.0367 0 5.66545)
(16.3337 0 5.53404)
(16.5968 0 5.37192)
(16.8215 0 5.18352)
(17.0045 0 4.97398)
(17.1445 0 4.74868)
(17.2419 0 4.51277)
(17.2981 0 4.27101)
(17.3155 0 4.02775)
(17.2973 0 3.7868)
(17.2468 0 3.55113)
(17.1678 0 3.32275)
(17.0631 0 3.10316)
(16.9355 0 2.89408)
(16.7875 0 2.69763)
(16.6225 0 2.51547)
(16.4439 0 2.34772)
(16.2546 0 2.19299)
(16.0553 0 2.04987)
(15.8453 0 1.91826)
(15.6234 0 1.79995)
(15.3898 0 1.69843)
(15.1466 0 1.6167)
(14.8977 0 1.55417)
(14.6493 0 1.50678)
(14.3296 0 1.46676)
(14.6375 0 5.39306)
(14.9265 0 5.40654)
(15.2504 0 5.39424)
(15.5792 0 5.35364)
(15.8963 0 5.28481)
(16.1964 0 5.18877)
(16.4764 0 5.06721)
(16.7318 0 4.92267)
(16.9588 0 4.75835)
(17.1548 0 4.57791)
(17.3185 0 4.38515)
(17.4495 0 4.18381)
(17.5485 0 3.9775)
(17.6167 0 3.76953)
(17.6559 0 3.56276)
(17.6682 0 3.3595)
(17.6557 0 3.1617)
(17.6204 0 2.97124)
(17.5644 0 2.79005)
(17.4903 0 2.61971)
(17.4004 0 2.46092)
(17.2971 0 2.31351)
(17.1812 0 2.17716)
(17.0528 0 2.05226)
(16.9119 0 1.94031)
(16.759 0 1.84364)
(16.5959 0 1.76414)
(16.4254 0 1.70147)
(16.2518 0 1.65264)
(16.0218 0 1.61111)
(14.5718 0 4.97711)
(14.8366 0 4.99182)
(15.1348 0 4.98622)
(15.441 0 4.95826)
(15.7413 0 4.90784)
(16.0321 0 4.8355)
(16.3113 0 4.74216)
(16.5757 0 4.62931)
(16.8217 0 4.49899)
(17.0464 0 4.35367)
(17.248 0 4.19605)
(17.4252 0 4.02894)
(17.5774 0 3.8552)
(17.7049 0 3.67754)
(17.8081 0 3.4985)
(17.8881 0 3.32032)
(17.946 0 3.14501)
(17.983 0 2.97446)
(18.0007 0 2.81048)
(18.0007 0 2.65462)
(17.9849 0 2.50792)
(17.9547 0 2.37092)
(17.9113 0 2.24401)
(17.855 0 2.12789)
(17.7863 0 2.0239)
(17.7058 0 1.93372)
(17.6152 0 1.85868)
(17.5162 0 1.79865)
(17.4117 0 1.75171)
(17.266 0 1.71298)
(14.4979 0 4.58586)
(14.7419 0 4.60086)
(15.0171 0 4.59944)
(15.3016 0 4.57989)
(15.5832 0 4.54203)
(15.8596 0 4.48618)
(16.1297 0 4.41289)
(16.391 0 4.32309)
(16.6406 0 4.21815)
(16.8761 0 4.09977)
(17.0955 0 3.96991)
(17.2974 0 3.83069)
(17.4807 0 3.6843)
(17.645 0 3.53296)
(17.79 0 3.37879)
(17.916 0 3.22381)
(18.0235 0 3.06991)
(18.1131 0 2.91885)
(18.1857 0 2.77234)
(18.2424 0 2.63187)
(18.2844 0 2.49866)
(18.3127 0 2.37362)
(18.3283 0 2.25754)
(18.3317 0 2.15134)
(18.3234 0 2.05626)
(18.3043 0 1.97364)
(18.2755 0 1.90455)
(18.2384 0 1.84916)
(18.1945 0 1.80647)
(18.1247 0 1.77324)
(14.4175 0 4.2158)
(14.6433 0 4.23065)
(14.8984 0 4.23202)
(15.1631 0 4.21843)
(15.4268 0 4.18968)
(15.6876 0 4.14593)
(15.9452 0 4.08749)
(16.1978 0 4.01498)
(16.4431 0 3.92935)
(16.679 0 3.83183)
(16.9038 0 3.72387)
(17.1162 0 3.60711)
(17.315 0 3.48325)
(17.4995 0 3.35409)
(17.6692 0 3.22141)
(17.824 0 3.08696)
(17.9638 0 2.95242)
(18.0888 0 2.81941)
(18.1997 0 2.68949)
(18.2969 0 2.5641)
(18.3811 0 2.44448)
(18.4533 0 2.33174)
(18.514 0 2.22686)
(18.5638 0 2.13089)
(18.6033 0 2.045)
(18.6332 0 1.97038)
(18.6545 0 1.90804)
(18.668 0 1.85841)
(18.6747 0 1.8213)
(18.6699 0 1.7949)
(14.3318 0 3.86404)
(14.5419 0 3.87848)
(14.7793 0 3.88176)
(15.0264 0 3.87258)
(15.2736 0 3.85072)
(15.5195 0 3.81623)
(15.764 0 3.76927)
(16.0058 0 3.71023)
(16.2431 0 3.63979)
(16.4742 0 3.55884)
(16.6977 0 3.4685)
(16.9123 0 3.37002)
(17.117 0 3.26479)
(17.311 0 3.15426)
(17.4937 0 3.03993)
(17.6648 0 2.9233)
(17.824 0 2.80586)
(17.9714 0 2.68907)
(18.1071 0 2.57434)
(18.2314 0 2.46301)
(18.3449 0 2.35634)
(18.4481 0 2.25547)
(18.5413 0 2.16148)
(18.6253 0 2.07545)
(18.7005 0 1.99854)
(18.7676 0 1.93186)
(18.8274 0 1.87643)
(18.8805 0 1.83295)
(18.9274 0 1.80182)
(18.9757 0 1.78243)
(14.2426 0 3.52815)
(14.4388 0 3.542)
(14.6607 0 3.54655)
(14.8922 0 3.54069)
(15.1245 0 3.52418)
(15.3566 0 3.49699)
(15.5884 0 3.45917)
(15.8192 0 3.41096)
(16.0473 0 3.35281)
(16.2714 0 3.28541)
(16.4903 0 3.20958)
(16.7027 0 3.12632)
(16.908 0 3.03674)
(17.1052 0 2.94204)
(17.2937 0 2.84347)
(17.4731 0 2.74234)
(17.6432 0 2.63995)
(17.8038 0 2.5376)
(17.9549 0 2.43658)
(18.0967 0 2.33813)
(18.2294 0 2.24345)
(18.3535 0 2.15368)
(18.4694 0 2.06991)
(18.5774 0 1.99324)
(18.6783 0 1.92479)
(18.7724 0 1.86566)
(18.8606 0 1.8169)
(18.9434 0 1.7794)
(19.0211 0 1.75401)
(19.1112 0 1.74099)
(14.1512 0 3.20606)
(14.3353 0 3.21918)
(14.5435 0 3.22454)
(14.7612 0 3.22118)
(14.9802 0 3.20885)
(15.1996 0 3.18749)
(15.4197 0 3.15707)
(15.6399 0 3.11772)
(15.8588 0 3.06974)
(16.0751 0 3.01362)
(16.288 0 2.95)
(16.4963 0 2.87965)
(16.6993 0 2.80346)
(16.8963 0 2.72242)
(17.0866 0 2.6376)
(17.2697 0 2.5501)
(17.4454 0 2.46106)
(17.6135 0 2.37164)
(17.7739 0 2.283)
(17.9266 0 2.19629)
(18.0718 0 2.11263)
(18.2099 0 2.03313)
(18.341 0 1.95885)
(18.4658 0 1.89087)
(18.5846 0 1.83028)
(18.698 0 1.77817)
(18.8068 0 1.73561)
(18.9114 0 1.70365)
(19.012 0 1.68338)
(19.1341 0 1.67565)
(14.0594 0 2.89598)
(14.2327 0 2.90827)
(14.4289 0 2.91407)
(14.6343 0 2.91256)
(14.8414 0 2.90351)
(15.0494 0 2.88682)
(15.2588 0 2.86244)
(15.469 0 2.8304)
(15.679 0 2.79091)
(15.8877 0 2.74431)
(16.0941 0 2.69108)
(16.2975 0 2.63182)
(16.497 0 2.56724)
(16.6919 0 2.49816)
(16.8818 0 2.42545)
(17.0661 0 2.35006)
(17.2445 0 2.27299)
(17.4166 0 2.19525)
(17.5826 0 2.11788)
(17.7422 0 2.04193)
(17.8956 0 1.96844)
(18.043 0 1.89845)
(18.1848 0 1.83298)
(18.3212 0 1.77307)
(18.4528 0 1.71978)
(18.5801 0 1.67415)
(18.7038 0 1.63729)
(18.8245 0 1.6103)
(18.9424 0 1.59439)
(19.0888 0 1.59075)
(13.9687 0 2.59629)
(14.1325 0 2.60765)
(14.3181 0 2.61361)
(14.5126 0 2.61344)
(14.7091 0 2.60693)
(14.9069 0 2.594)
(15.1065 0 2.57455)
(15.3076 0 2.54858)
(15.5093 0 2.51622)
(15.7105 0 2.47769)
(15.9105 0 2.43335)
(16.1086 0 2.38368)
(16.3041 0 2.32923)
(16.4962 0 2.27067)
(16.6846 0 2.20872)
(16.8686 0 2.14418)
(17.0479 0 2.0779)
(17.2223 0 2.01078)
(17.3915 0 1.94373)
(17.5556 0 1.8777)
(17.7146 0 1.81364)
(17.8687 0 1.7525)
(18.018 0 1.69525)
(18.1629 0 1.64287)
(18.3039 0 1.59636)
(18.4416 0 1.55675)
(18.5765 0 1.52509)
(18.7094 0 1.50251)
(18.8406 0 1.49024)
(19.0058 0 1.4896)
(13.8807 0 2.30555)
(14.0363 0 2.31591)
(14.2124 0 2.32178)
(14.3973 0 2.32254)
(14.5844 0 2.318)
(14.7731 0 2.30808)
(14.9639 0 2.29267)
(15.1567 0 2.27174)
(15.3507 0 2.24536)
(15.5449 0 2.2137)
(15.7388 0 2.17701)
(15.9317 0 2.13565)
(16.1229 0 2.09007)
(16.3119 0 2.04079)
(16.498 0 1.98842)
(16.6809 0 1.93363)
(16.8602 0 1.87713)
(17.0356 0 1.8197)
(17.2069 0 1.76213)
(17.3741 0 1.70527)
(17.537 0 1.64996)
(17.6958 0 1.59709)
(17.8508 0 1.54754)
(18.0023 0 1.50221)
(18.1506 0 1.46205)
(18.2963 0 1.42802)
(18.4401 0 1.40112)
(18.5827 0 1.38245)
(18.7245 0 1.37317)
(18.9046 0 1.37463)
(13.7971 0 2.02224)
(13.9453 0 2.03154)
(14.1132 0 2.03713)
(14.2897 0 2.03849)
(14.4685 0 2.03544)
(14.6491 0 2.02791)
(14.8321 0 2.0158)
(15.0174 0 1.99907)
(15.2044 0 1.97774)
(15.3922 0 1.95192)
(15.5804 0 1.92181)
(15.7683 0 1.88768)
(15.9553 0 1.84987)
(16.1409 0 1.80881)
(16.3246 0 1.76499)
(16.506 0 1.71895)
(16.6847 0 1.67131)
(16.8603 0 1.62272)
(17.0328 0 1.57386)
(17.2019 0 1.52548)
(17.3677 0 1.47832)
(17.5302 0 1.43316)
(17.6896 0 1.3908)
(17.8462 0 1.35208)
(18.0003 0 1.31785)
(18.1526 0 1.28899)
(18.3037 0 1.26645)
(18.4543 0 1.25122)
(18.6049 0 1.2444)
(18.797 0 1.24726)
(13.7192 0 1.74522)
(13.8611 0 1.75342)
(14.0219 0 1.75858)
(14.191 0 1.76026)
(14.3626 0 1.75833)
(14.5361 0 1.7527)
(14.7122 0 1.7433)
(14.8909 0 1.73006)
(15.0716 0 1.713)
(15.2537 0 1.69219)
(15.4366 0 1.66777)
(15.6198 0 1.63994)
(15.8028 0 1.60897)
(15.9851 0 1.5752)
(16.1663 0 1.53901)
(16.3459 0 1.50087)
(16.5236 0 1.46127)
(16.6991 0 1.42076)
(16.8721 0 1.37992)
(17.0426 0 1.33938)
(17.2104 0 1.29979)
(17.3757 0 1.26184)
(17.5386 0 1.22622)
(17.6993 0 1.19369)
(17.8582 0 1.16499)
(18.0158 0 1.14094)
(18.1729 0 1.12237)
(18.3302 0 1.11019)
(18.4882 0 1.10537)
(18.6905 0 1.10907)
(13.6485 0 1.47259)
(13.785 0 1.47963)
(13.9397 0 1.48423)
(14.1025 0 1.486)
(14.2679 0 1.48486)
(14.4353 0 1.48073)
(14.6055 0 1.47354)
(14.7784 0 1.46322)
(14.9536 0 1.44978)
(15.1306 0 1.43326)
(15.3088 0 1.41377)
(15.4877 0 1.39145)
(15.6671 0 1.36652)
(15.8463 0 1.33922)
(16.025 0 1.30988)
(16.2028 0 1.27886)
(16.3793 0 1.24656)
(16.5542 0 1.21343)
(16.7274 0 1.17995)
(16.8987 0 1.14666)
(17.068 0 1.1141)
(17.2354 0 1.08285)
(17.401 0 1.05352)
(17.565 0 1.02675)
(17.7278 0 1.0032)
(17.8899 0 0.983566)
(18.052 0 0.968598)
(18.2148 0 0.95908)
(18.379 0 0.955856)
(18.5897 0 0.959971)
(13.5864 0 1.2041)
(13.7184 0 1.20997)
(13.8679 0 1.2139)
(14.0255 0 1.21562)
(14.1856 0 1.21503)
(14.3479 0 1.21209)
(14.513 0 1.20672)
(14.6811 0 1.19888)
(14.8516 0 1.18855)
(15.0241 0 1.17578)
(15.1982 0 1.16062)
(15.3735 0 1.14319)
(15.5496 0 1.12365)
(15.726 0 1.10219)
(15.9024 0 1.07905)
(16.0784 0 1.05452)
(16.2537 0 1.02892)
(16.428 0 1.0026)
(16.6011 0 0.975964)
(16.7728 0 0.949426)
(16.9431 0 0.92344)
(17.112 0 0.898484)
(17.2797 0 0.875063)
(17.4462 0 0.853707)
(17.6122 0 0.834974)
(17.7779 0 0.819453)
(17.944 0 0.80777)
(18.1115 0 0.80059)
(18.2808 0 0.798618)
(18.4984 0 0.802755)
(13.5344 0 0.935932)
(13.6627 0 0.940545)
(13.8081 0 0.943698)
(13.9614 0 0.945172)
(14.1172 0 0.944906)
(14.2753 0 0.942856)
(14.4363 0 0.938968)
(14.6003 0 0.933201)
(14.767 0 0.925543)
(14.9359 0 0.916013)
(15.1066 0 0.90466)
(15.2787 0 0.891562)
(15.452 0 0.876833)
(15.626 0 0.860618)
(15.8003 0 0.843098)
(15.9747 0 0.824483)
(16.1488 0 0.805018)
(16.3224 0 0.784977)
(16.4952 0 0.76466)
(16.6671 0 0.744396)
(16.8381 0 0.724536)
(17.0081 0 0.705456)
(17.1772 0 0.687553)
(17.3458 0 0.67125)
(17.5141 0 0.656991)
(17.6826 0 0.64525)
(17.852 0 0.636533)
(18.0231 0 0.631381)
(18.1965 0 0.630368)
(18.4194 0 0.634272)
(13.4934 0 0.671198)
(13.6189 0 0.674599)
(13.7611 0 0.676983)
(13.911 0 0.678179)
(14.0636 0 0.678151)
(14.2185 0 0.676873)
(14.3763 0 0.674304)
(14.5372 0 0.670413)
(14.7008 0 0.665188)
(14.8668 0 0.658641)
(15.0348 0 0.650802)
(15.2045 0 0.641725)
(15.3756 0 0.631485)
(15.5476 0 0.620183)
(15.7203 0 0.607943)
(15.8933 0 0.594911)
(16.0664 0 0.58126)
(16.2393 0 0.567181)
(16.4118 0 0.552889)
(16.5837 0 0.538618)
(16.755 0 0.52462)
(16.9258 0 0.511165)
(17.096 0 0.498544)
(17.2659 0 0.487061)
(17.436 0 0.477047)
(17.6066 0 0.468851)
(17.7784 0 0.462855)
(17.9522 0 0.459472)
(18.1289 0 0.459151)
(18.356 0 0.462513)
(13.465 0 0.399475)
(13.5885 0 0.401528)
(13.7284 0 0.40298)
(13.8759 0 0.403684)
(14.0262 0 0.40364)
(14.1787 0 0.402845)
(14.3342 0 0.401278)
(14.4928 0 0.398918)
(14.6543 0 0.395758)
(14.8182 0 0.391807)
(14.9842 0 0.387082)
(15.1521 0 0.381616)
(15.3214 0 0.375454)
(15.492 0 0.368656)
(15.6633 0 0.361296)
(15.8353 0 0.353462)
(16.0075 0 0.345257)
(16.1797 0 0.336798)
(16.3518 0 0.328214)
(16.5235 0 0.319645)
(16.6949 0 0.311246)
(16.8659 0 0.303183)
(17.0367 0 0.29563)
(17.2074 0 0.288779)
(17.3784 0 0.282832)
(17.5503 0 0.278012)
(17.7236 0 0.274569)
(17.8992 0 0.272799)
(18.0779 0 0.273084)
(18.3072 0 0.276183)
(13.2289 0 0.134823)
(13.3488 0 0.135739)
(13.4846 0 0.136443)
(13.6281 0 0.136869)
(13.7743 0 0.137025)
(13.9227 0 0.136917)
(14.074 0 0.136534)
(14.2284 0 0.135869)
(14.3856 0 0.134916)
(14.5451 0 0.133678)
(14.7067 0 0.13216)
(14.8701 0 0.130371)
(15.0349 0 0.128328)
(15.2007 0 0.126049)
(15.3674 0 0.12356)
(15.5345 0 0.120892)
(15.7019 0 0.11808)
(15.8691 0 0.115165)
(16.0361 0 0.112193)
(16.2027 0 0.109213)
(16.3688 0 0.106281)
(16.5344 0 0.103456)
(16.6997 0 0.1008)
(16.8648 0 0.0983828)
(17.0302 0 0.0962782)
(17.1963 0 0.094569)
(17.3639 0 0.0933527)
(17.5339 0 0.0927576)
(17.7076 0 0.0929836)
(17.9321 0 0.0946278)
)
;

boundaryField
{
    inlet
    {
        type            fixedValue;
        value           uniform (10 0 0);
    }
    outlet
    {
        type            zeroGradient;
    }
    flap
    {
        type            movingWallVelocity;
        value           nonuniform List<vector> 
33
(
(0 0 6.93889e-16)
(0 0 0)
(0 0 0)
(0 0 0)
(0 0 0)
(0 0 0)
(0 0 0)
(0 0 0)
(0 0 0)
(0 0 0)
(0 0 0)
(0 0 -1.11022e-14)
(0 0 -1.11022e-14)
(0 0 -1.11022e-14)
(0 0 -2.22045e-14)
(6.93889e-16 -2.77556e-15 0)
(0 -2.77556e-15 0)
(0 0 0)
(0 0 6.93889e-16)
(0 0 0)
(0 0 0)
(0 0 0)
(0 0 0)
(0 0 0)
(0 0 -5.55112e-15)
(0 0 0)
(0 0 -1.11022e-14)
(0 0 0)
(0 0 0)
(0 0 0)
(0 0 0)
(0 -2.77556e-15 -1.11022e-14)
(0 0 -1.11022e-14)
)
;
    }
    upperWall
    {
        type            noSlip;
    }
    lowerWall
    {
        type            noSlip;
    }
    frontAndBack
    {
        type            empty;
    }
}


// ************************************************************************* //
