/*--------------------------------*- C++ -*----------------------------------*\
  =========                 |
  \\      /  F ield         | OpenFOAM: The Open Source CFD Toolbox
   \\    /   O peration     | Website:  https://openfoam.org
    \\  /    A nd           | Version:  dev
     \\/     M anipulation  |
\*---------------------------------------------------------------------------*/
FoamFile
{
    version     2.0;
    format      ascii;
    class       surfaceScalarField;
    location    "4.8";
    object      phi;
}
// * * * * * * * * * * * * * * * * * * * * * * * * * * * * * * * * * * * * * //

dimensions      [0 3 -1 0 0 0 0];

internalField   nonuniform List<scalar> 
5457
(
0.198418
0.00158237
0.19648
0.00193735
0.194192
0.00228805
0.191509
0.00268354
0.188428
0.00308114
0.184951
0.0034767
0.181072
0.00387849
0.176778
0.00429392
0.17205
0.00472811
0.166865
0.0051851
0.161197
0.00566837
0.155016
0.00618088
0.148291
0.0067248
0.14099
0.00730116
0.133081
0.00790932
0.124534
0.00854626
0.115329
0.0092057
0.105452
0.009877
0.0949078
0.0105439
0.0837245
0.0111834
0.07196
0.0117645
0.0597117
0.0122482
0.047123
0.0125887
0.0343828
0.0127402
0.0216877
0.0126951
0.0090374
0.0126502
-0.00291637
0.0119538
-0.00847229
0.00555593
-0.0080431
-0.00042919
-0.0080431
0.199928
0.0016542
0.199176
0.00268977
0.197965
0.00349896
0.196332
0.00431668
0.194272
0.00514114
0.191782
0.0059667
0.188855
0.0068054
0.185478
0.00767069
0.181633
0.00857292
0.177298
0.00952039
0.172446
0.0105204
0.167048
0.0115791
0.161071
0.0127014
0.154482
0.0138899
0.147247
0.0151442
0.139335
0.0164592
0.130717
0.0178234
0.121377
0.019217
0.111312
0.0206086
0.100542
0.0219531
0.0891181
0.0231889
0.0771305
0.0242358
0.0647245
0.0249947
0.052117
0.0253478
0.0396565
0.0251556
0.0281063
0.0242005
0.0185956
0.0214644
0.00879771
0.0153538
0.00118375
0.00718477
-0.00685935
0.199781
0.00187363
0.199087
0.00338359
0.197946
0.00463986
0.196409
0.00585326
0.194483
0.00706723
0.192164
0.0082857
0.189447
0.00952276
0.186321
0.0107961
0.182774
0.0121207
0.178785
0.0135092
0.174333
0.0149724
0.169392
0.01652
0.163933
0.0181598
0.157926
0.019897
0.151338
0.0217323
0.144137
0.0236608
0.136291
0.0256687
0.127778
0.0277307
0.118581
0.0298053
0.108703
0.0318309
0.0981715
0.0337206
0.0870492
0.0353581
0.0754525
0.0365914
0.0635753
0.037225
0.0517333
0.0369976
0.0403979
0.0355359
0.0297395
0.0321228
0.0191664
0.0259269
0.00959786
0.0167533
0.00273851
0.199703
0.00217056
0.199008
0.00407889
0.197887
0.00576036
0.196376
0.00736413
0.194488
0.0089553
0.192222
0.0105516
0.189575
0.0121704
0.186539
0.013832
0.183104
0.0155551
0.179258
0.0173555
0.174983
0.0192473
0.170261
0.0212425
0.165069
0.0233514
0.159385
0.025581
0.153184
0.0279339
0.146438
0.0304058
0.139124
0.032983
0.131217
0.0356379
0.122698
0.0383244
0.113557
0.0409716
0.1038
0.0434775
0.0934579
0.0457006
0.0825966
0.0474526
0.0713338
0.0484878
0.0598418
0.0484896
0.0483176
0.0470601
0.0368115
0.0436289
0.0251882
0.0375502
0.0133357
0.0286058
0.0160742
0.199667
0.00250314
0.198964
0.00478213
0.197863
0.00686166
0.196381
0.00884578
0.194532
0.010804
0.192318
0.0127662
0.189734
0.0147541
0.186776
0.0167905
0.183434
0.0188967
0.179698
0.0210912
0.175556
0.0233901
0.170991
0.0258075
0.165987
0.0283551
0.160527
0.0310411
0.154591
0.0338693
0.148161
0.0368362
0.141215
0.0399286
0.133734
0.0431192
0.125697
0.0463611
0.117088
0.0495809
0.107895
0.0526709
0.0981156
0.0554796
0.0877656
0.0578026
0.0768795
0.0593739
0.0655094
0.0598597
0.0537086
0.058861
0.0414544
0.0558831
0.028588
0.0504166
0.0148525
0.0423413
0.0309267
0.199653
0.00285033
0.198949
0.00548618
0.197871
0.00793958
0.196427
0.0102899
0.194627
0.012604
0.192473
0.0149197
0.189964
0.0172637
0.187093
0.0196613
0.183854
0.0221359
0.180237
0.0247083
0.17623
0.0273965
0.171822
0.030216
0.166997
0.0331797
0.161741
0.0362969
0.156038
0.039572
0.149872
0.0430027
0.143224
0.0465767
0.136074
0.0502685
0.128402
0.0540333
0.120183
0.0578005
0.111388
0.0614652
0.10199
0.0648784
0.0919555
0.0678368
0.0812546
0.0700748
0.0698547
0.0712596
0.0577172
0.0709984
0.0447609
0.0688394
0.0308493
0.0643282
0.0158732
0.0573174
0.0467999
0.19965
0.00320027
0.198954
0.00618216
0.197904
0.00898919
0.196505
0.0116896
0.194763
0.0143462
0.192681
0.0170017
0.190257
0.0196873
0.187487
0.0224309
0.184365
0.0252579
0.180883
0.0281912
0.177029
0.0312504
0.172792
0.0344525
0.16816
0.0378117
0.163119
0.0413384
0.157653
0.0450382
0.151745
0.0489101
0.145378
0.0529442
0.138529
0.0571179
0.13117
0.0613914
0.12327
0.0657012
0.114783
0.0699519
0.105655
0.0740062
0.0958173
0.0776747
0.0851866
0.0807054
0.0736686
0.0827776
0.0611617
0.0835053
0.0475554
0.0824457
0.0327587
0.0791249
0.0167829
0.0732932
0.0635828
0.199655
0.00354562
0.198975
0.00686226
0.197959
0.0100049
0.19661
0.0130383
0.194934
0.0160222
0.192934
0.0190022
0.190608
0.0220133
0.187952
0.025086
0.184962
0.0282478
0.18163
0.0315232
0.177947
0.0349337
0.173902
0.0384978
0.169482
0.0422311
0.164675
0.0461457
0.159464
0.0502489
0.153832
0.0545423
0.147757
0.0590193
0.141212
0.0636625
0.134164
0.0684396
0.126568
0.0732979
0.118362
0.078157
0.10947
0.082899
0.0997869
0.0873574
0.0891876
0.0913046
0.0775254
0.0944399
0.0646475
0.0963832
0.0504175
0.0966758
0.0347682
0.0947743
0.0177898
0.0902715
0.0813726
0.199664
0.00388144
0.199006
0.00752006
0.19803
0.0109812
0.196739
0.0143297
0.195137
0.0176242
0.193227
0.020912
0.191009
0.0242311
0.188481
0.0276146
0.185637
0.0310917
0.182471
0.0346888
0.178976
0.038429
0.175141
0.0423326
0.170955
0.0464169
0.166405
0.050696
0.161474
0.0551798
0.156143
0.0598735
0.150387
0.0647754
0.144174
0.0698753
0.137462
0.075151
0.130196
0.0805643
0.122298
0.0860546
0.113667
0.0915301
0.104169
0.0968559
0.0936342
0.101839
0.0818649
0.106209
0.0686495
0.109599
0.053802
0.111523
0.0372365
0.11134
0.0190834
0.108425
0.100456
0.199677
0.00420422
0.199047
0.0081503
0.198116
0.0119125
0.196887
0.015558
0.195367
0.0191451
0.193556
0.0227226
0.191456
0.0263309
0.189065
0.0300053
0.18638
0.0337769
0.183395
0.0376736
0.180104
0.0417202
0.176498
0.0459387
0.172567
0.0503484
0.168297
0.054966
0.163672
0.0598045
0.158672
0.0648736
0.153269
0.0701779
0.147429
0.075716
0.141101
0.0814786
0.134221
0.0874449
0.126696
0.0935789
0.118405
0.099821
0.109184
0.106078
0.0988197
0.112203
0.0870527
0.117976
0.0735899
0.123061
0.0581485
0.126965
0.0405519
0.128936
0.0209013
0.128075
0.121357
0.199693
0.00451129
0.199095
0.00874868
0.198213
0.0127941
0.197053
0.0167177
0.19562
0.0205785
0.193916
0.0244264
0.191943
0.0283039
0.1897
0.0322482
0.187185
0.0362919
0.184394
0.0404645
0.181322
0.0447923
0.177962
0.0492991
0.174304
0.0540063
0.170337
0.0589331
0.166045
0.0640965
0.161408
0.0695108
0.156398
0.0751881
0.150977
0.0811369
0.145093
0.0873624
0.138674
0.093864
0.131619
0.100634
0.12379
0.10765
0.114996
0.114871
0.104983
0.122216
0.0934191
0.12954
0.0798981
0.136582
0.063968
0.142895
0.0452348
0.14767
0.0236116
0.149698
0.144969
0.199711
0.0048006
0.199148
0.00931169
0.19832
0.0136217
0.197234
0.0178039
0.195894
0.0219186
0.194303
0.0260167
0.192465
0.0301424
0.190379
0.0343343
0.188044
0.0386266
0.185459
0.04305
0.182619
0.0476322
0.179519
0.0523987
0.176152
0.0573729
0.172509
0.0625766
0.168575
0.0680303
0.164332
0.0737539
0.159754
0.0797664
0.154803
0.0860872
0.14943
0.092736
0.14356
0.0997337
0.137091
0.107102
0.129878
0.114863
0.121716
0.123034
0.112315
0.131618
0.101273
0.140581
0.0880455
0.14981
0.0719231
0.159017
0.0520863
0.167506
0.0278856
0.173899
0.172855
0.19973
0.00507053
0.199205
0.00983647
0.198435
0.0143917
0.197427
0.0188126
0.196185
0.0231606
0.194713
0.0274879
0.193016
0.0318398
0.191094
0.0362562
0.188948
0.0407724
0.186578
0.0454203
0.183981
0.0502287
0.181156
0.0552245
0.178096
0.0604328
0.174795
0.0658777
0.171242
0.0715832
0.167422
0.0775739
0.163313
0.0838755
0.158883
0.0905172
0.154086
0.0975327
0.148857
0.104963
0.143101
0.112858
0.13668
0.121284
0.129393
0.130321
0.120942
0.140068
0.110883
0.15064
0.0985434
0.16215
0.0829014
0.174659
0.0624358
0.187972
0.0351248
0.20121
0.207979
0.199751
0.00531983
0.199266
0.0103207
0.198557
0.0151011
0.197629
0.0197401
0.19649
0.0243005
0.195142
0.0288352
0.193591
0.0333906
0.19184
0.0380076
0.18989
0.0427224
0.187743
0.0475675
0.185399
0.0525727
0.182858
0.0577658
0.180117
0.0631732
0.177174
0.0688211
0.174021
0.0747359
0.170649
0.0809459
0.167042
0.0874825
0.163177
0.0943826
0.159018
0.101691
0.154516
0.109465
0.149594
0.11778
0.144142
0.126736
0.137993
0.136471
0.130886
0.147175
0.122407
0.159119
0.111861
0.172696
0.0980177
0.188502
0.0785372
0.207452
0.0486638
0.231084
0.256643
0.199772
0.00554753
0.19933
0.0107626
0.198684
0.0157476
0.19784
0.0205837
0.196806
0.0253349
0.195586
0.0300549
0.194186
0.0347907
0.19261
0.0395839
0.190861
0.0444712
0.188943
0.0494855
0.186859
0.0546572
0.18461
0.0600145
0.182198
0.0655847
0.179624
0.071395
0.176887
0.0774735
0.173982
0.0838508
0.170902
0.090562
0.167637
0.0976486
0.164165
0.105163
0.160459
0.113171
0.156474
0.121765
0.152145
0.131065
0.147371
0.141244
0.141995
0.152552
0.135751
0.165363
0.128171
0.180277
0.118312
0.198361
0.103923
0.221841
0.0776904
0.257316
0.334334
0.00369613
-0.00369613
0.00724843
-0.0035523
0.0101998
-0.00295133
0.0125476
-0.00234788
0.0143895
-0.00184183
0.0158284
-0.00143894
0.0169538
-0.0011254
0.0178393
-0.000885485
0.0185442
-0.000704952
0.0191161
-0.00057185
0.0195926
-0.000476498
0.0200036
-0.00041103
0.0203723
-0.000368693
0.0207155
-0.000343146
0.0210434
-0.000327916
0.0213595
-0.000316155
0.0216604
-0.000300864
0.0219362
-0.000275809
0.0221733
-0.000237085
0.022358
-0.000184663
0.0224807
-0.000122707
0.0225386
-5.79858e-05
0.0225381
5.54869e-07
0.0224759
6.21962e-05
0.0223507
0.00012516
0.0221536
0.000197096
0.0218837
0.000269942
0.0215549
0.000328812
0.0212149
0.000339971
0.000241183
0.00339372
-0.00708985
0.00667354
-0.00683212
0.00944597
-0.00572376
0.011717
-0.00461895
0.0135786
-0.00370341
0.0151208
-0.00298111
0.0164182
-0.00242278
0.0175292
-0.00199653
0.0184993
-0.001675
0.0193637
-0.00143623
0.02015
-0.00126281
0.0208798
-0.00114086
0.0215699
-0.0010588
0.022233
-0.00100626
0.0228782
-0.000973055
0.0235106
-0.000948634
0.0241318
-0.000922055
0.0247391
-0.000883068
0.0253265
-0.000824506
0.025887
-0.000745109
0.0264149
-0.000650627
0.0269077
-0.000550851
0.0273606
-0.000452274
0.0277732
-0.000350424
0.0281385
-0.000240136
0.0284444
-0.000108812
0.028675
3.93658e-05
0.0288339
0.000169902
0.0289596
0.000214285
0.000163375
0.00283802
-0.00992786
0.00547465
-0.00946876
0.00765129
-0.0079004
0.0094147
-0.00638236
0.0108579
-0.00514666
0.0120579
-0.00418108
0.0130756
-0.00344044
0.0139548
-0.00287579
0.0147284
-0.0024486
0.0154217
-0.0021295
0.0160545
-0.00189563
0.0166426
-0.0017289
0.0171982
-0.00161444
0.017731
-0.00153912
0.0182484
-0.00149046
0.0187554
-0.00145561
0.0192543
-0.00142097
0.0197444
-0.00137315
0.0202218
-0.00130188
0.0206809
-0.00120418
0.0211171
-0.00108689
0.0215301
-0.00096382
0.0219244
-0.000846543
0.0223087
-0.000734759
0.0226875
-0.000618938
0.0230635
-0.000484815
0.0234312
-0.000328342
0.0237689
-0.000167758
0.0240394
-5.62198e-05
-5.75634e-06
0.00222489
-0.0121527
0.00410702
-0.0113509
0.0055675
-0.00936088
0.00671214
-0.007527
0.00763183
-0.00606635
0.00838467
-0.00493391
0.00901683
-0.0040726
0.00955527
-0.00341424
0.0100194
-0.00291272
0.0104245
-0.00253456
0.0107826
-0.00225382
0.0111039
-0.00205013
0.0113962
-0.00190679
0.0116665
-0.00180935
0.0119205
-0.00174447
0.0121635
-0.00169864
0.0123996
-0.0016571
0.0126307
-0.00160422
0.0128553
-0.00152648
0.0130687
-0.00141757
0.0132648
-0.00128305
0.0134405
-0.00113953
0.0135987
-0.00100474
0.0137486
-0.000884613
0.0138996
-0.000769933
0.0140555
-0.000640669
0.0142085
-0.00048143
0.0143417
-0.000300962
0.0144099
-0.000124355
-4.07503e-05
0.00151261
-0.0136654
0.00256096
-0.0123992
0.00324242
-0.0100423
0.00370722
-0.0079918
0.00403954
-0.00639867
0.00427137
-0.00516574
0.0044378
-0.00423903
0.0045492
-0.00352564
0.0046149
-0.00297842
0.00464299
-0.00256265
0.00464006
-0.00225088
0.00461159
-0.00202167
0.00456239
-0.00185759
0.00449708
-0.00174403
0.00442065
-0.00166804
0.00433882
-0.00161681
0.00425759
-0.00157586
0.00418174
-0.00152837
0.00411278
-0.00145752
0.00404688
-0.00135167
0.00397399
-0.00121016
0.00388004
-0.00104557
0.00375356
-0.00087827
0.0035916
-0.000722648
0.00340072
-0.000579053
0.00319898
-0.000438928
0.00299584
-0.00027829
0.00277198
-7.71043e-05
0.00255568
9.19429e-05
8.75653e-05
0.000693041
-0.0143584
0.000839028
-0.0125452
0.000702596
-0.00990591
0.000460335
-0.00774954
0.000141246
-0.00607958
-0.000206389
-0.0048181
-0.000578533
-0.00386688
-0.000965773
-0.0031384
-0.00136153
-0.00258266
-0.00176014
-0.00216404
-0.00215765
-0.00185337
-0.00255098
-0.00162834
-0.00293732
-0.00147125
-0.0033139
-0.00136745
-0.00367742
-0.00130452
-0.00402367
-0.00127056
-0.00434792
-0.00125162
-0.00464641
-0.00122988
-0.00491801
-0.00118592
-0.005165
-0.00110468
-0.00539323
-0.000981928
-0.00561188
-0.000826922
-0.00583173
-0.000658421
-0.00606107
-0.000493316
-0.00630288
-0.000337241
-0.00656352
-0.000178284
-0.00684155
-2.63899e-07
-0.00708029
0.000161635
-0.00723103
0.00024269
0.000214114
-0.000266186
-0.0140922
-0.00104104
-0.0117704
-0.00199203
-0.00895492
-0.00299548
-0.0067461
-0.00399793
-0.00507713
-0.00496223
-0.00385381
-0.00587775
-0.00295136
-0.00673697
-0.00227919
-0.00753515
-0.00178449
-0.00827098
-0.00142821
-0.00894612
-0.00117823
-0.0095643
-0.00101016
-0.0101304
-0.000905101
-0.0106498
-0.000848067
-0.011127
-0.000827331
-0.0115648
-0.000832745
-0.0119645
-0.00085193
-0.0123276
-0.000866792
-0.0126576
-0.000855885
-0.012961
-0.000801324
-0.0132462
-0.000696692
-0.0135229
-0.000550253
-0.0137992
-0.000382124
-0.0140812
-0.000211365
-0.0143716
-4.68296e-05
-0.0146498
9.99789e-05
-0.0148804
0.000230263
-0.0150603
0.00034158
-0.0152081
0.00039053
0.000354375
-0.00128716
-0.0128051
-0.003062
-0.00999553
-0.00485701
-0.0071599
-0.00660749
-0.00499562
-0.00825336
-0.00343126
-0.00975686
-0.00235031
-0.0110986
-0.00160963
-0.0122834
-0.00109442
-0.0133248
-0.000742996
-0.0142414
-0.000511658
-0.0150516
-0.000368018
-0.0157721
-0.000289688
-0.0164172
-0.000260015
-0.0169994
-0.00026578
-0.0175293
-0.000297519
-0.0180133
-0.000348683
-0.0184545
-0.000410738
-0.0188554
-0.000465929
-0.0192209
-0.000490371
-0.0195596
-0.000462602
-0.019882
-0.000374281
-0.0201983
-0.000233954
-0.0205161
-6.43814e-05
-0.020825
9.75385e-05
-0.0210995
0.000227654
-0.0213336
0.000334166
-0.0215389
0.000435505
-0.0217169
0.000519573
-0.0218731
0.000546788
0.000515419
-0.00248002
-0.010325
-0.00536707
-0.00710848
-0.00806346
-0.00446352
-0.0105131
-0.00254599
-0.0126943
-0.0012501
-0.0146225
-0.000422022
-0.0162979
6.57387e-05
-0.0177096
0.000317219
-0.0188753
0.000422798
-0.0198461
0.000459116
-0.0206696
0.000455474
-0.0213823
0.000422989
-0.0220113
0.000369042
-0.022578
0.000300918
-0.0230988
0.000223217
-0.0235839
0.000136444
-0.0240371
4.24222e-05
-0.024455
-4.79508e-05
-0.0248357
-0.00010975
-0.0251882
-0.000110037
-0.0255278
-3.4678e-05
-0.0258591
9.7355e-05
-0.0261698
0.000246321
-0.026451
0.000378719
-0.0267063
0.000482949
-0.0269359
0.000563699
-0.0271355
0.000635124
-0.0273078
0.000691863
-0.0274668
0.000705845
0.000686048
-0.00404587
-0.00627916
-0.00842605
-0.00272831
-0.0123697
-0.000519832
-0.0156217
0.000705973
-0.0181831
0.00131133
-0.0201667
0.00156154
-0.0217188
0.00161784
-0.0229721
0.00157049
-0.024023
0.00147378
-0.0249201
0.00135614
-0.0256983
0.00123372
-0.0263831
0.0011078
-0.0269924
0.000978284
-0.0275414
0.00084996
-0.0280438
0.000725631
-0.0285071
0.000599756
-0.0289309
0.000466147
-0.0293139
0.000335134
-0.0296614
0.000237671
-0.0299811
0.000209693
-0.0302821
0.000266334
-0.030575
0.000390197
-0.0308673
0.000538671
-0.0311541
0.000665467
-0.0314185
0.00074743
-0.0316488
0.000793966
-0.0318431
0.000829432
-0.0320107
0.000859425
-0.0321707
0.000865864
0.000857693
-0.00632294
4.37844e-05
-0.0118005
0.00274921
-0.0160984
0.00377814
-0.0193885
0.00399602
-0.0219573
0.00388015
-0.0239939
0.0035981
-0.0256268
0.00325075
-0.0269497
0.00289338
-0.0280334
0.00255755
-0.0289422
0.00226495
-0.029726
0.00201747
-0.0304151
0.00179694
-0.0310263
0.00158943
-0.0315743
0.001398
-0.0320755
0.0012268
-0.032539
0.00106324
-0.0329606
0.000887751
-0.0333295
0.000704038
-0.0336447
0.000552921
-0.0339244
0.000489332
-0.034197
0.000538999
-0.0344839
0.000677047
-0.0347864
0.000841189
-0.0350875
0.000966572
-0.0353622
0.00102212
-0.0355931
0.00102492
-0.0357811
0.00101736
-0.0359426
0.00102099
-0.0361007
0.00102389
0.00102735
-0.00783215
0.00787593
-0.0141496
0.00906664
-0.0189501
0.00857862
-0.0226066
0.00765259
-0.0253743
0.00664781
-0.0274808
0.00570458
-0.0291199
0.00488984
-0.0304225
0.00419601
-0.0314715
0.00360661
-0.032341
0.00313439
-0.0330944
0.00277086
-0.0337647
0.00246732
-0.0343608
0.00218551
-0.0348932
0.00193039
-0.035383
0.00171656
-0.035844
0.00152422
-0.0362666
0.00131037
-0.0366279
0.00106541
-0.0369208
0.000845798
-0.0371706
0.000739098
-0.0374205
0.00078892
-0.0377019
0.000958453
-0.038016
0.00115532
-0.0383363
0.00128685
-0.0386249
0.00131067
-0.0388563
0.00125637
-0.0390345
0.00119555
-0.0391863
0.00117277
-0.0393389
0.00117652
0.00119214
-0.00939055
0.0172665
-0.0170791
0.0167552
-0.0224258
0.0139254
-0.0261636
0.0113904
-0.0288715
0.00935571
-0.0308509
0.00768396
-0.0323544
0.0063934
-0.0335438
0.00538538
-0.0344871
0.00454989
-0.0352586
0.00390594
-0.0359435
0.00345575
-0.0365773
0.0031011
-0.0371467
0.00275494
-0.0376491
0.00243278
-0.0381147
0.00218215
-0.0385692
0.00197867
-0.0389957
0.00173688
-0.0393492
0.00141897
-0.0396085
0.00110502
-0.0398098
0.000940449
-0.0400223
0.00100137
-0.0402937
0.00122994
-0.040624
0.00148555
-0.0409719
0.00163476
-0.0412804
0.00161921
-0.0415117
0.00148762
-0.0416737
0.00135756
-0.0418092
0.00130831
-0.0419531
0.00132042
0.00134978
-0.0124379
0.0297044
-0.0217173
0.0260346
-0.0270285
0.0192366
-0.0302506
0.0146125
-0.0325866
0.0116917
-0.0341927
0.00929005
-0.0353744
0.00757513
-0.0363545
0.00636541
-0.0371291
0.00532451
-0.0377381
0.0045149
-0.0383126
0.00403033
-0.0389011
0.00368954
-0.0394393
0.00329321
-0.0398932
0.00288664
-0.0403131
0.00260203
-0.040755
0.00242057
-0.0411941
0.00217601
-0.0415451
0.00176995
-0.0417575
0.00131744
-0.0418841
0.00106703
-0.0420388
0.00115603
-0.0422967
0.00148791
-0.0426524
0.00184119
-0.0430418
0.0020242
-0.04338
0.00195743
-0.0436097
0.00171729
-0.0437444
0.00149222
-0.0438533
0.00141723
-0.0439856
0.00145277
0.00149957
-0.0177284
0.0474328
-0.0289344
0.0372406
-0.0334632
0.0237654
-0.0349144
0.0160637
-0.0365558
0.0133331
-0.0374719
0.0102061
-0.0380746
0.00817784
-0.0388086
0.0070994
-0.0394244
0.00594034
-0.0397913
0.00488177
-0.040186
0.00442505
-0.0407325
0.00423599
-0.0412534
0.00381411
-0.0416407
0.003274
-0.0419834
0.00294474
-0.0424112
0.00284831
-0.0428892
0.00265403
-0.0432583
0.00213905
-0.043409
0.00146816
-0.0434177
0.00107576
-0.0434829
0.00122116
-0.043724
0.001729
-0.0441203
0.00223749
-0.044572
0.00247594
-0.0449542
0.00233963
-0.04518
0.00194307
-0.0452688
0.00158103
-0.045334
0.00148248
-0.0454538
0.00157255
0.00164475
0.207447
0.0057603
0.207034
0.0111752
0.206432
0.0163501
0.205647
0.0213682
0.204688
0.0262942
0.203561
0.0311824
0.202271
0.0360802
0.200825
0.0410296
0.199229
0.0460675
0.197488
0.0512268
0.195607
0.056538
0.193592
0.0620294
0.191448
0.0677282
0.189182
0.0736619
0.186796
0.079859
0.184296
0.0863509
0.181684
0.0931734
0.178963
0.10037
0.176133
0.107993
0.173191
0.116113
0.170134
0.124822
0.166957
0.134242
0.163655
0.144547
0.160229
0.155978
0.156703
0.168889
0.15317
0.183809
0.149995
0.201535
0.148857
0.22298
0.160548
0.245626
0.258788
0.236093
0.21249
0.00595273
0.212118
0.0115481
0.211574
0.0168937
0.210868
0.0220741
0.210008
0.0271547
0.209
0.0321899
0.207853
0.0372274
0.206574
0.0423089
0.20517
0.0474711
0.20365
0.0527469
0.202022
0.0581661
0.200295
0.0637563
0.198479
0.0695443
0.196584
0.0755565
0.194623
0.0818207
0.192607
0.0883667
0.190551
0.0952287
0.188474
0.102447
0.186396
0.110071
0.184345
0.118164
0.182363
0.126804
0.180509
0.136096
0.178884
0.146172
0.177658
0.157203
0.177153
0.169393
0.178024
0.182939
0.181686
0.197873
0.190743
0.213923
0.206201
0.230167
0.24568
0.21931
0.217658
0.00612267
0.217329
0.0118771
0.21685
0.0173724
0.21623
0.0226938
0.215478
0.0279071
0.214601
0.0330665
0.213609
0.0382196
0.21251
0.0434075
0.211315
0.0486665
0.210033
0.0540285
0.208677
0.0595223
0.207259
0.0651744
0.205793
0.07101
0.204296
0.0770536
0.202786
0.0833306
0.201285
0.0898676
0.19982
0.0966943
0.198422
0.103845
0.197134
0.111359
0.196012
0.119286
0.195134
0.127682
0.194613
0.136617
0.194619
0.146166
0.195416
0.156407
0.197414
0.167395
0.201224
0.179129
0.207615
0.191482
0.217249
0.204289
0.229845
0.21757
0.228747
0.246779
0.222951
0.00626814
0.22267
0.0121584
0.222262
0.0177806
0.221735
0.0232202
0.2211
0.0285427
0.220364
0.0338021
0.219538
0.0390453
0.218633
0.0443126
0.217661
0.0496393
0.216633
0.0550559
0.215566
0.0605898
0.214475
0.0662656
0.213378
0.0721061
0.212299
0.0781331
0.211262
0.084368
0.210296
0.0908327
0.20944
0.0975505
0.208739
0.104546
0.20825
0.111848
0.208052
0.119485
0.208246
0.127489
0.208972
0.13589
0.210424
0.144714
0.212866
0.153965
0.216643
0.163618
0.222176
0.173597
0.229913
0.183745
0.240425
0.193777
0.254631
0.203365
0.210255
0.273123
0.228374
0.00638727
0.228144
0.0123885
0.227812
0.0181132
0.227385
0.0236465
0.226874
0.0290535
0.226289
0.0343874
0.225641
0.0396939
0.224941
0.0450124
0.224203
0.0503767
0.223444
0.0558156
0.222679
0.0613545
0.221929
0.0670154
0.221217
0.0728182
0.220569
0.078781
0.220017
0.0849205
0.219597
0.0912526
0.219355
0.0977927
0.219346
0.104555
0.219639
0.111554
0.220324
0.1188
0.221512
0.126301
0.223348
0.134054
0.226018
0.142044
0.229752
0.150231
0.23483
0.15854
0.24158
0.166846
0.250382
0.174943
0.261681
0.182478
0.27595
0.189095
0.19371
0.292495
0.233929
0.00647837
0.233754
0.012564
0.233502
0.0183654
0.233181
0.0239669
0.232802
0.0294323
0.232376
0.034814
0.231913
0.0401563
0.231429
0.0454971
0.230937
0.0508683
0.230456
0.0562968
0.230005
0.0618054
0.229607
0.0674134
0.229288
0.0731371
0.229079
0.0789902
0.229015
0.0849843
0.229139
0.0911287
0.229501
0.0974303
0.230163
0.103893
0.231199
0.110518
0.232701
0.117299
0.234779
0.124222
0.237571
0.131262
0.24124
0.138375
0.245978
0.145493
0.252005
0.152513
0.259564
0.159287
0.268897
0.16561
0.280182
0.171193
0.293515
0.175763
0.178806
0.308419
0.23962
0.00653997
0.239502
0.0126821
0.239334
0.0185333
0.239125
0.024176
0.238884
0.0296731
0.238623
0.0350752
0.238354
0.040425
0.238092
0.0457587
0.237854
0.0511061
0.23766
0.0564918
0.237529
0.0619358
0.237489
0.0674541
0.237566
0.0730593
0.237796
0.0787607
0.238216
0.0845643
0.238872
0.0904728
0.239817
0.0964854
0.241114
0.102596
0.242837
0.108795
0.245074
0.115061
0.247928
0.121368
0.251519
0.127671
0.255982
0.133912
0.261466
0.140009
0.268128
0.145851
0.276117
0.151297
0.285554
0.156173
0.296484
0.160263
0.308895
0.163352
0.165172
0.32253
0.245448
0.00657079
0.24539
0.0127404
0.24531
0.0186132
0.245216
0.0242697
0.245119
0.0297707
0.245029
0.0351653
0.244959
0.0404943
0.244926
0.0457917
0.244947
0.0510849
0.245043
0.0563962
0.245236
0.0617424
0.245554
0.0671365
0.246026
0.0725871
0.246688
0.078099
0.247579
0.0836732
0.248746
0.0893062
0.250241
0.0949902
0.252126
0.100712
0.25447
0.10645
0.257354
0.112178
0.260866
0.117855
0.265106
0.123432
0.270176
0.128842
0.276185
0.134
0.283231
0.138805
0.291396
0.143132
0.300727
0.146842
0.311213
0.149778
0.322785
0.151779
0.152715
0.335242
0.251418
0.00656981
0.251422
0.0127369
0.251432
0.0186026
0.251457
0.0242445
0.251507
0.0297216
0.251591
0.0350807
0.251725
0.0403604
0.251924
0.0455926
0.252207
0.0508023
0.252594
0.0560088
0.25311
0.0612265
0.253782
0.0664646
0.254641
0.0717284
0.255721
0.0770184
0.257064
0.0823309
0.258712
0.0876575
0.260718
0.0929846
0.263137
0.0982927
0.266032
0.103555
0.269471
0.108739
0.273527
0.113799
0.278277
0.118682
0.283796
0.123323
0.290154
0.127643
0.297406
0.131553
0.305587
0.134951
0.314698
0.137731
0.324694
0.139782
0.335475
0.140997
0.141319
0.346871
0.257532
0.0065363
0.257599
0.0126703
0.257702
0.0184994
0.257848
0.0240982
0.258047
0.0295232
0.258309
0.0348189
0.258648
0.0400216
0.25908
0.0451606
0.259623
0.0502586
0.2603
0.0553322
0.261133
0.0603928
0.262151
0.0654468
0.263384
0.0704959
0.264865
0.0755372
0.266633
0.0805632
0.268729
0.0855614
0.271199
0.090514
0.274094
0.0953978
0.277467
0.100183
0.281373
0.104833
0.285869
0.109303
0.29101
0.113541
0.296846
0.117487
0.303417
0.121072
0.310746
0.124223
0.318837
0.126861
0.327662
0.128907
0.337156
0.130288
0.347215
0.130938
0.130837
0.357697
0.263794
0.00646977
0.263925
0.0125396
0.264122
0.0183025
0.26439
0.0238296
0.264739
0.0291746
0.265178
0.0343794
0.265722
0.039478
0.266385
0.0444972
0.267187
0.0494571
0.268147
0.0543718
0.26929
0.05925
0.270641
0.0640954
0.27223
0.0689069
0.274089
0.0736787
0.276252
0.0784002
0.278757
0.0830563
0.281644
0.0876267
0.284956
0.092086
0.288736
0.0964034
0.293026
0.100542
0.297868
0.104461
0.303298
0.108111
0.309345
0.11144
0.316027
0.114391
0.323343
0.116906
0.331276
0.118927
0.339783
0.1204
0.348794
0.121277
0.35821
0.121522
0.121136
0.367911
0.270207
0.00637005
0.270402
0.0123446
0.270693
0.0180117
0.271084
0.0234386
0.271582
0.0286761
0.272198
0.0337635
0.272944
0.0387321
0.273835
0.0436063
0.274888
0.0484037
0.276124
0.0531361
0.277564
0.0578099
0.279233
0.0624264
0.281158
0.0669821
0.283368
0.0714691
0.285893
0.075875
0.288766
0.0801829
0.292021
0.0843715
0.295692
0.0884151
0.299812
0.0922835
0.304412
0.0959425
0.309519
0.0993538
0.315154
0.102476
0.321328
0.105265
0.328043
0.107676
0.335285
0.109665
0.343022
0.11119
0.351204
0.112217
0.359763
0.112718
0.36861
0.112676
0.112102
0.377643
0.276774
0.00623725
0.277033
0.0120855
0.277417
0.0176274
0.277929
0.0229262
0.278576
0.0280295
0.279366
0.0329738
0.28031
0.0377879
0.281422
0.0424937
0.282719
0.0471067
0.284219
0.0516363
0.285942
0.056087
0.28791
0.0604582
0.290148
0.0647447
0.29268
0.0689373
0.295532
0.0730224
0.298732
0.0769826
0.302307
0.0807967
0.306282
0.08444
0.310681
0.0878845
0.315524
0.0910993
0.320827
0.0940512
0.326597
0.0967057
0.332835
0.0990275
0.339528
0.100982
0.346654
0.102539
0.354176
0.103669
0.362041
0.104352
0.370185
0.104574
0.378529
0.104331
0.103641
0.38699
0.283498
0.00607174
0.283821
0.0117631
0.284297
0.0171509
0.284929
0.0222945
0.28572
0.0272378
0.28668
0.0320147
0.287816
0.0366514
0.289142
0.0411675
0.290673
0.0455763
0.292423
0.0498856
0.294412
0.054098
0.296659
0.0582115
0.299184
0.0622199
0.302008
0.0661132
0.305153
0.0698776
0.308639
0.073496
0.312488
0.0769483
0.316716
0.0802117
0.321339
0.0832612
0.326369
0.08607
0.331809
0.0886105
0.33766
0.0908549
0.343911
0.0927761
0.350545
0.0943493
0.357531
0.0955529
0.36483
0.09637
0.372392
0.0967897
0.380158
0.0968082
0.38806
0.096429
0.0956724
0.396029
0.290384
0.00587416
0.290768
0.0113786
0.291335
0.0165844
0.292083
0.0215463
0.293016
0.0263051
0.294139
0.0308917
0.29546
0.0353299
0.296991
0.0396371
0.298742
0.0438248
0.300729
0.047899
0.302966
0.0518611
0.305469
0.0557083
0.308255
0.0594337
0.311341
0.0630271
0.314744
0.0664753
0.318478
0.069762
0.322557
0.072869
0.326992
0.0757761
0.331792
0.0784615
0.336959
0.0809032
0.342491
0.0830787
0.348379
0.0849665
0.354608
0.086547
0.361155
0.0878029
0.367987
0.0887208
0.375065
0.0892916
0.382343
0.0895119
0.389767
0.0893841
0.397279
0.0889164
0.0881301
0.404822
0.297435
0.00564538
0.297879
0.0109338
0.298533
0.0159305
0.299394
0.0206856
0.300462
0.0252366
0.301743
0.0296116
0.30324
0.0338321
0.304964
0.0379133
0.306924
0.0418652
0.30913
0.0456924
0.311596
0.0493955
0.314333
0.052971
0.317355
0.056412
0.320673
0.0597086
0.3243
0.0628484
0.328245
0.0658169
0.332517
0.0685978
0.337119
0.0711738
0.342054
0.0735269
0.347318
0.0756392
0.352903
0.0774933
0.358796
0.0790735
0.364977
0.080366
0.37142
0.08136
0.378092
0.082048
0.384957
0.082427
0.391971
0.0824984
0.399086
0.0822685
0.406255
0.0817482
0.0809584
0.413426
0.304654
0.00538645
0.305157
0.0104309
0.305895
0.0151924
0.306864
0.0197168
0.308062
0.0240382
0.309492
0.028182
0.311156
0.0321674
0.313062
0.0360078
0.315216
0.0397117
0.317625
0.0432827
0.3203
0.0467207
0.323249
0.050022
0.326481
0.0531801
0.330004
0.0561858
0.333824
0.0590278
0.337948
0.0616936
0.342376
0.0641691
0.34711
0.06644
0.352145
0.0684919
0.357473
0.0703108
0.363083
0.0718839
0.368956
0.0732002
0.375071
0.0742509
0.381402
0.0750298
0.387915
0.0755345
0.394576
0.0757656
0.401347
0.075728
0.408185
0.0754303
0.415049
0.0748846
0.0741104
0.421897
0.312046
0.0050986
0.312605
0.00987209
0.313424
0.0143738
0.314495
0.018645
0.315817
0.0227165
0.317388
0.0266112
0.319209
0.030346
0.321284
0.0339328
0.323617
0.0373786
0.326214
0.0406865
0.329078
0.0438558
0.332217
0.0468831
0.335635
0.0497621
0.339336
0.0524849
0.343323
0.0550415
0.347595
0.0574213
0.352151
0.0596128
0.356987
0.0616044
0.362094
0.0633848
0.367461
0.0649439
0.373072
0.0662725
0.378909
0.0673636
0.384947
0.0682122
0.391161
0.0688161
0.39752
0.0691757
0.403991
0.0692948
0.410539
0.0691799
0.417128
0.068841
0.423722
0.0682903
0.067546
0.430287
0.319615
0.00478314
0.320227
0.00926011
0.321122
0.0134785
0.322292
0.0174754
0.32373
0.0212784
0.325433
0.0249077
0.327401
0.0283784
0.329633
0.0317006
0.332131
0.0348804
0.334898
0.0379203
0.337934
0.0408194
0.341243
0.0435745
0.344825
0.0461803
0.34868
0.0486296
0.352807
0.0509143
0.357203
0.0530255
0.361862
0.0549541
0.366775
0.056691
0.371932
0.0582281
0.377318
0.0595579
0.382915
0.0606748
0.388704
0.0615746
0.394661
0.0622555
0.40076
0.0627177
0.406971
0.0629641
0.413266
0.063
0.419613
0.0628332
0.42598
0.0624739
0.432336
0.0619339
0.0612298
0.438652
0.327365
0.00444144
0.328027
0.00859761
0.328995
0.0125107
0.330257
0.0162137
0.331804
0.0197309
0.333632
0.0230803
0.335736
0.0262748
0.338113
0.0293233
0.340762
0.0322309
0.343683
0.0349996
0.346874
0.0376286
0.350333
0.0401151
0.354059
0.0424544
0.358048
0.0446407
0.362295
0.0466674
0.366793
0.0485273
0.371534
0.0502134
0.376506
0.051719
0.381695
0.0530384
0.387087
0.0541668
0.39266
0.0551008
0.398396
0.0558389
0.404271
0.0563812
0.410258
0.0567299
0.416333
0.0568893
0.422468
0.0568656
0.428634
0.0566671
0.434804
0.0563035
0.440952
0.0557864
0.0551304
0.447051
0.3353
0.00407484
0.336011
0.00788725
0.337047
0.0114744
0.338396
0.0148652
0.340045
0.0180811
0.341988
0.0211374
0.344218
0.0240453
0.346729
0.0268124
0.349517
0.0294431
0.352577
0.0319389
0.355907
0.0342991
0.3595
0.0365214
0.363353
0.038602
0.367458
0.0405361
0.371806
0.0423185
0.37639
0.0439437
0.381197
0.0454066
0.386213
0.0467026
0.391424
0.0478276
0.396812
0.0487791
0.402357
0.0495557
0.408038
0.0501574
0.413834
0.0505859
0.419719
0.0508446
0.42567
0.0509386
0.431661
0.0508745
0.437667
0.0506603
0.443665
0.0503056
0.449631
0.0498206
0.0492184
0.455543
0.343426
0.0036846
0.344182
0.00713149
0.345283
0.0103733
0.346713
0.0134352
0.348458
0.0163354
0.350509
0.019087
0.352855
0.0216994
0.355488
0.0241788
0.358403
0.0265289
0.361591
0.028751
0.365045
0.0308447
0.368759
0.0328078
0.372723
0.0346376
0.376929
0.0363301
0.381366
0.0378815
0.386022
0.0392878
0.390883
0.0405453
0.395935
0.041651
0.40116
0.0426026
0.40654
0.0433989
0.412056
0.0440399
0.417686
0.044527
0.423409
0.0448626
0.429203
0.045051
0.435044
0.0450974
0.44091
0.0450083
0.446779
0.0447916
0.452629
0.0444558
0.458439
0.0440104
0.0434665
0.464191
0.351746
0.00327175
0.352546
0.00633244
0.353708
0.00921079
0.355215
0.0119284
0.35705
0.0145001
0.359201
0.0169366
0.361654
0.0192455
0.364401
0.0214318
0.367432
0.0234987
0.370735
0.0254472
0.374303
0.0272769
0.378125
0.0289862
0.38219
0.0305728
0.386486
0.032034
0.391
0.0333668
0.39572
0.0345685
0.400628
0.0356367
0.40571
0.0365695
0.410947
0.0373659
0.41632
0.0380258
0.421809
0.0385502
0.427395
0.0389409
0.433057
0.0392013
0.438772
0.0393356
0.444521
0.0393489
0.450281
0.0392476
0.456034
0.0390388
0.46176
0.0387301
0.467441
0.0383297
0.0378475
0.47306
0.360267
0.00283692
0.361108
0.00549152
0.362329
0.00798951
0.363909
0.0103488
0.365828
0.0125807
0.368072
0.0146928
0.370626
0.0166913
0.373478
0.0185801
0.376615
0.0203617
0.380026
0.0220368
0.383697
0.0236052
0.387618
0.0250656
0.391774
0.0264164
0.396153
0.0276555
0.400738
0.028781
0.405516
0.0297909
0.410469
0.0306839
0.415579
0.031459
0.420829
0.032116
0.4262
0.0326555
0.431671
0.0330791
0.437222
0.0333891
0.442835
0.0335888
0.448488
0.0336823
0.454163
0.0336746
0.459839
0.0335713
0.465499
0.0333788
0.471125
0.0331037
0.476702
0.0327532
0.0323355
0.482214
0.368993
0.00238003
0.369876
0.00460894
0.371154
0.00671105
0.372803
0.00869976
0.374803
0.0105815
0.377134
0.012361
0.379783
0.0140429
0.382733
0.0156302
0.385969
0.0171248
0.389479
0.018527
0.393248
0.0198366
0.397261
0.0210527
0.401503
0.0221741
0.405959
0.0231994
0.410613
0.0241272
0.415447
0.0249565
0.420445
0.0256863
0.425587
0.0263166
0.430856
0.0268475
0.436231
0.0272801
0.441694
0.0276162
0.447225
0.0278581
0.452805
0.028009
0.458415
0.0280727
0.464036
0.0280536
0.46965
0.0279566
0.475242
0.0277871
0.480795
0.0275508
0.486295
0.0272534
0.0269019
0.491728
0.377932
0.00189948
0.378858
0.00368278
0.380193
0.00537607
0.381908
0.00698438
0.383983
0.00850704
0.386397
0.00994645
0.389134
0.0113061
0.392176
0.0125883
0.395507
0.0137939
0.399111
0.0149232
0.402971
0.0159758
0.407073
0.0169513
0.411398
0.0178486
0.415931
0.0186668
0.420653
0.019405
0.425547
0.0200627
0.430594
0.0206395
0.435775
0.0211355
0.441071
0.0215513
0.446463
0.021888
0.451932
0.0221473
0.457459
0.0223315
0.463024
0.0224433
0.468611
0.022486
0.474201
0.0224633
0.479779
0.0223793
0.485328
0.0222383
0.490833
0.0220451
0.496282
0.0218044
0.0215217
0.501663
0.387091
0.00139006
0.388068
0.0027058
0.389462
0.00398206
0.391243
0.00520292
0.393392
0.00635889
0.395886
0.00745178
0.398708
0.00848451
0.401838
0.00945823
0.405259
0.0103731
0.408953
0.0112292
0.412902
0.0120261
0.41709
0.0127634
0.421498
0.0134404
0.426108
0.0140567
0.430902
0.0146115
0.43586
0.0151046
0.440964
0.015536
0.446193
0.0159059
0.451529
0.016215
0.456953
0.0164642
0.462445
0.0166551
0.467987
0.0167895
0.473561
0.0168696
0.479149
0.0168981
0.484734
0.0168779
0.490302
0.016812
0.495836
0.0167037
0.501325
0.0165567
0.506755
0.0163742
0.0161604
0.512116
0.396484
0.00083875
0.397517
0.00167243
0.398966
0.00253318
0.40081
0.0033592
0.403029
0.00413995
0.405601
0.0048799
0.408505
0.00558081
0.41172
0.00624232
0.41523
0.00686397
0.419013
0.00744552
0.423053
0.00798667
0.427329
0.00848707
0.431823
0.00894627
0.436516
0.00936386
0.441388
0.00973953
0.44642
0.0100731
0.451591
0.0103647
0.456882
0.0106144
0.462274
0.0108229
0.467748
0.010991
0.473283
0.0111196
0.478862
0.0112102
0.484468
0.0112643
0.490082
0.0112838
0.495689
0.0112706
0.501274
0.011227
0.506823
0.0111552
0.512322
0.0110577
0.517759
0.010937
0.0107962
0.523123
0.406193
0.000155631
0.40729
0.000575548
0.40879
0.0010336
0.410692
0.00145657
0.412976
0.00185661
0.415616
0.00223919
0.418594
0.00260354
0.421888
0.00294836
0.425479
0.00327302
0.429347
0.00357724
0.433473
0.00386075
0.437837
0.00412326
0.442418
0.00436448
0.447198
0.00458416
0.452156
0.00478209
0.45727
0.0049582
0.462523
0.0051125
0.467892
0.00524515
0.473358
0.00535642
0.478903
0.00544676
0.484505
0.00551674
0.490149
0.00556708
0.495814
0.00559863
0.501486
0.00561233
0.507147
0.00560925
0.512784
0.00559053
0.518381
0.00555735
0.523928
0.00551097
0.529413
0.00545258
0.00538406
0.534825
0.415475
0.41605
0.417084
0.418541
0.420397
0.422636
0.42524
0.428188
0.431461
0.435039
0.438899
0.443023
0.447387
0.451971
0.456753
0.461712
0.466824
0.472069
0.477426
0.482872
0.488389
0.493956
0.499555
0.505167
0.510776
0.516367
0.521924
0.527435
0.532888
0.538272
0.128381
0.107712
0.0386162
0.089765
0.0573655
-0.0187493
0.210765
0.116256
0.19465
0.105881
0.0898832
0.162132
0.252518
0.110517
0.251917
0.106482
0.0995244
0.242275
0.280121
0.103519
0.284041
0.102562
0.099859
0.283706
0.299927
0.096087
0.306128
0.0963612
0.0956327
0.310354
0.315778
0.088728
0.322752
0.0893869
0.089504
0.32888
0.329395
0.0818625
0.336222
0.0825598
0.0829578
0.342769
0.341514
0.0755912
0.347864
0.0762098
0.0766442
0.354177
0.352595
0.0698674
0.358416
0.0703887
0.0707815
0.364278
0.362945
0.0646197
0.368277
0.0650564
0.0653956
0.373663
0.372751
0.0597797
0.377659
0.0601488
0.0604406
0.382614
0.382137
0.0552862
0.386684
0.0556019
0.055855
0.391269
0.391189
0.0510874
0.395431
0.0513604
0.051582
0.399704
0.399976
0.0471402
0.403958
0.0473784
0.0475741
0.407966
0.408552
0.0434096
0.412312
0.0436188
0.0437926
0.416093
0.41697
0.0398663
0.420537
0.0400509
0.0402059
0.424124
0.425277
0.0364861
0.428678
0.0366494
0.0367879
0.432096
0.433525
0.0332481
0.436781
0.0333928
0.0335165
0.440053
0.441766
0.0301346
0.444896
0.0302626
0.0303728
0.44804
0.450056
0.0271292
0.453077
0.0272422
0.0273401
0.45611
0.458455
0.0242175
0.461381
0.0243166
0.0244031
0.464317
0.467023
0.0213854
0.469868
0.0214717
0.0215475
0.472723
0.475825
0.0186197
0.478603
0.018694
0.0187596
0.481391
0.484927
0.0159068
0.487651
0.0159697
0.0160254
0.490385
0.494401
0.0132338
0.497085
0.0132859
0.0133322
0.499778
0.504311
0.0105858
0.506969
0.0106272
0.0106639
0.509638
0.514751
0.00795056
0.517397
0.00798164
0.00800955
0.520051
0.525765
0.00530842
0.528418
0.00532888
0.00534666
0.531081
0.537482
0.00265132
0.54015
0.00266045
0.002669
0.542828
0.540923
0.543584
0.546253
-0.0372846
0.0659681
-0.0467433
0.0466993
-0.0471403
0.0241624
-0.0407313
0.00965473
-0.0416929
0.0142947
-0.0421083
0.0106215
-0.0419915
0.00806111
-0.0426213
0.00772913
-0.043153
0.00647205
-0.0429916
0.00472038
-0.043035
0.00446847
-0.0436461
0.00484711
-0.0442721
0.0044401
-0.044604
0.0036059
-0.0448025
0.0031432
-0.0452157
0.00326154
-0.0457907
0.00322901
-0.046226
0.00257439
-0.0462914
0.00153353
-0.0460971
0.000881424
-0.046017
0.00114112
-0.0462539
0.00196594
-0.0467393
0.00272286
-0.0473086
0.00304519
-0.0477753
0.00280639
-0.0480033
0.002171
-0.0480155
0.00159328
-0.048006
0.00147298
-0.0481197
0.00168623
0.00181047
0.0977098
0.13039
0.0483047
0.0961045
0.00104078
0.0714263
-0.0333396
0.0440351
-0.0474603
0.0284154
-0.049669
0.0128302
-0.0451846
0.00357664
-0.0447591
0.00730366
-0.0454053
0.00711827
-0.0446075
0.00392258
-0.044513
0.00437399
-0.045544
0.00587804
-0.0464438
0.00533991
-0.0465571
0.00371922
-0.0462879
0.002874
-0.0466458
0.00361941
-0.0474332
0.00401646
-0.0480505
0.00319169
-0.0480499
0.00153286
-0.0475167
0.000348252
-0.0471946
0.00081898
-0.0474354
0.0022068
-0.0480613
0.00334872
-0.0487988
0.00378269
-0.0493812
0.00338878
-0.0495979
0.00238775
-0.049465
0.00146039
-0.0493116
0.00131956
-0.0494245
0.00179909
0.00204067
0.205082
0.167584
0.164381
0.136806
0.125446
0.110361
0.0837239
0.085757
0.0458513
0.066288
0.00640187
0.0522796
-0.0259109
0.0358894
-0.0436782
0.0250709
-0.0499143
0.0133544
-0.049029
0.00303729
-0.045227
0.000572024
-0.0460057
0.00665674
-0.0473652
0.00669946
-0.047162
0.00351603
-0.0464278
0.00213972
-0.0470082
0.00419988
-0.0483379
0.00534617
-0.0493733
0.004227
-0.0492758
0.00143536
-0.0479648
-0.000962657
-0.0470947
-5.11759e-05
-0.0474101
0.00252225
-0.0482873
0.00422588
-0.0492729
0.00476834
-0.0500217
0.00413753
-0.0502165
0.00258256
-0.0498448
0.00108865
-0.0494344
0.000909221
-0.0495585
0.00192318
0.00248559
0.268844
0.182445
0.244797
0.160853
0.216051
0.139107
0.183472
0.118336
0.150181
0.0995796
0.119051
0.083409
0.0869605
0.0679803
0.0573793
0.0546521
0.0273739
0.0433598
-0.00439735
0.0348085
-0.0295311
0.0257058
-0.0425064
0.0196319
-0.0480206
0.0122137
-0.0486333
0.0041287
-0.0459036
-0.000589987
-0.0450737
0.00336999
-0.0469947
0.00726721
-0.0487936
0.00602593
-0.0479804
0.000622085
-0.0460969
-0.00284615
-0.0449794
-0.00116862
-0.0457872
0.00333002
-0.0471532
0.00559189
-0.048527
0.00614209
-0.049541
0.00515158
-0.0497111
0.00275267
-0.0489453
0.000322873
-0.0479545
-8.15786e-05
-0.0480382
0.00200686
0.00338302
0.308801
0.183998
0.298375
0.17128
0.281455
0.156027
0.25987
0.139921
0.235482
0.123967
0.209953
0.108938
0.183124
0.0948089
0.156018
0.0817587
0.129247
0.0701301
0.103982
0.0600739
0.0788225
0.0508654
0.0559706
0.0424838
0.0338057
0.0343786
0.0094154
0.028519
-0.0135498
0.0223752
-0.0293734
0.0191936
-0.0376673
0.0155611
-0.0418193
0.0101779
-0.0433202
0.00212298
-0.0408473
-0.005319
-0.0398454
-0.00217058
-0.0414477
0.00493238
-0.0435501
0.00769426
-0.0452883
0.00788026
-0.046437
0.00630028
-0.0464485
0.00276421
-0.0447617
-0.00136389
-0.0432474
-0.00159596
-0.0436395
0.002399
0.00528015
0.335005
0.177873
0.334245
0.17204
0.327412
0.16286
0.315631
0.151703
0.30005
0.139548
0.281809
0.127179
0.261647
0.114971
0.240225
0.103181
0.218231
0.0921238
0.196251
0.0820542
0.174298
0.0728181
0.152699
0.0640825
0.131159
0.0559189
0.110734
0.048944
0.0902751
0.0428342
0.0716869
0.0377818
0.0548883
0.0323597
0.0387391
0.0263271
0.0194081
0.021454
-0.00367593
0.017765
-0.0212947
0.0154482
-0.0299436
0.0135813
-0.0342298
0.0119804
-0.0366996
0.0103501
-0.03821
0.00781074
-0.0385866
0.0031408
-0.037538
-0.00241257
-0.0358598
-0.00327412
-0.0366923
0.00323155
0.00868679
0.352733
0.167908
0.358124
0.16665
0.35872
0.162264
0.354862
0.15556
0.347143
0.147268
0.3363
0.138022
0.322992
0.128279
0.307775
0.118397
0.291197
0.108702
0.273797
0.0994538
0.255941
0.0906744
0.237756
0.082267
0.219355
0.0743199
0.201184
0.0671154
0.183302
0.0607158
0.166221
0.0548627
0.149588
0.0489925
0.132814
0.0431015
0.116298
0.0379704
0.0999914
0.0340712
0.0842742
0.0311654
0.0695401
0.0283154
0.0560908
0.0254297
0.043896
0.0225449
0.0324334
0.0192733
0.0195923
0.0159819
0.0031133
0.0140664
-0.0127614
0.0126006
-0.0213419
0.011812
0.0154649
0.36552
0.156566
0.374254
0.157915
0.379698
0.156819
0.381668
0.15359
0.38029
0.148645
0.375896
0.142416
0.368884
0.135291
0.359668
0.127614
0.348681
0.119688
0.336375
0.11176
0.323098
0.103951
0.30905
0.0963152
0.294419
0.0889507
0.279504
0.0820308
0.264598
0.0756217
0.249875
0.0695855
0.23517
0.0636981
0.220296
0.0579755
0.205458
0.0528082
0.190955
0.048574
0.177029
0.045091
0.163556
0.0417886
0.150481
0.0385053
0.137787
0.0352385
0.125137
0.0319236
0.112235
0.0288842
0.0994683
0.0268328
0.086398
0.0256709
0.0728189
0.025391
0.0272636
0.375665
0.145179
0.385799
0.147782
0.393961
0.148657
0.399732
0.14782
0.402934
0.145443
0.403588
0.141762
0.401843
0.137036
0.397932
0.131526
0.392139
0.12548
0.384782
0.119118
0.376137
0.112596
0.366423
0.106029
0.355847
0.0995272
0.344657
0.0932208
0.333097
0.0871813
0.321302
0.0813809
0.309253
0.075747
0.296912
0.0703161
0.284411
0.0653096
0.272042
0.0609427
0.259997
0.0571364
0.248186
0.0535997
0.236514
0.0501773
0.224903
0.0468493
0.213172
0.0436541
0.201228
0.0408288
0.189269
0.0387919
0.177279
0.0376608
0.165259
0.0374109
0.0381229
0.384508
0.134334
0.394888
0.137402
0.404244
0.139301
0.412135
0.139928
0.418263
0.139315
0.42247
0.137555
0.424722
0.134785
0.42508
0.131167
0.423681
0.12688
0.420703
0.122095
0.41634
0.11696
0.410769
0.111599
0.404172
0.106125
0.396742
0.10065
0.388667
0.0952557
0.380078
0.0899709
0.371024
0.0848002
0.361544
0.0797968
0.351756
0.0750972
0.341868
0.0708304
0.332022
0.0669831
0.322204
0.0634172
0.312354
0.0600273
0.302402
0.0568017
0.29225
0.0538062
0.281859
0.0512193
0.27135
0.0493008
0.260843
0.0481678
0.25048
0.0477743
0.0478812
0.392741
0.124206
0.402799
0.127345
0.412413
0.129687
0.421229
0.131112
0.428953
0.131591
0.435367
0.131141
0.440338
0.129813
0.443813
0.127693
0.445806
0.124887
0.446385
0.121515
0.445652
0.117693
0.443721
0.11353
0.440719
0.109127
0.436787
0.104583
0.432063
0.0999798
0.42666
0.0953739
0.420653
0.0908071
0.414109
0.0863408
0.407135
0.0820716
0.399875
0.0780902
0.392441
0.0744165
0.384862
0.070997
0.377109
0.0677796
0.369141
0.0647695
0.360913
0.0620351
0.352421
0.0597114
0.343755
0.0579667
0.335035
0.0568873
0.326393
0.0564163
0.0562642
0.40069
0.114785
0.410213
0.117822
0.419604
0.120296
0.428614
0.122101
0.43701
0.123196
0.444586
0.123565
0.451184
0.123215
0.456696
0.122181
0.461065
0.120518
0.464282
0.118299
0.466371
0.115605
0.467383
0.112518
0.467388
0.109121
0.466474
0.105497
0.464733
0.101721
0.462251
0.0978561
0.459099
0.0939592
0.455346
0.0900938
0.45108
0.0863372
0.446408
0.0827624
0.441418
0.0794059
0.436152
0.0762629
0.430609
0.0733226
0.424773
0.0706063
0.418629
0.0681788
0.412196
0.0661444
0.405544
0.0646189
0.398767
0.0636635
0.391956
0.0632277
0.0630581
0.408494
0.105996
0.417449
0.108866
0.426425
0.111321
0.435253
0.113273
0.443765
0.114683
0.451801
0.115529
0.459217
0.115799
0.465898
0.115501
0.471757
0.114658
0.476744
0.113312
0.480835
0.111513
0.484033
0.10932
0.486361
0.106793
0.48786
0.103998
0.488582
0.100999
0.488582
0.0978561
0.487914
0.0946271
0.486635
0.091373
0.484812
0.0881602
0.482523
0.0850518
0.479836
0.0820927
0.476794
0.0793052
0.47341
0.0767063
0.469687
0.0743294
0.46563
0.0722357
0.461265
0.0705092
0.456647
0.0692367
0.451845
0.0684659
0.446907
0.0681661
0.0681471
0.41621
0.0977513
0.424639
0.100437
0.433157
0.102803
0.44165
0.10478
0.45
0.106333
0.458089
0.107441
0.465802
0.108085
0.47304
0.108263
0.479717
0.107981
0.485768
0.107261
0.491148
0.106133
0.495832
0.104636
0.499811
0.102813
0.503094
0.100715
0.505702
0.0983918
0.507661
0.0958966
0.509006
0.093282
0.509776
0.0906035
0.510017
0.0879189
0.509784
0.0852849
0.509127
0.0827494
0.508084
0.0803488
0.506674
0.0781161
0.50491
0.0760934
0.502807
0.0743389
0.500391
0.0729246
0.497706
0.0719217
0.494797
0.0713753
0.491683
0.0712801
0.0715124
0.42387
0.0899753
0.431833
0.0924733
0.439916
0.0947199
0.448038
0.096658
0.456114
0.0982582
0.464055
0.099499
0.471777
0.100363
0.479199
0.100841
0.486247
0.100933
0.492859
0.100649
0.498986
0.100006
0.504591
0.0990309
0.509651
0.0977537
0.514154
0.0962114
0.518101
0.0944448
0.5215
0.0924974
0.524368
0.090415
0.526725
0.088246
0.528602
0.0860414
0.530035
0.0838522
0.531059
0.0817259
0.531702
0.0797051
0.531987
0.0778313
0.531929
0.0761512
0.531547
0.0747212
0.530865
0.0736063
0.529916
0.0728707
0.528729
0.0725628
0.527306
0.0727028
0.0732284
0.431497
0.0826021
0.439056
0.0849149
0.446748
0.0870277
0.454513
0.0888926
0.462288
0.0904838
0.470005
0.0917817
0.477599
0.0927691
0.485006
0.0934344
0.492165
0.0937738
0.499023
0.0937906
0.505535
0.0934952
0.511661
0.0929042
0.517375
0.0920401
0.522656
0.0909305
0.527493
0.0896074
0.531884
0.0881065
0.535832
0.0864668
0.539348
0.0847303
0.542448
0.0829415
0.545154
0.0811463
0.54749
0.0793903
0.549477
0.0777177
0.551135
0.0761734
0.55248
0.0748058
0.553531
0.0736702
0.55431
0.0728275
0.554841
0.0723394
0.555144
0.0722602
0.555215
0.072632
0.0734447
0.439121
0.0755774
0.446327
0.0777089
0.453674
0.0796805
0.461115
0.0814514
0.4686
0.0829992
0.476076
0.0843058
0.483491
0.0853546
0.490792
0.0861333
0.49793
0.0866354
0.50486
0.0868606
0.511541
0.0868141
0.517938
0.0865069
0.524023
0.0859551
0.529774
0.0851796
0.535176
0.0842059
0.540219
0.0830634
0.5449
0.0817851
0.549224
0.0804071
0.553196
0.0789687
0.556832
0.0775111
0.560145
0.0760769
0.563153
0.0747097
0.565872
0.0734547
0.568317
0.0723605
0.570506
0.0714809
0.57246
0.0708743
0.574197
0.0706018
0.575734
0.0707238
0.577067
0.0712988
0.0723575
0.446775
0.0688553
0.453674
0.0708096
0.460719
0.0726358
0.467871
0.0742991
0.47509
0.07578
0.482334
0.0770622
0.489559
0.0781299
0.496721
0.0789707
0.50378
0.0795767
0.510696
0.0799449
0.517432
0.0800774
0.523959
0.0799807
0.530247
0.0796663
0.536277
0.0791503
0.54203
0.0784527
0.547495
0.0775978
0.552667
0.0766135
0.557543
0.0755311
0.562127
0.0743851
0.566425
0.0732124
0.570449
0.0720527
0.574212
0.0709473
0.577726
0.0699402
0.581008
0.0690789
0.584074
0.0684154
0.586942
0.0680063
0.589631
0.0679127
0.592156
0.0681986
0.594521
0.0689337
0.070177
0.454499
0.0623965
0.461131
0.0641774
0.467911
0.0658558
0.474808
0.0674019
0.481789
0.0687989
0.488819
0.0700322
0.495862
0.0710874
0.50288
0.0719524
0.509838
0.0726185
0.516702
0.0730813
0.523439
0.0733402
0.530021
0.073399
0.536421
0.0732655
0.54262
0.0729516
0.548599
0.0724733
0.554347
0.0718505
0.559854
0.0711066
0.565116
0.0702687
0.570134
0.0693669
0.574912
0.0684345
0.579457
0.0675076
0.58378
0.0666249
0.587892
0.0658282
0.591807
0.0651631
0.595543
0.0646794
0.599118
0.0644317
0.602551
0.0644802
0.605859
0.0648906
0.609054
0.0657379
0.0670978
0.46234
0.0561662
0.46874
0.0577772
0.475289
0.0593064
0.481963
0.0607283
0.488733
0.0620286
0.495571
0.0631943
0.502446
0.0642127
0.509326
0.0650721
0.516181
0.0657641
0.522979
0.0662831
0.529692
0.0666272
0.536293
0.0667979
0.542758
0.0668001
0.549067
0.0666427
0.555203
0.0663381
0.561151
0.0659025
0.566902
0.0653556
0.57245
0.0647203
0.577794
0.0640232
0.582934
0.0632937
0.587878
0.0625645
0.592631
0.0618712
0.597207
0.061253
0.601617
0.0607525
0.605879
0.0604171
0.610012
0.0602989
0.614036
0.0604561
0.617973
0.0609537
0.621844
0.0618672
0.0632795
0.470351
0.0501328
0.476551
0.0515772
0.482901
0.0529563
0.489381
0.0542488
0.495967
0.0554424
0.502635
0.0565259
0.50936
0.0574879
0.516114
0.058318
0.52287
0.059008
0.529601
0.0595521
0.536281
0.0599473
0.542885
0.0601937
0.549391
0.0602941
0.555779
0.060255
0.562031
0.0600858
0.568134
0.0597997
0.574077
0.0594129
0.579852
0.058945
0.585456
0.0584187
0.59089
0.0578601
0.596156
0.0572983
0.601261
0.0567658
0.606216
0.0562982
0.611033
0.0559354
0.615729
0.0557212
0.620323
0.0557048
0.624838
0.0559412
0.629299
0.0564927
0.633735
0.0574316
0.0588413
0.478589
0.0442668
0.484619
0.0455472
0.4908
0.046776
0.497114
0.047935
0.503542
0.049014
0.510064
0.0500035
0.516659
0.0508936
0.523302
0.051675
0.529969
0.0523401
0.536638
0.0528832
0.543285
0.053301
0.549886
0.0535924
0.556421
0.053759
0.562871
0.0538053
0.569218
0.0537385
0.575449
0.0535689
0.581552
0.0533099
0.587519
0.052978
0.593345
0.0525926
0.599029
0.0521764
0.604572
0.0517549
0.609981
0.0513572
0.615264
0.0510155
0.620433
0.050766
0.625505
0.0506489
0.6305
0.0507095
0.635443
0.0509987
0.640361
0.0515745
0.645289
0.0525038
0.0538656
0.487118
0.0385397
0.493007
0.0396585
0.499046
0.0407366
0.505222
0.0417591
0.511519
0.0427172
0.517919
0.0436033
0.524404
0.0444086
0.530954
0.0451253
0.537547
0.0457465
0.544164
0.0462669
0.550781
0.0466831
0.55738
0.0469934
0.563941
0.0471987
0.570444
0.0473017
0.576875
0.047308
0.583218
0.0472258
0.589462
0.0470658
0.595598
0.0468418
0.601621
0.04657
0.607527
0.04627
0.613318
0.0459638
0.618999
0.045677
0.624576
0.0454382
0.630063
0.0452794
0.635474
0.0452371
0.640832
0.0453518
0.646161
0.0456697
0.651493
0.0462433
0.656864
0.0471327
0.0484108
0.496001
0.0329237
0.501778
0.0338824
0.507705
0.0348096
0.513771
0.0356929
0.519963
0.0365251
0.526266
0.0372998
0.532665
0.03801
0.539141
0.0386488
0.545678
0.0392102
0.552255
0.0396897
0.558854
0.0400839
0.565457
0.040391
0.572044
0.0406111
0.5786
0.040746
0.585108
0.0408
0.591554
0.0407793
0.597928
0.0406926
0.604218
0.0405509
0.61042
0.040368
0.61653
0.0401601
0.622548
0.0399462
0.628477
0.0397479
0.634325
0.0395902
0.640103
0.039501
0.645828
0.0395121
0.651521
0.0396595
0.657207
0.0399836
0.662919
0.0405308
0.668698
0.0413535
0.0425164
0.505311
0.0273904
0.511003
0.0281904
0.516847
0.0289661
0.522832
0.0297077
0.528947
0.0304097
0.535181
0.0310667
0.541518
0.031673
0.547944
0.0322228
0.554442
0.0327114
0.560997
0.0331347
0.567592
0.0334897
0.574208
0.0337748
0.580829
0.0339895
0.58744
0.0341351
0.594026
0.0342146
0.600572
0.0342329
0.607068
0.0341966
0.613504
0.0341148
0.619874
0.0339985
0.626173
0.033861
0.632401
0.0337179
0.638561
0.0335876
0.644661
0.0334908
0.65071
0.0334513
0.656726
0.0334962
0.66273
0.0336559
0.668748
0.0339654
0.674815
0.0344641
0.680971
0.035197
0.0362214
0.515117
0.0219106
0.520756
0.0225521
0.526546
0.0231758
0.53248
0.0237738
0.538548
0.0243416
0.544739
0.0248753
0.551042
0.0253704
0.557442
0.0258223
0.563927
0.0262271
0.57048
0.0265815
0.577087
0.0268831
0.583731
0.0271303
0.590398
0.0273227
0.597072
0.027461
0.603739
0.0275473
0.610387
0.0275852
0.617004
0.0275799
0.62358
0.0275383
0.63011
0.027469
0.636588
0.0273826
0.643014
0.0272916
0.649391
0.0272106
0.655726
0.0271565
0.662029
0.0271485
0.668316
0.0272089
0.674609
0.0273626
0.680936
0.0276383
0.687332
0.0280685
0.693839
0.0286896
0.0295483
0.525508
0.0164543
0.531122
0.0169375
0.53689
0.0174077
0.542804
0.0178596
0.548856
0.0182899
0.555036
0.0186955
0.561333
0.0190731
0.567736
0.0194194
0.574232
0.0197314
0.580807
0.0200066
0.587447
0.0202431
0.594137
0.0204396
0.600864
0.0205957
0.607613
0.0207119
0.614371
0.0207894
0.621125
0.020831
0.627865
0.0208403
0.634581
0.0208224
0.641266
0.0207838
0.647917
0.0207322
0.654531
0.020677
0.661112
0.0206294
0.667667
0.0206021
0.674205
0.0206099
0.680744
0.0206697
0.687306
0.0208009
0.693919
0.0210259
0.700617
0.0213701
0.707444
0.0218628
0.0225454
0.536547
0.0109882
0.542173
0.0113113
0.547953
0.0116276
0.553882
0.0119313
0.559951
0.0122207
0.566153
0.0124939
0.572477
0.0127489
0.578913
0.0129833
0.585449
0.0131951
0.592073
0.0133826
0.598772
0.0135447
0.605531
0.0136803
0.612338
0.0137891
0.619178
0.0138714
0.62604
0.013928
0.63291
0.0139606
0.639779
0.0139717
0.646636
0.0139645
0.653477
0.0139434
0.660295
0.0139136
0.667091
0.0138814
0.673866
0.0138542
0.680628
0.0138408
0.687386
0.0138512
0.694159
0.013897
0.700968
0.0139918
0.707843
0.0141512
0.714819
0.0143935
0.721942
0.01474
0.0152197
0.54834
0.00547596
0.554009
0.00564256
0.559834
0.00580214
0.565811
0.00595426
0.571933
0.00609927
0.57819
0.00623636
0.584575
0.0063642
0.591077
0.00648158
0.597684
0.00658748
0.604386
0.0066811
0.611169
0.00676176
0.61802
0.00682901
0.624927
0.00688264
0.631875
0.00692276
0.638853
0.0069498
0.645849
0.0069646
0.652853
0.00696838
0.659854
0.00696283
0.666848
0.00695012
0.673828
0.00693292
0.680795
0.00691445
0.687751
0.00689855
0.694702
0.0068897
0.70166
0.00689311
0.708642
0.00691486
0.715672
0.00696214
0.722779
0.00704375
0.730002
0.00717129
0.737379
0.00736247
0.00766185
0.551729
0.557371
0.563173
0.569128
0.575227
0.581463
0.587827
0.594309
0.600897
0.607578
0.614339
0.621168
0.628051
0.634974
0.641924
0.648888
0.655857
0.662819
0.66977
0.676702
0.683617
0.690515
0.697405
0.704298
0.711213
0.718175
0.725219
0.73239
0.739753
)
;

boundaryField
{
    inlet
    {
        type            calculated;
        value           nonuniform List<scalar> 
45
(
-0.2
-0.2
-0.2
-0.2
-0.2
-0.2
-0.2
-0.2
-0.2
-0.2
-0.2
-0.2
-0.2
-0.2
-0.2
-0.20766
-0.212683
-0.217828
-0.223097
-0.228493
-0.23402
-0.239681
-0.245479
-0.251417
-0.257499
-0.263728
-0.270107
-0.276641
-0.283333
-0.290186
-0.297206
-0.304395
-0.311758
-0.3193
-0.327023
-0.334934
-0.343036
-0.351334
-0.359832
-0.368536
-0.377451
-0.386582
-0.395933
-0.40551
-0.415319
)
;
    }
    outlet
    {
        type            calculated;
        value           nonuniform List<scalar> 
45
(
0.0209737
0.0290374
0.0242085
0.0144449
0.00242737
-0.00735758
-0.0153484
-0.0220342
-0.0276374
-0.0323423
-0.0362703
-0.0395037
-0.0421108
-0.0441354
-0.045599
-0.0482854
-0.0496547
-0.0500034
-0.0489356
-0.0455366
-0.040099
-0.02812
0.0610202
0.154399
0.240722
0.31801
0.385162
0.441818
0.488318
0.52559
0.554999
0.578154
0.596701
0.612134
0.625662
0.638173
0.650264
0.662319
0.674593
0.687266
0.700512
0.714447
0.729268
0.744937
0.747415
)
;
    }
    flap
    {
        type            calculated;
        value           uniform 0;
    }
    upperWall
    {
        type            calculated;
        value           uniform 0;
    }
    lowerWall
    {
        type            calculated;
        value           uniform 0;
    }
    frontAndBack
    {
        type            empty;
        value           nonuniform 0();
    }
}


// ************************************************************************* //
