/*--------------------------------*- C++ -*----------------------------------*\
  =========                 |
  \\      /  F ield         | OpenFOAM: The Open Source CFD Toolbox
   \\    /   O peration     | Website:  https://openfoam.org
    \\  /    A nd           | Version:  dev
     \\/     M anipulation  |
\*---------------------------------------------------------------------------*/
FoamFile
{
    version     2.0;
    format      ascii;
    class       surfaceScalarField;
    location    "8.5";
    object      phi;
}
// * * * * * * * * * * * * * * * * * * * * * * * * * * * * * * * * * * * * * //

dimensions      [0 3 -1 0 0 0 0];

internalField   nonuniform List<scalar> 
5457
(
0.198418
0.00158238
0.19648
0.00193737
0.194192
0.00228809
0.191509
0.00268358
0.188427
0.00308121
0.184951
0.00347678
0.181072
0.0038786
0.176778
0.00429405
0.17205
0.00472827
0.166864
0.00518528
0.161196
0.00566859
0.155015
0.00618113
0.14829
0.00672508
0.140988
0.00730146
0.133079
0.00790964
0.124532
0.00854659
0.115326
0.00920604
0.105449
0.00987732
0.0949043
0.0105442
0.0837207
0.0111836
0.071956
0.0117647
0.0597077
0.0122483
0.047119
0.0125887
0.0343789
0.0127401
0.021684
0.0126949
0.00903394
0.01265
-0.00291848
0.0119524
-0.00847302
0.00555454
-0.00804332
-0.000429698
-0.00804332
0.199928
0.00165423
0.199176
0.00268981
0.197965
0.00349903
0.196332
0.00431677
0.194272
0.00514127
0.191781
0.00596687
0.188854
0.00680561
0.185478
0.00767095
0.181633
0.00857323
0.177297
0.00952076
0.172445
0.0105208
0.167046
0.0115796
0.16107
0.012702
0.15448
0.0138905
0.147245
0.0151449
0.139332
0.0164599
0.130714
0.0178241
0.121374
0.0192176
0.111309
0.0206092
0.100539
0.0219536
0.089114
0.0231893
0.0771263
0.024236
0.0647204
0.0249946
0.0521129
0.0253475
0.0396528
0.025155
0.0281032
0.0241997
0.0185927
0.0214629
0.00879493
0.0153523
0.00118238
0.00718285
-0.00686094
0.199781
0.00187366
0.199087
0.00338366
0.197946
0.00463996
0.196409
0.0058534
0.194483
0.00706742
0.192164
0.00828594
0.189446
0.00952307
0.186321
0.0107965
0.182773
0.0121212
0.178784
0.0135097
0.174332
0.014973
0.169391
0.0165207
0.163932
0.0181607
0.157925
0.0198979
0.151336
0.0217333
0.144134
0.0236618
0.136289
0.0256698
0.127775
0.0277317
0.118578
0.0298062
0.108699
0.0318317
0.0981675
0.0337213
0.0870451
0.0353584
0.0754484
0.0365914
0.0635713
0.0372246
0.0517296
0.0369967
0.0403947
0.0355346
0.0297367
0.0321209
0.0191644
0.0259246
0.00959665
0.0167506
0.00273571
0.199703
0.0021706
0.199008
0.00407897
0.197887
0.00576049
0.196376
0.00736432
0.194488
0.00895555
0.192222
0.010552
0.189574
0.0121708
0.186538
0.0138325
0.183104
0.0155557
0.179257
0.0173563
0.174982
0.0192481
0.17026
0.0212435
0.165068
0.0233525
0.159383
0.0255822
0.153182
0.0279352
0.146436
0.0304072
0.139122
0.0329843
0.131214
0.0356392
0.122695
0.0383256
0.113554
0.0409728
0.103797
0.0434783
0.0934539
0.0457011
0.0825926
0.0474527
0.0713298
0.0484873
0.059838
0.0484885
0.0483143
0.0470583
0.0368088
0.0436264
0.0251863
0.0375471
0.0133348
0.0286022
0.0160705
0.199667
0.00250319
0.198964
0.00478224
0.197863
0.00686182
0.196381
0.00884601
0.194532
0.0108043
0.192318
0.0127666
0.189734
0.0147546
0.186775
0.0167911
0.183433
0.0188974
0.179698
0.0210921
0.175555
0.0233911
0.170989
0.0258087
0.165986
0.0283564
0.160525
0.0310426
0.154589
0.0338709
0.148159
0.0368379
0.141213
0.0399304
0.133731
0.043121
0.125694
0.0463627
0.117084
0.0495823
0.107891
0.052672
0.0981115
0.0554803
0.0877614
0.0578027
0.0768754
0.0593734
0.0655055
0.0598583
0.0537051
0.0588588
0.0414516
0.05588
0.028586
0.0504127
0.0148514
0.0423367
0.0309219
0.199653
0.00285039
0.198949
0.0054863
0.197871
0.00793976
0.196427
0.0102902
0.194627
0.0126043
0.192473
0.0149201
0.189963
0.0172643
0.187093
0.019662
0.183853
0.0221368
0.180236
0.0247094
0.176229
0.0273977
0.171821
0.0302174
0.166996
0.0331813
0.16174
0.0362987
0.156036
0.0395739
0.14987
0.0430047
0.143221
0.0465788
0.136072
0.0502706
0.128399
0.0540353
0.120179
0.0578023
0.111384
0.0614667
0.101985
0.0648793
0.091951
0.0678371
0.0812502
0.0700742
0.0698504
0.0712581
0.0577134
0.0709958
0.0447577
0.0688356
0.030847
0.0643234
0.015872
0.0573117
0.0467939
0.19965
0.00320034
0.198954
0.00618228
0.197904
0.00898939
0.196505
0.0116899
0.194762
0.0143466
0.19268
0.0170022
0.190257
0.0196879
0.187487
0.0224316
0.184365
0.0252589
0.180882
0.0281923
0.177028
0.0312517
0.172791
0.0344541
0.168159
0.0378135
0.163117
0.0413404
0.157651
0.0450404
0.151743
0.0489124
0.145375
0.0529466
0.138526
0.0571204
0.131167
0.0613939
0.123266
0.0657035
0.114779
0.0699537
0.105651
0.0740075
0.0958124
0.0776752
0.0851817
0.0807049
0.0736638
0.082776
0.0611573
0.0835023
0.0475516
0.0824413
0.0327559
0.0791191
0.0167814
0.0732862
0.0635753
0.199655
0.00354569
0.198975
0.0068624
0.197959
0.0100052
0.19661
0.0130386
0.194934
0.0160226
0.192933
0.0190027
0.190607
0.022014
0.187952
0.0250869
0.184962
0.0282489
0.18163
0.0315245
0.177946
0.0349352
0.173901
0.0384996
0.169481
0.0422332
0.164674
0.046148
0.159463
0.0502514
0.15383
0.054545
0.147755
0.0590222
0.14121
0.0636655
0.134161
0.0684426
0.126564
0.0733007
0.118358
0.0781594
0.109465
0.0829008
0.0997815
0.0873584
0.089182
0.0913045
0.0775197
0.0944383
0.0646422
0.0963798
0.0504129
0.0966706
0.0347647
0.0947672
0.017788
0.090263
0.0813633
0.199664
0.00388151
0.199006
0.0075202
0.19803
0.0109814
0.196739
0.0143301
0.195137
0.0176247
0.193227
0.0209125
0.191009
0.0242319
0.18848
0.0276155
0.185636
0.0310929
0.182471
0.0346902
0.178975
0.0384307
0.17514
0.0423346
0.170954
0.0464192
0.166404
0.0506985
0.161472
0.0551827
0.156141
0.0598766
0.150384
0.0647788
0.144171
0.0698788
0.137459
0.0751545
0.130192
0.0805678
0.122293
0.0860577
0.113662
0.0915326
0.104162
0.0968575
0.0936276
0.101839
0.0818581
0.106208
0.0686429
0.109595
0.0537961
0.111517
0.037232
0.111331
0.0190809
0.108414
0.100444
0.199677
0.00420429
0.199047
0.00815044
0.198116
0.0119127
0.196887
0.0155583
0.195366
0.0191456
0.193556
0.0227232
0.191456
0.0263317
0.189065
0.0300063
0.18638
0.0337781
0.183395
0.0376751
0.180104
0.041722
0.176498
0.0459408
0.172566
0.0503509
0.168296
0.0549688
0.163671
0.0598077
0.15867
0.0648771
0.153267
0.0701817
0.147426
0.0757201
0.141098
0.0814827
0.134216
0.0874491
0.126691
0.0935828
0.118399
0.0998244
0.109177
0.10608
0.0988119
0.112204
0.0870444
0.117975
0.0735816
0.123058
0.0581408
0.126958
0.0405457
0.128926
0.0208978
0.128062
0.121342
0.199693
0.00451136
0.199095
0.00874882
0.198213
0.0127943
0.197053
0.016718
0.19562
0.0205789
0.193916
0.024427
0.191943
0.0283047
0.1897
0.0322492
0.187185
0.0362932
0.184394
0.040466
0.181322
0.0447942
0.177961
0.0493013
0.174303
0.054009
0.170336
0.0589362
0.166044
0.0641
0.161406
0.0695148
0.156395
0.0751924
0.150974
0.0811416
0.145089
0.0873673
0.138669
0.0938691
0.131614
0.100639
0.123783
0.107655
0.114988
0.114875
0.104974
0.122219
0.093409
0.12954
0.0798874
0.136579
0.0639575
0.142888
0.0452261
0.147658
0.0236065
0.149682
0.144948
0.199711
0.00480067
0.199148
0.00931182
0.19832
0.0136219
0.197234
0.0178043
0.195894
0.0219191
0.194303
0.0260173
0.192465
0.0301432
0.190379
0.0343353
0.188044
0.0386279
0.185458
0.0430516
0.182618
0.0476342
0.179519
0.0524011
0.176152
0.0573757
0.172508
0.0625799
0.168574
0.0680342
0.164331
0.0737582
0.159752
0.0797713
0.154801
0.0860926
0.149426
0.0927418
0.143556
0.0997398
0.137086
0.107108
0.129871
0.114869
0.121707
0.123039
0.112304
0.131622
0.101261
0.140583
0.0880316
0.149809
0.0719088
0.159011
0.0520735
0.167493
0.0278775
0.173878
0.172826
0.19973
0.00507059
0.199205
0.00983659
0.198435
0.0143919
0.197427
0.0188129
0.196185
0.0231611
0.194713
0.0274885
0.193016
0.0318406
0.191094
0.0362572
0.188948
0.0407737
0.186578
0.0454219
0.183981
0.0502308
0.181156
0.055227
0.178096
0.0604357
0.174794
0.0658812
0.171241
0.0715873
0.167421
0.0775786
0.163311
0.0838809
0.15888
0.0905232
0.154083
0.0975393
0.148853
0.10497
0.143095
0.112866
0.136672
0.121292
0.129383
0.130329
0.12093
0.140075
0.110868
0.150645
0.0985255
0.162151
0.0828815
0.174655
0.0624163
0.187958
0.0351109
0.201183
0.207937
0.199751
0.00531988
0.199266
0.0103208
0.198557
0.0151013
0.19763
0.0197404
0.19649
0.0243009
0.195142
0.0288358
0.193592
0.0333914
0.19184
0.0380086
0.18989
0.0427237
0.187743
0.0475692
0.185399
0.0525748
0.182858
0.0577683
0.180117
0.0631763
0.177174
0.0688247
0.174021
0.0747402
0.170648
0.0809509
0.167041
0.0874884
0.163175
0.0943893
0.159015
0.101699
0.154512
0.109474
0.149589
0.117789
0.144135
0.126746
0.137982
0.136481
0.130872
0.147185
0.122389
0.159128
0.111838
0.172702
0.0979899
0.188503
0.0785064
0.207442
0.0486378
0.231052
0.256575
0.199772
0.00554757
0.19933
0.0107627
0.198684
0.0157477
0.19784
0.0205839
0.196806
0.0253352
0.195586
0.0300554
0.194186
0.0347914
0.19261
0.0395848
0.190862
0.0444724
0.188944
0.0494871
0.186859
0.0546593
0.18461
0.0600171
0.182199
0.0655879
0.179625
0.0713988
0.176887
0.077478
0.173982
0.0838562
0.170902
0.0905682
0.167635
0.0976558
0.164163
0.105171
0.160456
0.113181
0.156469
0.121776
0.152138
0.131077
0.147361
0.141258
0.14198
0.152566
0.135731
0.165377
0.128143
0.180291
0.118274
0.198371
0.103874
0.221842
0.0776347
0.25729
0.334209
0.00383038
-0.00383038
0.00748886
-0.00365848
0.0105076
-0.00301874
0.0128608
-0.00235321
0.0146188
-0.00175797
0.0158589
-0.00124007
0.0166486
-0.000789752
0.0170476
-0.000398972
0.0171184
-7.07778e-05
0.0169025
0.000215908
0.0164691
0.000433394
0.0158728
0.000596263
0.0151651
0.000707703
0.0143976
0.000767501
0.0136198
0.000777781
0.0128755
0.000744302
0.012199
0.000676458
0.011613
0.00058601
0.0111267
0.000486362
0.0107356
0.000391047
0.0104251
0.000310532
0.0101752
0.000249898
0.00996694
0.000208265
0.00978684
0.000180095
0.0096282
0.000158636
0.00948809
0.000140119
0.00936337
0.000124711
0.00924879
0.000114588
0.00913924
0.000109543
9.02088e-05
0.0035534
-0.00738378
0.00697037
-0.00707545
0.009854
-0.00590238
0.0121913
-0.00469048
0.0140522
-0.00361889
0.0155079
-0.00269578
0.0166186
-0.00190039
0.0174326
-0.00121303
0.0179783
-0.000616426
0.0182906
-9.64727e-05
0.0183705
0.000353564
0.0182651
0.000701614
0.0180267
0.000946125
0.0177072
0.00108705
0.0173566
0.00112831
0.0170193
0.00108159
0.0167294
0.000966383
0.0165088
0.000806608
0.0163657
0.000629464
0.0162945
0.000462242
0.0162799
0.000325168
0.0163024
0.000227396
0.0163443
0.000166325
0.0163941
0.000130351
0.0164468
0.000105866
0.0165011
8.58826e-05
0.0165549
7.09212e-05
0.0166043
6.5106e-05
0.0166444
6.94659e-05
7.93767e-05
0.00301796
-0.0104017
0.00582866
-0.00988615
0.00816552
-0.00823924
0.0100588
-0.00658376
0.011581
-0.00514107
0.012791
-0.00390577
0.0137361
-0.00284557
0.0144556
-0.00193245
0.0149867
-0.00114755
0.0153685
-0.000478287
0.0156252
9.68322e-05
0.015741
0.000585833
0.0157525
0.0009346
0.015699
0.00114058
0.0156181
0.0012092
0.0155418
0.00115792
0.0154943
0.00101381
0.0154909
0.000810062
0.0155353
0.000585057
0.0156194
0.000378189
0.0157273
0.000217253
0.0158401
0.000114576
0.0159412
6.52586e-05
0.0160217
4.98207e-05
0.0160831
4.44718e-05
0.0161318
3.71997e-05
0.0161748
2.7878e-05
0.0162152
2.47368e-05
0.0162493
3.53043e-05
6.74115e-05
0.00242727
-0.012829
0.00452218
-0.0119811
0.00619153
-0.0099086
0.00753237
-0.00792459
0.00861662
-0.00622532
0.00948774
-0.00477689
0.0101785
-0.0035363
0.0107132
-0.00246714
0.0111147
-0.00154907
0.0114123
-0.000775915
0.0116303
-0.000121153
0.0117757
0.000440435
0.0118504
0.000859872
0.011884
0.00110705
0.0119024
0.00119075
0.011924
0.00113628
0.0119612
0.000976624
0.01202
0.000751338
0.0120978
0.000507181
0.012181
0.00029502
0.0122532
0.000145016
0.0122987
6.91137e-05
0.0123061
5.78385e-05
0.0122749
8.1078e-05
0.0122145
0.000104858
0.0121354
0.00011627
0.0120479
0.000115426
0.0119574
0.000115246
0.0118645
0.000128108
0.000152356
0.00174195
-0.014571
0.00303905
-0.0132782
0.00396846
-0.010838
0.00469232
-0.00864845
0.00527264
-0.00680563
0.0057393
-0.00524355
0.00611466
-0.00391167
0.00641173
-0.0027642
0.00664001
-0.00177735
0.0068128
-0.000948711
0.00696853
-0.000276884
0.00708938
0.000319591
0.00714199
0.000807262
0.0071638
0.00108523
0.00717116
0.00118339
0.00716891
0.00113853
0.00715713
0.000988403
0.00713389
0.000774576
0.00709524
0.000545838
0.00702496
0.000365297
0.00691531
0.00025467
0.00676027
0.000224152
0.00655798
0.000260125
0.00630897
0.000330092
0.00602294
0.000390885
0.00571398
0.000425233
0.00539485
0.00043455
0.00507465
0.000435452
0.00476928
0.000433479
0.000385194
0.000962657
-0.0155336
0.00137438
-0.0136899
0.00151552
-0.0109791
0.00157306
-0.008706
0.00158061
-0.00681318
0.00156663
-0.00522957
0.00154664
-0.00389167
0.00153261
-0.00275018
0.00153515
-0.0017799
0.00156734
-0.000980892
0.0015864
-0.000295952
0.00156688
0.000339113
0.00149945
0.000874694
0.00139382
0.00119086
0.00124739
0.00132982
0.00104386
0.00134207
0.000768194
0.00126406
0.000413751
0.00112902
-8.81522e-06
0.000968404
-0.000456777
0.000813259
-0.000908963
0.000706855
-0.00133962
0.000654813
-0.00173057
0.000651068
-0.00207876
0.000678289
-0.00239358
0.000705703
-0.00268492
0.000716572
-0.00296251
0.000712143
-0.00322828
0.000701219
-0.00346795
0.000673145
0.00059248
-5.0007e-06
-0.0155286
-0.000478377
-0.0132165
-0.0011454
-0.0103121
-0.00181868
-0.00803271
-0.0024648
-0.00616706
-0.00305199
-0.00464238
-0.00356289
-0.00338077
-0.0039948
-0.00231826
-0.0043748
-0.00139989
-0.00476302
-0.000592679
-0.0051698
0.000110831
-0.00549904
0.00066835
-0.00571415
0.00108981
-0.00593096
0.00140767
-0.00619378
0.00159264
-0.00651072
0.00165901
-0.00687784
0.00163118
-0.00728421
0.00153539
-0.00771689
0.00140109
-0.00816493
0.0012613
-0.00860704
0.00114897
-0.00902671
0.00107448
-0.00940793
0.00103229
-0.00973674
0.0010071
-0.0100121
0.000981099
-0.0102425
0.00094698
-0.0104402
0.000909777
-0.0106127
0.000873744
-0.0107635
0.000823946
0.00075862
-0.000965344
-0.0145633
-0.00245929
-0.0117226
-0.0039969
-0.00877452
-0.0054864
-0.00654321
-0.00685399
-0.00479948
-0.00808005
-0.00341631
-0.00915712
-0.0023037
-0.0100879
-0.00138744
-0.010892
-0.000595863
-0.0115689
8.42363e-05
-0.0120628
0.000604711
-0.0124184
0.00102402
-0.0127193
0.00139068
-0.0129899
0.00167828
-0.0132644
0.00186714
-0.0135611
0.00195566
-0.0138835
0.0019536
-0.0142285
0.00188038
-0.0145921
0.00176466
-0.0149701
0.00163932
-0.0153522
0.00153108
-0.0157245
0.00144681
-0.016069
0.00137674
-0.016367
0.00130516
-0.0166089
0.00122293
-0.0167975
0.00113563
-0.0169453
0.0010575
-0.0170657
0.000994214
-0.0171768
0.000935034
0.000890182
-0.00208978
-0.0124735
-0.00460584
-0.0092065
-0.00710566
-0.00627469
-0.00941446
-0.00423441
-0.0114487
-0.00276525
-0.0131992
-0.00166575
-0.0146818
-0.00082117
-0.0159175
-0.00015166
-0.0168844
0.00037095
-0.0175813
0.000781195
-0.0181078
0.00113117
-0.0185362
0.00145241
-0.0188821
0.0017366
-0.0191732
0.00196941
-0.0194416
0.00213554
-0.0197101
0.0022241
-0.0199887
0.00223225
-0.0202797
0.00217133
-0.0205833
0.00206829
-0.0209002
0.00195627
-0.0212274
0.00185829
-0.0215555
0.00177485
-0.0218666
0.00168791
-0.0221391
0.00157758
-0.0223569
0.00144081
-0.0225188
0.00129753
-0.0226369
0.00117552
-0.0227291
0.00108643
-0.0228181
0.00102402
0.000996328
-0.00342906
-0.00904443
-0.00710873
-0.00552683
-0.0106149
-0.00276853
-0.0136967
-0.00115262
-0.0163015
-0.000160433
-0.018392
0.000424701
-0.0199997
0.000786577
-0.0212008
0.0010494
-0.0221051
0.00127532
-0.0228197
0.00149573
-0.0233991
0.00171062
-0.0238626
0.00191587
-0.0242299
0.00210398
-0.0245291
0.00226858
-0.0247924
0.00239881
-0.0250446
0.00247637
-0.0252973
0.00248493
-0.0255526
0.00242655
-0.025812
0.00232771
-0.026081
0.0022253
-0.0263643
0.00214159
-0.0266583
0.0020688
-0.0269461
0.00197578
-0.0272019
0.00183332
-0.0274029
0.00164187
-0.0275438
0.00143836
-0.0276382
0.00126998
-0.0277095
0.00115775
-0.0277809
0.00109535
0.00108061
-0.00527718
-0.00376724
-0.0108226
1.86166e-05
-0.0152207
0.00162955
-0.0186166
0.00224325
-0.021161
0.00238403
-0.0230843
0.002348
-0.0245847
0.00228691
-0.0257705
0.00223524
-0.0267097
0.00221446
-0.027455
0.00224109
-0.0280514
0.00230705
-0.0285248
0.00238927
-0.0288948
0.00247397
-0.0291896
0.00256332
-0.0294445
0.00265371
-0.0296868
0.00271867
-0.0299255
0.00272366
-0.0301576
0.00265862
-0.0303827
0.00255288
-0.0306116
0.00245418
-0.0308586
0.00238862
-0.0311277
0.00233789
-0.0314028
0.00225085
-0.0316512
0.00208175
-0.031841
0.00183159
-0.0319617
0.00155906
-0.0320317
0.00134007
-0.0320824
0.00120837
-0.0321367
0.00114965
0.00114483
-0.00795122
0.00418398
-0.0144094
0.00647684
-0.0190971
0.0063172
-0.022594
0.00574014
-0.0252302
0.00502019
-0.0272264
0.00434425
-0.0287548
0.00381533
-0.0299395
0.00341991
-0.0308592
0.00313418
-0.031581
0.00296293
-0.0321596
0.00288563
-0.0326207
0.00285028
-0.0329753
0.00282861
-0.0332497
0.00283772
-0.0334869
0.00289089
-0.0337198
0.00295163
-0.0339524
0.00295621
-0.0341696
0.00287581
-0.0343647
0.00274806
-0.0345549
0.00264428
-0.0347684
0.00260212
-0.0350196
0.00258915
-0.0352925
0.00252376
-0.035544
0.00233322
-0.0357275
0.00201514
-0.035826
0.00165756
-0.0358661
0.00138011
-0.0358924
0.00123473
-0.0359296
0.00118684
0.00119069
-0.00996245
0.0141464
-0.0176867
0.0142011
-0.023058
0.0116885
-0.0267555
0.00943765
-0.0293845
0.00764922
-0.0312721
0.00623186
-0.032684
0.00522714
-0.0337763
0.00451222
-0.0346083
0.00396623
-0.0352502
0.00360483
-0.0357755
0.00341092
-0.0362066
0.00328137
-0.0365303
0.00315236
-0.0367641
0.00307153
-0.0369678
0.00309459
-0.0371889
0.00317264
-0.0374229
0.00319022
-0.0376325
0.00308546
-0.0377972
0.00291279
-0.0379427
0.00278971
-0.0381196
0.002779
-0.0383579
0.0028275
-0.0386404
0.00280624
-0.0389077
0.00260054
-0.0390912
0.00219867
-0.0391627
0.00172898
-0.0391616
0.00137908
-0.0391569
0.00122999
-0.0391779
0.00120789
0.00122125
-0.0132102
0.0273566
-0.0227652
0.0237561
-0.0281663
0.0170897
-0.0314343
0.0127057
-0.0337494
0.00996431
-0.0352769
0.00775935
-0.0363802
0.00633048
-0.0372872
0.00541916
-0.0379708
0.00464983
-0.0384728
0.00410685
-0.03891
0.0038481
-0.0393055
0.00367691
-0.0395887
0.00343559
-0.0397536
0.0032364
-0.0398971
0.00323808
-0.0401012
0.00337674
-0.0403492
0.00343819
-0.0405622
0.00329851
-0.0406921
0.00304272
-0.0407776
0.00287512
-0.0409071
0.00290858
-0.0411357
0.00305603
-0.041442
0.00311255
-0.0417421
0.00290065
-0.041934
0.00239055
-0.04197
0.00176502
-0.0419091
0.0013182
-0.0418619
0.00118274
-0.0418709
0.0012169
0.00124446
-0.0188049
0.0461615
-0.0303966
0.0353478
-0.0351263
0.0218193
-0.0367289
0.0143082
-0.0383956
0.011631
-0.0391818
0.00854551
-0.0396975
0.0068462
-0.040411
0.00613263
-0.0409628
0.0052017
-0.0412459
0.00438994
-0.041536
0.00413822
-0.0418996
0.00404051
-0.0421427
0.00367866
-0.0422001
0.00329382
-0.0422395
0.00327745
-0.0424231
0.00356039
-0.0427114
0.00372649
-0.0429489
0.00353599
-0.0430345
0.00312825
-0.0430281
0.00286876
-0.0430868
0.00296728
-0.0433059
0.0032751
-0.0436538
0.00346047
-0.0440093
0.00325618
-0.0442213
0.00260253
-0.044209
0.00175268
-0.0440569
0.00116617
-0.0439478
0.00107363
-0.0439549
0.00122401
0.00128039
0.207447
0.00576032
0.207034
0.0111753
0.206432
0.0163502
0.205647
0.0213684
0.204688
0.0262944
0.203561
0.0311828
0.202271
0.0360809
0.200826
0.0410305
0.199229
0.0460686
0.197488
0.0512284
0.195607
0.05654
0.193593
0.0620319
0.191449
0.0677313
0.189182
0.0736657
0.186797
0.0798637
0.184296
0.0863565
0.181684
0.09318
0.178963
0.100377
0.176132
0.108002
0.173188
0.116124
0.17013
0.124834
0.16695
0.134257
0.163645
0.144563
0.160214
0.155997
0.156681
0.168911
0.153137
0.183834
0.149945
0.201563
0.148775
0.223012
0.160395
0.245671
0.258894
0.23571
0.21249
0.00595273
0.212118
0.0115481
0.211574
0.0168938
0.210868
0.0220742
0.210008
0.0271549
0.209
0.0321902
0.207853
0.0372279
0.206574
0.0423096
0.205171
0.0474722
0.203651
0.0527484
0.202023
0.0581679
0.200296
0.0637587
0.19848
0.0695473
0.196585
0.0755603
0.194624
0.0818253
0.192608
0.0883724
0.190552
0.0952356
0.188474
0.102455
0.186396
0.110081
0.184344
0.118176
0.18236
0.126818
0.180505
0.136112
0.178876
0.146192
0.177645
0.157227
0.177134
0.169423
0.177993
0.182975
0.181636
0.19792
0.190659
0.213989
0.206066
0.230263
0.245829
0.219131
0.217658
0.00612265
0.217329
0.0118771
0.21685
0.0173724
0.21623
0.0226939
0.215478
0.0279072
0.214602
0.0330668
0.213609
0.03822
0.212511
0.0434081
0.211316
0.0486674
0.210034
0.0540298
0.208678
0.059524
0.20726
0.0651767
0.205795
0.0710128
0.204298
0.0770572
0.202788
0.0833351
0.201287
0.0898731
0.199822
0.0967011
0.198424
0.103853
0.197136
0.111369
0.196013
0.119298
0.195134
0.127697
0.194611
0.136635
0.194615
0.146188
0.195409
0.156434
0.197402
0.16743
0.201204
0.179173
0.207586
0.191539
0.217209
0.204366
0.229801
0.217672
0.228882
0.246748
0.222951
0.00626809
0.22267
0.0121583
0.222262
0.0177805
0.221736
0.0232201
0.2211
0.0285427
0.220365
0.0338022
0.219539
0.0390455
0.218634
0.044313
0.217662
0.04964
0.216635
0.055057
0.215567
0.0605913
0.214476
0.0662676
0.21338
0.0721087
0.212301
0.0781364
0.211264
0.0843722
0.210299
0.0908381
0.209443
0.0975571
0.208742
0.104554
0.208254
0.111858
0.208055
0.119497
0.208248
0.127504
0.208974
0.135909
0.210426
0.144737
0.212866
0.153994
0.216642
0.163654
0.222172
0.173642
0.229909
0.183802
0.240425
0.19385
0.254638
0.203458
0.210374
0.273146
0.228374
0.00638719
0.228144
0.0123883
0.227812
0.018113
0.227386
0.0236463
0.226875
0.0290533
0.22629
0.0343873
0.225641
0.0396939
0.224942
0.0450126
0.224205
0.0503771
0.223445
0.0558164
0.222681
0.0613556
0.221932
0.067017
0.22122
0.0728204
0.220572
0.0787839
0.22002
0.0849243
0.219601
0.0912575
0.219359
0.0977988
0.219351
0.104563
0.219645
0.111564
0.22033
0.118812
0.221518
0.126315
0.223355
0.134072
0.226025
0.142066
0.22976
0.150259
0.23484
0.158575
0.241593
0.166889
0.250399
0.174996
0.261707
0.182543
0.275989
0.189176
0.193807
0.292556
0.233929
0.00647827
0.233754
0.0125638
0.233502
0.0183652
0.233182
0.0239666
0.232803
0.029432
0.232376
0.0348137
0.231914
0.0401561
0.23143
0.045497
0.230938
0.0508684
0.230458
0.0562972
0.230007
0.0618062
0.229609
0.0674146
0.229291
0.0731388
0.229082
0.0789926
0.229019
0.0849875
0.229144
0.0911329
0.229507
0.0974357
0.23017
0.1039
0.231207
0.110526
0.232709
0.117309
0.234789
0.124235
0.237583
0.131279
0.241254
0.138396
0.245994
0.145518
0.252026
0.152544
0.25959
0.159324
0.268931
0.165655
0.280228
0.171246
0.293578
0.175826
0.178878
0.308507
0.23962
0.00653983
0.239502
0.0126818
0.239334
0.0185329
0.239125
0.0241756
0.238884
0.0296726
0.238623
0.0350747
0.238355
0.0404246
0.238094
0.0457584
0.237856
0.0511059
0.237662
0.0564918
0.237532
0.061936
0.237492
0.0674547
0.23757
0.0730604
0.2378
0.0787624
0.238221
0.0845667
0.238878
0.0904761
0.239824
0.0964897
0.241122
0.102602
0.242847
0.108802
0.245086
0.11507
0.247942
0.121379
0.251535
0.127685
0.256001
0.133929
0.26149
0.14003
0.268157
0.145876
0.276154
0.151327
0.285601
0.156208
0.296544
0.160303
0.308974
0.163396
0.16522
0.322632
0.245448
0.00657061
0.24539
0.01274
0.24531
0.0186127
0.245217
0.0242691
0.245119
0.0297701
0.245029
0.0351646
0.24496
0.0404936
0.244928
0.045791
0.244949
0.0510843
0.245045
0.0563957
0.245239
0.0617422
0.245558
0.0671365
0.24603
0.0725875
0.246693
0.0780999
0.247585
0.0836746
0.248753
0.0893083
0.250249
0.0949932
0.252136
0.100716
0.254482
0.106455
0.257368
0.112184
0.260883
0.117864
0.265126
0.123443
0.270201
0.128855
0.276215
0.134016
0.283268
0.138823
0.291441
0.143153
0.300783
0.146866
0.311282
0.149804
0.322872
0.151807
0.152743
0.335349
0.251418
0.00656959
0.251422
0.0127365
0.251432
0.0186019
0.251458
0.0242437
0.251507
0.0297207
0.251592
0.0350797
0.251726
0.0403594
0.251926
0.0455915
0.252209
0.0508012
0.252597
0.0560078
0.253113
0.0612256
0.253786
0.0664639
0.254645
0.0717279
0.255727
0.0770183
0.25707
0.0823312
0.25872
0.0876583
0.260728
0.0929861
0.263148
0.0982949
0.266045
0.103558
0.269487
0.108743
0.273547
0.113804
0.278301
0.118689
0.283825
0.123331
0.290188
0.127652
0.297447
0.131564
0.305637
0.134964
0.314759
0.137744
0.324768
0.139795
0.335564
0.14101
0.14133
0.346977
0.257532
0.00653603
0.257599
0.0126698
0.257702
0.0184986
0.257849
0.0240973
0.258048
0.0295221
0.25831
0.0348176
0.258649
0.0400202
0.259081
0.0451591
0.259625
0.050257
0.260303
0.0553306
0.261137
0.0603913
0.262155
0.0654453
0.263389
0.0704946
0.264871
0.075536
0.26664
0.0805622
0.268738
0.0855607
0.27121
0.0905137
0.274107
0.0953979
0.277482
0.100183
0.281391
0.104834
0.28589
0.109304
0.291036
0.113543
0.296877
0.11749
0.303454
0.121076
0.310791
0.124227
0.31889
0.126864
0.327725
0.12891
0.33723
0.130289
0.347303
0.130938
0.130833
0.357799
0.263794
0.00646946
0.263925
0.012539
0.264122
0.0183016
0.264391
0.0238285
0.26474
0.0291732
0.265179
0.0343778
0.265723
0.0394763
0.266387
0.0444953
0.267189
0.049455
0.26815
0.0543696
0.269294
0.0592478
0.270646
0.0640931
0.272236
0.0689046
0.274095
0.0736763
0.27626
0.0783979
0.278767
0.083054
0.281656
0.0876244
0.28497
0.0920839
0.288752
0.0964013
0.293045
0.10054
0.297891
0.104459
0.303326
0.108109
0.309378
0.111437
0.316065
0.114388
0.323388
0.116903
0.33133
0.118923
0.339846
0.120394
0.348867
0.121269
0.358293
0.121511
0.12112
0.368007
0.270207
0.00636969
0.270402
0.0123439
0.270693
0.0180106
0.271084
0.0234373
0.271583
0.0286745
0.272199
0.0337616
0.272945
0.03873
0.273837
0.0436039
0.274891
0.0484011
0.276127
0.0531333
0.277568
0.0578069
0.279238
0.0624232
0.281164
0.0669787
0.283374
0.0714655
0.285901
0.0758712
0.288776
0.0801789
0.292033
0.0843673
0.295706
0.0884107
0.299829
0.0922788
0.304432
0.0959375
0.309542
0.0993483
0.315181
0.10247
0.321361
0.105258
0.328081
0.107668
0.335329
0.109655
0.343073
0.111179
0.351264
0.112203
0.359831
0.112701
0.368687
0.112655
0.112077
0.37773
0.276774
0.00623684
0.277033
0.0120847
0.277417
0.0176262
0.27793
0.0229247
0.278577
0.0280276
0.279367
0.0329716
0.280311
0.0377854
0.281424
0.0424909
0.282722
0.0471036
0.284222
0.0516329
0.285946
0.0560833
0.287915
0.0604541
0.290153
0.0647403
0.292686
0.0689325
0.29554
0.0730172
0.298742
0.076977
0.302319
0.0807906
0.306296
0.0844334
0.310698
0.0878772
0.315544
0.0910912
0.32085
0.0940423
0.326624
0.0966956
0.332866
0.099016
0.339565
0.100969
0.346697
0.102524
0.354224
0.103651
0.362096
0.104331
0.370247
0.10455
0.378599
0.104303
0.103608
0.387068
0.283498
0.00607129
0.283821
0.0117622
0.284297
0.0171497
0.284929
0.0222928
0.285721
0.0272357
0.286681
0.0320122
0.287817
0.0366486
0.289144
0.0411643
0.290675
0.0455727
0.292426
0.0498816
0.294416
0.0540935
0.296663
0.0582066
0.299189
0.0622145
0.302015
0.0661073
0.305161
0.0698711
0.308649
0.0734888
0.312499
0.0769403
0.31673
0.0802029
0.321355
0.0832514
0.326387
0.0860591
0.331831
0.0885984
0.337686
0.0908412
0.343941
0.0927606
0.350579
0.0943318
0.357569
0.0955329
0.364874
0.0963472
0.372441
0.0967636
0.380213
0.0967784
0.388121
0.096395
0.0956337
0.396095
0.290384
0.00587367
0.290768
0.0113777
0.291335
0.016583
0.292083
0.0215445
0.293016
0.0263028
0.29414
0.030889
0.295461
0.0353268
0.296992
0.0396335
0.298744
0.0438207
0.300731
0.0478944
0.302969
0.051856
0.305473
0.0557025
0.30826
0.0594273
0.311347
0.0630201
0.314751
0.0664674
0.318487
0.0697533
0.322568
0.0728594
0.327005
0.0757653
0.331807
0.0784496
0.336976
0.0808898
0.342511
0.0830637
0.348402
0.0849498
0.354635
0.0865281
0.361185
0.0877817
0.368021
0.0886969
0.375103
0.0892647
0.382385
0.0894816
0.389814
0.0893501
0.39733
0.0888782
0.0880874
0.404877
0.297435
0.00564485
0.297879
0.0109328
0.298534
0.015929
0.299394
0.0206836
0.300463
0.0252341
0.301743
0.0296086
0.303242
0.0338286
0.304966
0.0379094
0.306926
0.0418606
0.309133
0.0456873
0.311599
0.0493897
0.314337
0.0529645
0.31736
0.0564047
0.320679
0.0597005
0.324307
0.0628394
0.328254
0.0658069
0.332526
0.0685867
0.33713
0.0711614
0.342067
0.073513
0.347333
0.0756237
0.352921
0.0774761
0.358816
0.0790542
0.365
0.0803445
0.371446
0.0813359
0.378121
0.0820211
0.384989
0.082397
0.392006
0.082465
0.399125
0.0822314
0.406296
0.0817072
0.0809131
0.41347
0.304654
0.00538589
0.305157
0.0104298
0.305895
0.0151908
0.306864
0.0197147
0.308063
0.0240356
0.309493
0.0281789
0.311157
0.0321637
0.313063
0.0360035
0.315217
0.0397067
0.317627
0.0432771
0.320303
0.0467144
0.323252
0.0500149
0.326485
0.0531722
0.330009
0.0561769
0.33383
0.0590179
0.337955
0.0616825
0.342384
0.0641567
0.34712
0.0664262
0.352156
0.0684765
0.357486
0.0702936
0.363098
0.0718648
0.368973
0.0731789
0.37509
0.0742272
0.381422
0.0750036
0.387938
0.0755054
0.394602
0.0757335
0.401374
0.0756926
0.408214
0.0753913
0.415079
0.0748419
0.0740638
0.421929
0.312046
0.00509802
0.312605
0.00987095
0.313424
0.0143721
0.314496
0.0186428
0.315817
0.0227137
0.317388
0.0266079
0.31921
0.0303421
0.321285
0.0339283
0.323619
0.0373734
0.326215
0.0406805
0.32908
0.0438491
0.33222
0.0468755
0.335638
0.0497536
0.33934
0.0524753
0.343327
0.0550308
0.3476
0.0574094
0.352157
0.0595994
0.356994
0.0615895
0.362102
0.0633683
0.367471
0.0649255
0.373083
0.0662521
0.378921
0.067341
0.384961
0.0681872
0.391176
0.0687885
0.397536
0.0691453
0.404008
0.0692614
0.410558
0.0691434
0.417148
0.0688012
0.423743
0.068247
0.0674991
0.430307
0.319615
0.00478254
0.320227
0.00925894
0.321122
0.0134768
0.322292
0.0174732
0.32373
0.0212755
0.325434
0.0249043
0.327402
0.0283743
0.329634
0.0316959
0.332132
0.034875
0.334899
0.0379141
0.337936
0.0408124
0.341244
0.0435666
0.344827
0.0461713
0.348682
0.0486195
0.35281
0.0509031
0.357207
0.0530129
0.361866
0.0549401
0.36678
0.0566754
0.371938
0.0582108
0.377324
0.0595388
0.382923
0.0606536
0.388712
0.0615513
0.39467
0.0622298
0.400769
0.0626895
0.406981
0.0629332
0.413276
0.0629663
0.419623
0.0627966
0.42599
0.0624341
0.432346
0.061891
0.0611837
0.438662
0.327365
0.00444084
0.328027
0.00859643
0.328995
0.012509
0.330257
0.0162114
0.331805
0.019728
0.333632
0.0230768
0.335736
0.0262707
0.338113
0.0293185
0.340763
0.0322254
0.343684
0.0349933
0.346874
0.0376214
0.350334
0.040107
0.35406
0.0424453
0.358049
0.0446305
0.362296
0.0466559
0.366795
0.0485144
0.371536
0.0501991
0.376508
0.0517032
0.381698
0.0530208
0.387089
0.0541474
0.392664
0.0550794
0.3984
0.0558154
0.404274
0.0563554
0.410262
0.0567017
0.416336
0.0568586
0.42247
0.0568323
0.428636
0.056631
0.434805
0.0562647
0.440952
0.0557448
0.0550859
0.447049
0.3353
0.00407425
0.336011
0.00788608
0.337047
0.0114727
0.338396
0.0148629
0.340045
0.0180782
0.341988
0.0211339
0.344218
0.0240412
0.346729
0.0268077
0.349516
0.0294376
0.352577
0.0319325
0.355907
0.0342919
0.3595
0.0365133
0.363353
0.0385928
0.367457
0.0405258
0.371806
0.042307
0.37639
0.0439309
0.381196
0.0453924
0.386213
0.0466868
0.391423
0.0478102
0.396811
0.0487599
0.402356
0.0495346
0.408037
0.0501342
0.413832
0.0505606
0.419716
0.0508171
0.425666
0.0509088
0.431656
0.0508423
0.437661
0.0506257
0.443658
0.0502684
0.449621
0.049781
0.0491762
0.455531
0.343426
0.00368402
0.344182
0.00713036
0.345283
0.0103716
0.346713
0.013433
0.348458
0.0163326
0.350508
0.0190837
0.352854
0.0216954
0.355488
0.0241741
0.358402
0.0265235
0.36159
0.0287449
0.365044
0.0308377
0.368757
0.0327999
0.372722
0.0346286
0.376927
0.0363201
0.381364
0.0378704
0.386019
0.0392754
0.39088
0.0405315
0.395931
0.0416357
0.401156
0.0425857
0.406535
0.0433804
0.41205
0.0440196
0.41768
0.0445048
0.423402
0.0448385
0.429194
0.0450249
0.435034
0.0450691
0.440898
0.044978
0.446765
0.044759
0.452612
0.044421
0.45842
0.0439733
0.0434273
0.464169
0.351746
0.0032712
0.352545
0.00633138
0.353708
0.0092092
0.355215
0.0119263
0.35705
0.0144975
0.3592
0.0169334
0.361654
0.0192417
0.3644
0.0214274
0.36743
0.0234936
0.370734
0.0254414
0.374301
0.0272702
0.378122
0.0289786
0.382187
0.0305643
0.386482
0.0320245
0.390997
0.0333562
0.395715
0.0345568
0.400623
0.0356236
0.405704
0.0365551
0.410939
0.03735
0.416311
0.0380084
0.4218
0.0385311
0.427384
0.0389202
0.433044
0.0391789
0.438758
0.0393113
0.444504
0.0393228
0.450262
0.0392196
0.456012
0.0390088
0.461735
0.0386982
0.467413
0.038296
0.0378118
0.473028
0.360267
0.00283642
0.361108
0.00549053
0.362329
0.00798805
0.363908
0.0103469
0.365828
0.0125782
0.368071
0.0146899
0.370625
0.0166878
0.373477
0.018576
0.376613
0.020357
0.380023
0.0220314
0.383694
0.023599
0.387614
0.0250587
0.39177
0.0264086
0.396148
0.0276468
0.400733
0.0287713
0.405509
0.0297801
0.410461
0.0306719
0.41557
0.0314458
0.420819
0.0321015
0.426188
0.0326397
0.431657
0.0330618
0.437207
0.0333703
0.442817
0.0335685
0.448468
0.0336604
0.45414
0.0336511
0.459813
0.0335462
0.46547
0.033352
0.471093
0.0330753
0.476666
0.0327231
0.0323038
0.482174
0.368993
0.00237958
0.369876
0.00460807
0.371154
0.00670976
0.372803
0.00869805
0.374802
0.0105793
0.377133
0.0123584
0.379781
0.0140398
0.382731
0.0156266
0.385967
0.0171206
0.389476
0.0185222
0.393244
0.0198311
0.397256
0.0210465
0.401498
0.0221672
0.405953
0.0231917
0.410605
0.0241186
0.415439
0.0249469
0.420435
0.0256758
0.425576
0.0263049
0.430842
0.0268347
0.436216
0.0272662
0.441677
0.027601
0.447205
0.0278417
0.452782
0.0279913
0.458389
0.0280537
0.464007
0.0280332
0.469618
0.0279348
0.475206
0.027764
0.480755
0.0275262
0.486251
0.0272275
0.0268747
0.49168
0.377932
0.00189911
0.378858
0.00368205
0.380192
0.00537498
0.381908
0.00698294
0.383982
0.00850522
0.386396
0.00994424
0.389132
0.0113035
0.392174
0.0125852
0.395504
0.0137903
0.399107
0.0149191
0.402967
0.0159713
0.407067
0.0169461
0.411392
0.0178427
0.415923
0.0186603
0.420644
0.0193978
0.425536
0.0200547
0.430581
0.0206306
0.43576
0.0211257
0.441055
0.0215406
0.446444
0.0218763
0.451911
0.0221346
0.457435
0.0223178
0.462998
0.0224285
0.468581
0.0224701
0.474168
0.0224463
0.479741
0.0223612
0.485286
0.0222192
0.490788
0.0220249
0.496232
0.0217831
0.0214993
0.501607
0.387091
0.00138977
0.388068
0.00270522
0.389461
0.0039812
0.391243
0.00520178
0.39339
0.00635746
0.395885
0.00745004
0.398706
0.00848246
0.401835
0.00945583
0.405255
0.0103704
0.408948
0.011226
0.412897
0.0120225
0.417084
0.0127593
0.42149
0.0134359
0.426099
0.0140515
0.430891
0.0146058
0.435847
0.0150983
0.440949
0.0155291
0.446176
0.0158983
0.45151
0.0162066
0.456932
0.0164551
0.462421
0.0166452
0.46796
0.0167788
0.47353
0.0168582
0.479115
0.0168859
0.484696
0.0168648
0.490259
0.016798
0.49579
0.016689
0.501273
0.0165411
0.506699
0.0163578
0.0161432
0.512055
0.396484
0.00083855
0.397517
0.00167203
0.398966
0.00253259
0.400809
0.00335841
0.403028
0.00413896
0.405599
0.0048787
0.408502
0.00557938
0.411717
0.00624065
0.415226
0.00686205
0.419008
0.00744332
0.423047
0.00798418
0.427322
0.00848425
0.431814
0.0089431
0.436506
0.00936032
0.441376
0.0097356
0.446405
0.0100688
0.451575
0.0103599
0.456864
0.0106092
0.462253
0.0108172
0.467724
0.0109847
0.473256
0.0111128
0.478832
0.0112029
0.484434
0.0112564
0.490044
0.0112753
0.495647
0.0112616
0.501228
0.0112174
0.506772
0.0111451
0.512266
0.0110471
0.517698
0.0109258
0.0107845
0.523057
0.406193
0.000155536
0.40729
0.000575341
0.408789
0.00103329
0.410691
0.00145617
0.412974
0.0018561
0.415614
0.00223857
0.418591
0.00260281
0.421884
0.0029475
0.425474
0.00327203
0.429341
0.0035761
0.433466
0.00385946
0.437829
0.0041218
0.442409
0.00436284
0.447187
0.00458232
0.452142
0.00478005
0.457255
0.00495595
0.462505
0.00511002
0.467872
0.00524242
0.473336
0.00535344
0.478877
0.00544352
0.484476
0.00551324
0.490116
0.0055633
0.495778
0.00559456
0.501445
0.00560799
0.507102
0.00560462
0.512734
0.00558561
0.518327
0.00555216
0.523868
0.00550549
0.529347
0.00544684
0.00537805
0.534754
0.415475
0.41605
0.417083
0.41854
0.420396
0.422634
0.425237
0.428185
0.431457
0.435033
0.438892
0.443014
0.447377
0.451959
0.456739
0.461695
0.466805
0.472048
0.477401
0.482845
0.488358
0.493921
0.499516
0.505124
0.510728
0.516314
0.521866
0.527372
0.532818
0.538196
0.127844
0.107866
0.0377506
0.0900929
0.0572379
-0.0194872
0.21063
0.116367
0.19467
0.106053
0.0899488
0.161959
0.252514
0.110602
0.251972
0.106595
0.0996221
0.242299
0.28016
0.103587
0.284114
0.102641
0.0999368
0.283799
0.300005
0.0961382
0.306229
0.0964166
0.0956884
0.310478
0.315881
0.0887647
0.322872
0.0894248
0.0895417
0.329019
0.32951
0.0818866
0.336351
0.0825837
0.0829808
0.342912
0.341631
0.0756045
0.347993
0.0762222
0.0766551
0.354319
0.35271
0.0698716
0.358541
0.0703916
0.0707826
0.364413
0.363054
0.0646165
0.368394
0.0650516
0.0653889
0.373788
0.372853
0.0597704
0.377767
0.0601378
0.0604277
0.382728
0.382229
0.0552722
0.38678
0.0555862
0.0558373
0.391371
0.39127
0.0510697
0.395515
0.0513409
0.0515607
0.399792
0.400045
0.0471198
0.40403
0.0473563
0.0475503
0.40804
0.408609
0.0433872
0.412371
0.0435949
0.0437671
0.416154
0.417014
0.0398428
0.420583
0.0400259
0.0401794
0.424171
0.425309
0.036462
0.428711
0.036624
0.036761
0.43213
0.433545
0.033224
0.436802
0.0333675
0.0334899
0.440073
0.441775
0.0301109
0.444904
0.0302378
0.0303469
0.448047
0.450054
0.0271065
0.453073
0.0272184
0.0273153
0.456105
0.458442
0.024196
0.461366
0.0242942
0.0243797
0.464301
0.466999
0.0213654
0.469842
0.0214509
0.0215259
0.472696
0.475792
0.0186015
0.478568
0.0186752
0.01874
0.481354
0.484885
0.0158907
0.487607
0.015953
0.0160081
0.490339
0.494351
0.01322
0.497032
0.0132716
0.0133174
0.499723
0.504253
0.0105745
0.506909
0.0106154
0.0106518
0.509575
0.514687
0.00794186
0.51733
0.00797264
0.00800026
0.519982
0.525696
0.00530249
0.528346
0.00532275
0.00534033
0.531006
0.537408
0.00264827
0.540074
0.0026573
0.00266575
0.542748
0.540845
0.543502
0.546168
-0.0390112
0.0656855
-0.0492356
0.0455722
-0.049718
0.0223017
-0.0432044
0.00779461
-0.0442321
0.0126588
-0.0443954
0.00870878
-0.0442159
0.00666667
-0.0449689
0.00688569
-0.0454224
0.0056552
-0.0451537
0.00412125
-0.0451539
0.00413839
-0.0455874
0.00447403
-0.0458907
0.00398201
-0.0458155
0.00321859
-0.0456458
0.00310776
-0.0457985
0.00371305
-0.046181
0.004109
-0.0464857
0.00384073
-0.0465059
0.00314838
-0.0463397
0.00270259
-0.0462789
0.00290653
-0.0464968
0.003493
-0.0469294
0.00389303
-0.0473901
0.00371687
-0.0476493
0.00286175
-0.0475647
0.00166808
-0.0472548
0.000856286
-0.0470401
0.000858838
-0.0470658
0.00124978
0.00138265
0.0973022
0.130343
0.0469221
0.0959523
-0.00184156
0.0710654
-0.0371201
0.0430732
-0.0513111
0.0268498
-0.0531052
0.0105028
-0.0477671
0.00132862
-0.0477405
0.00685904
-0.0482086
0.00612332
-0.0473429
0.00325562
-0.0473814
0.0041769
-0.0482836
0.00537617
-0.0488192
0.00451759
-0.0483385
0.00273796
-0.0475193
0.00228856
-0.047625
0.00381876
-0.0482296
0.00471353
-0.0487085
0.00431961
-0.0486655
0.00310543
-0.0482192
0.00225627
-0.0479378
0.00262512
-0.0481545
0.00370969
-0.0487142
0.00445278
-0.0493265
0.00432916
-0.0496553
0.00319056
-0.0494579
0.00147064
-0.0488771
0.000275466
-0.0484803
0.000462042
-0.0485604
0.00132988
0.00165756
0.204975
0.167667
0.164109
0.136818
0.124994
0.110181
0.0827764
0.0852908
0.0439779
0.0656482
0.00231731
0.0521635
-0.0310066
0.0346526
-0.0481059
0.0239583
-0.0536334
0.0116508
-0.0521688
0.00179104
-0.0486059
0.000614065
-0.0493223
0.00609255
-0.0501955
0.00539077
-0.0488354
0.00137781
-0.0476188
0.00107197
-0.0481254
0.00432534
-0.0492778
0.00586593
-0.0501144
0.00515623
-0.0499238
0.00291486
-0.0488137
0.00114612
-0.0480226
0.00183404
-0.0482704
0.00395754
-0.0490383
0.00522071
-0.0498768
0.00516762
-0.0503193
0.00363302
-0.0499768
0.00112815
-0.0489711
-0.000730213
-0.0482817
-0.000227339
-0.0484805
0.00152871
0.00227909
0.26892
0.182546
0.244853
0.160885
0.215999
0.139034
0.183144
0.118146
0.149474
0.0993183
0.118449
0.0831887
0.0856179
0.0674833
0.0554861
0.05409
0.0240128
0.0431242
-0.00816323
0.033967
-0.0329281
0.0253789
-0.0456437
0.0188082
-0.0504966
0.0102437
-0.050354
0.00123523
-0.0462023
-0.00307979
-0.0461153
0.00423833
-0.0480263
0.007777
-0.0494035
0.00653336
-0.0489
0.00241136
-0.0467611
-0.000992788
-0.045662
0.00073501
-0.046257
0.00455254
-0.047445
0.0064087
-0.0486711
0.00639365
-0.0492958
0.00425776
-0.0488518
0.000684152
-0.04696
-0.00262204
-0.0458544
-0.00133296
-0.0463098
0.00198412
0.00349991
0.308943
0.18408
0.298511
0.171317
0.281541
0.156005
0.259859
0.139827
0.235368
0.123809
0.2098
0.108757
0.182706
0.0945776
0.155314
0.0814813
0.128524
0.0699149
0.102792
0.0596986
0.0777069
0.050464
0.0547991
0.0417159
0.0317326
0.0333102
0.005024
0.0279439
-0.0194903
0.0214345
-0.0337123
0.0184604
-0.0406991
0.0147637
-0.0439603
0.00979456
-0.044499
0.00295006
-0.0421029
-0.00338886
-0.040534
-0.000833908
-0.0414401
0.00545871
-0.0432781
0.00824661
-0.0449263
0.0080419
-0.0459913
0.00532279
-0.0446062
-0.000700947
-0.0424506
-0.00477769
-0.0410151
-0.00276843
-0.0419575
0.00292654
0.00565992
0.335167
0.177932
0.334415
0.172069
0.327572
0.162848
0.31576
0.15164
0.300131
0.139438
0.281843
0.127045
0.261611
0.11481
0.240112
0.10298
0.218115
0.0919122
0.196025
0.0817887
0.174036
0.0724526
0.15222
0.0635322
0.130282
0.0552489
0.109825
0.0484008
0.0888787
0.0423805
0.0700043
0.0373348
0.052882
0.031886
0.036536
0.0261406
0.0180572
0.0214289
-0.00309989
0.0177682
-0.0193214
0.0153876
-0.0276616
0.0137989
-0.0317651
0.0123501
-0.0343591
0.0106359
-0.0357702
0.00673382
-0.0363289
-0.000142165
-0.0339994
-0.00710727
-0.0338149
-0.0029529
-0.035693
0.00480461
0.00921993
0.352901
0.167943
0.358308
0.166663
0.358909
0.162246
0.355043
0.155506
0.347303
0.147177
0.336444
0.137904
0.323122
0.128132
0.307885
0.118217
0.291302
0.108495
0.273887
0.099203
0.255995
0.0903445
0.237697
0.0818309
0.219137
0.0738083
0.20088
0.0666579
0.182895
0.0603661
0.165695
0.0545341
0.148893
0.0486882
0.132103
0.0429309
0.115646
0.0378859
0.0994769
0.0339372
0.0838968
0.0309676
0.0694754
0.0282203
0.0564526
0.025373
0.0448383
0.0222503
0.033266
0.018306
0.0180903
0.0150336
-0.00211932
0.0131023
-0.0176746
0.0126024
-0.0241776
0.0113077
0.0152215
0.365684
0.156578
0.374436
0.15791
0.379892
0.156791
0.381865
0.153533
0.380484
0.148558
0.376089
0.142299
0.369076
0.135145
0.359857
0.127436
0.348874
0.119479
0.336569
0.111508
0.323273
0.103641
0.309167
0.0959369
0.294447
0.0885277
0.279471
0.0816337
0.26455
0.075288
0.249795
0.0692882
0.235045
0.0634386
0.220185
0.0577911
0.205393
0.0526779
0.190916
0.0484143
0.177001
0.044882
0.16364
0.0415819
0.150759
0.0382541
0.138233
0.0347763
0.125409
0.0311294
0.112374
0.0280684
0.0991278
0.0263488
0.0861036
0.0256266
0.0722418
0.0251694
0.0270511
0.37582
0.145171
0.38597
0.14776
0.394146
0.148615
0.399925
0.147754
0.403132
0.145351
0.40379
0.141642
0.402048
0.136886
0.39814
0.131345
0.392352
0.125266
0.384995
0.118865
0.376338
0.112298
0.366591
0.105684
0.355966
0.0991531
0.344745
0.0928548
0.333183
0.0868494
0.321389
0.0810826
0.309345
0.075483
0.297038
0.0700973
0.284594
0.0651219
0.272268
0.0607403
0.260255
0.0568955
0.248512
0.0533245
0.236933
0.0498336
0.225357
0.0463523
0.213514
0.0429717
0.201446
0.0401367
0.189446
0.0383493
0.177595
0.0374776
0.165537
0.0372269
0.0379209
0.384649
0.134311
0.395043
0.137366
0.404412
0.139247
0.412313
0.139853
0.418447
0.139216
0.422659
0.13743
0.424914
0.134631
0.425276
0.130983
0.423878
0.126664
0.420899
0.121844
0.416525
0.116671
0.410934
0.111275
0.404309
0.105778
0.396862
0.100301
0.388788
0.0949233
0.38021
0.0896613
0.371178
0.0845149
0.361738
0.0795375
0.352006
0.0748535
0.34217
0.070576
0.33237
0.0666962
0.322607
0.0630873
0.31281
0.0596307
0.302863
0.0562991
0.292637
0.0531976
0.282161
0.0506125
0.271665
0.0488449
0.261261
0.0478818
0.250947
0.047541
0.0476487
0.392868
0.124171
0.402937
0.127296
0.412561
0.129623
0.421385
0.131029
0.429115
0.131486
0.435533
0.131012
0.440506
0.129658
0.443981
0.127508
0.445972
0.124672
0.446547
0.121269
0.445803
0.117415
0.443857
0.113222
0.440837
0.108798
0.436893
0.104246
0.43217
0.0996471
0.426778
0.0950525
0.420794
0.0904989
0.414287
0.086045
0.40736
0.0817806
0.400148
0.0777875
0.392759
0.074085
0.385223
0.0706238
0.377504
0.0673496
0.369537
0.0642665
0.361265
0.0614696
0.352728
0.0591496
0.344077
0.0574957
0.335428
0.0565305
0.32685
0.0561187
0.0559805
0.400801
0.11474
0.410333
0.117765
0.419731
0.120224
0.428747
0.122013
0.437146
0.123087
0.444724
0.123434
0.451322
0.12306
0.456832
0.121999
0.461197
0.120308
0.464405
0.11806
0.466483
0.115337
0.46748
0.112224
0.467471
0.108807
0.466546
0.105171
0.464802
0.10139
0.462328
0.0975272
0.459193
0.0936339
0.455467
0.0897708
0.451237
0.0860109
0.446602
0.0824221
0.441648
0.0790391
0.436413
0.0758589
0.43089
0.0728723
0.425052
0.0701045
0.418884
0.0676376
0.412428
0.0656053
0.405789
0.0641348
0.399065
0.0632552
0.392313
0.06287
0.0627192
0.408589
0.105944
0.41755
0.108803
0.426531
0.111244
0.435363
0.11318
0.443877
0.114573
0.451913
0.115398
0.459326
0.115646
0.466001
0.115324
0.471854
0.114456
0.47683
0.113084
0.480908
0.111259
0.484092
0.109041
0.486405
0.106494
0.487891
0.103684
0.488607
0.100675
0.488608
0.097526
0.487949
0.0942929
0.486686
0.0910337
0.484885
0.0878118
0.48262
0.0846871
0.479956
0.0817032
0.476932
0.0788833
0.473558
0.0762466
0.46983
0.0738316
0.465758
0.0717105
0.46138
0.0699834
0.456771
0.068743
0.452006
0.0680209
0.447117
0.0677592
0.0677583
0.416289
0.0976946
0.424722
0.10037
0.433243
0.102723
0.441738
0.104686
0.450088
0.106223
0.458174
0.107312
0.465883
0.107937
0.473114
0.108093
0.479782
0.107788
0.485821
0.107045
0.491187
0.105893
0.495855
0.104373
0.499818
0.102531
0.503087
0.100415
0.505684
0.0980782
0.507638
0.095572
0.508983
0.0929478
0.509758
0.0902588
0.510008
0.0875611
0.509786
0.0849092
0.509139
0.0823502
0.508102
0.079921
0.506691
0.077657
0.504919
0.0756043
0.502801
0.0738284
0.500374
0.0724102
0.497692
0.0714244
0.494806
0.0709073
0.491727
0.0708378
0.0710842
0.423933
0.0899156
0.431899
0.0924038
0.439983
0.094639
0.448105
0.096564
0.456179
0.0981496
0.464117
0.0993741
0.471833
0.10022
0.479247
0.100679
0.486284
0.100751
0.492884
0.100445
0.498996
0.0997813
0.504584
0.0987849
0.509626
0.097488
0.514113
0.095928
0.518046
0.0941456
0.521434
0.0921841
0.524293
0.0900883
0.526647
0.0879056
0.528522
0.0856853
0.529954
0.0834773
0.530976
0.0813286
0.531615
0.0792823
0.53189
0.0773817
0.531818
0.0756765
0.531418
0.0742281
0.530722
0.0731063
0.529769
0.0723772
0.528592
0.0720848
0.52719
0.0722397
0.0727738
0.431545
0.0825411
0.439105
0.0848447
0.446796
0.0869471
0.45456
0.0888002
0.462332
0.0903782
0.470044
0.0916615
0.477632
0.0926329
0.48503
0.0932811
0.492178
0.0936022
0.499023
0.0936001
0.505519
0.0932854
0.511629
0.0926752
0.517324
0.0917924
0.522587
0.0906651
0.527408
0.0893253
0.531783
0.0878087
0.535718
0.0861537
0.539222
0.0844015
0.542311
0.0825957
0.545007
0.0807816
0.547331
0.0790043
0.549305
0.0773087
0.550946
0.0757408
0.552271
0.0743514
0.5533
0.0731986
0.55406
0.0723465
0.554579
0.0718577
0.55488
0.0717841
0.554958
0.0721621
0.0729775
0.439154
0.0755163
0.44636
0.0776393
0.453706
0.0796014
0.461144
0.0813617
0.468625
0.0828976
0.476095
0.0841911
0.483502
0.0852258
0.490794
0.0859892
0.497921
0.0864751
0.504838
0.0866834
0.511504
0.0866195
0.517884
0.0862948
0.523951
0.0857255
0.529683
0.084933
0.535066
0.0839428
0.54009
0.0827841
0.544754
0.0814898
0.54906
0.0800954
0.553016
0.0786397
0.556634
0.0771635
0.559929
0.0757094
0.562917
0.0743212
0.565613
0.073045
0.568033
0.0719311
0.570196
0.0710351
0.572126
0.0704173
0.573844
0.0701393
0.575368
0.0702599
0.576696
0.0708345
0.0718906
0.446794
0.0687953
0.453691
0.0707417
0.460734
0.0725593
0.467882
0.074213
0.475096
0.0756833
0.482334
0.0769538
0.489551
0.0780089
0.496704
0.0788362
0.503751
0.0794278
0.510653
0.079781
0.517375
0.0798978
0.523885
0.0797852
0.530155
0.0794548
0.536166
0.0789227
0.541899
0.0782093
0.547345
0.0773386
0.552496
0.0763384
0.557352
0.0752398
0.561914
0.0740769
0.566191
0.0728866
0.570192
0.0717082
0.57393
0.0705836
0.577418
0.0695574
0.580671
0.0686782
0.583707
0.067999
0.586546
0.0675776
0.58921
0.0674753
0.591715
0.0677553
0.594064
0.0684851
0.0697217
0.454504
0.0623384
0.461134
0.0641122
0.46791
0.0657828
0.474803
0.0673203
0.481778
0.0687078
0.488801
0.0699307
0.495836
0.0709748
0.502844
0.0718277
0.509791
0.0724811
0.516641
0.0729304
0.523364
0.0731755
0.529929
0.0732199
0.536312
0.0730718
0.542492
0.0727431
0.548451
0.0722499
0.554177
0.0716121
0.559663
0.0708531
0.564903
0.0699997
0.569898
0.0690819
0.574651
0.068133
0.579171
0.067189
0.583465
0.0662889
0.587548
0.065475
0.591433
0.0647934
0.595137
0.0642947
0.59868
0.0640342
0.602083
0.0640722
0.605365
0.0644739
0.608537
0.0653126
0.0666629
0.462332
0.0561109
0.468729
0.0577155
0.475274
0.0592377
0.481943
0.0606519
0.488707
0.0619437
0.495537
0.0631003
0.502403
0.0641087
0.509273
0.0649575
0.516116
0.0656382
0.522901
0.0661454
0.5296
0.0664771
0.536185
0.0666349
0.542633
0.0666239
0.548923
0.0664531
0.555038
0.0661348
0.560964
0.0656854
0.566693
0.0651243
0.572218
0.0644747
0.577538
0.0637628
0.582652
0.0630181
0.587568
0.0622733
0.592293
0.0615643
0.596837
0.0609304
0.601216
0.0604149
0.605445
0.0600654
0.609545
0.0599346
0.613536
0.0600804
0.617443
0.0605678
0.621284
0.0614709
0.0628718
0.470331
0.050081
0.476527
0.0515197
0.482872
0.0528926
0.489346
0.0541782
0.495925
0.0553643
0.502586
0.0564397
0.509302
0.057393
0.516045
0.0582138
0.52279
0.0588938
0.529508
0.0594275
0.536173
0.0598117
0.542761
0.0600467
0.54925
0.0601353
0.555619
0.0600841
0.561851
0.0599026
0.567932
0.0596039
0.573852
0.0592043
0.579604
0.0587232
0.585183
0.0581834
0.59059
0.0576111
0.595828
0.0570353
0.600904
0.0564886
0.605827
0.056007
0.610612
0.0556305
0.615274
0.0554033
0.619834
0.0553746
0.624315
0.0555996
0.628743
0.0561401
0.633145
0.0570679
0.0584654
0.478558
0.0442191
0.484583
0.0454945
0.490758
0.0467177
0.497066
0.0478708
0.503487
0.0489432
0.510001
0.0499256
0.516586
0.0508081
0.523218
0.0515813
0.529874
0.0522377
0.53653
0.0527717
0.543162
0.0531799
0.549747
0.0534613
0.556265
0.0536175
0.562696
0.0536531
0.569023
0.0535752
0.575233
0.0533944
0.581313
0.0531239
0.587256
0.0527802
0.593057
0.0523828
0.598714
0.0519542
0.604229
0.0515203
0.609607
0.05111
0.614859
0.0507558
0.619995
0.050494
0.625033
0.050365
0.629994
0.0504141
0.634901
0.0506923
0.639784
0.0512572
0.644677
0.0521753
0.0535249
0.487076
0.0384967
0.492959
0.0396111
0.498993
0.0406844
0.505162
0.0417016
0.511451
0.0426541
0.517843
0.043534
0.524318
0.0443328
0.530857
0.0450425
0.537438
0.0456561
0.544041
0.0461686
0.550645
0.0465765
0.557228
0.0468782
0.563771
0.0470744
0.570256
0.0471681
0.576667
0.0471648
0.582988
0.0470726
0.58921
0.0469025
0.595322
0.0466681
0.601319
0.0463857
0.607198
0.0460748
0.612961
0.0457578
0.618611
0.0454599
0.624157
0.0452101
0.62961
0.0450404
0.634988
0.0449873
0.64031
0.0450916
0.645604
0.0453992
0.650898
0.0459624
0.656233
0.0468411
0.0481075
0.49595
0.0328858
0.50172
0.0338407
0.507641
0.0347639
0.5137
0.0356426
0.519884
0.03647
0.526178
0.0372396
0.532567
0.0379442
0.539032
0.038577
0.545556
0.0391321
0.55212
0.0396048
0.558705
0.0399919
0.565291
0.0402917
0.571862
0.040504
0.578399
0.040631
0.584887
0.0406767
0.591312
0.0406475
0.597662
0.040552
0.603929
0.0404014
0.610105
0.0402094
0.616188
0.0399922
0.622177
0.0397688
0.628076
0.039561
0.633892
0.0393937
0.639638
0.0392951
0.645328
0.0392968
0.650985
0.0394348
0.656634
0.0397496
0.662309
0.0402873
0.66805
0.0411002
0.0422524
0.505251
0.027358
0.510937
0.0281549
0.516773
0.0289272
0.522751
0.0296651
0.528858
0.030363
0.535082
0.0310157
0.541408
0.0316174
0.547823
0.0321623
0.554309
0.0326457
0.560851
0.0330634
0.56743
0.0334126
0.574031
0.0336914
0.580635
0.0338998
0.587227
0.0340387
0.593792
0.0341113
0.600318
0.0341225
0.606791
0.0340789
0.613202
0.0339896
0.619546
0.0338656
0.625818
0.0337203
0.632018
0.0335693
0.638148
0.033431
0.644215
0.0333261
0.650232
0.0332786
0.656213
0.0333154
0.662181
0.0334672
0.668162
0.0337686
0.67419
0.034259
0.680307
0.0349832
0.0359982
0.515049
0.0218841
0.52068
0.0225231
0.526463
0.0231441
0.532389
0.0237391
0.538449
0.0243037
0.544631
0.024834
0.550923
0.0253254
0.557312
0.0257733
0.563783
0.0261739
0.570323
0.0265239
0.576915
0.0268209
0.583543
0.0270632
0.590192
0.0272504
0.596848
0.0273834
0.603495
0.0274641
0.610121
0.0274963
0.616715
0.0274851
0.623267
0.0274374
0.629771
0.027362
0.636222
0.0272693
0.642619
0.0271719
0.648966
0.0270844
0.655268
0.0270238
0.661537
0.0270093
0.66779
0.0270631
0.674046
0.0272102
0.680336
0.0274792
0.686692
0.0279024
0.693159
0.0285163
0.0293671
0.525432
0.016434
0.53104
0.0169153
0.5368
0.0173835
0.542706
0.0178332
0.548749
0.018261
0.554919
0.0186641
0.561205
0.0190389
0.567596
0.0193823
0.574079
0.0196911
0.58064
0.0199629
0.587265
0.0201959
0.593939
0.0203888
0.600649
0.020541
0.607379
0.0206531
0.614117
0.0207265
0.620849
0.0207637
0.627566
0.0207686
0.634257
0.0207462
0.640916
0.0207028
0.647539
0.0206465
0.654124
0.0205865
0.660675
0.020534
0.667197
0.0205017
0.673702
0.0205045
0.680205
0.0205593
0.68673
0.0206854
0.693304
0.0209052
0.699963
0.021244
0.706748
0.021731
0.0224074
0.536465
0.0109744
0.542085
0.0112962
0.547857
0.0116111
0.553777
0.0119134
0.559837
0.0122011
0.566028
0.0124726
0.572341
0.0127257
0.578765
0.0129581
0.585289
0.0131678
0.591898
0.0133531
0.598582
0.0135128
0.605324
0.0136459
0.612113
0.0137522
0.618935
0.0138317
0.625775
0.0138856
0.632624
0.0139153
0.639469
0.0139233
0.646302
0.0139131
0.653116
0.0138888
0.659907
0.0138558
0.666673
0.0138203
0.673417
0.0137898
0.680146
0.013773
0.68687
0.0137801
0.693607
0.0138225
0.700379
0.0139138
0.707215
0.0140695
0.71415
0.0143082
0.721231
0.0146507
0.015126
0.548254
0.00546888
0.553915
0.00563483
0.559732
0.0057937
0.565701
0.00594507
0.571813
0.00608926
0.57806
0.00622546
0.584433
0.00635236
0.590923
0.00646873
0.597517
0.00657356
0.604204
0.00666604
0.610971
0.0067455
0.617806
0.00681149
0.624694
0.00686379
0.631623
0.00690253
0.638581
0.00692814
0.645555
0.00694146
0.652534
0.00694371
0.659511
0.00693659
0.666477
0.00692227
0.67343
0.00690342
0.680367
0.00688328
0.687291
0.00686568
0.694209
0.00685511
0.701132
0.00685677
0.708078
0.00687676
0.715069
0.00692224
0.722137
0.007002
0.729317
0.0071276
0.736651
0.0073167
0.00761365
0.551637
0.557271
0.563065
0.56901
0.5751
0.581325
0.587677
0.594146
0.60072
0.607386
0.614131
0.620943
0.627806
0.634709
0.641637
0.648579
0.655522
0.662459
0.669381
0.676285
0.683168
0.690034
0.696889
0.703745
0.710622
0.717544
0.724546
0.731674
0.738991
)
;

boundaryField
{
    inlet
    {
        type            calculated;
        value           nonuniform List<scalar> 
45
(
-0.2
-0.2
-0.2
-0.2
-0.2
-0.2
-0.2
-0.2
-0.2
-0.2
-0.2
-0.2
-0.2
-0.2
-0.2
-0.20766
-0.212683
-0.217828
-0.223097
-0.228493
-0.23402
-0.239681
-0.245479
-0.251417
-0.257499
-0.263728
-0.270107
-0.276641
-0.283333
-0.290186
-0.297206
-0.304395
-0.311758
-0.3193
-0.327023
-0.334934
-0.343036
-0.351334
-0.359832
-0.368536
-0.377451
-0.386582
-0.395933
-0.40551
-0.415319
)
;
    }
    outlet
    {
        type            calculated;
        value           nonuniform List<scalar> 
45
(
0.00904903
0.0166553
0.0162613
0.0117796
0.00453644
-0.00367523
-0.0109296
-0.0173084
-0.0229242
-0.0278651
-0.0322009
-0.0359755
-0.0392085
-0.0418941
-0.0439909
-0.0471681
-0.0488353
-0.0491021
-0.0475306
-0.0441176
-0.039253
-0.0301792
0.0604122
0.154667
0.241219
0.318518
0.385575
0.442077
0.488401
0.5255
0.554754
0.577783
0.596233
0.611596
0.625075
0.637552
0.649617
0.66165
0.673905
0.686561
0.69979
0.713708
0.728512
0.744164
0.746604
)
;
    }
    flap
    {
        type            calculated;
        value           uniform 0;
    }
    upperWall
    {
        type            calculated;
        value           uniform 0;
    }
    lowerWall
    {
        type            calculated;
        value           uniform 0;
    }
    frontAndBack
    {
        type            empty;
        value           nonuniform 0();
    }
}


// ************************************************************************* //
