/*--------------------------------*- C++ -*----------------------------------*\
  =========                 |
  \\      /  F ield         | OpenFOAM: The Open Source CFD Toolbox
   \\    /   O peration     | Website:  https://openfoam.org
    \\  /    A nd           | Version:  dev
     \\/     M anipulation  |
\*---------------------------------------------------------------------------*/
FoamFile
{
    version     2.0;
    format      ascii;
    class       surfaceScalarField;
    location    "6";
    object      phi;
}
// * * * * * * * * * * * * * * * * * * * * * * * * * * * * * * * * * * * * * //

dimensions      [0 3 -1 0 0 0 0];

internalField   nonuniform List<scalar> 
5457
(
0.198418
0.00158236
0.19648
0.00193733
0.194192
0.00228803
0.191509
0.00268351
0.188428
0.00308111
0.184951
0.00347666
0.181073
0.00387846
0.176779
0.00429389
0.172051
0.00472809
0.166865
0.00518509
0.161197
0.00566837
0.155016
0.00618089
0.148291
0.00672483
0.14099
0.00730121
0.133081
0.00790938
0.124534
0.00854633
0.115329
0.00920579
0.105452
0.00987709
0.0949076
0.010544
0.0837241
0.0111835
0.0719595
0.0117646
0.0597112
0.0122483
0.0471224
0.0125888
0.0343822
0.0127403
0.021687
0.0126952
0.00903674
0.0126503
-0.00291676
0.0119535
-0.0084724
0.00555564
-0.00804312
-0.000429279
-0.00804312
0.199928
0.00165418
0.199176
0.00268973
0.197965
0.00349891
0.196332
0.00431661
0.194272
0.00514107
0.191782
0.00596663
0.188855
0.00680533
0.185478
0.00767064
0.181633
0.00857288
0.177298
0.00952036
0.172446
0.0105204
0.167048
0.0115791
0.161071
0.0127015
0.154483
0.01389
0.147248
0.0151443
0.139335
0.0164593
0.130717
0.0178236
0.121377
0.0192172
0.111312
0.0206088
0.100542
0.0219533
0.0891176
0.0231891
0.0771299
0.024236
0.0647239
0.0249948
0.0521163
0.0253479
0.0396559
0.0251556
0.0281057
0.0242005
0.018595
0.0214642
0.00879709
0.0153536
0.00118343
0.00718438
-0.00685969
0.199781
0.0018736
0.199087
0.00338353
0.197946
0.00463978
0.196409
0.00585316
0.194483
0.00706712
0.192164
0.00828559
0.189447
0.00952266
0.186322
0.010796
0.182774
0.0121207
0.178785
0.0135091
0.174333
0.0149724
0.169392
0.01652
0.163934
0.0181599
0.157927
0.0198971
0.151338
0.0217325
0.144137
0.023661
0.136291
0.025669
0.127778
0.027731
0.118581
0.0298056
0.108703
0.0318312
0.098171
0.0337209
0.0870487
0.0353583
0.0754519
0.0365916
0.0635746
0.0372251
0.0517327
0.0369975
0.0403973
0.0355358
0.029739
0.0321225
0.019166
0.0259265
0.0095976
0.0167528
0.0027379
0.199703
0.00217051
0.199008
0.00407881
0.197887
0.00576026
0.196376
0.00736401
0.194488
0.00895516
0.192223
0.0105515
0.189575
0.0121703
0.186539
0.0138319
0.183105
0.015555
0.179258
0.0173555
0.174983
0.0192473
0.170261
0.0212425
0.165069
0.0233515
0.159385
0.0255812
0.153184
0.0279341
0.146439
0.0304061
0.139124
0.0329833
0.131217
0.0356383
0.122698
0.0383248
0.113557
0.0409721
0.1038
0.0434779
0.0934574
0.045701
0.082596
0.0474529
0.0713332
0.048488
0.0598411
0.0484896
0.048317
0.0470599
0.0368109
0.0436285
0.0251878
0.0375497
0.0133355
0.0286051
0.0160734
0.199667
0.00250308
0.198964
0.00478204
0.197863
0.00686152
0.196381
0.00884562
0.194533
0.0108039
0.192318
0.0127661
0.189734
0.014754
0.186776
0.0167904
0.183434
0.0188966
0.179699
0.0210911
0.175556
0.0233901
0.170991
0.0258075
0.165987
0.0283552
0.160527
0.0310413
0.154592
0.0338696
0.148161
0.0368366
0.141215
0.0399291
0.133734
0.0431197
0.125697
0.0463616
0.117088
0.0495815
0.107894
0.0526714
0.098115
0.0554801
0.087765
0.057803
0.0768788
0.0593741
0.0655087
0.0598597
0.0537079
0.0588608
0.0414538
0.0558826
0.0285876
0.0504159
0.0148523
0.0423404
0.0309257
0.199653
0.00285027
0.198949
0.00548606
0.197871
0.00793942
0.196427
0.0102897
0.194627
0.0126038
0.192473
0.0149195
0.189964
0.0172635
0.187093
0.0196611
0.183854
0.0221358
0.180237
0.0247082
0.17623
0.0273965
0.171822
0.0302161
0.166997
0.0331799
0.161741
0.0362971
0.156039
0.0395724
0.149872
0.0430031
0.143224
0.0465773
0.136074
0.0502691
0.128402
0.0540339
0.120183
0.0578012
0.111388
0.0614659
0.101989
0.064879
0.0919548
0.0678373
0.0812539
0.0700751
0.0698539
0.0712597
0.0577165
0.0709982
0.0447602
0.0688389
0.0308488
0.0643274
0.0158729
0.0573162
0.0467986
0.19965
0.0032002
0.198954
0.00618201
0.197905
0.008989
0.196505
0.0116894
0.194763
0.0143459
0.192681
0.0170014
0.190257
0.019687
0.187488
0.0224306
0.184366
0.0252577
0.180883
0.028191
0.177029
0.0312503
0.172793
0.0344526
0.168161
0.0378119
0.163119
0.0413386
0.157653
0.0450385
0.151746
0.0489106
0.145378
0.0529448
0.138529
0.0571186
0.13117
0.0613922
0.123269
0.0657021
0.114783
0.0699527
0.105655
0.074007
0.0958165
0.0776753
0.0851858
0.0807058
0.0736677
0.0827778
0.0611608
0.0835051
0.0475546
0.0824451
0.0327581
0.0791239
0.0167826
0.0732918
0.0635812
0.199655
0.00354553
0.198975
0.00686209
0.197959
0.0100047
0.19661
0.013038
0.194934
0.0160219
0.192934
0.0190019
0.190608
0.022013
0.187953
0.0250857
0.184963
0.0282476
0.181631
0.031523
0.177948
0.0349336
0.173902
0.0384978
0.169483
0.0422313
0.164676
0.046146
0.159465
0.0502493
0.153832
0.0545428
0.147757
0.05902
0.141213
0.0636633
0.134164
0.0684406
0.126567
0.073299
0.118362
0.078158
0.109469
0.0829
0.0997861
0.0873583
0.0891866
0.0913052
0.0775242
0.0944402
0.0646464
0.096383
0.0504164
0.096675
0.0347673
0.094773
0.0177894
0.0902697
0.0813705
0.199664
0.00388134
0.199006
0.00751987
0.19803
0.0109809
0.196739
0.0143294
0.195137
0.0176239
0.193227
0.0209116
0.191009
0.0242308
0.188481
0.0276142
0.185637
0.0310914
0.182471
0.0346886
0.178976
0.0384289
0.175141
0.0423326
0.170956
0.046417
0.166405
0.0506963
0.161474
0.0551803
0.156143
0.0598741
0.150387
0.0647762
0.144174
0.0698762
0.137462
0.0751521
0.130196
0.0805656
0.122298
0.0860559
0.113666
0.0915314
0.104168
0.0968571
0.0936329
0.10184
0.0818634
0.10621
0.068648
0.109598
0.0538005
0.111522
0.0372354
0.111338
0.0190827
0.108422
0.100453
0.199677
0.0042041
0.199047
0.00815008
0.198116
0.0119122
0.196888
0.0155576
0.195367
0.0191447
0.193556
0.0227221
0.191456
0.0263305
0.189066
0.0300049
0.186381
0.0337766
0.183396
0.0376733
0.180105
0.04172
0.176499
0.0459386
0.172567
0.0503485
0.168297
0.0549662
0.163673
0.059805
0.158672
0.0648743
0.15327
0.0701788
0.147429
0.0757171
0.141101
0.0814799
0.13422
0.0874464
0.126696
0.0935805
0.118405
0.0998226
0.109183
0.106079
0.0988181
0.112205
0.0870508
0.117977
0.0735879
0.123061
0.0581465
0.126964
0.0405502
0.128934
0.0209003
0.128072
0.121354
0.199693
0.00451116
0.199095
0.00874843
0.198213
0.0127937
0.197053
0.0167173
0.19562
0.020578
0.193916
0.0244259
0.191943
0.0283034
0.189701
0.0322477
0.187186
0.0362915
0.184395
0.0404641
0.181323
0.044792
0.177963
0.049299
0.174305
0.0540064
0.170338
0.0589334
0.166046
0.064097
0.161408
0.0695115
0.156398
0.075189
0.150977
0.0811382
0.145093
0.0873639
0.138674
0.0938657
0.131619
0.100636
0.123789
0.107652
0.114995
0.114873
0.104981
0.122218
0.0934168
0.129541
0.0798954
0.136583
0.0639651
0.142894
0.0452323
0.147667
0.0236101
0.149694
0.144964
0.199711
0.00480045
0.199148
0.00931141
0.19832
0.0136213
0.197234
0.0178035
0.195894
0.0219181
0.194304
0.0260161
0.192465
0.0301418
0.190379
0.0343337
0.188045
0.0386261
0.185459
0.0430495
0.182619
0.0476319
0.17952
0.0523985
0.176153
0.0573729
0.17251
0.0625768
0.168576
0.0680308
0.164333
0.0737546
0.159754
0.0797675
0.154804
0.0860886
0.14943
0.0927377
0.14356
0.0997358
0.137091
0.107105
0.129878
0.114866
0.121714
0.123037
0.112313
0.13162
0.10127
0.140583
0.0880418
0.149811
0.071919
0.159017
0.0520824
0.167504
0.027883
0.173894
0.172847
0.19973
0.00507037
0.199205
0.00983616
0.198435
0.0143912
0.197427
0.0188121
0.196185
0.02316
0.194714
0.0274873
0.193016
0.0318391
0.191095
0.0362555
0.188949
0.0407718
0.186579
0.0454198
0.183982
0.0502283
0.181156
0.0552243
0.178097
0.0604327
0.174796
0.0658779
0.171243
0.0715837
0.167423
0.0775746
0.163314
0.0838766
0.158884
0.0905187
0.154087
0.0975345
0.148857
0.104965
0.143101
0.112861
0.136679
0.121287
0.129391
0.130324
0.12094
0.140072
0.11088
0.150643
0.0985386
0.162152
0.0828955
0.17466
0.0624296
0.18797
0.0351202
0.201203
0.207967
0.199751
0.00531965
0.199267
0.0103204
0.198557
0.0151006
0.19763
0.0197395
0.19649
0.0242998
0.195143
0.0288345
0.193592
0.0333899
0.191841
0.0380069
0.189891
0.0427217
0.187744
0.0475669
0.1854
0.0525722
0.182858
0.0577654
0.180118
0.0631731
0.177175
0.0688212
0.174022
0.0747363
0.17065
0.0809466
0.167043
0.0874837
0.163178
0.0943842
0.159019
0.101693
0.154516
0.109468
0.149594
0.117783
0.144142
0.12674
0.137991
0.136475
0.130883
0.14718
0.122402
0.159124
0.111854
0.1727
0.0980093
0.188505
0.0785271
0.207452
0.0486548
0.231076
0.256622
0.199772
0.00554733
0.19933
0.0107622
0.198684
0.015747
0.197841
0.0205831
0.196806
0.0253342
0.195587
0.0300541
0.194187
0.0347899
0.19261
0.039583
0.190862
0.0444703
0.188944
0.0494848
0.18686
0.0546566
0.184611
0.060014
0.1822
0.0655845
0.179626
0.071395
0.176888
0.0774738
0.173983
0.0838515
0.170904
0.0905631
0.167638
0.0976502
0.164166
0.105165
0.16046
0.113174
0.156475
0.121768
0.152145
0.131069
0.14737
0.14125
0.141992
0.152558
0.135747
0.165369
0.128163
0.180284
0.1183
0.198368
0.103907
0.221846
0.0776704
0.257312
0.334292
0.00370401
-0.00370401
0.00719345
-0.00348944
0.0100257
-0.00283223
0.0121972
-0.00217153
0.0138076
-0.00161034
0.0149667
-0.00115914
0.0157734
-0.000806689
0.0163124
-0.000539007
0.0166549
-0.000342463
0.0168588
-0.000203921
0.0169699
-0.000111106
0.0170232
-5.32998e-05
0.0170451
-2.19639e-05
0.0170554
-1.02925e-05
0.0170682
-1.27286e-05
0.0170926
-2.43879e-05
0.0171319
-3.9372e-05
0.0171841
-5.22082e-05
0.0172421
-5.7991e-05
0.0172952
-5.31125e-05
0.0173313
-3.60857e-05
0.0173405
-9.15077e-06
0.0173146
2.5919e-05
0.0172504
6.4174e-05
0.0171478
0.000102603
0.0170078
0.000139944
0.0168329
0.000174959
0.0166241
0.000208798
0.016398
0.000226126
0.000174816
0.00343419
-0.00713821
0.00669984
-0.00675509
0.0094128
-0.00554519
0.0115749
-0.00433362
0.0132794
-0.00331486
0.0146229
-0.0025026
0.0156879
-0.00187178
0.0165429
-0.00139398
0.0172431
-0.00104264
0.0178321
-0.000792876
0.0183427
-0.000621706
0.0187988
-0.000509418
0.0192179
-0.000441101
0.0196132
-0.00040561
0.0199944
-0.000393894
0.0203679
-0.000397864
0.0207378
-0.000409313
0.0211059
-0.000420273
0.0214714
-0.000423525
0.0218318
-0.000413498
0.0221827
-0.000386943
0.0225163
-0.00034284
0.0228251
-0.000282815
0.0231036
-0.000214397
0.023351
-0.000144732
0.0235667
-7.5785e-05
0.0237482
-6.48363e-06
0.0238887
6.8249e-05
0.0239987
0.000116148
0.0001083
0.00290637
-0.0100446
0.00558151
-0.00943023
0.00776363
-0.00772732
0.00948873
-0.00605871
0.0108496
-0.00467573
0.0119291
-0.00358212
0.0127949
-0.00273756
0.013501
-0.00210003
0.0140907
-0.00163236
0.014598
-0.00130022
0.0150477
-0.00107139
0.0154562
-0.000917933
0.0158353
-0.000820225
0.0161939
-0.000764132
0.0165382
-0.000738242
0.0168729
-0.000732538
0.0172009
-0.000737293
0.0175235
-0.000742916
0.0178407
-0.000740729
0.0181514
-0.000724199
0.0184539
-0.000689428
0.018746
-0.000634942
0.0190258
-0.000562664
0.0192927
-0.000481263
0.0195489
-0.000400966
0.0197974
-0.000324233
0.0200375
-0.00024662
0.02027
-0.000164229
0.0204828
-9.66083e-05
-3.90579e-05
0.00232234
-0.0123669
0.00429626
-0.0114041
0.00582935
-0.00926041
0.00701405
-0.00724341
0.00793784
-0.00559952
0.00866475
-0.00430903
0.00924326
-0.00331607
0.00970995
-0.00256672
0.0100948
-0.00201724
0.0104217
-0.00162705
0.0107069
-0.00135662
0.0109586
-0.00116959
0.0111826
-0.00104428
0.0113839
-0.000965405
0.0115663
-0.000920632
0.011733
-0.000899278
0.0118867
-0.000890945
0.0120289
-0.000885137
0.0121605
-0.000872321
0.012282
-0.000845745
0.0123941
-0.000801509
0.0124967
-0.000737519
0.0125885
-0.000654478
0.0126701
-0.000562856
0.0127463
-0.00047719
0.0128215
-0.000399454
0.0128907
-0.000315791
0.0129467
-0.000220275
0.0129949
-0.000144807
-5.73114e-05
0.00164034
-0.0140072
0.00282915
-0.012593
0.00364574
-0.010077
0.00423623
-0.0078339
0.00467066
-0.00603395
0.00499116
-0.00462952
0.00522457
-0.00354949
0.00538868
-0.00273082
0.00550101
-0.00212958
0.00557638
-0.00170242
0.00562501
-0.00140525
0.00564467
-0.00118925
0.00563699
-0.0010366
0.0056041
-0.000932522
0.00554878
-0.000865315
0.00547438
-0.000824877
0.00538453
-0.00080109
0.00528233
-0.000782935
0.0051699
-0.000759889
0.00504908
-0.000724927
0.00492156
-0.000673988
0.00478796
-0.000603927
0.00464582
-0.000512337
0.00449412
-0.000411153
0.00434112
-0.000324189
0.00419028
-0.000248611
0.00403326
-0.000158772
0.00382005
-7.06588e-06
0.0035396
0.000135644
0.000157702
0.00085288
-0.0148601
0.00116946
-0.0129095
0.00122263
-0.0101302
0.00118433
-0.00779561
0.0010787
-0.00592832
0.000931898
-0.00448272
0.000753715
-0.00337131
0.000548186
-0.00252529
0.000321547
-0.00190294
8.0004e-05
-0.00146087
-0.000184455
-0.00114079
-0.000462454
-0.000911247
-0.000755871
-0.000743179
-0.00106299
-0.000625404
-0.00138052
-0.000547782
-0.00170396
-0.000501437
-0.00202868
-0.000476369
-0.00235248
-0.000459142
-0.00267605
-0.000436313
-0.00300191
-0.000399068
-0.00333341
-0.000342487
-0.00367359
-0.00026375
-0.00402607
-0.000159857
-0.00440953
-2.76957e-05
-0.00483952
0.000105804
-0.00528131
0.000193181
-0.00568291
0.000242828
-0.0059816
0.000291619
-0.00617376
0.000327808
0.000297686
-0.000112547
-0.0147476
-0.000691703
-0.0123304
-0.0014263
-0.00939557
-0.00216277
-0.00705913
-0.00288109
-0.00521
-0.00356648
-0.00379733
-0.00421892
-0.00271886
-0.00484645
-0.00189776
-0.00545008
-0.00129932
-0.00602453
-0.000886423
-0.00656985
-0.000595465
-0.00709468
-0.000386412
-0.00759916
-0.000238703
-0.00808662
-0.00013794
-0.00856143
-7.2976e-05
-0.00902729
-3.55755e-05
-0.0094869
-1.67568e-05
-0.00994496
-1.08473e-06
-0.0104131
3.18027e-05
-0.0109062
9.40625e-05
-0.0114247
0.000175978
-0.0119441
0.000255727
-0.0124249
0.000320937
-0.0128227
0.000370051
-0.0131256
0.000408744
-0.0133707
0.000438256
-0.0135876
0.000459761
-0.0137784
0.000482413
-0.0139369
0.000486283
0.000453401
-0.001125
-0.0136226
-0.00273891
-0.0107165
-0.00434586
-0.00778861
-0.00586792
-0.00553708
-0.00725747
-0.00382044
-0.00849993
-0.00255487
-0.00959804
-0.00162076
-0.0105839
-0.000911869
-0.0114993
-0.000383983
-0.0123754
-1.0281e-05
-0.013191
0.000220101
-0.0139207
0.000343264
-0.0145721
0.000412787
-0.0151659
0.00045585
-0.0157213
0.000482425
-0.0162514
0.000494465
-0.0167612
0.000493102
-0.0172476
0.000485233
-0.0177001
0.000484397
-0.0181113
0.000505216
-0.0184869
0.000551534
-0.01884
0.000608877
-0.0191739
0.000654842
-0.019479
0.000675156
-0.0197422
0.000671918
-0.0199609
0.00065695
-0.0201451
0.000643927
-0.0203018
0.000639149
-0.0204413
0.000625767
0.000601393
-0.00232414
-0.0112984
-0.00507042
-0.00797019
-0.00769644
-0.00516259
-0.0100931
-0.00314047
-0.0122348
-0.00167872
-0.0141155
-0.000674121
-0.0157399
3.61362e-06
-0.0170746
0.000422859
-0.0181246
0.000666027
-0.0189497
0.000814804
-0.019632
0.000902364
-0.020237
0.000948308
-0.0207876
0.000963399
-0.0212949
0.000963137
-0.0217691
0.000956633
-0.0222178
0.000943115
-0.0226435
0.000918779
-0.0230456
0.000887365
-0.0234251
0.000863871
-0.0237862
0.000866386
-0.0241346
0.000899904
-0.024473
0.000947277
-0.0247963
0.000978173
-0.0250908
0.000969597
-0.0253407
0.000921868
-0.0255411
0.000857363
-0.0257011
0.000803921
-0.0258343
0.00077233
-0.0259585
0.000749912
0.000737535
-0.00379623
-0.00750222
-0.00786207
-0.00390435
-0.0116312
-0.0013935
-0.0148696
9.79696e-05
-0.0174449
0.000896617
-0.0194225
0.00130346
-0.0209235
0.00150462
-0.0220951
0.0015944
-0.0230576
0.00162859
-0.0238685
0.00162567
-0.0245666
0.00160045
-0.0251765
0.0015582
-0.0257183
0.00150521
-0.0262096
0.00145446
-0.0266666
0.00141361
-0.0270998
0.00137633
-0.0275111
0.00133005
-0.0278972
0.00127346
-0.0282578
0.00122449
-0.0285996
0.00120816
-0.0289325
0.0012328
-0.0292617
0.00127653
-0.0295806
0.0012971
-0.0298706
0.00125953
-0.030111
0.00116232
-0.0302948
0.00104114
-0.0304332
0.000942305
-0.0305465
0.000885704
-0.0306563
0.000859713
0.00085851
-0.00589751
-0.0016047
-0.0113985
0.00159668
-0.0157413
0.00294928
-0.0190233
0.00337992
-0.0215205
0.00339384
-0.0234746
0.00325762
-0.0250244
0.00305437
-0.0262642
0.00283421
-0.0272623
0.00262673
-0.0280854
0.00244872
-0.0287846
0.00229964
-0.0293904
0.002164
-0.0299215
0.00203633
-0.0303971
0.00193006
-0.0308389
0.00185542
-0.0312612
0.00179865
-0.0316635
0.00173231
-0.0320363
0.00164631
-0.0323762
0.00156439
-0.0326938
0.00152571
-0.0330071
0.00154614
-0.033327
0.00159643
-0.0336455
0.00161559
-0.0339365
0.00155047
-0.0341706
0.00139643
-0.034337
0.00120751
-0.0344519
0.00105722
-0.0345448
0.000978653
-0.0346395
0.000954425
0.000963607
-0.00786154
0.00625684
-0.014219
0.00795412
-0.0189422
0.00767247
-0.022504
0.00694179
-0.0251994
0.00608922
-0.0272312
0.00528943
-0.0287932
0.00461636
-0.0300175
0.00405849
-0.0309866
0.00359579
-0.0317747
0.00323689
-0.0324442
0.00296908
-0.0330262
0.00274603
-0.0335311
0.00254124
-0.0339759
0.00237483
-0.0343903
0.00226987
-0.0347959
0.00220423
-0.0351882
0.00212461
-0.0355464
0.00200451
-0.0358599
0.00187793
-0.0361448
0.00181058
-0.0364323
0.00183359
-0.0367424
0.00190654
-0.0370658
0.00193901
-0.0373651
0.00184976
-0.0375966
0.00162795
-0.0377428
0.00135371
-0.0378282
0.00114258
-0.0378966
0.00104708
-0.037975
0.00103283
0.00105268
-0.00960782
0.0158647
-0.0173067
0.015653
-0.0226331
0.0129988
-0.0263223
0.010631
-0.0289723
0.00873915
-0.0308848
0.00720201
-0.0323189
0.00605046
-0.0334369
0.00517644
-0.0343057
0.00446464
-0.0350006
0.00393175
-0.0356029
0.00357137
-0.0361428
0.00328591
-0.036607
0.00300544
-0.037002
0.00276989
-0.0373724
0.00264028
-0.0377549
0.0025867
-0.0381394
0.00250913
-0.0384842
0.00234933
-0.0387645
0.00215824
-0.0390041
0.00205019
-0.0392562
0.00208569
-0.0395561
0.00220644
-0.0398924
0.00227523
-0.0402105
0.00216794
-0.0404446
0.001862
-0.0405655
0.00147456
-0.0406101
0.00118719
-0.0406465
0.00108353
-0.0407082
0.00109457
0.00112711
-0.0127664
0.028631
-0.0221392
0.0250259
-0.0274497
0.0183093
-0.030659
0.0138403
-0.0329634
0.0110436
-0.0345076
0.00874621
-0.0356239
0.00716681
-0.0365403
0.00609283
-0.0372461
0.00517041
-0.0377844
0.00447005
-0.0382806
0.00406756
-0.0387708
0.00377613
-0.0391871
0.0034217
-0.0395085
0.00309128
-0.0398097
0.00294147
-0.0401623
0.00293929
-0.0405485
0.00289538
-0.0408878
0.00268864
-0.0411272
0.00239759
-0.0413019
0.00222489
-0.0415034
0.00228724
-0.0417925
0.00249554
-0.0421533
0.00263597
-0.0425059
0.00252054
-0.0427503
0.0021065
-0.0428376
0.00156186
-0.0428227
0.00117225
-0.0428149
0.00107578
-0.0428622
0.00114182
0.00119255
-0.0182016
0.0468326
-0.0295449
0.0363692
-0.0341086
0.0228729
-0.0355792
0.015311
-0.0372248
0.0126892
-0.0380574
0.00957879
-0.0385887
0.00769808
-0.0392786
0.00678269
-0.0398336
0.00572548
-0.0401364
0.00477279
-0.040463
0.00439416
-0.0409081
0.00422121
-0.0412842
0.00379783
-0.0415034
0.00331047
-0.0416962
0.00313426
-0.0420147
0.00325786
-0.0424278
0.00330848
-0.0427825
0.00304334
-0.042971
0.00258601
-0.0430464
0.00230035
-0.0431706
0.00241144
-0.0434472
0.00277212
-0.0438493
0.00303802
-0.0442587
0.00293001
-0.0445259
0.00237366
-0.0445674
0.00160341
-0.044462
0.00106677
-0.0443897
0.00100351
-0.0444298
0.00118189
0.00126473
0.207447
0.00576008
0.207034
0.0111748
0.206432
0.0163495
0.205647
0.0213675
0.204688
0.0262933
0.203561
0.0311814
0.202271
0.0360793
0.200826
0.0410286
0.19923
0.0460665
0.197488
0.051226
0.195608
0.0565372
0.193593
0.0620287
0.19145
0.0677278
0.189183
0.0736617
0.186798
0.0798592
0.184298
0.0863515
0.181686
0.0931744
0.178965
0.100371
0.176135
0.107995
0.173193
0.116116
0.170135
0.124826
0.166957
0.134247
0.163654
0.144553
0.160227
0.155985
0.156698
0.168898
0.153161
0.183821
0.14998
0.201549
0.148829
0.222997
0.160491
0.24565
0.258841
0.235942
0.21249
0.00595249
0.212118
0.0115476
0.211574
0.0168931
0.210868
0.0220733
0.210008
0.0271537
0.209
0.0321889
0.207853
0.0372263
0.206574
0.0423077
0.205171
0.04747
0.203651
0.0527459
0.202023
0.0581651
0.200296
0.0637555
0.19848
0.0695436
0.196586
0.0755562
0.194625
0.0818207
0.192609
0.0883671
0.190554
0.0952296
0.188476
0.102449
0.186398
0.110074
0.184348
0.118167
0.182365
0.126808
0.180511
0.136101
0.178885
0.146179
0.177657
0.157213
0.177151
0.169405
0.178017
0.182954
0.181673
0.197894
0.190717
0.213952
0.206156
0.23021
0.245747
0.21925
0.217658
0.00612241
0.217329
0.0118766
0.21685
0.0173717
0.21623
0.0226929
0.215478
0.027906
0.214602
0.0330654
0.213609
0.0382184
0.212511
0.0434063
0.211316
0.0486653
0.210034
0.0540273
0.208678
0.0595212
0.20726
0.0651734
0.205795
0.0710091
0.204298
0.077053
0.202788
0.0833303
0.201288
0.0898677
0.199823
0.0966949
0.198425
0.103846
0.197137
0.111361
0.196015
0.119289
0.195137
0.127687
0.194616
0.136622
0.194622
0.146173
0.195418
0.156416
0.197415
0.167408
0.201223
0.179146
0.207612
0.191505
0.217243
0.204321
0.229841
0.217613
0.228803
0.246785
0.222951
0.00626785
0.22267
0.0121579
0.222262
0.0177798
0.221736
0.0232192
0.2211
0.0285415
0.220365
0.0338009
0.219539
0.0390439
0.218634
0.0443112
0.217662
0.0496378
0.216634
0.0550545
0.215567
0.0605884
0.214476
0.0662643
0.21338
0.072105
0.212301
0.0781322
0.211264
0.0843674
0.210299
0.0908325
0.209443
0.0975507
0.208742
0.104547
0.208254
0.111849
0.208056
0.119487
0.20825
0.127492
0.208977
0.135895
0.21043
0.144721
0.212872
0.153974
0.216649
0.163631
0.222182
0.173613
0.229921
0.183766
0.240437
0.193805
0.254649
0.203401
0.210302
0.27315
0.228374
0.00638695
0.228144
0.0123879
0.227812
0.0181123
0.227385
0.0236455
0.226875
0.0290522
0.22629
0.034386
0.225641
0.0396924
0.224942
0.0450108
0.224204
0.050375
0.223445
0.0558139
0.222681
0.0613528
0.221931
0.0670138
0.221219
0.0728168
0.220572
0.0787797
0.22002
0.0849195
0.2196
0.0912519
0.219359
0.0977924
0.21935
0.104556
0.219644
0.111555
0.220329
0.118802
0.221518
0.126304
0.223355
0.134058
0.226026
0.14205
0.229761
0.150239
0.234841
0.158551
0.241594
0.16686
0.250399
0.174961
0.261703
0.182501
0.27598
0.189124
0.193745
0.292537
0.233929
0.00647804
0.233754
0.0125633
0.233502
0.0183645
0.233181
0.0239657
0.232803
0.029431
0.232376
0.0348125
0.231914
0.0401546
0.23143
0.0454953
0.230938
0.0508664
0.230457
0.0562949
0.230007
0.0618035
0.229609
0.0674115
0.22929
0.0731353
0.229082
0.0789885
0.229018
0.0849828
0.229143
0.0911275
0.229506
0.0974295
0.230168
0.103893
0.231205
0.110518
0.232708
0.1173
0.234787
0.124224
0.23758
0.131265
0.241251
0.13838
0.24599
0.145499
0.25202
0.152521
0.259583
0.159297
0.268921
0.165624
0.280212
0.171209
0.293554
0.175782
0.178829
0.30847
0.23962
0.00653961
0.239502
0.0126814
0.239334
0.0185323
0.239125
0.0241748
0.238884
0.0296716
0.238623
0.0350735
0.238355
0.0404232
0.238093
0.0457567
0.237856
0.051104
0.237661
0.0564896
0.237531
0.0619335
0.237491
0.0674518
0.237569
0.073057
0.237799
0.0787585
0.23822
0.0845622
0.238876
0.090471
0.239822
0.0964838
0.241119
0.102595
0.242844
0.108794
0.245082
0.115061
0.247938
0.121368
0.25153
0.127673
0.255995
0.133915
0.261482
0.140013
0.268147
0.145856
0.27614
0.151304
0.285582
0.156181
0.296519
0.160273
0.308939
0.163362
0.165183
0.322585
0.245448
0.0065704
0.24539
0.0127397
0.24531
0.0186121
0.245217
0.0242683
0.245119
0.0297691
0.245029
0.0351635
0.24496
0.0404923
0.244927
0.0457894
0.244949
0.0510825
0.245045
0.0563936
0.245238
0.0617398
0.245556
0.0671338
0.246029
0.0725844
0.246691
0.0780963
0.247583
0.0836705
0.24875
0.0893037
0.250246
0.0949878
0.252132
0.100709
0.254478
0.106448
0.257363
0.112176
0.260877
0.117854
0.265118
0.123432
0.270191
0.128842
0.276203
0.134001
0.283252
0.138806
0.291422
0.143134
0.300758
0.146845
0.31125
0.149781
0.322831
0.151782
0.152716
0.335298
0.251418
0.0065694
0.251422
0.0127361
0.251432
0.0186014
0.251458
0.0242431
0.251507
0.0297198
0.251592
0.0350786
0.251726
0.0403582
0.251925
0.0455901
0.252208
0.0507996
0.252596
0.056006
0.253112
0.0612235
0.253784
0.0664615
0.254644
0.0717252
0.255725
0.0770151
0.257068
0.0823276
0.258717
0.0876542
0.260724
0.0929813
0.263144
0.0982894
0.26604
0.103552
0.26948
0.108736
0.273539
0.113796
0.278291
0.118679
0.283812
0.12332
0.290173
0.127641
0.297428
0.131551
0.305614
0.134949
0.31473
0.137729
0.324732
0.139779
0.33552
0.140993
0.141313
0.346924
0.257532
0.00653586
0.257599
0.0126695
0.257702
0.0184981
0.257849
0.0240967
0.258047
0.0295213
0.258309
0.0348167
0.258648
0.0400191
0.25908
0.0451579
0.259624
0.0502556
0.260301
0.055329
0.261135
0.0603894
0.262154
0.0654433
0.263387
0.0704922
0.264868
0.0755334
0.266637
0.0805592
0.268734
0.0855572
0.271205
0.0905098
0.274101
0.0953935
0.277475
0.100178
0.281383
0.104828
0.28588
0.109298
0.291024
0.113536
0.296862
0.117482
0.303436
0.121067
0.310769
0.124217
0.318864
0.126854
0.327693
0.1289
0.337193
0.130279
0.347258
0.130928
0.130825
0.357746
0.263794
0.0064693
0.263925
0.0125388
0.264122
0.0183012
0.264391
0.0238279
0.264739
0.0291725
0.265179
0.0343771
0.265723
0.0394754
0.266386
0.0444943
0.267188
0.0494539
0.268149
0.0543683
0.269292
0.0592463
0.270644
0.0640914
0.272233
0.0689027
0.274092
0.0736742
0.276256
0.0783955
0.278762
0.0830513
0.28165
0.0876214
0.284963
0.0920805
0.288744
0.0963976
0.293036
0.100536
0.29788
0.104454
0.303312
0.108104
0.309362
0.111432
0.316046
0.114383
0.323366
0.116897
0.331302
0.118918
0.339813
0.120389
0.348829
0.121264
0.358249
0.121507
0.121118
0.367956
0.270207
0.00636956
0.270402
0.0123437
0.270693
0.0180103
0.271084
0.0234369
0.271582
0.0286739
0.272199
0.033761
0.272945
0.0387293
0.273836
0.0436031
0.27489
0.0484002
0.276126
0.0531323
0.277566
0.0578058
0.279236
0.0624219
0.281161
0.0669773
0.283371
0.071464
0.285897
0.0758695
0.288771
0.0801771
0.292027
0.0843653
0.295699
0.0884085
0.299821
0.0922765
0.304422
0.095935
0.30953
0.0993457
0.315167
0.102467
0.321344
0.105255
0.328061
0.107665
0.335306
0.109653
0.343046
0.111177
0.351232
0.112203
0.359795
0.112702
0.368645
0.112657
0.112081
0.377682
0.276774
0.00623674
0.277033
0.0120845
0.277417
0.0176259
0.27793
0.0229244
0.278576
0.0280272
0.279366
0.0329711
0.280311
0.0377849
0.281423
0.0424903
0.282721
0.0471029
0.284221
0.0516322
0.285944
0.0560825
0.287913
0.0604533
0.29015
0.0647395
0.292683
0.0689316
0.295536
0.0730163
0.298737
0.076976
0.302313
0.0807896
0.306289
0.0844324
0.310689
0.0878763
0.315534
0.0910904
0.320838
0.0940415
0.32661
0.0966951
0.332849
0.0990159
0.339545
0.10097
0.346673
0.102525
0.354197
0.103653
0.362065
0.104335
0.370212
0.104555
0.37856
0.10431
0.103617
0.387024
0.283498
0.00607121
0.283821
0.0117621
0.284297
0.0171495
0.284929
0.0222925
0.285721
0.0272354
0.28668
0.0320119
0.287817
0.0366482
0.289143
0.0411639
0.290674
0.0455724
0.292425
0.0498812
0.294414
0.0540932
0.296661
0.0582062
0.299186
0.0622142
0.302011
0.066107
0.305156
0.0698709
0.308644
0.0734887
0.312493
0.0769404
0.316722
0.0802031
0.321346
0.0832518
0.326377
0.0860599
0.331819
0.0885994
0.337671
0.0908428
0.343924
0.0927628
0.350559
0.0943347
0.357547
0.0955369
0.364848
0.0963523
0.372413
0.0967702
0.380181
0.0967866
0.388085
0.0964051
0.0956461
0.396056
0.290384
0.00587361
0.290768
0.0113776
0.291335
0.0165829
0.292083
0.0215443
0.293016
0.0263026
0.294139
0.0308888
0.295461
0.0353266
0.296991
0.0396334
0.298743
0.0438206
0.30073
0.0478943
0.302967
0.051856
0.305471
0.0557027
0.308257
0.0594276
0.311344
0.0630205
0.314747
0.066468
0.318481
0.0697541
0.322561
0.0728604
0.326998
0.0757667
0.331798
0.0784513
0.336966
0.080892
0.342499
0.0830665
0.348389
0.0849532
0.354619
0.0865324
0.361167
0.0877869
0.368001
0.0887032
0.37508
0.0892724
0.38236
0.0894909
0.389785
0.0893611
0.397299
0.0888912
0.0881026
0.404843
0.297435
0.00564482
0.297879
0.0109328
0.298533
0.0159289
0.299394
0.0206836
0.300463
0.0252341
0.301743
0.0296086
0.303241
0.0338287
0.304965
0.0379095
0.306924
0.0418608
0.309131
0.0456876
0.311597
0.0493902
0.314335
0.0529651
0.317357
0.0564055
0.320676
0.0597015
0.324303
0.0628407
0.328249
0.0658085
0.33252
0.0685886
0.337123
0.0711638
0.342059
0.0735159
0.347323
0.0756272
0.35291
0.0774803
0.358803
0.0790593
0.364985
0.0803504
0.371429
0.0813429
0.378103
0.0820294
0.384969
0.0824067
0.391983
0.0824763
0.3991
0.0822445
0.406269
0.0817223
0.0809303
0.413441
0.304654
0.00538589
0.305157
0.0104298
0.305895
0.0151908
0.306864
0.0197148
0.308062
0.0240356
0.309492
0.028179
0.311157
0.0321639
0.313062
0.0360039
0.315216
0.0397072
0.317626
0.0432777
0.320301
0.0467152
0.32325
0.050016
0.326482
0.0531734
0.330005
0.0561784
0.333826
0.0590198
0.33795
0.0616848
0.342379
0.0641595
0.347113
0.0664295
0.352149
0.0684804
0.357478
0.0702983
0.363088
0.0718703
0.368962
0.0731853
0.375077
0.0742346
0.381408
0.0750122
0.387922
0.0755153
0.394584
0.0757448
0.401355
0.0757055
0.408194
0.075406
0.415057
0.0748584
0.0740823
0.421905
0.312046
0.00509803
0.312605
0.00987099
0.313424
0.0143722
0.314495
0.0186429
0.315817
0.0227139
0.317388
0.0266082
0.319209
0.0303425
0.321284
0.0339288
0.323618
0.0373741
0.326214
0.0406814
0.329079
0.0438502
0.332218
0.0468769
0.335636
0.0497553
0.339337
0.0524773
0.343324
0.0550333
0.347596
0.0574123
0.352153
0.0596029
0.356989
0.0615936
0.362096
0.063373
0.367463
0.064931
0.373075
0.0662585
0.378912
0.0673484
0.384951
0.0681957
0.391165
0.0687982
0.397524
0.0691564
0.403995
0.0692739
0.410543
0.0691575
0.417132
0.0688169
0.423726
0.0682645
0.0675184
0.43029
0.319615
0.00478258
0.320227
0.00925902
0.321122
0.0134769
0.322292
0.0174734
0.32373
0.0212758
0.325433
0.0249047
0.327401
0.0283749
0.329633
0.0316966
0.332131
0.0348759
0.334898
0.0379152
0.337934
0.0408138
0.341243
0.0435683
0.344825
0.0461734
0.34868
0.048622
0.352807
0.050906
0.357203
0.0530164
0.361862
0.0549441
0.366775
0.0566801
0.371932
0.0582162
0.377318
0.059545
0.382916
0.0606608
0.388705
0.0615594
0.394662
0.062239
0.40076
0.0626999
0.406971
0.062945
0.413266
0.0629795
0.419612
0.0628112
0.425979
0.0624503
0.432334
0.0619088
0.0612032
0.43865
0.327365
0.00444089
0.328027
0.00859655
0.328995
0.0125092
0.330257
0.0162117
0.331804
0.0197284
0.333632
0.0230773
0.335735
0.0262714
0.338112
0.0293194
0.340762
0.0322264
0.343683
0.0349946
0.346873
0.037623
0.350333
0.0401089
0.354058
0.0424476
0.358047
0.0446332
0.362294
0.0466591
0.366792
0.0485182
0.371533
0.0502035
0.376505
0.0517083
0.381694
0.0530267
0.387085
0.0541541
0.392659
0.055087
0.398394
0.055824
0.404268
0.0563651
0.410256
0.0567125
0.41633
0.0568707
0.422464
0.0568457
0.428629
0.0566458
0.434798
0.0562809
0.440945
0.0557625
0.055105
0.447043
0.3353
0.00407432
0.336011
0.00788623
0.337047
0.0114729
0.338395
0.0148633
0.340045
0.0180787
0.341988
0.0211345
0.344217
0.024042
0.346728
0.0268086
0.349516
0.0294388
0.352576
0.031934
0.355906
0.0342937
0.359499
0.0365154
0.363351
0.0385954
0.367456
0.0405288
0.371805
0.0423105
0.376388
0.0439349
0.381194
0.0453971
0.38621
0.0466921
0.391421
0.0478163
0.396808
0.0487668
0.402353
0.0495424
0.408034
0.050143
0.413828
0.0505704
0.419713
0.050828
0.425663
0.0509209
0.431653
0.0508555
0.437658
0.0506402
0.443655
0.0502842
0.44962
0.0497981
0.0491947
0.45553
0.343426
0.0036841
0.344182
0.00713053
0.345283
0.0103719
0.346713
0.0134334
0.348458
0.0163331
0.350508
0.0190843
0.352854
0.0216962
0.355488
0.0241751
0.358402
0.0265248
0.361589
0.0287464
0.365043
0.0308395
0.368757
0.0328021
0.372721
0.0346312
0.376926
0.0363232
0.381363
0.0378739
0.386018
0.0392795
0.390879
0.0405362
0.39593
0.0416411
0.401155
0.0425918
0.406534
0.0433873
0.412049
0.0440274
0.417679
0.0445134
0.423401
0.0448481
0.429194
0.0450354
0.435034
0.0450808
0.440899
0.0449907
0.446766
0.0447729
0.452614
0.0444361
0.458423
0.0439896
0.0434447
0.464173
0.351746
0.00327129
0.352545
0.00633155
0.353708
0.00920948
0.355215
0.0119266
0.35705
0.014498
0.3592
0.0169341
0.361654
0.0192425
0.3644
0.0214285
0.36743
0.0234949
0.370734
0.0254429
0.374301
0.0272721
0.378122
0.0289808
0.382187
0.0305669
0.386482
0.0320275
0.390996
0.0333597
0.395715
0.0345608
0.400623
0.0356282
0.405704
0.0365603
0.41094
0.0373559
0.416312
0.038015
0.421801
0.0385385
0.427386
0.0389285
0.433046
0.039188
0.43876
0.0393213
0.444507
0.0393337
0.450266
0.0392315
0.456017
0.0390218
0.461741
0.0387122
0.46742
0.0383109
0.0378278
0.473037
0.360267
0.0028365
0.361108
0.00549071
0.362329
0.00798832
0.363908
0.0103473
0.365828
0.0125787
0.368071
0.0146905
0.370625
0.0166886
0.373477
0.018577
0.376613
0.0203582
0.380023
0.0220329
0.383695
0.0236008
0.387615
0.0250608
0.39177
0.0264111
0.396148
0.0276497
0.400733
0.0287746
0.40551
0.0297839
0.410462
0.0306762
0.415572
0.0314507
0.420821
0.032107
0.42619
0.0326458
0.43166
0.0330687
0.43721
0.0333779
0.442822
0.0335768
0.448473
0.0336696
0.454146
0.0336611
0.459821
0.033557
0.465479
0.0333637
0.471103
0.0330878
0.476677
0.0327365
0.0323181
0.482187
0.368993
0.00237967
0.369876
0.00460824
0.371154
0.00671002
0.372803
0.00869841
0.374802
0.0105798
0.377133
0.012359
0.379781
0.0140406
0.382731
0.0156276
0.385967
0.0171217
0.389477
0.0185236
0.393245
0.0198328
0.397257
0.0210485
0.401499
0.0221694
0.405954
0.0231943
0.410607
0.0241216
0.415441
0.0249503
0.420437
0.0256797
0.425578
0.0263093
0.430846
0.0268397
0.43622
0.0272717
0.441681
0.0276071
0.447211
0.0278484
0.452789
0.0279987
0.458397
0.0280617
0.464016
0.028042
0.469629
0.0279443
0.475218
0.0277742
0.480769
0.0275372
0.486266
0.0272392
0.0268871
0.491697
0.377932
0.00189918
0.378858
0.00368219
0.380192
0.00537521
0.381908
0.00698325
0.383982
0.00850564
0.386396
0.00994478
0.389132
0.0113042
0.392174
0.012586
0.395504
0.0137913
0.399108
0.0149203
0.402968
0.0159727
0.407068
0.0169478
0.411393
0.0178447
0.415925
0.0186625
0.420646
0.0194004
0.425539
0.0200576
0.430585
0.020634
0.435764
0.0211295
0.441059
0.0215448
0.44645
0.021881
0.451917
0.0221398
0.457442
0.0223235
0.463006
0.0224347
0.468591
0.0224769
0.474179
0.0224537
0.479755
0.0223691
0.485301
0.0222277
0.490804
0.022034
0.496251
0.0217927
0.0215096
0.501628
0.387091
0.00138983
0.388068
0.00270534
0.389462
0.00398139
0.391243
0.00520204
0.393391
0.0063578
0.395885
0.00745048
0.398706
0.008483
0.401836
0.00945649
0.405256
0.0103712
0.408949
0.011227
0.412898
0.0120236
0.417085
0.0127607
0.421492
0.0134374
0.426102
0.0140533
0.430894
0.0146079
0.435851
0.0151007
0.440953
0.0155317
0.446182
0.0159013
0.451516
0.0162099
0.456939
0.0164588
0.462429
0.0166493
0.467969
0.0167833
0.473541
0.016863
0.479127
0.0168911
0.48471
0.0168705
0.490275
0.0168042
0.495807
0.0166956
0.501293
0.0165481
0.50672
0.0163653
0.0161511
0.512079
0.396484
0.000838591
0.397517
0.00167211
0.398966
0.00253272
0.400809
0.00335859
0.403028
0.0041392
0.405599
0.004879
0.408503
0.00557977
0.411718
0.00624112
0.415227
0.00686262
0.41901
0.00744399
0.423048
0.00798498
0.427324
0.00848518
0.431817
0.00894418
0.436509
0.00936157
0.44138
0.00973703
0.44641
0.0100704
0.45158
0.0103617
0.45687
0.0106112
0.46226
0.0108195
0.467732
0.0109872
0.473266
0.0111156
0.478843
0.0112059
0.484446
0.0112598
0.490058
0.011279
0.495663
0.0112656
0.501246
0.0112217
0.506792
0.0111496
0.512288
0.0110519
0.517722
0.010931
0.0107899
0.523083
0.406193
0.000155556
0.40729
0.000575386
0.408789
0.00103336
0.410692
0.00145626
0.412975
0.00185623
0.415615
0.00223873
0.418592
0.00260301
0.421885
0.00294775
0.425475
0.00327233
0.429343
0.00357645
0.433468
0.00385987
0.437831
0.00412229
0.442412
0.00436341
0.44719
0.00458297
0.452146
0.0047808
0.45726
0.00495679
0.462511
0.00511097
0.467879
0.00524349
0.473343
0.00535464
0.478886
0.00544485
0.484487
0.00551469
0.490128
0.0055649
0.495791
0.0055963
0.50146
0.00560987
0.507119
0.00560666
0.512753
0.0055878
0.518348
0.00555449
0.523892
0.00550798
0.529374
0.00544947
0.00538083
0.534783
0.415475
0.41605
0.417084
0.41854
0.420396
0.422635
0.425238
0.428186
0.431458
0.435034
0.438894
0.443017
0.44738
0.451963
0.456744
0.4617
0.466811
0.472055
0.47741
0.482854
0.488369
0.493934
0.49953
0.50514
0.510747
0.516335
0.521889
0.527397
0.532847
0.538227
0.12816
0.107782
0.0382484
0.0899119
0.0573162
-0.0190678
0.210726
0.116305
0.194682
0.105956
0.0899118
0.162086
0.252537
0.110553
0.251965
0.106529
0.0995647
0.242312
0.280157
0.103546
0.284093
0.102593
0.0998893
0.283768
0.299977
0.0961054
0.30619
0.096381
0.0956522
0.310427
0.315836
0.0887393
0.322819
0.0893983
0.0895149
0.328956
0.329457
0.0818678
0.33629
0.0825646
0.0829618
0.342843
0.341574
0.0755916
0.347929
0.0762094
0.0766427
0.354248
0.352652
0.0698637
0.358477
0.0703841
0.0707758
0.364344
0.362997
0.0646128
0.368333
0.0650485
0.0653866
0.373722
0.372798
0.0597702
0.377708
0.0601384
0.060429
0.382666
0.382178
0.0552749
0.386727
0.0555896
0.0558416
0.391314
0.391224
0.0510746
0.395467
0.0513467
0.0515673
0.399741
0.400004
0.0471265
0.403987
0.0473639
0.0475586
0.407995
0.408574
0.0433953
0.412334
0.0436038
0.0437768
0.416116
0.416985
0.0398519
0.420553
0.0400357
0.04019
0.424139
0.425286
0.0364717
0.428687
0.0366344
0.0367721
0.432105
0.433527
0.0332341
0.436783
0.0333781
0.0335012
0.440054
0.441763
0.030121
0.444892
0.0302484
0.0303581
0.448035
0.450048
0.0271164
0.453067
0.0272288
0.0273262
0.456099
0.458441
0.0242055
0.461365
0.0243041
0.0243902
0.464301
0.467004
0.0213744
0.469848
0.0214603
0.0215356
0.472702
0.475801
0.0186097
0.478578
0.0186837
0.0187489
0.481365
0.484899
0.015898
0.487622
0.0159607
0.0160161
0.490355
0.494369
0.0132264
0.497051
0.0132782
0.0133242
0.499743
0.504275
0.0105797
0.506932
0.0106209
0.0106574
0.509599
0.514713
0.00794587
0.517357
0.00797682
0.00800459
0.52001
0.525724
0.00530524
0.528375
0.0053256
0.00534329
0.531036
0.537438
0.00264969
0.540105
0.00265877
0.00266727
0.542781
0.540877
0.543536
0.546203
-0.0380606
0.0658255
-0.0478549
0.0461634
-0.04821
0.023228
-0.0416212
0.00872223
-0.042681
0.0137489
-0.0429584
0.0098562
-0.0427764
0.00751615
-0.043419
0.00742528
-0.0438774
0.00618388
-0.0436367
0.00453209
-0.0436372
0.00439465
-0.0441415
0.00472546
-0.0445886
0.00424499
-0.0446963
0.00341818
-0.0446904
0.00312837
-0.0449669
0.00353431
-0.0454626
0.00380419
-0.0458813
0.00346203
-0.0460036
0.00270829
-0.0459137
0.00221052
-0.0459122
0.00240985
-0.0461871
0.00304703
-0.0466774
0.00352837
-0.047198
0.00345055
-0.0475198
0.0026955
-0.0474967
0.00158028
-0.0472373
0.000807337
-0.0470569
0.000823188
-0.0471077
0.00123264
0.00139117
0.0975575
0.130354
0.0477212
0.0959997
-0.00046331
0.0714126
-0.0352324
0.0434913
-0.049191
0.0277075
-0.0510906
0.0117558
-0.0461945
0.00262002
-0.0458816
0.00711244
-0.0464016
0.00670386
-0.0455484
0.00367894
-0.045492
0.00433825
-0.0464383
0.00567173
-0.0471307
0.00493734
-0.0469096
0.00319714
-0.0463177
0.00253639
-0.0465212
0.00373789
-0.0472182
0.00450118
-0.0478114
0.00405524
-0.0478777
0.00277457
-0.0475103
0.00184307
-0.0472785
0.00217806
-0.0475525
0.00332108
-0.0481774
0.00415321
-0.0488599
0.00413306
-0.0492641
0.00309978
-0.0491417
0.00145782
-0.0486181
0.000283739
-0.0482511
0.000456204
-0.0483443
0.00132583
0.00166651
0.205055
0.167611
0.164257
0.136798
0.125366
0.110304
0.0833193
0.0855381
0.0450311
0.0659957
0.00457626
0.0522106
-0.0281186
0.0353149
-0.0455797
0.0245735
-0.0514558
0.01258
-0.0503154
0.00253857
-0.0465986
0.000621395
-0.0473279
0.0064011
-0.0484023
0.00601174
-0.047587
0.00238181
-0.0465071
0.00145653
-0.0470005
0.00423122
-0.0482106
0.00571129
-0.0491838
0.00502851
-0.0491344
0.00272517
-0.0481271
0.000835684
-0.0473328
0.00138376
-0.0476408
0.00362909
-0.0484898
0.00500224
-0.0494163
0.00505955
-0.0499552
0.00363871
-0.0497084
0.00121095
-0.0487653
-0.000659361
-0.0480885
-0.000220519
-0.0482845
0.00152184
0.00227435
0.268899
0.18248
0.244842
0.160855
0.216075
0.139071
0.183367
0.118247
0.149907
0.0994552
0.118817
0.0833007
0.0863888
0.067743
0.056571
0.0543913
0.0258968
0.0432542
-0.00600934
0.0344447
-0.0309717
0.0255837
-0.0438212
0.0192506
-0.0489882
0.0111787
-0.0491291
0.00252272
-0.0456601
-0.00201241
-0.0451676
0.00373867
-0.0470554
0.00759913
-0.0486241
0.0065972
-0.0483143
0.00241535
-0.0462904
-0.00118822
-0.045129
0.000222393
-0.0458298
0.00432987
-0.0471204
0.00629284
-0.0484471
0.00638625
-0.049197
0.00438867
-0.0488564
0.000870265
-0.0470626
-0.00245311
-0.0459411
-0.00134201
-0.0463719
0.00195266
0.00347609
0.308884
0.184022
0.298456
0.171282
0.28152
0.156007
0.259898
0.139869
0.235468
0.123886
0.209923
0.108845
0.182973
0.0946931
0.155739
0.0816254
0.128962
0.0700314
0.1035
0.0599061
0.0784027
0.0506813
0.0555506
0.0421027
0.0329094
0.0338199
0.00718378
0.0282484
-0.016628
0.0217994
-0.0316394
0.0187501
-0.0391768
0.0151365
-0.0428721
0.0102925
-0.0437892
0.00333242
-0.0416435
-0.00333389
-0.0400836
-0.00133753
-0.0411485
0.00539478
-0.0430994
0.0082437
-0.0448409
0.00812781
-0.0460134
0.00556115
-0.0447921
-0.000351037
-0.0426667
-0.00457848
-0.0411886
-0.0028201
-0.0421024
0.00286644
0.00563184
0.335093
0.177886
0.334337
0.172038
0.327504
0.16284
0.315712
0.15166
0.300114
0.139484
0.281855
0.127104
0.261663
0.114885
0.240209
0.103079
0.218221
0.0920198
0.196201
0.0819258
0.174244
0.0726382
0.152544
0.0638032
0.130792
0.0555721
0.110375
0.0486653
0.0895998
0.0425743
0.0708015
0.0375484
0.0537518
0.0321863
0.0376066
0.0264377
0.0193759
0.0215631
-0.00198009
0.0180221
-0.0188111
0.0154934
-0.0273174
0.0139011
-0.0315118
0.0124381
-0.0341409
0.010757
-0.0356135
0.00703378
-0.0362935
0.000328895
-0.0341001
-0.00677186
-0.0337771
-0.00314314
-0.0356535
0.00474286
0.00921718
0.35282
0.167909
0.358218
0.16664
0.358818
0.16224
0.354959
0.155519
0.347233
0.14721
0.336386
0.137952
0.323074
0.128197
0.307852
0.118301
0.291277
0.108595
0.273877
0.0993259
0.256009
0.0905066
0.237769
0.0820433
0.219285
0.0740557
0.201071
0.0668798
0.183106
0.0605385
0.165935
0.0547198
0.149208
0.0489135
0.132496
0.0431496
0.116012
0.0380469
0.099934
0.0341
0.0843175
0.0311099
0.0698523
0.0283663
0.0567717
0.0255187
0.0450995
0.0224292
0.0336057
0.0185276
0.0187867
0.0151479
-0.00123693
0.0132517
-0.0170736
0.0126935
-0.0237347
0.011404
0.0153193
0.365601
0.156557
0.374343
0.157897
0.379793
0.15679
0.381766
0.153547
0.380388
0.148588
0.375995
0.142345
0.368985
0.135207
0.359771
0.127516
0.348789
0.119576
0.336487
0.111628
0.323203
0.103791
0.309125
0.0961207
0.294447
0.0887345
0.279494
0.0818322
0.264568
0.0754651
0.249819
0.0694681
0.235099
0.0636342
0.220265
0.0579836
0.205469
0.0528428
0.191005
0.0485641
0.177083
0.045031
0.163714
0.041736
0.150815
0.0384174
0.138283
0.0349611
0.125485
0.0313254
0.112415
0.0282186
0.0991916
0.0264747
0.0861502
0.025735
0.0722688
0.0252854
0.0271669
0.375739
0.145161
0.38588
0.147757
0.394048
0.148621
0.399823
0.147772
0.403028
0.145383
0.403684
0.141689
0.401942
0.136949
0.398033
0.131425
0.392245
0.125364
0.384889
0.118984
0.376239
0.112441
0.366507
0.105852
0.355903
0.099339
0.344692
0.0930428
0.333126
0.087031
0.32133
0.0812647
0.309292
0.0756714
0.296992
0.070284
0.28454
0.0652943
0.272202
0.0609023
0.260176
0.0570573
0.248421
0.0534913
0.236829
0.0500095
0.225248
0.0465413
0.213409
0.0431648
0.20132
0.0403077
0.189299
0.0384957
0.17742
0.0376138
0.165342
0.0373639
0.0380584
0.384573
0.13431
0.394959
0.137371
0.40432
0.13926
0.412215
0.139877
0.418346
0.139252
0.422555
0.13748
0.424808
0.134696
0.425168
0.131064
0.42377
0.126763
0.420792
0.121962
0.416423
0.116811
0.41084
0.111434
0.404227
0.105953
0.396786
0.100484
0.38871
0.095107
0.380127
0.0898471
0.371094
0.0847046
0.361651
0.0797272
0.351908
0.0750371
0.342056
0.0707542
0.332239
0.0668747
0.32246
0.0632704
0.312648
0.0598213
0.302691
0.0564979
0.292458
0.0533984
0.281964
0.0508013
0.271442
0.0490176
0.26101
0.0480462
0.25067
0.0477034
0.0478108
0.392798
0.124178
0.40286
0.127309
0.412477
0.129643
0.421296
0.131058
0.429022
0.131526
0.435437
0.131065
0.440408
0.129724
0.443882
0.127591
0.445874
0.124771
0.44645
0.121385
0.445711
0.11755
0.443771
0.113374
0.440759
0.108965
0.43682
0.104423
0.432096
0.0998306
0.426702
0.0952407
0.420716
0.0906915
0.414203
0.0862399
0.407266
0.0819745
0.40004
0.0779802
0.392635
0.0742793
0.385083
0.0708228
0.377349
0.0675549
0.369369
0.0644777
0.361085
0.0616825
0.35253
0.0593565
0.343854
0.057693
0.335179
0.0567214
0.326575
0.0563071
0.056168
0.400738
0.114753
0.410264
0.117783
0.419657
0.12025
0.428669
0.122046
0.437065
0.123131
0.444641
0.123489
0.451237
0.123128
0.456747
0.122081
0.461113
0.120405
0.464324
0.118174
0.466406
0.115468
0.46741
0.112371
0.467408
0.108968
0.466488
0.105343
0.464747
0.101571
0.462273
0.0977151
0.459137
0.0938277
0.455407
0.0899691
0.45117
0.0862119
0.446525
0.0826252
0.441559
0.0792456
0.436311
0.0760705
0.430776
0.0730899
0.424926
0.0703274
0.418746
0.0678629
0.412274
0.0658283
0.405614
0.0643528
0.398867
0.0634691
0.392092
0.0630821
0.0629303
0.408533
0.105961
0.417491
0.108826
0.426467
0.111273
0.435296
0.113217
0.443808
0.114619
0.451842
0.115455
0.459255
0.115714
0.465931
0.115404
0.471786
0.114551
0.476767
0.113193
0.48085
0.111384
0.48404
0.109181
0.486361
0.106647
0.487854
0.103849
0.488575
0.100851
0.488579
0.0977106
0.487922
0.0944851
0.486659
0.0912323
0.484855
0.0880155
0.482585
0.0848955
0.479914
0.0819167
0.476881
0.0791027
0.473499
0.0764722
0.469764
0.0740627
0.465682
0.0719451
0.461291
0.0702185
0.456668
0.0689766
0.451884
0.0682529
0.446975
0.0679906
0.0679891
0.416241
0.0977156
0.424671
0.100396
0.433189
0.102755
0.441682
0.104725
0.45003
0.106271
0.458116
0.107369
0.465826
0.108004
0.473059
0.108171
0.47973
0.10788
0.485774
0.107149
0.491147
0.106012
0.495822
0.104505
0.499793
0.102676
0.50307
0.100572
0.505674
0.0982468
0.507634
0.0957504
0.508984
0.0931349
0.509763
0.0904538
0.510015
0.0877631
0.509793
0.0851178
0.509144
0.0825652
0.508104
0.0801429
0.506691
0.0778856
0.504915
0.0758389
0.502792
0.0740677
0.500358
0.0726523
0.497667
0.0716677
0.494769
0.0711513
0.491676
0.0710827
0.0713296
0.423892
0.089939
0.431856
0.092432
0.439939
0.0946728
0.448059
0.0966044
0.456133
0.0981974
0.464071
0.0994303
0.471789
0.100286
0.479206
0.100755
0.486247
0.100838
0.492852
0.100544
0.498971
0.099893
0.504567
0.0989091
0.509619
0.0976246
0.514115
0.0960764
0.518056
0.0943051
0.521453
0.0923539
0.52432
0.0902676
0.52668
0.0880937
0.528562
0.0858816
0.529998
0.0836814
0.531023
0.0815402
0.531665
0.0795015
0.531942
0.0776082
0.531871
0.0759098
0.531472
0.0744671
0.530775
0.0733497
0.529818
0.072624
0.528635
0.0723343
0.527226
0.0724918
0.0730278
0.431512
0.0825661
0.43907
0.0848741
0.446761
0.0869818
0.454525
0.0888408
0.462297
0.0904256
0.47001
0.0917165
0.4776
0.0926964
0.485001
0.0933538
0.492154
0.093685
0.499005
0.0936935
0.505508
0.0933899
0.511626
0.0927911
0.517331
0.0919197
0.522604
0.0908035
0.527435
0.0894746
0.53182
0.0879683
0.535765
0.086323
0.539278
0.0845801
0.542377
0.0827831
0.545081
0.0809774
0.547413
0.0792083
0.549393
0.0775207
0.551041
0.0759606
0.552372
0.0745785
0.553407
0.0734324
0.554171
0.072586
0.554693
0.0721021
0.554994
0.0720328
0.555071
0.0724149
0.0732339
0.439129
0.0755421
0.446334
0.0776693
0.453679
0.0796362
0.461118
0.0814019
0.4686
0.0829439
0.476072
0.0842443
0.483482
0.0852865
0.490778
0.0860582
0.49791
0.086553
0.504832
0.0867707
0.511505
0.0867168
0.517894
0.0864023
0.523971
0.0858434
0.529713
0.0850612
0.535106
0.0840812
0.540142
0.0829325
0.544817
0.0816477
0.549135
0.0802626
0.553102
0.0788158
0.556731
0.0773483
0.560037
0.0759026
0.563035
0.0745227
0.565741
0.0732546
0.568171
0.0721484
0.570344
0.0712595
0.572282
0.0706482
0.574008
0.0703763
0.575538
0.0705025
0.576871
0.0710824
0.0721437
0.446775
0.0688212
0.453673
0.0707716
0.460716
0.0725935
0.467865
0.0742522
0.475081
0.075728
0.482321
0.0770046
0.489541
0.0780664
0.496698
0.078901
0.503751
0.0795005
0.510659
0.0798621
0.517388
0.0799878
0.523906
0.0798843
0.530186
0.0795633
0.536207
0.0790407
0.541951
0.0783366
0.547409
0.0774753
0.552572
0.0764843
0.55744
0.0753946
0.562015
0.0742405
0.566305
0.0730587
0.570319
0.0718887
0.574069
0.0707723
0.57757
0.0697541
0.580836
0.0688826
0.583884
0.0682108
0.586736
0.0677965
0.589411
0.0677008
0.591927
0.0679873
0.594286
0.0687234
0.0699663
0.454493
0.062364
0.461123
0.0641414
0.4679
0.0658159
0.474795
0.0673579
0.481772
0.0687503
0.488798
0.0699787
0.495836
0.0710287
0.502849
0.0718881
0.509801
0.0725485
0.516658
0.0730053
0.523387
0.0732582
0.529961
0.0733108
0.536353
0.073171
0.542543
0.0728509
0.548513
0.0723663
0.554251
0.0717371
0.559749
0.0709866
0.565002
0.0701416
0.57001
0.0692322
0.574778
0.0682914
0.579311
0.0673555
0.58362
0.0664633
0.587717
0.0656572
0.591616
0.0649832
0.595335
0.0644919
0.598893
0.0642386
0.60231
0.0642835
0.605606
0.064692
0.608791
0.0655377
0.0668951
0.462327
0.0561356
0.468725
0.0577435
0.475272
0.0592692
0.481942
0.0606874
0.488709
0.0619836
0.495543
0.0631451
0.502413
0.0641588
0.509288
0.0650133
0.516136
0.0657002
0.522927
0.0662139
0.529633
0.0665525
0.536226
0.0667175
0.542683
0.066714
0.548983
0.0665508
0.555109
0.0662403
0.561048
0.0657987
0.566789
0.0652455
0.572327
0.0646036
0.577659
0.0638994
0.582789
0.0631624
0.587719
0.0624252
0.592458
0.0617237
0.597018
0.0610972
0.601413
0.060589
0.605658
0.0602466
0.609774
0.0601228
0.613782
0.0602756
0.617704
0.0607699
0.621561
0.0616802
0.0630885
0.470333
0.0501044
0.47653
0.051546
0.482877
0.0529221
0.489353
0.0542113
0.495936
0.0554013
0.5026
0.056481
0.50932
0.0574389
0.516068
0.0582648
0.522818
0.0589502
0.529543
0.0594896
0.536215
0.0598799
0.542812
0.0601212
0.549309
0.0602165
0.555688
0.060172
0.561931
0.0599975
0.568024
0.0597057
0.573956
0.0593131
0.579721
0.0588391
0.585313
0.0583065
0.590735
0.0577411
0.595988
0.0571723
0.601079
0.0566326
0.606018
0.0561579
0.610819
0.0557882
0.615498
0.0555677
0.620075
0.0555458
0.624573
0.0557774
0.629018
0.0563248
0.633439
0.0572596
0.0586646
0.478566
0.0442409
0.484593
0.0455188
0.49077
0.0467449
0.49708
0.0479011
0.503505
0.048977
0.510022
0.0499631
0.516612
0.0508497
0.523249
0.0516273
0.529911
0.0522884
0.536573
0.0528274
0.543212
0.0532408
0.549806
0.0535278
0.556332
0.0536898
0.562773
0.0537312
0.569111
0.0536595
0.575332
0.0534849
0.581425
0.0532207
0.58738
0.0528833
0.593195
0.0524922
0.598866
0.05207
0.604396
0.0516424
0.60979
0.0512384
0.615057
0.0508905
0.62021
0.050635
0.625266
0.0505122
0.630244
0.0505676
0.635169
0.0508521
0.640071
0.0514235
0.644982
0.0523482
0.053705
0.487089
0.0385165
0.492975
0.0396331
0.499011
0.0407089
0.505183
0.0417289
0.511476
0.0426844
0.517871
0.0435675
0.524351
0.0443698
0.530895
0.0450832
0.537483
0.0457009
0.544092
0.0462177
0.550703
0.0466301
0.557294
0.0469366
0.563846
0.0471378
0.570341
0.0472366
0.576762
0.0472386
0.583095
0.0471518
0.589328
0.0469872
0.595453
0.0467583
0.601464
0.0464816
0.607357
0.0461764
0.613135
0.0458649
0.6188
0.0455728
0.624362
0.0453285
0.629833
0.0451645
0.635228
0.0451171
0.640569
0.045227
0.64588
0.0455404
0.651194
0.0461096
0.656548
0.0469945
0.0482675
0.495968
0.0329033
0.501741
0.0338603
0.507664
0.0347855
0.513727
0.0356666
0.519914
0.0364965
0.526213
0.0372688
0.532607
0.0379764
0.539077
0.0386124
0.545607
0.0391709
0.552178
0.0396473
0.55877
0.0400382
0.565364
0.040342
0.571944
0.0405586
0.57849
0.0406899
0.584989
0.0407401
0.591425
0.0407155
0.597787
0.0406248
0.604067
0.040479
0.610257
0.0402918
0.616353
0.0400795
0.622357
0.039861
0.628272
0.0396581
0.634105
0.0394958
0.639867
0.0394021
0.645575
0.0394088
0.651251
0.0395519
0.656919
0.0398719
0.662614
0.0404149
0.668375
0.0412333
0.0423915
0.505274
0.0273731
0.510962
0.0281716
0.516802
0.0289456
0.522783
0.0296855
0.528894
0.0303855
0.535122
0.0310405
0.541454
0.0316446
0.547874
0.0321922
0.554367
0.0326783
0.560915
0.0330991
0.567502
0.0334514
0.57411
0.0337336
0.580723
0.0339454
0.587325
0.034088
0.593901
0.0341644
0.600437
0.0341794
0.606922
0.0341398
0.613347
0.0340545
0.619704
0.0339346
0.62599
0.0337933
0.632204
0.0336465
0.63835
0.0335124
0.644434
0.0334117
0.650468
0.0333685
0.656467
0.0334095
0.662453
0.0335656
0.668454
0.0338715
0.674502
0.0343665
0.68064
0.0350955
0.0361157
0.515076
0.0218965
0.52071
0.0225368
0.526497
0.0231592
0.532427
0.0237557
0.53849
0.024322
0.544677
0.0248541
0.550974
0.0253474
0.557368
0.0257975
0.563846
0.0262004
0.570393
0.0265527
0.576992
0.0268522
0.583628
0.0270972
0.590287
0.0272872
0.596952
0.0274231
0.603609
0.0275068
0.610246
0.0275421
0.616852
0.0275341
0.623417
0.0274896
0.629934
0.0274174
0.636399
0.0273281
0.642812
0.0272341
0.649174
0.02715
0.655493
0.0270928
0.66178
0.0270818
0.66805
0.0271391
0.674326
0.0272898
0.680635
0.0275624
0.687012
0.0279895
0.693501
0.0286073
0.0294624
0.525463
0.0164436
0.531074
0.0169258
0.536838
0.0173951
0.542747
0.0178459
0.548794
0.018275
0.554969
0.0186794
0.561261
0.0190557
0.567658
0.0194007
0.574147
0.0197112
0.580715
0.0199848
0.587347
0.0202197
0.59403
0.0204145
0.600748
0.0205689
0.607488
0.0206831
0.614236
0.0207588
0.62098
0.0207983
0.627709
0.0208056
0.634413
0.0207856
0.641085
0.0207448
0.647722
0.0206909
0.654323
0.0206335
0.660889
0.0205836
0.667428
0.0205539
0.673951
0.0205594
0.680473
0.0206169
0.687017
0.0207457
0.693611
0.0209683
0.70029
0.0213101
0.707097
0.0218002
0.02248
0.536499
0.0109809
0.542122
0.0113033
0.547898
0.011619
0.553822
0.011922
0.559886
0.0122106
0.566082
0.012483
0.572401
0.0127371
0.578831
0.0129706
0.585361
0.0131814
0.591978
0.0133679
0.598668
0.0135289
0.60542
0.0136633
0.612218
0.013771
0.619049
0.013852
0.6259
0.0139073
0.63276
0.0139386
0.639617
0.0139483
0.646463
0.0139397
0.653291
0.0139171
0.660096
0.0138858
0.666877
0.013852
0.673638
0.0138233
0.680383
0.0138083
0.687126
0.0138171
0.693881
0.0138614
0.700672
0.0139545
0.707528
0.0141123
0.714486
0.0143529
0.721588
0.0146976
0.0151753
0.54829
0.00547222
0.553955
0.00563851
0.559776
0.00579774
0.565748
0.00594951
0.571865
0.00609413
0.578117
0.0062308
0.584496
0.00635819
0.590992
0.00647509
0.597592
0.0065805
0.604287
0.00667359
0.611062
0.0067537
0.617905
0.00682036
0.624803
0.00687339
0.631742
0.00691287
0.63871
0.00693925
0.645695
0.00695337
0.652687
0.00695644
0.659676
0.00695017
0.666657
0.0069367
0.673624
0.00691873
0.680576
0.00689948
0.687517
0.00688278
0.694452
0.00687312
0.701393
0.00687571
0.708358
0.00689664
0.71537
0.00694309
0.722458
0.00702385
0.72966
0.00715049
0.737017
0.00734072
0.00763897
0.551675
0.557314
0.563112
0.569061
0.575155
0.581386
0.587744
0.594219
0.6008
0.607473
0.614227
0.621048
0.627921
0.634834
0.641773
0.648726
0.655683
0.662633
0.66957
0.676488
0.683388
0.690271
0.697144
0.70402
0.710916
0.717859
0.724883
0.732034
0.739374
)
;

boundaryField
{
    inlet
    {
        type            calculated;
        value           nonuniform List<scalar> 
45
(
-0.2
-0.2
-0.2
-0.2
-0.2
-0.2
-0.2
-0.2
-0.2
-0.2
-0.2
-0.2
-0.2
-0.2
-0.2
-0.20766
-0.212683
-0.217828
-0.223097
-0.228493
-0.23402
-0.239681
-0.245479
-0.251417
-0.257499
-0.263728
-0.270107
-0.276641
-0.283333
-0.290186
-0.297206
-0.304395
-0.311758
-0.3193
-0.327023
-0.334934
-0.343036
-0.351334
-0.359832
-0.368536
-0.377451
-0.386582
-0.395933
-0.40551
-0.415319
)
;
    }
    outlet
    {
        type            calculated;
        value           nonuniform List<scalar> 
45
(
0.0162231
0.0240652
0.0206301
0.0130132
0.00332459
-0.00631375
-0.0140926
-0.0205893
-0.0260946
-0.0307773
-0.0347446
-0.0380641
-0.0407827
-0.0429276
-0.0445019
-0.0472341
-0.0486196
-0.0488924
-0.0475737
-0.0442582
-0.0392388
-0.0298369
0.0604212
0.15445
0.240918
0.318218
0.385329
0.441916
0.488336
0.525528
0.554865
0.577961
0.596463
0.611862
0.625368
0.637863
0.649942
0.661986
0.674251
0.686916
0.700154
0.71408
0.728893
0.744554
0.747013
)
;
    }
    flap
    {
        type            calculated;
        value           uniform 0;
    }
    upperWall
    {
        type            calculated;
        value           uniform 0;
    }
    lowerWall
    {
        type            calculated;
        value           uniform 0;
    }
    frontAndBack
    {
        type            empty;
        value           nonuniform 0();
    }
}


// ************************************************************************* //
