/*--------------------------------*- C++ -*----------------------------------*\
  =========                 |
  \\      /  F ield         | OpenFOAM: The Open Source CFD Toolbox
   \\    /   O peration     | Website:  https://openfoam.org
    \\  /    A nd           | Version:  dev
     \\/     M anipulation  |
\*---------------------------------------------------------------------------*/
FoamFile
{
    version     2.0;
    format      ascii;
    class       volVectorField;
    location    "6";
    object      U;
}
// * * * * * * * * * * * * * * * * * * * * * * * * * * * * * * * * * * * * * //

dimensions      [0 1 -1 0 0 0 0];

internalField   nonuniform List<vector> 
2790
(
(9.94399 0 0.0205231)
(9.87572 0 0.0295875)
(9.77521 0 0.0359892)
(9.64944 0 0.0425559)
(9.50409 0 0.0493851)
(9.34007 0 0.056428)
(9.15655 0 0.0638156)
(8.95263 0 0.0717114)
(8.72748 0 0.0802551)
(8.4801 0 0.0895736)
(8.20929 0 0.0997939)
(7.91366 0 0.111046)
(7.5917 0 0.123462)
(7.24179 0 0.137167)
(6.86234 0 0.152275)
(6.4518 0 0.168874)
(6.00888 0 0.187002)
(5.53268 0 0.206624)
(5.02296 0 0.227596)
(4.48044 0 0.249617)
(3.90714 0 0.272183)
(3.30681 0 0.294532)
(2.68527 0 0.315626)
(2.0506 0 0.334294)
(1.41178 0 0.35061)
(0.798021 0 0.372888)
(0.110685 0 0.325051)
(-0.469563 0 -0.114865)
(-0.45378 0 -0.297148)
(-0.231163 0 -0.423856)
(9.9985 0 0.0407027)
(9.98146 0 0.0623823)
(9.93575 0 0.0791394)
(9.86417 0 0.0966238)
(9.77098 0 0.115123)
(9.65716 0 0.134487)
(9.52207 0 0.154974)
(9.36486 0 0.176942)
(9.18473 0 0.200707)
(8.98069 0 0.22655)
(8.75154 0 0.254745)
(8.4959 0 0.285562)
(8.21222 0 0.319252)
(7.89884 0 0.356027)
(7.55405 0 0.396026)
(7.17621 0 0.43927)
(6.7638 0 0.485601)
(6.31567 0 0.534597)
(5.83126 0 0.585473)
(5.31088 0 0.636966)
(4.75615 0 0.687215)
(4.17041 0 0.733657)
(3.55929 0 0.772962)
(2.93154 0 0.801101)
(2.29994 0 0.813755)
(1.69295 0 0.807258)
(1.10715 0 0.747253)
(0.658891 0 0.54793)
(0.186439 0 0.22461)
(-0.00819863 0 -0.453733)
(9.99559 0 0.0432065)
(9.97556 0 0.0752708)
(9.9318 0 0.103345)
(9.8649 0 0.132369)
(9.77779 0 0.163057)
(9.67155 0 0.195397)
(9.54589 0 0.22974)
(9.40015 0 0.266601)
(9.23366 0 0.306469)
(9.04565 0 0.349806)
(8.8351 0 0.397072)
(8.60083 0 0.448723)
(8.34146 0 0.505195)
(8.05552 0 0.566868)
(7.74139 0 0.634017)
(7.39746 0 0.706739)
(7.02212 0 0.784846)
(6.61396 0 0.867734)
(6.17194 0 0.954206)
(5.69564 0 1.04227)
(5.18563 0 1.12889)
(4.64396 0 1.2098)
(4.07479 0 1.27917)
(3.48537 0 1.32934)
(2.88684 0 1.3501)
(2.29946 0 1.32643)
(1.73184 0 1.22078)
(1.21625 0 0.973009)
(0.701143 0 0.570149)
(0.358039 0 -0.15656)
(9.99403 0 0.0494986)
(9.97181 0 0.093205)
(9.92788 0 0.13357)
(9.86225 0 0.174207)
(9.77694 0 0.216431)
(9.67299 0 0.260658)
(9.55032 0 0.307427)
(9.4085 0 0.357412)
(9.24704 0 0.411288)
(9.06535 0 0.469703)
(8.8627 0 0.533301)
(8.63821 0 0.602724)
(8.39086 0 0.678594)
(8.11954 0 0.761478)
(7.82301 0 0.851826)
(7.50002 0 0.949882)
(7.14926 0 1.05556)
(6.76945 0 1.16825)
(6.3595 0 1.28662)
(5.9186 0 1.40828)
(5.44653 0 1.52948)
(4.944 0 1.6447)
(4.41316 0 1.74615)
(3.85826 0 1.82323)
(3.28581 0 1.86137)
(2.7064 0 1.84033)
(2.12564 0 1.72601)
(1.55426 0 1.47787)
(0.957947 0 1.0837)
(0.509425 0 0.502325)
(9.99331 0 0.0572128)
(9.96994 0 0.110957)
(9.92593 0 0.162102)
(9.86146 0 0.213345)
(9.77799 0 0.266353)
(9.67636 0 0.32191)
(9.55655 0 0.380698)
(9.41823 0 0.443484)
(9.26098 0 0.511053)
(9.08434 0 0.584167)
(8.88772 0 0.663586)
(8.6704 0 0.750063)
(8.43161 0 0.844336)
(8.17047 0 0.947086)
(7.88609 0 1.05888)
(7.57749 0 1.18008)
(7.24368 0 1.31069)
(6.88362 0 1.45019)
(6.49629 0 1.59723)
(6.08073 0 1.74934)
(5.63616 0 1.90242)
(5.16211 0 2.05033)
(4.65877 0 2.18419)
(4.12721 0 2.29175)
(3.56939 0 2.35657)
(2.98888 0 2.35733)
(2.38682 0 2.26496)
(1.76638 0 2.04765)
(1.08999 0 1.6914)
(0.53665 0 1.15415)
(9.99302 0 0.0655376)
(9.96923 0 0.1287)
(9.92556 0 0.190111)
(9.86253 0 0.25184)
(9.78129 0 0.315574)
(9.68245 0 0.382314)
(9.56602 0 0.45287)
(9.43172 0 0.528097)
(9.27921 0 0.608876)
(9.10807 0 0.696081)
(8.91779 0 0.790576)
(8.70775 0 0.893223)
(8.4773 0 1.00486)
(8.22569 0 1.12626)
(7.95216 0 1.25809)
(7.6559 0 1.40082)
(7.33604 0 1.55455)
(6.99165 0 1.71887)
(6.62169 0 1.89256)
(6.22501 0 2.07324)
(5.80028 0 2.25686)
(5.34604 0 2.43721)
(4.8607 0 2.60521)
(4.34269 0 2.74823)
(3.79038 0 2.84955)
(3.20256 0 2.8882)
(2.57656 0 2.83823)
(1.91345 0 2.67161)
(1.17274 0 2.374)
(0.549963 0 1.8944)
(9.99297 0 0.0740736)
(9.96927 0 0.146311)
(9.92637 0 0.21748)
(9.86509 0 0.289288)
(9.78643 0 0.36335)
(9.69085 0 0.440822)
(9.57836 0 0.522655)
(9.44872 0 0.609805)
(9.30166 0 0.70325)
(9.13679 0 0.80396)
(8.95366 0 0.912896)
(8.75172 0 1.03101)
(8.53035 0 1.15922)
(8.28889 0 1.2984)
(8.02661 0 1.4493)
(7.7427 0 1.61249)
(7.43631 0 1.7882)
(7.10641 0 1.97617)
(6.75181 0 2.17542)
(6.37101 0 2.38383)
(5.9621 0 2.59775)
(5.52263 0 2.8114)
(5.04952 0 3.01617)
(4.53899 0 3.19998)
(3.98664 0 3.34669)
(3.38789 0 3.43597)
(2.73723 0 3.44331)
(2.03622 0 3.34149)
(1.24173 0 3.11356)
(0.563507 0 2.69313)
(9.99306 0 0.0825866)
(9.96981 0 0.163603)
(9.92807 0 0.244046)
(9.86885 0 0.325474)
(9.79313 0 0.40944)
(9.70127 0 0.4972)
(9.59324 0 0.589832)
(9.46889 0 0.688389)
(9.32797 0 0.793933)
(9.17016 0 0.907523)
(8.99504 0 1.03021)
(8.80212 0 1.16303)
(8.59083 0 1.30701)
(8.36052 0 1.46309)
(8.11047 0 1.63215)
(7.83982 0 1.81488)
(7.54762 0 2.01168)
(7.23268 0 2.22253)
(6.89351 0 2.44675)
(6.52817 0 2.68271)
(6.13409 0 2.92737)
(5.70784 0 3.17579)
(5.24496 0 3.42038)
(4.73976 0 3.65021)
(4.18545 0 3.85025)
(3.57472 0 4.00089)
(2.89948 0 4.0779)
(2.16208 0 4.05237)
(1.3161 0 3.90167)
(0.583207 0 3.54012)
(9.99326 0 0.0909266)
(9.97072 0 0.180405)
(9.93046 0 0.269663)
(9.87362 0 0.360235)
(9.80118 0 0.45364)
(9.71344 0 0.551202)
(9.61039 0 0.654103)
(9.49189 0 0.763487)
(9.35777 0 0.880497)
(9.20775 0 1.00627)
(9.04147 0 1.14195)
(8.8585 0 1.28866)
(8.65829 0 1.44752)
(8.44024 0 1.61959)
(8.20359 0 1.80587)
(7.94748 0 2.00721)
(7.6708 0 2.22426)
(7.37218 0 2.45729)
(7.04981 0 2.70607)
(6.70128 0 2.96959)
(6.32335 0 3.24569)
(5.91164 0 3.53056)
(5.46034 0 3.81809)
(4.96198 0 4.09901)
(4.40737 0 4.35988)
(3.78635 0 4.58211)
(3.08751 0 4.74107)
(2.31265 0 4.80444)
(1.4106 0 4.74104)
(0.614288 0 4.44187)
(9.99352 0 0.0989902)
(9.97191 0 0.196575)
(9.93341 0 0.29419)
(9.87925 0 0.39341)
(9.81041 0 0.495747)
(9.72717 0 0.602579)
(9.62954 0 0.715172)
(9.51743 0 0.834751)
(9.3907 0 0.962534)
(9.24915 0 1.09974)
(9.09247 0 1.24758)
(8.9203 0 1.40729)
(8.73215 0 1.58006)
(8.52744 0 1.7671)
(8.30546 0 1.96956)
(8.06528 0 2.18849)
(7.80575 0 2.4248)
(7.52532 0 2.67918)
(7.22193 0 2.95194)
(6.89277 0 3.24285)
(6.53403 0 3.55082)
(6.14046 0 3.87353)
(5.70503 0 4.20674)
(5.21844 0 4.54342)
(4.66894 0 4.87246)
(4.04279 0 5.17698)
(3.3236 0 5.4323)
(2.50968 0 5.60193)
(1.5418 0 5.64343)
(0.664023 0 5.41795)
(9.99384 0 0.106702)
(9.9733 0 0.211996)
(9.9368 0 0.317496)
(9.88558 0 0.424848)
(9.82064 0 0.535579)
(9.74226 0 0.65111)
(9.65046 0 0.772776)
(9.54519 0 0.901873)
(9.42639 0 1.03969)
(9.29392 0 1.18751)
(9.14755 0 1.34662)
(8.98696 0 1.51834)
(8.81177 0 1.70398)
(8.62146 0 1.90487)
(8.41534 0 2.12231)
(8.19255 0 2.3576)
(7.9519 0 2.61198)
(7.69181 0 2.88656)
(7.41006 0 3.18231)
(7.10365 0 3.49989)
(6.76834 0 3.83951)
(6.39832 0 4.20059)
(5.98552 0 4.58123)
(5.51903 0 4.97738)
(4.9843 0 5.38136)
(4.36316 0 5.77958)
(3.63177 0 6.14913)
(2.77998 0 6.45062)
(1.73334 0 6.62841)
(0.744776 0 6.50296)
(9.9942 0 0.114004)
(9.97487 0 0.22657)
(9.94056 0 0.339466)
(9.89252 0 0.454414)
(9.83174 0 0.572972)
(9.75852 0 0.696597)
(9.6729 0 0.82668)
(9.57489 0 0.964579)
(9.4645 0 1.11164)
(9.34164 0 1.2692)
(9.20618 0 1.43864)
(9.05789 0 1.62132)
(8.89647 0 1.81868)
(8.7215 0 2.03215)
(8.5324 0 2.26323)
(8.32839 0 2.51345)
(8.10838 0 2.78436)
(7.87084 0 3.07758)
(7.61363 0 3.39476)
(7.33374 0 3.73753)
(7.02691 0 4.1075)
(6.68712 0 4.50609)
(6.30584 0 4.93418)
(5.871 0 5.39152)
(5.36566 0 5.87542)
(4.76673 0 6.37829)
(4.04051 0 6.88323)
(3.16124 0 7.35344)
(2.02456 0 7.72306)
(0.880631 0 7.75686)
(9.99459 0 0.120851)
(9.97657 0 0.240219)
(9.94461 0 0.359999)
(9.89996 0 0.48199)
(9.84357 0 0.607783)
(9.77576 0 0.738868)
(9.69663 0 0.876682)
(9.60625 0 1.02263)
(9.50465 0 1.1781)
(9.39187 0 1.3445)
(9.26784 0 1.52324)
(9.13245 0 1.71577)
(8.98551 0 1.9236)
(8.82672 0 2.14829)
(8.65566 0 2.39148)
(8.47171 0 2.65494)
(8.27396 0 2.94054)
(8.06111 0 3.25037)
(7.83128 0 3.58672)
(7.5818 0 3.95223)
(7.30878 0 4.3499)
(7.00661 0 4.78324)
(6.66714 0 5.2562)
(6.27836 0 5.77305)
(5.82228 0 6.33779)
(5.27224 0 6.95249)
(4.58422 0 7.61367)
(3.70961 0 8.30086)
(2.48785 0 8.95802)
(1.12428 0 9.29283)
(9.99501 0 0.127208)
(9.97838 0 0.252878)
(9.94891 0 0.379012)
(9.9078 0 0.507475)
(9.85599 0 0.639894)
(9.79383 0 0.777786)
(9.72144 0 0.922621)
(9.63895 0 1.07584)
(9.54649 0 1.23887)
(9.44415 0 1.41315)
(9.33198 0 1.60014)
(9.20998 0 1.80134)
(9.07809 0 2.01832)
(8.93618 0 2.25274)
(8.78402 0 2.50638)
(8.6212 0 2.78118)
(8.44712 0 3.07931)
(8.26084 0 3.40322)
(8.06097 0 3.75581)
(7.84546 0 4.14057)
(7.61129 0 4.56176)
(7.35403 0 5.02482)
(7.06705 0 5.53666)
(6.74026 0 6.1063)
(6.35769 0 6.74542)
(5.89375 0 7.46908)
(5.30034 0 8.29643)
(4.50831 0 9.24796)
(3.26823 0 10.3416)
(1.60462 0 11.3584)
(9.99545 0 0.133047)
(9.98027 0 0.264497)
(9.95339 0 0.396432)
(9.91596 0 0.530776)
(9.86889 0 0.669184)
(9.81254 0 0.813195)
(9.74709 0 0.964302)
(9.67273 0 1.12397)
(9.58965 0 1.29366)
(9.49804 0 1.47482)
(9.39805 0 1.66893)
(9.28981 0 1.87755)
(9.17341 0 2.10228)
(9.0489 0 2.34483)
(8.91628 0 2.60709)
(8.77543 0 2.89112)
(8.62611 0 3.19929)
(8.46787 0 3.53434)
(8.29998 0 3.89959)
(8.1213 0 4.29914)
(7.93013 0 4.73819)
(7.72391 0 5.2236)
(7.49879 0 5.76458)
(7.24888 0 6.37396)
(6.96467 0 7.07017)
(6.63064 0 7.88103)
(6.21395 0 8.85195)
(5.66517 0 10.0659)
(4.68926 0 11.7308)
(2.68668 0 14.5908)
(0.116409 0 -0.115046)
(0.272875 0 -0.103235)
(0.430063 0 -0.0797226)
(0.559015 0 -0.0575974)
(0.655553 0 -0.039576)
(0.7248 0 -0.025629)
(0.773116 0 -0.0151435)
(0.805799 0 -0.00748924)
(0.826967 0 -0.00210568)
(0.839876 0 0.00149989)
(0.847124 0 0.00375246)
(0.850734 0 0.00500218)
(0.852236 0 0.00552041)
(0.852762 0 0.00551737)
(0.853139 0 0.00517657)
(0.853941 0 0.00466778)
(0.855482 0 0.00412158)
(0.857788 0 0.0036502)
(0.860623 0 0.00335296)
(0.863529 0 0.0033062)
(0.865907 0 0.00354195)
(0.867118 0 0.00400209)
(0.866775 0 0.00451998)
(0.864612 0 0.00501232)
(0.860468 0 0.00543392)
(0.854374 0 0.00576528)
(0.846454 0 0.00598318)
(0.836818 0 0.00610298)
(0.82582 0 0.00592781)
(0.812892 0 0.0045408)
(0.100861 0 -0.27266)
(0.254804 0 -0.252418)
(0.403038 0 -0.201822)
(0.527691 0 -0.152954)
(0.625787 0 -0.112833)
(0.701959 0 -0.0815933)
(0.761544 0 -0.0579186)
(0.808827 0 -0.0404199)
(0.847051 0 -0.0278577)
(0.87871 0 -0.019139)
(0.905728 0 -0.0133198)
(0.92953 0 -0.00962747)
(0.95114 0 -0.00748041)
(0.971298 0 -0.00644429)
(0.990556 0 -0.00616549)
(1.00931 0 -0.00633528)
(1.02781 0 -0.00669148)
(1.04622 0 -0.00699975)
(1.06454 0 -0.00705766)
(1.08271 0 -0.00671674)
(1.10055 0 -0.00590712)
(1.11779 0 -0.00466802)
(1.13397 0 -0.00313983)
(1.14871 0 -0.00146613)
(1.16188 0 0.000212544)
(1.17345 0 0.00184263)
(1.18346 0 0.00348236)
(1.19145 0 0.00491311)
(1.19749 0 0.00572485)
(1.20332 0 0.00479961)
(0.08074 0 -0.43245)
(0.214685 0 -0.399775)
(0.333941 0 -0.321987)
(0.433838 0 -0.24744)
(0.511926 0 -0.186611)
(0.572872 0 -0.139359)
(0.621073 0 -0.103559)
(0.659866 0 -0.0770413)
(0.691769 0 -0.0579046)
(0.71874 0 -0.0444722)
(0.74228 0 -0.035287)
(0.763451 0 -0.029158)
(0.78294 0 -0.0252212)
(0.801229 0 -0.0228519)
(0.818679 0 -0.0215707)
(0.835556 0 -0.0209854)
(0.852041 0 -0.0207432)
(0.868245 0 -0.0205267)
(0.884206 0 -0.020073)
(0.899898 0 -0.019203)
(0.915246 0 -0.0178317)
(0.930149 0 -0.0159535)
(0.944505 0 -0.0136428)
(0.958236 0 -0.0111332)
(0.971333 0 -0.00867762)
(0.983906 0 -0.0063497)
(0.995949 0 -0.004013)
(1.00789 0 -0.0018573)
(1.01919 0 -0.00022206)
(1.03101 0 0.000752253)
(0.0610965 0 -0.560515)
(0.169127 0 -0.510628)
(0.252495 0 -0.408284)
(0.32301 0 -0.313181)
(0.376203 0 -0.236863)
(0.417436 0 -0.178066)
(0.449893 0 -0.133723)
(0.475781 0 -0.100943)
(0.496767 0 -0.0773155)
(0.514208 0 -0.0607304)
(0.529192 0 -0.0493271)
(0.542411 0 -0.041552)
(0.554171 0 -0.0363788)
(0.564692 0 -0.0330724)
(0.574179 0 -0.0310692)
(0.582805 0 -0.0299098)
(0.590712 0 -0.029188)
(0.59801 0 -0.0285398)
(0.60478 0 -0.0276677)
(0.611072 0 -0.0263773)
(0.61691 0 -0.024574)
(0.622297 0 -0.0222401)
(0.627221 0 -0.0194613)
(0.631672 0 -0.0165488)
(0.635666 0 -0.0138272)
(0.639351 0 -0.0112523)
(0.642821 0 -0.00865125)
(0.646168 0 -0.00638056)
(0.648648 0 -0.00501325)
(0.65168 0 -0.00317287)
(0.0406493 0 -0.65824)
(0.117285 0 -0.586733)
(0.159194 0 -0.463282)
(0.198349 0 -0.353708)
(0.22383 0 -0.267328)
(0.242869 0 -0.201335)
(0.256878 0 -0.151733)
(0.266904 0 -0.115018)
(0.27373 0 -0.0885067)
(0.278142 0 -0.0698622)
(0.280952 0 -0.0569896)
(0.282545 0 -0.0478518)
(0.282758 0 -0.0414404)
(0.281643 0 -0.0370283)
(0.279319 0 -0.0340504)
(0.275929 0 -0.0320465)
(0.271634 0 -0.0306087)
(0.266619 0 -0.0293641)
(0.26108 0 -0.0280021)
(0.255173 0 -0.026325)
(0.248987 0 -0.0242222)
(0.242543 0 -0.0216278)
(0.235803 0 -0.0185777)
(0.228783 0 -0.0154737)
(0.221386 0 -0.0130491)
(0.213442 0 -0.0113526)
(0.204871 0 -0.00918844)
(0.19776 0 -0.0055536)
(0.185984 0 -0.00148287)
(0.16848 0 0.000822779)
(0.018677 0 -0.720175)
(0.0583277 0 -0.623637)
(0.054818 0 -0.48302)
(0.0610289 0 -0.365041)
(0.0563091 0 -0.273)
(0.0505724 0 -0.203238)
(0.0429369 0 -0.150914)
(0.0336436 0 -0.112055)
(0.0227005 0 -0.0840263)
(0.0105114 0 -0.0644353)
(-0.00224098 0 -0.0507828)
(-0.0155042 0 -0.0410887)
(-0.0297912 0 -0.0340804)
(-0.0449027 0 -0.0291352)
(-0.0606799 0 -0.0257511)
(-0.0769356 0 -0.0235261)
(-0.0934304 0 -0.0220855)
(-0.109911 0 -0.0210228)
(-0.126238 0 -0.0199614)
(-0.142441 0 -0.0186508)
(-0.15873 0 -0.0169616)
(-0.175402 0 -0.0147114)
(-0.192639 0 -0.0115965)
(-0.210309 0 -0.00755565)
(-0.230002 0 -0.00342273)
(-0.252885 0 -0.00039467)
(-0.275471 0 0.00208004)
(-0.294139 0 0.00535059)
(-0.304366 0 0.0075236)
(-0.311251 0 0.00639077)
(-0.00654989 0 -0.738905)
(-0.00985751 0 -0.615103)
(-0.0598032 0 -0.463432)
(-0.0905339 0 -0.344066)
(-0.127591 0 -0.251843)
(-0.161883 0 -0.182915)
(-0.194696 0 -0.131564)
(-0.226185 0 -0.093661)
(-0.256831 0 -0.0667766)
(-0.286508 0 -0.048474)
(-0.314807 0 -0.035613)
(-0.341656 0 -0.0262152)
(-0.367405 0 -0.019459)
(-0.392217 0 -0.0148782)
(-0.416291 0 -0.011973)
(-0.439849 0 -0.0103036)
(-0.463053 0 -0.00940847)
(-0.486027 0 -0.00868333)
(-0.509033 0 -0.00743008)
(-0.532868 0 -0.00526058)
(-0.558258 0 -0.00243448)
(-0.584676 0 0.000518192)
(-0.610274 0 0.00338932)
(-0.632698 0 0.00622513)
(-0.64964 0 0.00856304)
(-0.662549 0 0.00969659)
(-0.674325 0 0.00987969)
(-0.684946 0 0.00998872)
(-0.693586 0 0.00985781)
(-0.698669 0 0.00884713)
(-0.0384355 0 -0.705565)
(-0.0897003 0 -0.558645)
(-0.185369 0 -0.406876)
(-0.258844 0 -0.291808)
(-0.330985 0 -0.205144)
(-0.396043 0 -0.141954)
(-0.453933 0 -0.0958524)
(-0.505313 0 -0.0614935)
(-0.552102 0 -0.0360936)
(-0.596499 0 -0.0184975)
(-0.640215 0 -0.00718662)
(-0.678911 0 -0.000558548)
(-0.713146 0 0.00348603)
(-0.744031 0 0.00602125)
(-0.772605 0 0.00755578)
(-0.799677 0 0.00835336)
(-0.825696 0 0.00864266)
(-0.850722 0 0.00880798)
(-0.874409 0 0.00937427)
(-0.896042 0 0.0106082)
(-0.91549 0 0.0122404)
(-0.933552 0 0.0137067)
(-0.950797 0 0.014618)
(-0.966888 0 0.014972)
(-0.981038 0 0.015001)
(-0.992925 0 0.0149163)
(-1.00305 0 0.0148118)
(-1.01192 0 0.0146481)
(-1.01919 0 0.0140557)
(-1.02304 0 0.0129463)
(-0.078089 0 -0.61615)
(-0.180546 0 -0.451766)
(-0.32918 0 -0.306234)
(-0.450697 0 -0.201541)
(-0.562463 0 -0.126093)
(-0.661875 0 -0.0719451)
(-0.749047 0 -0.0340968)
(-0.824314 0 -0.00830694)
(-0.882968 0 0.00792495)
(-0.929106 0 0.0179271)
(-0.965347 0 0.0231999)
(-0.997336 0 0.0255056)
(-1.02618 0 0.0262765)
(-1.05254 0 0.0263104)
(-1.07702 0 0.0259539)
(-1.10008 0 0.0252423)
(-1.12195 0 0.0241346)
(-1.14263 0 0.0227962)
(-1.16213 0 0.0216902)
(-1.18059 0 0.0213706)
(-1.19831 0 0.022001)
(-1.21553 0 0.0230764)
(-1.23222 0 0.0237489)
(-1.24777 0 0.0234408)
(-1.26134 0 0.0222163)
(-1.27245 0 0.0206062)
(-1.28147 0 0.0192075)
(-1.28913 0 0.0182241)
(-1.29531 0 0.0173046)
(-1.29838 0 0.0164118)
(-0.130484 0 -0.465879)
(-0.291854 0 -0.292926)
(-0.499595 0 -0.163212)
(-0.671804 0 -0.0734579)
(-0.817523 0 -0.0146439)
(-0.928634 0 0.0174054)
(-1.01358 0 0.0346257)
(-1.07777 0 0.0428267)
(-1.13065 0 0.0466719)
(-1.17459 0 0.0481534)
(-1.21199 0 0.048243)
(-1.24444 0 0.0472468)
(-1.27303 0 0.0454588)
(-1.2987 0 0.0434413)
(-1.32233 0 0.0415452)
(-1.34459 0 0.0396969)
(-1.36572 0 0.0376446)
(-1.38562 0 0.0354123)
(-1.40419 0 0.0334764)
(-1.42164 0 0.0324477)
(-1.43849 0 0.0324905)
(-1.45516 0 0.0330159)
(-1.47158 0 0.0329895)
(-1.48695 0 0.0316231)
(-1.50016 0 0.0289454)
(-1.51058 0 0.0257811)
(-1.51861 0 0.0231279)
(-1.5252 0 0.0213872)
(-1.53046 0 0.020254)
(-1.53294 0 0.019559)
(-0.2065 0 -0.262135)
(-0.446804 0 -0.0655063)
(-0.700242 0 0.0430247)
(-0.882734 0 0.084963)
(-1.02094 0 0.0975211)
(-1.13037 0 0.099718)
(-1.21663 0 0.0970717)
(-1.28524 0 0.0923115)
(-1.34034 0 0.0866559)
(-1.38531 0 0.0809193)
(-1.42301 0 0.0755415)
(-1.45536 0 0.0703882)
(-1.4835 0 0.0654082)
(-1.50845 0 0.0609999)
(-1.5313 0 0.0574548)
(-1.55296 0 0.0544437)
(-1.57364 0 0.0513059)
(-1.59297 0 0.0478338)
(-1.6106 0 0.0446469)
(-1.62685 0 0.0426873)
(-1.64258 0 0.0422677)
(-1.6586 0 0.0425874)
(-1.67488 0 0.0421564)
(-1.69033 0 0.0397876)
(-1.70339 0 0.0354789)
(-1.71315 0 0.0305032)
(-1.72009 0 0.0264618)
(-1.72555 0 0.0240398)
(-1.7299 0 0.0228325)
(-1.73191 0 0.0223401)
(-0.297712 0 0.127022)
(-0.573904 0 0.237476)
(-0.849841 0 0.250267)
(-1.04952 0 0.236462)
(-1.20167 0 0.212776)
(-1.31706 0 0.187318)
(-1.40514 0 0.163957)
(-1.47354 0 0.14377)
(-1.52738 0 0.126679)
(-1.57066 0 0.112872)
(-1.60678 0 0.101999)
(-1.63781 0 0.0928289)
(-1.66465 0 0.0845728)
(-1.68807 0 0.0776321)
(-1.70946 0 0.0725144)
(-1.73012 0 0.068616)
(-1.75023 0 0.0645974)
(-1.76893 0 0.0598232)
(-1.78542 0 0.0551429)
(-1.80005 0 0.0521116)
(-1.81429 0 0.0513835)
(-1.82951 0 0.0518689)
(-1.84583 0 0.0513745)
(-1.86173 0 0.0480868)
(-1.8749 0 0.0419147)
(-1.88396 0 0.0347557)
(-1.88957 0 0.0291221)
(-1.89363 0 0.0261146)
(-1.897 0 0.0250042)
(-1.89858 0 0.0247229)
(-0.360658 0 0.546908)
(-0.700401 0 0.569742)
(-1.02416 0 0.488224)
(-1.23898 0 0.404608)
(-1.39232 0 0.333862)
(-1.50298 0 0.274422)
(-1.58468 0 0.22809)
(-1.64717 0 0.19256)
(-1.69567 0 0.164234)
(-1.73404 0 0.142504)
(-1.76629 0 0.126705)
(-1.79475 0 0.114062)
(-1.81944 0 0.102492)
(-1.84043 0 0.0927407)
(-1.85946 0 0.0861554)
(-1.87862 0 0.0818861)
(-1.89816 0 0.0773945)
(-1.91633 0 0.0712329)
(-1.93146 0 0.0646434)
(-1.94391 0 0.0603101)
(-1.95606 0 0.0595528)
(-1.97029 0 0.0608268)
(-1.98694 0 0.0608188)
(-2.00381 0 0.0567543)
(-2.01747 0 0.0483638)
(-2.02575 0 0.0384349)
(-2.02953 0 0.0308873)
(-2.03176 0 0.0274618)
(-2.034 0 0.0267471)
(-2.0352 0 0.0267211)
(-0.481167 0 1.06315)
(-0.912464 0 0.97355)
(-1.27038 0 0.748797)
(-1.46871 0 0.567221)
(-1.60077 0 0.445248)
(-1.69272 0 0.348952)
(-1.75724 0 0.281547)
(-1.80712 0 0.235227)
(-1.84636 0 0.197543)
(-1.87655 0 0.167758)
(-1.90257 0 0.147835)
(-1.92753 0 0.133025)
(-1.94969 0 0.118511)
(-1.96727 0 0.105773)
(-1.98263 0 0.0981486)
(-1.99964 0 0.0946752)
(-2.01886 0 0.0905535)
(-2.03698 0 0.0828033)
(-2.05061 0 0.073381)
(-2.06004 0 0.0670983)
(-2.06921 0 0.0665807)
(-2.08212 0 0.0695286)
(-2.09951 0 0.0708029)
(-2.11816 0 0.0661666)
(-2.13288 0 0.055015)
(-2.1402 0 0.0413818)
(-2.14138 0 0.0313799)
(-2.14105 0 0.0278253)
(-2.14201 0 0.0280618)
(-2.14291 0 0.0284069)
(-0.71434 0 2.07013)
(-1.24938 0 1.64184)
(-1.6299 0 1.04127)
(-1.75643 0 0.652673)
(-1.82923 0 0.517597)
(-1.8857 0 0.405209)
(-1.91825 0 0.32669)
(-1.9496 0 0.274486)
(-1.97923 0 0.223847)
(-1.99891 0 0.181806)
(-2.01534 0 0.161135)
(-2.03587 0 0.14985)
(-2.05578 0 0.134325)
(-2.06903 0 0.11736)
(-2.07888 0 0.107696)
(-2.09293 0 0.105956)
(-2.11271 0 0.103061)
(-2.13198 0 0.0932181)
(-2.14412 0 0.079519)
(-2.14915 0 0.0704645)
(-2.15375 0 0.0709835)
(-2.16477 0 0.0774)
(-2.18349 0 0.0814358)
(-2.20508 0 0.0767026)
(-2.2217 0 0.0620811)
(-2.22781 0 0.0433222)
(-2.2251 0 0.0299599)
(-2.22106 0 0.0267767)
(-2.22054 0 0.0290096)
(-2.22138 0 0.0300096)
(9.9959 0 0.138442)
(9.98225 0 0.275231)
(9.95811 0 0.412514)
(9.92454 0 0.552259)
(9.88243 0 0.696143)
(9.83217 0 0.84572)
(9.774 0 1.00249)
(9.70816 0 1.16794)
(9.63494 0 1.34353)
(9.5546 0 1.53072)
(9.46742 0 1.731)
(9.37367 0 1.94593)
(9.27359 0 2.17712)
(9.16747 0 2.42634)
(9.05553 0 2.69548)
(8.93801 0 2.98668)
(8.81509 0 3.3024)
(8.68691 0 3.64552)
(8.55354 0 4.01957)
(8.41498 0 4.42892)
(8.27116 0 4.87921)
(8.12195 0 5.37791)
(7.96731 0 5.93518)
(7.80748 0 6.56539)
(7.64367 0 7.2896)
(7.48085 0 8.14041)
(7.33221 0 9.17177)
(7.28775 0 10.4772)
(7.74506 0 12.2015)
(7.9251 0 14.9198)
(9.99638 0 0.143401)
(9.98434 0 0.285085)
(9.96306 0 0.427241)
(9.93352 0 0.571868)
(9.89657 0 0.720657)
(9.85263 0 0.875166)
(9.80198 0 1.0369)
(9.74494 0 1.20735)
(9.68186 0 1.38795)
(9.61311 0 1.58017)
(9.5391 0 1.78548)
(9.46022 0 2.00543)
(9.37692 0 2.24161)
(9.28967 0 2.49575)
(9.19901 0 2.76975)
(9.1055 0 3.06571)
(9.0098 0 3.38607)
(8.91266 0 3.73366)
(8.81499 0 4.11195)
(8.71797 0 4.5252)
(8.62321 0 4.97883)
(8.53307 0 5.47986)
(8.45126 0 6.03763)
(8.38403 0 6.66472)
(8.34255 0 7.37835)
(8.34888 0 8.20197)
(8.44182 0 9.16571)
(8.67725 0 10.3029)
(9.32388 0 11.5583)
(9.8134 0 12.6481)
(9.99688 0 0.147838)
(9.98651 0 0.293896)
(9.96819 0 0.440391)
(9.94283 0 0.589336)
(9.91121 0 0.742428)
(9.87378 0 0.901218)
(9.83086 0 1.0672)
(9.78284 0 1.24184)
(9.73015 0 1.42656)
(9.67325 0 1.6228)
(9.61265 0 1.832)
(9.54891 0 2.05563)
(9.48265 0 2.29526)
(9.41456 0 2.55255)
(9.34544 0 2.82929)
(9.27622 0 3.12748)
(9.20799 0 3.44941)
(9.14208 0 3.7977)
(9.0802 0 4.17548)
(9.02454 0 4.5865)
(8.97814 0 5.03537)
(8.94525 0 5.52777)
(8.93218 0 6.07069)
(8.94844 0 6.67251)
(9.00852 0 7.3427)
(9.13456 0 8.08992)
(9.35756 0 8.91605)
(9.68703 0 9.81006)
(10.2529 0 10.7206)
(10.9407 0 11.438)
(9.9974 0 0.151699)
(9.98874 0 0.301557)
(9.97347 0 0.451796)
(9.95239 0 0.604434)
(9.92623 0 0.761157)
(9.89545 0 0.923501)
(9.86042 0 1.09294)
(9.82158 0 1.27089)
(9.77943 0 1.45876)
(9.73453 0 1.65793)
(9.68749 0 1.86976)
(9.639 0 2.09567)
(9.58986 0 2.33713)
(9.54095 0 2.59568)
(9.49332 0 2.87296)
(9.44821 0 3.17078)
(9.40711 0 3.49115)
(9.37184 0 3.83632)
(9.34471 0 4.20889)
(9.32867 0 4.61182)
(9.32766 0 5.04852)
(9.34699 0 5.52283)
(9.3939 0 6.03888)
(9.47829 0 6.60065)
(9.61338 0 7.21091)
(9.816 0 7.86935)
(10.1089 0 8.56889)
(10.5009 0 9.29488)
(11.0587 0 10.0372)
(11.8524 0 10.6827)
(9.99792 0 0.154939)
(9.99101 0 0.307976)
(9.97884 0 0.461323)
(9.96212 0 0.616984)
(9.9415 0 0.776626)
(9.91746 0 0.941754)
(9.8904 0 1.1138)
(9.86082 0 1.29416)
(9.82928 0 1.48415)
(9.79642 0 1.6851)
(9.76293 0 1.89829)
(9.72965 0 2.12503)
(9.69748 0 2.36666)
(9.6675 0 2.62455)
(9.64098 0 2.90016)
(9.61938 0 3.19502)
(9.6045 0 3.51078)
(9.59851 0 3.84922)
(9.6041 0 4.21227)
(9.62466 0 4.60196)
(9.66451 0 5.02041)
(9.72918 0 5.46962)
(9.82575 0 5.95122)
(9.96317 0 6.46591)
(10.1525 0 7.01261)
(10.4069 0 7.58744)
(10.7436 0 8.1823)
(11.1742 0 8.7825)
(11.7218 0 9.37645)
(12.4755 0 9.88923)
(9.99845 0 0.157512)
(9.9933 0 0.313066)
(9.98427 0 0.468844)
(9.97194 0 0.62682)
(9.9569 0 0.78863)
(9.93961 0 0.955737)
(9.92055 0 1.12953)
(9.90022 0 1.31133)
(9.87925 0 1.5024)
(9.85833 0 1.70396)
(9.83825 0 1.9172)
(9.81993 0 2.14332)
(9.80439 0 2.38347)
(9.79284 0 2.63884)
(9.78669 0 2.91064)
(9.78758 0 3.20009)
(9.7975 0 3.50843)
(9.8188 0 3.83691)
(9.85434 0 4.18676)
(9.90763 0 4.55909)
(9.98295 0 4.95481)
(10.0855 0 5.3744)
(10.2217 0 5.81758)
(10.399 0 6.28292)
(10.6262 0 6.76715)
(10.9131 0 7.2645)
(11.2709 0 7.76574)
(11.7077 0 8.25532)
(12.2241 0 8.71653)
(12.9005 0 9.10783)
(9.99898 0 0.159381)
(9.9956 0 0.316751)
(9.98971 0 0.474245)
(9.98176 0 0.633795)
(9.97228 0 0.796989)
(9.96173 0 0.96524)
(9.95059 0 1.13987)
(9.93942 0 1.32214)
(9.92886 0 1.51322)
(9.91968 0 1.71422)
(9.91271 0 1.92623)
(9.90892 0 2.15027)
(9.90944 0 2.38735)
(9.91555 0 2.63841)
(9.92874 0 2.90441)
(9.95075 0 3.18622)
(9.98363 0 3.48467)
(10.0298 0 3.80048)
(10.092 0 4.1342)
(10.1737 0 4.48614)
(10.2788 0 4.85619)
(10.4119 0 5.24366)
(10.5783 0 5.64698)
(10.784 0 6.06332)
(11.0353 0 6.48821)
(11.3387 0 6.91496)
(11.7004 0 7.33419)
(12.1243 0 7.7325)
(12.6046 0 8.09529)
(13.2105 0 8.40202)
(9.99951 0 0.160512)
(9.99789 0 0.318965)
(9.9951 0 0.477431)
(9.9915 0 0.637783)
(9.98753 0 0.801552)
(9.98361 0 0.970092)
(9.98026 0 1.14465)
(9.97806 0 1.3264)
(9.97767 0 1.51642)
(9.97988 0 1.71571)
(9.98556 0 1.92521)
(9.99572 0 2.1458)
(10.0115 0 2.37828)
(10.0343 0 2.62339)
(10.0655 0 2.88178)
(10.107 0 3.15401)
(10.1607 0 3.4405)
(10.2289 0 3.74147)
(10.3143 0 4.05692)
(10.42 0 4.38646)
(10.5492 0 4.72924)
(10.706 0 5.08373)
(10.8944 0 5.44754)
(11.1187 0 5.81715)
(11.3832 0 6.18766)
(11.6918 0 6.5525)
(12.0472 0 6.90339)
(12.451 0 7.23001)
(12.8956 0 7.52118)
(13.439 0 7.76559)
(10 0 0.160877)
(10.0001 0 0.319652)
(10.0004 0 0.47832)
(10.0011 0 0.638682)
(10.0025 0 0.802203)
(10.0051 0 0.970161)
(10.0093 0 1.14373)
(10.0158 0 1.32397)
(10.0252 0 1.51188)
(10.0383 0 1.70833)
(10.0561 0 1.91411)
(10.0795 0 2.12995)
(10.1096 0 2.35644)
(10.1478 0 2.5941)
(10.1956 0 2.84332)
(10.2547 0 3.10435)
(10.3268 0 3.37723)
(10.4142 0 3.66179)
(10.5192 0 3.95754)
(10.6445 0 4.2636)
(10.7927 0 4.57858)
(10.9669 0 4.90046)
(11.1702 0 5.22646)
(11.4055 0 5.55285)
(11.6753 0 5.87488)
(11.9816 0 6.18671)
(12.3252 0 6.48144)
(12.7058 0 6.75124)
(13.1157 0 6.98776)
(13.6038 0 7.18412)
(10.0005 0 0.160454)
(10.0023 0 0.318771)
(10.0056 0 0.476854)
(10.0104 0 0.63642)
(10.017 0 0.798857)
(10.0259 0 0.965364)
(10.0374 0 1.13702)
(10.0523 0 1.31481)
(10.071 0 1.49958)
(10.0945 0 1.69211)
(10.1237 0 1.89303)
(10.1593 0 2.10291)
(10.2027 0 2.32216)
(10.2551 0 2.55108)
(10.3178 0 2.78982)
(10.3924 0 3.03835)
(10.4806 0 3.29641)
(10.5843 0 3.56351)
(10.7054 0 3.8388)
(10.8461 0 4.12105)
(11.0086 0 4.40858)
(11.195 0 4.69912)
(11.4076 0 4.9898)
(11.6479 0 5.27704)
(11.9174 0 5.55653)
(12.2166 0 5.82329)
(12.5451 0 6.0718)
(12.9016 0 6.29614)
(13.279 0 6.49026)
(13.7191 0 6.65)
(10.001 0 0.159228)
(10.0044 0 0.316293)
(10.0106 0 0.472992)
(10.0194 0 0.63095)
(10.0311 0 0.791469)
(10.0459 0 0.955662)
(10.0644 0 1.12452)
(10.0872 0 1.2989)
(10.1148 0 1.47957)
(10.148 0 1.66716)
(10.1876 0 1.86218)
(10.2347 0 2.06502)
(10.2901 0 2.27594)
(10.3552 0 2.49503)
(10.4311 0 2.72225)
(10.5192 0 2.95732)
(10.621 0 3.19975)
(10.7381 0 3.44881)
(10.8721 0 3.70342)
(11.0246 0 3.96215)
(11.1972 0 4.22318)
(11.3915 0 4.48421)
(11.6087 0 4.74247)
(11.8497 0 4.99471)
(12.1149 0 5.2372)
(12.4041 0 5.46584)
(12.7161 0 5.67629)
(13.049 0 5.86421)
(13.3967 0 6.02534)
(13.7957 0 6.15716)
(10.0015 0 0.157192)
(10.0065 0 0.312203)
(10.0154 0 0.466717)
(10.028 0 0.622256)
(10.0445 0 0.780031)
(10.065 0 0.941064)
(10.0901 0 1.10624)
(10.1202 0 1.27634)
(10.1561 0 1.45199)
(10.1983 0 1.63371)
(10.2476 0 1.82188)
(10.3049 0 2.01674)
(10.3712 0 2.2184)
(10.4474 0 2.4268)
(10.5347 0 2.64169)
(10.6343 0 2.86265)
(10.7474 0 3.08901)
(10.8752 0 3.31987)
(11.0191 0 3.55402)
(11.1801 0 3.78996)
(11.3595 0 4.02584)
(11.558 0 4.25949)
(11.7764 0 4.48836)
(12.0149 0 4.7096)
(12.2732 0 4.9201)
(12.5507 0 5.11656)
(12.8458 0 5.29568)
(13.1565 0 5.45429)
(13.4774 0 5.58946)
(13.841 0 5.69968)
(10.0019 0 0.154344)
(10.0084 0 0.3065)
(10.0199 0 0.458031)
(10.0361 0 0.61035)
(10.0571 0 0.764572)
(10.083 0 0.921625)
(10.1142 0 1.0823)
(10.1512 0 1.24727)
(10.1946 0 1.41705)
(10.245 0 1.59206)
(10.303 0 1.77254)
(10.3695 0 1.95862)
(10.4453 0 2.15027)
(10.5312 0 2.3473)
(10.6283 0 2.54933)
(10.7374 0 2.7558)
(10.8595 0 2.96595)
(10.9957 0 3.17876)
(11.1468 0 3.39301)
(11.3135 0 3.60719)
(11.4967 0 3.81954)
(11.6967 0 4.02806)
(11.9136 0 4.23051)
(12.1473 0 4.42447)
(12.3972 0 4.60739)
(12.6622 0 4.77669)
(12.9408 0 4.92989)
(13.2308 0 5.06471)
(13.5279 0 5.17917)
(13.861 0 5.2724)
(10.0024 0 0.150691)
(10.0102 0 0.299198)
(10.0241 0 0.446959)
(10.0438 0 0.595272)
(10.0689 0 0.745156)
(10.0997 0 0.897443)
(10.1366 0 1.05283)
(10.1799 0 1.21188)
(10.2302 0 1.37503)
(10.2879 0 1.54257)
(10.3538 0 1.71465)
(10.4283 0 1.89129)
(10.5123 0 2.07235)
(10.6065 0 2.25753)
(10.7115 0 2.44637)
(10.8283 0 2.63822)
(10.9575 0 2.83226)
(11.0998 0 3.02746)
(11.2558 0 3.22259)
(11.426 0 3.41623)
(11.6107 0 3.60676)
(11.8098 0 3.79241)
(12.0234 0 3.97124)
(12.2509 0 4.14126)
(12.4914 0 4.30041)
(12.7438 0 4.44673)
(13.0065 0 4.57835)
(13.2776 0 4.69368)
(13.5533 0 4.79139)
(13.86 0 4.87104)
(10.0027 0 0.146245)
(10.0119 0 0.290323)
(10.0281 0 0.433544)
(10.0508 0 0.57709)
(10.0798 0 0.721881)
(10.1152 0 0.868656)
(10.1572 0 1.01802)
(10.2062 0 1.17044)
(10.2626 0 1.32626)
(10.3269 0 1.48568)
(10.3995 0 1.64877)
(10.481 0 1.81544)
(10.572 0 1.98548)
(10.673 0 2.15851)
(10.7846 0 2.33402)
(10.9073 0 2.51132)
(11.0418 0 2.68956)
(11.1883 0 2.86774)
(11.3473 0 3.0447)
(11.519 0 3.21912)
(11.7033 0 3.38957)
(11.9 0 3.5545)
(12.1089 0 3.71229)
(12.3292 0 3.86132)
(12.5599 0 3.99997)
(12.7999 0 4.12674)
(13.0476 0 4.24028)
(13.3014 0 4.33947)
(13.5582 0 4.42345)
(13.8419 0 4.49205)
(10.0031 0 0.141024)
(10.0134 0 0.279913)
(10.0317 0 0.417847)
(10.0573 0 0.555893)
(10.0898 0 0.694873)
(10.1293 0 0.835436)
(10.1759 0 0.978097)
(10.23 0 1.12324)
(10.2919 0 1.27113)
(10.3618 0 1.42187)
(10.4403 0 1.57547)
(10.5277 0 1.73177)
(10.6244 0 1.8905)
(10.7309 0 2.05124)
(10.8476 0 2.21344)
(10.9749 0 2.3764)
(11.113 0 2.53931)
(11.2621 0 2.70121)
(11.4225 0 2.86102)
(11.594 0 3.01758)
(11.7766 0 3.16963)
(11.9697 0 3.31585)
(12.1729 0 3.45493)
(12.3855 0 3.58553)
(12.6064 0 3.70644)
(12.8344 0 3.8165)
(13.0682 0 3.91476)
(13.3063 0 4.00045)
(13.5461 0 4.07302)
(13.8097 0 4.13247)
(10.0034 0 0.135052)
(10.0148 0 0.268016)
(10.035 0 0.399945)
(10.0632 0 0.531791)
(10.0988 0 0.664283)
(10.142 0 0.797982)
(10.1927 0 0.933322)
(10.2513 0 1.07061)
(10.3179 0 1.21003)
(10.3927 0 1.35164)
(10.4761 0 1.49536)
(10.5684 0 1.64101)
(10.6698 0 1.78827)
(10.7806 0 1.93669)
(10.9011 0 2.08573)
(11.0315 0 2.2347)
(11.1719 0 2.38284)
(11.3223 0 2.52925)
(11.4828 0 2.67299)
(11.653 0 2.81301)
(11.8327 0 2.94825)
(12.0214 0 3.07761)
(12.2184 0 3.20002)
(12.423 0 3.31444)
(12.6342 0 3.41991)
(12.8509 0 3.51561)
(13.0718 0 3.60084)
(13.2957 0 3.6751)
(13.5203 0 3.73805)
(13.7662 0 3.78981)
(10.0037 0 0.128357)
(10.0161 0 0.25469)
(10.0379 0 0.379926)
(10.0684 0 0.504911)
(10.1069 0 0.630281)
(10.1533 0 0.756515)
(10.2076 0 0.883974)
(10.27 0 1.0129)
(10.3407 0 1.1434)
(10.4196 0 1.27549)
(10.5071 0 1.40906)
(10.6033 0 1.54387)
(10.7084 0 1.67959)
(10.8225 0 1.81578)
(10.9457 0 1.9519)
(11.0781 0 2.08731)
(11.2196 0 2.2213)
(11.3702 0 2.35307)
(11.5297 0 2.48178)
(11.6977 0 2.60653)
(11.8738 0 2.72644)
(12.0575 0 2.8406)
(12.2481 0 2.94815)
(12.4448 0 3.04828)
(12.6466 0 3.14027)
(12.8526 0 3.22352)
(13.0617 0 3.29755)
(13.2727 0 3.36203)
(13.4837 0 3.41678)
(13.7139 0 3.46196)
(10.004 0 0.12097)
(10.0172 0 0.239996)
(10.0405 0 0.35789)
(10.0731 0 0.475391)
(10.114 0 0.593049)
(10.1632 0 0.71127)
(10.2207 0 0.830345)
(10.2864 0 0.950454)
(10.3604 0 1.07167)
(10.4428 0 1.19394)
(10.5336 0 1.31714)
(10.6328 0 1.44101)
(10.7407 0 1.56522)
(10.8571 0 1.68934)
(10.982 0 1.81286)
(11.1155 0 1.93519)
(11.2572 0 2.05568)
(11.4071 0 2.17364)
(11.5649 0 2.28834)
(11.73 0 2.39902)
(11.9021 0 2.50494)
(12.0805 0 2.60537)
(12.2645 0 2.69963)
(12.4535 0 2.7871)
(12.6464 0 2.86725)
(12.8425 0 2.93964)
(13.0406 0 3.00394)
(13.24 0 3.05996)
(13.4389 0 3.10761)
(13.6552 0 3.14709)
(10.0042 0 0.112924)
(10.0182 0 0.224003)
(10.0428 0 0.333938)
(10.0771 0 0.443373)
(10.1202 0 0.552777)
(10.1718 0 0.662487)
(10.2319 0 0.772732)
(10.3004 0 0.883643)
(10.3772 0 0.995247)
(10.4623 0 1.10748)
(10.5557 0 1.22017)
(10.6574 0 1.33307)
(10.7672 0 1.44586)
(10.8851 0 1.55813)
(11.011 0 1.6694)
(11.1447 0 1.77915)
(11.286 0 1.88681)
(11.4345 0 1.99177)
(11.5899 0 2.09341)
(11.7517 0 2.1911)
(11.9195 0 2.28424)
(12.0925 0 2.37225)
(12.2701 0 2.45458)
(12.4516 0 2.53078)
(12.6362 0 2.60045)
(12.8231 0 2.66327)
(13.0113 0 2.71905)
(13.2001 0 2.76767)
(13.3882 0 2.80912)
(13.5922 0 2.84358)
(10.0044 0 0.104252)
(10.019 0 0.206776)
(10.0448 0 0.308177)
(10.0807 0 0.409004)
(10.1256 0 0.509655)
(10.1792 0 0.610403)
(10.2415 0 0.711425)
(10.3123 0 0.812807)
(10.3913 0 0.914545)
(10.4786 0 1.01655)
(10.574 0 1.11865)
(10.6773 0 1.22061)
(10.7885 0 1.32211)
(10.9072 0 1.42277)
(11.0334 0 1.52218)
(11.1668 0 1.61986)
(11.307 0 1.71532)
(11.4537 0 1.80805)
(11.6064 0 1.89751)
(11.7647 0 1.98321)
(11.928 0 2.06464)
(12.0957 0 2.14135)
(12.2672 0 2.21293)
(12.4416 0 2.27902)
(12.6185 0 2.33934)
(12.7969 0 2.39368)
(12.9761 0 2.44192)
(13.1555 0 2.484)
(13.3339 0 2.51994)
(13.527 0 2.54994)
(10.0046 0 0.0949866)
(10.0198 0 0.188382)
(10.0466 0 0.280706)
(10.0837 0 0.372426)
(10.1302 0 0.463868)
(10.1855 0 0.555249)
(10.2496 0 0.6467)
(10.3222 0 0.738269)
(10.4031 0 0.829932)
(10.492 0 0.921587)
(10.5888 0 1.01306)
(10.6933 0 1.10413)
(10.8052 0 1.1945)
(10.9243 0 1.28383)
(11.0503 0 1.37175)
(11.1828 0 1.45786)
(11.3216 0 1.54173)
(11.4661 0 1.62293)
(11.616 0 1.70102)
(11.7706 0 1.7756)
(11.9295 0 1.84626)
(12.0921 0 1.91266)
(12.2577 0 1.97447)
(12.4257 0 2.03144)
(12.5954 0 2.08337)
(12.7661 0 2.13012)
(12.9373 0 2.17161)
(13.1082 0 2.20784)
(13.278 0 2.23885)
(13.4614 0 2.26484)
(10.0047 0 0.0851547)
(10.0204 0 0.168879)
(10.0481 0 0.251619)
(10.0863 0 0.333769)
(10.1341 0 0.415589)
(10.1908 0 0.49724)
(10.2564 0 0.57881)
(10.3304 0 0.660323)
(10.4126 0 0.741734)
(10.5028 0 0.822939)
(10.6006 0 0.903773)
(10.7058 0 0.984022)
(10.818 0 1.06343)
(10.937 0 1.14169)
(11.0625 0 1.2185)
(11.1939 0 1.29349)
(11.331 0 1.36631)
(11.4732 0 1.43662)
(11.6201 0 1.50405)
(11.7712 0 1.56827)
(11.9259 0 1.62897)
(12.0836 0 1.68588)
(12.2437 0 1.73877)
(12.4057 0 1.78745)
(12.569 0 1.83177)
(12.7329 0 1.87165)
(12.8968 0 1.90705)
(13.0603 0 1.93799)
(13.2224 0 1.96452)
(13.3974 0 1.98683)
(10.0049 0 0.0747772)
(10.021 0 0.148311)
(10.0494 0 0.220995)
(10.0886 0 0.293152)
(10.1374 0 0.364975)
(10.1953 0 0.436572)
(10.262 0 0.507997)
(10.3372 0 0.57925)
(10.4204 0 0.650277)
(10.5114 0 0.720972)
(10.6098 0 0.791182)
(10.7154 0 0.860713)
(10.8276 0 0.929338)
(10.9462 0 0.996802)
(11.0709 0 1.06283)
(11.201 0 1.12713)
(11.3363 0 1.18941)
(11.4762 0 1.24939)
(11.6202 0 1.30677)
(11.7678 0 1.3613)
(11.9186 0 1.41274)
(12.0718 0 1.46088)
(12.227 0 1.50554)
(12.3836 0 1.5466)
(12.5411 0 1.58395)
(12.6989 0 1.61756)
(12.8565 0 1.64739)
(13.0134 0 1.6735)
(13.1689 0 1.69593)
(13.3365 0 1.71486)
(10.005 0 0.0638609)
(10.0215 0 0.126704)
(10.0506 0 0.188892)
(10.0906 0 0.250671)
(10.1403 0 0.312148)
(10.1992 0 0.373379)
(10.2668 0 0.434388)
(10.3427 0 0.495164)
(10.4267 0 0.555648)
(10.5183 0 0.61574)
(10.6171 0 0.675302)
(10.7227 0 0.734168)
(10.8347 0 0.792143)
(10.9528 0 0.849013)
(11.0764 0 0.904548)
(11.2052 0 0.958514)
(11.3387 0 1.01067)
(11.4763 0 1.06079)
(11.6176 0 1.10865)
(11.7621 0 1.15404)
(11.9092 0 1.19679)
(12.0584 0 1.23673)
(12.2092 0 1.27375)
(12.3611 0 1.30774)
(12.5135 0 1.33865)
(12.666 0 1.36645)
(12.8181 0 1.39114)
(12.9694 0 1.41276)
(13.1192 0 1.43137)
(13.2805 0 1.44711)
(10.0051 0 0.0523853)
(10.0221 0 0.104043)
(10.0518 0 0.155352)
(10.0925 0 0.206452)
(10.143 0 0.257339)
(10.2025 0 0.308009)
(10.2708 0 0.35846)
(10.3474 0 0.408665)
(10.4319 0 0.45856)
(10.5238 0 0.508051)
(10.6227 0 0.557019)
(10.7282 0 0.605322)
(10.8399 0 0.6528)
(10.9573 0 0.699281)
(11.0799 0 0.744582)
(11.2074 0 0.788516)
(11.3391 0 0.830898)
(11.4746 0 0.87155)
(11.6135 0 0.910302)
(11.7552 0 0.947002)
(11.8991 0 0.981514)
(12.0448 0 1.01373)
(12.1918 0 1.04355)
(12.3396 0 1.07092)
(12.4877 0 1.0958)
(12.6357 0 1.11817)
(12.7831 0 1.13806)
(12.9296 0 1.15549)
(13.0746 0 1.17052)
(13.2306 0 1.18328)
(10.0053 0 0.0402674)
(10.0228 0 0.0802233)
(10.0532 0 0.120219)
(10.0947 0 0.160191)
(10.1458 0 0.20003)
(10.2059 0 0.239719)
(10.2747 0 0.279252)
(10.3517 0 0.318594)
(10.4365 0 0.35768)
(10.5286 0 0.396424)
(10.6275 0 0.434725)
(10.7328 0 0.472466)
(10.8441 0 0.509519)
(10.9607 0 0.545746)
(11.0824 0 0.581004)
(11.2086 0 0.61515)
(11.3388 0 0.648042)
(11.4725 0 0.679546)
(11.6092 0 0.709537)
(11.7485 0 0.737902)
(11.8897 0 0.764544)
(12.0325 0 0.789384)
(12.1763 0 0.812359)
(12.3207 0 0.833429)
(12.4653 0 0.85257)
(12.6096 0 0.869779)
(12.7532 0 0.88507)
(12.8958 0 0.898476)
(13.037 0 0.910042)
(13.1887 0 0.919857)
(10.0056 0 0.0273249)
(10.0239 0 0.0555872)
(10.0551 0 0.0845793)
(10.0971 0 0.113636)
(10.1486 0 0.142528)
(10.2092 0 0.171274)
(10.2784 0 0.199889)
(10.3557 0 0.228337)
(10.4407 0 0.256564)
(10.5329 0 0.284506)
(10.6317 0 0.312092)
(10.7368 0 0.339241)
(10.8476 0 0.365864)
(10.9637 0 0.391865)
(11.0845 0 0.417145)
(11.2097 0 0.441604)
(11.3386 0 0.465144)
(11.4708 0 0.487674)
(11.6057 0 0.509108)
(11.743 0 0.529369)
(11.8821 0 0.548393)
(12.0225 0 0.566126)
(12.1638 0 0.582528)
(12.3055 0 0.597574)
(12.4473 0 0.61125)
(12.5887 0 0.623557)
(12.7293 0 0.634508)
(12.8688 0 0.644127)
(13.0069 0 0.652448)
(13.1551 0 0.659544)
(10.0068 0 0.0112448)
(10.0271 0 0.0265781)
(10.0593 0 0.0438028)
(10.1017 0 0.0613125)
(10.1534 0 0.0787882)
(10.2142 0 0.0962719)
(10.2835 0 0.113758)
(10.3609 0 0.131188)
(10.4458 0 0.1485)
(10.5379 0 0.165639)
(10.6365 0 0.182554)
(10.7412 0 0.199186)
(10.8516 0 0.215477)
(10.9671 0 0.231365)
(11.0872 0 0.246788)
(11.2114 0 0.261683)
(11.3393 0 0.275994)
(11.4704 0 0.289664)
(11.604 0 0.302644)
(11.7399 0 0.31489)
(11.8774 0 0.326366)
(12.0161 0 0.337043)
(12.1556 0 0.3469)
(12.2954 0 0.355925)
(12.4352 0 0.364115)
(12.5745 0 0.371472)
(12.713 0 0.37801)
(12.8505 0 0.383747)
(12.9864 0 0.388712)
(13.1324 0 0.392965)
(9.99589 0 0.000922135)
(10.007 0 0.00495334)
(10.0276 0 0.0102608)
(10.0576 0 0.0158019)
(10.0974 0 0.0214148)
(10.1467 0 0.0271264)
(10.205 0 0.0329272)
(10.2719 0 0.0387824)
(10.3469 0 0.0446598)
(10.4294 0 0.0505332)
(10.519 0 0.0563781)
(10.6152 0 0.0621697)
(10.7174 0 0.067882)
(10.8252 0 0.0734887)
(10.938 0 0.0789634)
(11.0554 0 0.0842802)
(11.1767 0 0.0894143)
(11.3014 0 0.0943423)
(11.4291 0 0.099043)
(11.5593 0 0.103498)
(11.6913 0 0.10769)
(11.8248 0 0.111606)
(11.9593 0 0.115237)
(12.0943 0 0.118576)
(12.2294 0 0.12162)
(12.3643 0 0.124367)
(12.4985 0 0.12682)
(12.6317 0 0.128985)
(12.7637 0 0.130865)
(12.9055 0 0.132492)
(9.43071 0 13.0921)
(6.21154 0 10.7797)
(-1.08337 0 5.31567)
(10.3626 0 11.2266)
(9.80625 0 9.93016)
(8.21584 0 8.10402)
(11.4632 0 11.1346)
(11.68 0 10.5825)
(11.4231 0 9.66687)
(12.3543 0 10.7377)
(12.7007 0 10.5711)
(12.8077 0 10.1529)
(12.9211 0 10.0007)
(13.2916 0 9.99364)
(13.5352 0 9.85472)
(13.2962 0 9.22505)
(13.6583 0 9.2823)
(13.9418 0 9.27181)
(13.5626 0 8.50814)
(13.8957 0 8.58062)
(14.1702 0 8.61595)
(13.7513 0 7.85392)
(14.0494 0 7.92059)
(14.299 0 7.96522)
(13.8813 0 7.25616)
(14.1468 0 7.31255)
(14.3698 0 7.35425)
(13.9672 0 6.70924)
(14.2045 0 6.75635)
(14.4036 0 6.79257)
(14.019 0 6.20652)
(14.2322 0 6.24614)
(14.4111 0 6.2772)
(14.0435 0 5.74133)
(14.2364 0 5.77503)
(14.3982 0 5.80184)
(14.0456 0 5.30796)
(14.2214 0 5.33696)
(14.3688 0 5.36035)
(14.0295 0 4.9017)
(14.1906 0 4.92692)
(14.3258 0 4.94751)
(13.9982 0 4.51869)
(14.1468 0 4.54079)
(14.2715 0 4.55904)
(13.9546 0 4.15576)
(14.0923 0 4.17523)
(14.2079 0 4.19148)
(13.9011 0 3.81025)
(14.0293 0 3.82747)
(14.1369 0 3.84198)
(13.8401 0 3.47994)
(13.9599 0 3.49519)
(14.0605 0 3.50816)
(13.7736 0 3.16292)
(13.886 0 3.17642)
(13.9805 0 3.188)
(13.7037 0 2.85749)
(13.8096 0 2.86943)
(13.8987 0 2.87974)
(13.6324 0 2.56213)
(13.7326 0 2.57263)
(13.8168 0 2.58177)
(13.5615 0 2.27544)
(13.6566 0 2.28463)
(13.7366 0 2.29267)
(13.4928 0 1.99598)
(13.5835 0 2.00394)
(13.6598 0 2.01095)
(13.4279 0 1.72265)
(13.5147 0 1.72946)
(13.5878 0 1.73547)
(13.3684 0 1.45361)
(13.4519 0 1.4593)
(13.5222 0 1.46435)
(13.3155 0 1.18857)
(13.3963 0 1.19321)
(13.4643 0 1.19735)
(13.2712 0 0.923921)
(13.3497 0 0.927494)
(13.4158 0 0.930682)
(13.2358 0 0.662494)
(13.3126 0 0.665085)
(13.3773 0 0.667396)
(13.2118 0 0.394665)
(13.2872 0 0.396095)
(13.3508 0 0.397348)
(12.9827 0 0.133096)
(13.0561 0 0.133571)
(13.118 0 0.133992)
(-2.6457 0 1.4575)
(-2.05094 0 1.14752)
(-2.35546 0 0.630045)
(-2.16803 0 0.62924)
(-2.03156 0 0.707569)
(-2.06267 0 0.506733)
(-2.06416 0 0.31756)
(-2.08002 0 0.260404)
(-2.10328 0 0.218401)
(-2.10371 0 0.184367)
(-2.1001 0 0.180008)
(-2.1162 0 0.177027)
(-2.13853 0 0.153188)
(-2.14839 0 0.121388)
(-2.1496 0 0.106611)
(-2.15852 0 0.112488)
(-2.17999 0 0.116402)
(-2.20227 0 0.106421)
(-2.21278 0 0.0871569)
(-2.21086 0 0.0734151)
(-2.20807 0 0.0752613)
(-2.21628 0 0.0871311)
(-2.23741 0 0.0952773)
(-2.26383 0 0.0903507)
(-2.2837 0 0.0705985)
(-2.2882 0 0.0440806)
(-2.27944 0 0.02559)
(-2.26965 0 0.0236121)
(-2.26741 0 0.0298528)
(-2.26866 0 0.0322164)
(6.0717 0 5.45622)
(3.56603 0 3.50592)
(1.44779 0 2.01646)
(-1.58882 0 0.389222)
(-2.07674 0 0.291724)
(-2.36604 0 0.0710344)
(-2.27728 0 0.171586)
(-2.16726 0 0.403639)
(-2.17007 0 0.374733)
(-2.15351 0 0.237347)
(-2.13825 0 0.15507)
(-2.16829 0 0.155743)
(-2.20517 0 0.136451)
(-2.20725 0 0.106271)
(-2.18516 0 0.107884)
(-2.18136 0 0.1347)
(-2.20823 0 0.147029)
(-2.2394 0 0.129417)
(-2.25044 0 0.0917079)
(-2.23843 0 0.0629598)
(-2.22346 0 0.0656156)
(-2.22725 0 0.0891906)
(-2.25253 0 0.106008)
(-2.28658 0 0.103122)
(-2.31165 0 0.078121)
(-2.31371 0 0.0416209)
(-2.29497 0 0.0158389)
(-2.27567 0 0.0166749)
(-2.27137 0 0.0309252)
(-2.27407 0 0.0364709)
(10.3506 0 7.62098)
(8.5912 0 5.82449)
(6.66651 0 4.3764)
(4.71763 0 3.13942)
(2.92179 0 2.14242)
(1.52126 0 1.29703)
(-1.08207 0 0.246218)
(-1.87969 0 0.163852)
(-2.27002 0 -0.0101994)
(-2.32426 0 -0.110553)
(-2.20954 0 0.0829517)
(-2.16519 0 0.313309)
(-2.20605 0 0.30166)
(-2.19494 0 0.188806)
(-2.14804 0 0.0955279)
(-2.14512 0 0.104845)
(-2.19437 0 0.135081)
(-2.24631 0 0.117167)
(-2.25872 0 0.068172)
(-2.22445 0 0.0389481)
(-2.18221 0 0.0638734)
(-2.17675 0 0.112455)
(-2.2095 0 0.141597)
(-2.25541 0 0.139181)
(-2.28879 0 0.10232)
(-2.28788 0 0.0442187)
(-2.25351 0 -0.00101042)
(-2.22007 0 0.0043903)
(-2.21396 0 0.0337916)
(-2.22037 0 0.0464466)
(12.4924 0 8.78411)
(11.61 0 7.33403)
(10.3769 0 6.02374)
(8.97521 0 4.83703)
(7.47571 0 3.81555)
(6.03207 0 2.9943)
(4.53331 0 2.29165)
(3.14693 0 1.68826)
(1.92039 0 1.14141)
(0.692463 0 0.502637)
(-1.31493 0 0.0970981)
(-1.77182 0 0.148064)
(-2.12781 0 0.013582)
(-2.19722 0 -0.136493)
(-2.08062 0 -0.0655953)
(-2.04132 0 0.169838)
(-2.0828 0 0.284267)
(-2.16351 0 0.262607)
(-2.17344 0 0.15667)
(-2.10238 0 0.038061)
(-2.03716 0 0.0285109)
(-2.03536 0 0.0939033)
(-2.08799 0 0.136732)
(-2.15446 0 0.132627)
(-2.20239 0 0.0820889)
(-2.19818 0 0.00470114)
(-2.13404 0 -0.0390281)
(-2.07855 0 -0.0184792)
(-2.07532 0 0.0401398)
(-2.09031 0 0.066986)
(13.663 0 9.10262)
(13.3755 0 8.09367)
(12.7515 0 7.04201)
(11.8892 0 6.02165)
(10.8613 0 5.0914)
(9.75366 0 4.28545)
(8.59695 0 3.55912)
(7.40897 0 2.90391)
(6.2302 0 2.3433)
(5.0951 0 1.89419)
(3.91776 0 1.52814)
(2.87492 0 1.17679)
(1.91161 0 0.832555)
(1.1692 0 0.45638)
(-0.436916 0 0.0587829)
(-1.23355 0 0.162815)
(-1.61286 0 0.177253)
(-1.84347 0 0.0767119)
(-1.91149 0 -0.0873345)
(-1.79542 0 -0.172946)
(-1.79627 0 -0.0348595)
(-1.78066 0 0.178347)
(-1.85242 0 0.250186)
(-1.94538 0 0.253644)
(-2.00801 0 0.1958)
(-1.98515 0 0.0727891)
(-1.88169 0 -0.0698579)
(-1.82787 0 -0.0492302)
(-1.83827 0 0.0569249)
(-1.8736 0 0.107776)
(14.2876 0 8.92219)
(14.3675 0 8.30174)
(14.1949 0 7.55137)
(13.789 0 6.75572)
(13.1916 0 5.96984)
(12.4567 0 5.2287)
(11.6268 0 4.53509)
(10.7305 0 3.90111)
(9.7956 0 3.34283)
(8.85217 0 2.86697)
(7.90258 0 2.44075)
(6.9683 0 2.0408)
(6.0501 0 1.67879)
(5.16444 0 1.39397)
(4.25965 0 1.1783)
(3.38478 0 0.979474)
(2.6121 0 0.785388)
(1.91024 0 0.590232)
(1.29906 0 0.374857)
(0.566445 0 0.0961211)
(-0.760729 0 0.0247086)
(-1.02449 0 0.155776)
(-1.28213 0 0.191148)
(-1.42938 0 0.158846)
(-1.5368 0 0.0455518)
(-1.55364 0 -0.139617)
(-1.38368 0 -0.242153)
(-1.48474 0 -0.118599)
(-1.51537 0 0.0916606)
(-1.59263 0 0.174893)
(14.5926 0 8.48851)
(14.8744 0 8.14772)
(14.9993 0 7.66013)
(14.9334 0 7.08527)
(14.6862 0 6.46876)
(14.29 0 5.84591)
(13.7781 0 5.23783)
(13.1767 0 4.66065)
(12.5079 0 4.12672)
(11.7944 0 3.64168)
(11.0534 0 3.19819)
(10.2982 0 2.78988)
(9.53314 0 2.42156)
(8.76646 0 2.11174)
(8.00853 0 1.84657)
(7.2651 0 1.60662)
(6.55597 0 1.3765)
(5.86948 0 1.15478)
(5.19104 0 0.962787)
(4.5224 0 0.837594)
(3.8156 0 0.741962)
(3.19185 0 0.630116)
(2.61785 0 0.532752)
(2.08681 0 0.447083)
(1.59962 0 0.346484)
(1.20771 0 0.19253)
(0.547373 0 0.0190249)
(-0.676519 0 0.0282909)
(-0.897921 0 0.145402)
(-1.14933 0 0.295877)
(14.724 0 7.94491)
(15.0935 0 7.77979)
(15.3872 0 7.4876)
(15.5468 0 7.09943)
(15.5584 0 6.64695)
(15.4356 0 6.15887)
(15.1979 0 5.65751)
(14.8627 0 5.15992)
(14.4469 0 4.67945)
(13.9682 0 4.22516)
(13.4429 0 3.79964)
(12.8832 0 3.40251)
(12.2963 0 3.03682)
(11.6907 0 2.70959)
(11.0786 0 2.41778)
(10.47 0 2.15379)
(9.86983 0 1.90565)
(9.27208 0 1.6726)
(8.6715 0 1.46891)
(8.07483 0 1.30776)
(7.48804 0 1.17426)
(6.92842 0 1.05035)
(6.39396 0 0.934083)
(5.87549 0 0.818763)
(5.36868 0 0.697512)
(4.86112 0 0.592895)
(4.3359 0 0.550088)
(3.74742 0 0.519755)
(3.25882 0 0.465352)
(2.52476 0 0.501048)
(14.7666 0 7.37758)
(15.1553 0 7.30976)
(15.5247 0 7.14621)
(15.8131 0 6.89805)
(15.9945 0 6.58297)
(16.0693 0 6.22003)
(16.0447 0 5.82682)
(15.9294 0 5.4187)
(15.7333 0 5.00876)
(15.4685 0 4.6071)
(15.1471 0 4.21971)
(14.7791 0 3.8499)
(14.3728 0 3.50156)
(13.9366 0 3.17941)
(13.4808 0 2.88419)
(13.014 0 2.61194)
(12.5397 0 2.35692)
(12.0568 0 2.11941)
(11.5652 0 1.90658)
(11.0705 0 1.72429)
(10.582 0 1.56813)
(10.1071 0 1.42753)
(9.64357 0 1.29479)
(9.18457 0 1.16553)
(8.7234 0 1.04041)
(8.25272 0 0.935447)
(7.77288 0 0.866943)
(7.2886 0 0.822231)
(6.82772 0 0.790691)
(6.21805 0 0.798032)
(14.7639 0 6.82957)
(15.1376 0 6.80968)
(15.525 0 6.72233)
(15.8712 0 6.56852)
(16.148 0 6.35612)
(16.3489 0 6.09575)
(16.4733 0 5.79897)
(16.5228 0 5.47736)
(16.5009 0 5.14179)
(16.4138 0 4.80146)
(16.2689 0 4.46334)
(16.0736 0 4.1326)
(15.8349 0 3.81391)
(15.56 0 3.51156)
(15.2566 0 3.22751)
(14.9315 0 2.96082)
(14.5886 0 2.70976)
(14.2298 0 2.47528)
(13.8569 0 2.26138)
(13.4749 0 2.07143)
(13.0908 0 1.90336)
(12.7091 0 1.75057)
(12.3292 0 1.60759)
(11.9467 0 1.47245)
(11.557 0 1.34751)
(11.1565 0 1.24176)
(10.7474 0 1.16374)
(10.3372 0 1.11058)
(9.93799 0 1.07663)
(9.43249 0 1.0606)
(14.736 0 6.31591)
(15.0822 0 6.31738)
(15.4573 0 6.27168)
(15.8167 0 6.17636)
(16.1351 0 6.03414)
(16.4043 0 5.85012)
(16.6203 0 5.63085)
(16.7804 0 5.38387)
(16.8834 0 5.11701)
(16.9311 0 4.83767)
(16.9267 0 4.55228)
(16.8745 0 4.26626)
(16.7791 0 3.98437)
(16.6458 0 3.7107)
(16.48 0 3.44795)
(16.2869 0 3.19718)
(16.0702 0 2.95884)
(15.8326 0 2.73433)
(15.5769 0 2.52632)
(15.3072 0 2.33695)
(15.0284 0 2.16542)
(14.7441 0 2.00826)
(14.4543 0 1.86241)
(14.1572 0 1.72705)
(13.85 0 1.60439)
(13.5314 0 1.49982)
(13.2039 0 1.41842)
(12.873 0 1.35917)
(12.5471 0 1.31708)
(12.1347 0 1.28472)
(14.6921 0 5.83836)
(15.0085 0 5.84861)
(15.3593 0 5.82482)
(15.7083 0 5.76405)
(16.0348 0 5.667)
(16.3317 0 5.53591)
(16.5948 0 5.37414)
(16.8194 0 5.1861)
(17.0025 0 4.97695)
(17.1425 0 4.75203)
(17.24 0 4.51649)
(17.2963 0 4.27507)
(17.3139 0 4.03206)
(17.2958 0 3.79126)
(17.2455 0 3.55564)
(17.1664 0 3.32725)
(17.0617 0 3.10761)
(16.9339 0 2.89845)
(16.7857 0 2.70191)
(16.6203 0 2.51969)
(16.4414 0 2.35192)
(16.2517 0 2.19719)
(16.052 0 2.05408)
(15.8416 0 1.92247)
(15.6193 0 1.80415)
(15.3852 0 1.70255)
(15.1415 0 1.62071)
(14.892 0 1.55805)
(14.6429 0 1.51056)
(14.3224 0 1.47044)
(14.6363 0 5.39381)
(14.9252 0 5.40746)
(15.2489 0 5.39537)
(15.5777 0 5.355)
(15.8947 0 5.28644)
(16.1948 0 5.19069)
(16.4747 0 5.06945)
(16.7302 0 4.92524)
(16.9573 0 4.76126)
(17.1534 0 4.58117)
(17.3172 0 4.38874)
(17.4483 0 4.18772)
(17.5475 0 3.98165)
(17.6158 0 3.77386)
(17.6551 0 3.56719)
(17.6676 0 3.36399)
(17.6551 0 3.1662)
(17.6198 0 2.97573)
(17.5637 0 2.79451)
(17.4893 0 2.62416)
(17.3993 0 2.46537)
(17.2957 0 2.31797)
(17.1795 0 2.18164)
(17.0509 0 2.05675)
(16.9097 0 1.94479)
(16.7564 0 1.84809)
(16.593 0 1.76851)
(16.422 0 1.70574)
(16.2479 0 1.65682)
(16.0173 0 1.61519)
(14.5707 0 4.97798)
(14.8355 0 4.99285)
(15.1336 0 4.98744)
(15.4398 0 4.95969)
(15.74 0 4.90951)
(16.0308 0 4.83743)
(16.3101 0 4.74437)
(16.5745 0 4.63182)
(16.8206 0 4.50181)
(17.0454 0 4.3568)
(17.2471 0 4.19948)
(17.4245 0 4.03266)
(17.5769 0 3.85916)
(17.7046 0 3.6817)
(17.808 0 3.5028)
(17.8881 0 3.32472)
(17.9461 0 3.14947)
(17.9832 0 2.97896)
(18.0009 0 2.815)
(18.0009 0 2.65916)
(17.985 0 2.5125)
(17.9548 0 2.37554)
(17.9112 0 2.24865)
(17.8548 0 2.13256)
(17.7859 0 2.02858)
(17.7052 0 1.93839)
(17.6144 0 1.8633)
(17.5151 0 1.80321)
(17.4103 0 1.7562)
(17.2642 0 1.71737)
(14.4971 0 4.58681)
(14.741 0 4.60196)
(15.0162 0 4.60071)
(15.3006 0 4.58135)
(15.5823 0 4.54371)
(15.8587 0 4.48809)
(16.1288 0 4.41505)
(16.3902 0 4.32552)
(16.6399 0 4.22085)
(16.8755 0 4.10275)
(17.0951 0 3.97316)
(17.2971 0 3.8342)
(17.4806 0 3.68805)
(17.6451 0 3.5369)
(17.7904 0 3.3829)
(17.9166 0 3.22805)
(18.0243 0 3.07424)
(18.114 0 2.92326)
(18.1868 0 2.77681)
(18.2436 0 2.6364)
(18.2856 0 2.50324)
(18.314 0 2.37826)
(18.3295 0 2.26223)
(18.3329 0 2.15607)
(18.3246 0 2.06101)
(18.3055 0 1.9784)
(18.2767 0 1.90929)
(18.2394 0 1.85387)
(18.1954 0 1.81113)
(18.1253 0 1.77783)
(14.4168 0 4.2168)
(14.6426 0 4.23179)
(14.8977 0 4.23332)
(15.1624 0 4.2199)
(15.4261 0 4.19134)
(15.687 0 4.14779)
(15.9446 0 4.08957)
(16.1973 0 4.0173)
(16.4426 0 3.93191)
(16.6787 0 3.83464)
(16.9037 0 3.72693)
(17.1162 0 3.6104)
(17.3153 0 3.48676)
(17.5 0 3.3578)
(17.67 0 3.22529)
(17.825 0 3.09098)
(17.965 0 2.95656)
(18.0903 0 2.82365)
(18.2013 0 2.69382)
(18.2987 0 2.56851)
(18.3831 0 2.44897)
(18.4554 0 2.33629)
(18.5162 0 2.23148)
(18.5661 0 2.13557)
(18.6058 0 2.04971)
(18.6358 0 1.97513)
(18.6571 0 1.91279)
(18.6707 0 1.86316)
(18.6774 0 1.82602)
(18.6726 0 1.79957)
(14.3314 0 3.86506)
(14.5414 0 3.87963)
(14.7789 0 3.88305)
(15.026 0 3.87403)
(15.2732 0 3.85234)
(15.5191 0 3.81803)
(15.7637 0 3.77126)
(16.0055 0 3.71243)
(16.243 0 3.6422)
(16.4742 0 3.56147)
(16.6978 0 3.47135)
(16.9126 0 3.37308)
(17.1176 0 3.26805)
(17.3118 0 3.15771)
(17.4948 0 3.04354)
(17.6661 0 2.92706)
(17.8256 0 2.80975)
(17.9732 0 2.69308)
(18.1091 0 2.57845)
(18.2338 0 2.46722)
(18.3475 0 2.36064)
(18.4508 0 2.25985)
(18.5443 0 2.16593)
(18.6285 0 2.07998)
(18.7039 0 2.00311)
(18.7713 0 1.93648)
(18.8312 0 1.88108)
(18.8845 0 1.83761)
(18.9315 0 1.80648)
(18.98 0 1.78707)
(14.2423 0 3.52917)
(14.4385 0 3.54314)
(14.6605 0 3.54782)
(14.892 0 3.5421)
(15.1243 0 3.52574)
(15.3564 0 3.49871)
(15.5883 0 3.46106)
(15.8192 0 3.41303)
(16.0474 0 3.35507)
(16.2717 0 3.28786)
(16.4907 0 3.21222)
(16.7034 0 3.12915)
(16.9088 0 3.03975)
(17.1062 0 2.94522)
(17.295 0 2.84682)
(17.4747 0 2.74584)
(17.645 0 2.64358)
(17.8059 0 2.54135)
(17.9572 0 2.44044)
(18.0993 0 2.34209)
(18.2323 0 2.24751)
(18.3567 0 2.15782)
(18.4728 0 2.07413)
(18.5812 0 1.99754)
(18.6823 0 1.92915)
(18.7767 0 1.87008)
(18.8652 0 1.82135)
(18.9483 0 1.7839)
(19.0262 0 1.75853)
(19.1166 0 1.74551)
(14.1511 0 3.20707)
(14.3351 0 3.22029)
(14.5434 0 3.22577)
(14.7612 0 3.22253)
(14.9802 0 3.21034)
(15.1997 0 3.18911)
(15.4199 0 3.15885)
(15.6401 0 3.11965)
(15.8591 0 3.07184)
(16.0756 0 3.01589)
(16.2886 0 2.95243)
(16.4972 0 2.88225)
(16.7004 0 2.80623)
(16.8975 0 2.72535)
(17.088 0 2.64067)
(17.2715 0 2.55331)
(17.4474 0 2.4644)
(17.6158 0 2.3751)
(17.7764 0 2.28657)
(17.9294 0 2.19997)
(18.075 0 2.1164)
(18.2133 0 2.03699)
(18.3448 0 1.96279)
(18.4699 0 1.89489)
(18.589 0 1.83437)
(18.7028 0 1.78232)
(18.8118 0 1.73982)
(18.9168 0 1.7079)
(19.0178 0 1.68767)
(19.1402 0 1.67997)
(14.0594 0 2.89696)
(14.2327 0 2.90933)
(14.429 0 2.91524)
(14.6344 0 2.91384)
(14.8416 0 2.90491)
(15.0497 0 2.88834)
(15.2592 0 2.86409)
(15.4695 0 2.8322)
(15.6795 0 2.79285)
(15.8884 0 2.74639)
(16.0949 0 2.69331)
(16.2985 0 2.6342)
(16.4982 0 2.56977)
(16.6933 0 2.50082)
(16.8834 0 2.42825)
(17.068 0 2.35299)
(17.2466 0 2.27604)
(17.4191 0 2.19841)
(17.5852 0 2.12115)
(17.7452 0 2.0453)
(17.8989 0 1.97191)
(18.0466 0 1.902)
(18.1887 0 1.83661)
(18.3255 0 1.77679)
(18.4574 0 1.72356)
(18.5851 0 1.678)
(18.7091 0 1.6412)
(18.8302 0 1.61426)
(18.9485 0 1.5984)
(19.0953 0 1.5948)
(13.9688 0 2.59722)
(14.1327 0 2.60866)
(14.3183 0 2.61471)
(14.5129 0 2.61463)
(14.7094 0 2.60823)
(14.9073 0 2.59541)
(15.107 0 2.57608)
(15.3082 0 2.55023)
(15.51 0 2.51798)
(15.7114 0 2.47958)
(15.9115 0 2.43538)
(16.1098 0 2.38584)
(16.3054 0 2.33152)
(16.4978 0 2.27308)
(16.6863 0 2.21125)
(16.8706 0 2.14683)
(17.0501 0 2.08066)
(17.2248 0 2.01365)
(17.3943 0 1.9467)
(17.5587 0 1.88076)
(17.718 0 1.81679)
(17.8724 0 1.75573)
(18.022 0 1.69856)
(18.1673 0 1.64626)
(18.3087 0 1.59982)
(18.4467 0 1.56027)
(18.582 0 1.52868)
(18.7153 0 1.50615)
(18.8469 0 1.49393)
(19.0125 0 1.49334)
(13.881 0 2.30641)
(14.0365 0 2.31685)
(14.2127 0 2.3228)
(14.3977 0 2.32364)
(14.5849 0 2.3192)
(14.7736 0 2.30936)
(14.9646 0 2.29405)
(15.1575 0 2.27323)
(15.3515 0 2.24696)
(15.5459 0 2.2154)
(15.74 0 2.17883)
(15.933 0 2.13758)
(16.1244 0 2.09212)
(16.3135 0 2.04295)
(16.4999 0 1.99069)
(16.6831 0 1.936)
(16.8626 0 1.8796)
(17.0383 0 1.82226)
(17.2098 0 1.76479)
(17.3772 0 1.70802)
(17.5405 0 1.65279)
(17.6996 0 1.6)
(17.855 0 1.55052)
(18.0067 0 1.50527)
(18.1554 0 1.46517)
(18.3015 0 1.4312)
(18.4457 0 1.40436)
(18.5887 0 1.38575)
(18.7309 0 1.37653)
(18.9115 0 1.37805)
(13.7974 0 2.02303)
(13.9457 0 2.0324)
(14.1137 0 2.03806)
(14.2902 0 2.03948)
(14.4691 0 2.03652)
(14.6498 0 2.02907)
(14.8329 0 2.01705)
(15.0183 0 2.0004)
(15.2054 0 1.97916)
(15.3934 0 1.95344)
(15.5817 0 1.92343)
(15.7697 0 1.88939)
(15.9569 0 1.85168)
(16.1427 0 1.81072)
(16.3266 0 1.76699)
(16.5082 0 1.72105)
(16.6871 0 1.67349)
(16.863 0 1.62499)
(17.0358 0 1.57622)
(17.2052 0 1.52791)
(17.3713 0 1.48082)
(17.5341 0 1.43574)
(17.6938 0 1.39345)
(17.8507 0 1.35479)
(18.0052 0 1.32062)
(18.1579 0 1.29182)
(18.3093 0 1.26933)
(18.4603 0 1.25416)
(18.6113 0 1.2474)
(18.804 0 1.25032)
(13.7196 0 1.74593)
(13.8616 0 1.75419)
(14.0224 0 1.7594)
(14.1916 0 1.76115)
(14.3633 0 1.75928)
(14.5369 0 1.75372)
(14.7131 0 1.74439)
(14.8919 0 1.73123)
(15.0727 0 1.71425)
(15.2549 0 1.69352)
(15.4379 0 1.66917)
(15.6213 0 1.64143)
(15.8045 0 1.61054)
(15.987 0 1.57686)
(16.1684 0 1.54075)
(16.3482 0 1.50269)
(16.5261 0 1.46317)
(16.7018 0 1.42273)
(16.8751 0 1.38196)
(17.0459 0 1.34149)
(17.214 0 1.30197)
(17.3796 0 1.26408)
(17.5428 0 1.22853)
(17.7038 0 1.19605)
(17.8631 0 1.16741)
(18.0211 0 1.14341)
(18.1786 0 1.12489)
(18.3363 0 1.11277)
(18.4946 0 1.108)
(18.6975 0 1.11176)
(13.649 0 1.4732)
(13.7856 0 1.4803)
(13.9403 0 1.48494)
(14.1032 0 1.48677)
(14.2687 0 1.48568)
(14.4362 0 1.48161)
(14.6064 0 1.47447)
(14.7795 0 1.46422)
(14.9548 0 1.45084)
(15.1319 0 1.43439)
(15.3102 0 1.41497)
(15.4894 0 1.39272)
(15.6689 0 1.36786)
(15.8483 0 1.34063)
(16.0271 0 1.31136)
(16.2051 0 1.28041)
(16.3819 0 1.24817)
(16.5571 0 1.2151)
(16.7305 0 1.18169)
(16.9021 0 1.14846)
(17.0717 0 1.11595)
(17.2393 0 1.08476)
(17.4052 0 1.05548)
(17.5696 0 1.02876)
(17.7327 0 1.00526)
(17.8952 0 0.985678)
(18.0576 0 0.970756)
(18.2209 0 0.961284)
(18.3855 0 0.958107)
(18.5967 0 0.962273)
(13.587 0 1.20462)
(13.7191 0 1.21052)
(13.8686 0 1.2145)
(14.0263 0 1.21625)
(14.1865 0 1.21571)
(14.3489 0 1.21282)
(14.5141 0 1.2075)
(14.6822 0 1.19971)
(14.8529 0 1.18944)
(15.0255 0 1.17671)
(15.1998 0 1.16161)
(15.3752 0 1.14424)
(15.5514 0 1.12475)
(15.728 0 1.10335)
(15.9046 0 1.08027)
(16.0808 0 1.05579)
(16.2563 0 1.03024)
(16.4308 0 1.00398)
(16.6042 0 0.977394)
(16.7762 0 0.950906)
(16.9468 0 0.924968)
(17.116 0 0.900059)
(17.2839 0 0.876682)
(17.4509 0 0.855369)
(17.6171 0 0.836677)
(17.7832 0 0.821197)
(17.9497 0 0.809553)
(18.1176 0 0.802413)
(18.2873 0 0.800483)
(18.5054 0 0.804663)
(13.5351 0 0.936342)
(13.6634 0 0.940984)
(13.8089 0 0.944169)
(13.9622 0 0.945676)
(14.1182 0 0.945444)
(14.2763 0 0.943431)
(14.4374 0 0.939581)
(14.6015 0 0.933853)
(14.7683 0 0.926236)
(14.9373 0 0.916748)
(15.1082 0 0.905437)
(15.2805 0 0.892383)
(15.4539 0 0.877697)
(15.6281 0 0.861526)
(15.8026 0 0.844049)
(15.9772 0 0.825478)
(16.1515 0 0.806055)
(16.3253 0 0.786056)
(16.4984 0 0.765779)
(16.6706 0 0.745554)
(16.8418 0 0.725732)
(17.0121 0 0.706689)
(17.1815 0 0.688822)
(17.3504 0 0.672553)
(17.519 0 0.658327)
(17.6879 0 0.646619)
(17.8577 0 0.637935)
(18.0291 0 0.632815)
(18.203 0 0.631835)
(18.4264 0 0.635775)
(13.4941 0 0.671498)
(13.6197 0 0.67492)
(13.7619 0 0.677326)
(13.9119 0 0.678546)
(14.0646 0 0.678543)
(14.2195 0 0.67729)
(14.3774 0 0.674748)
(14.5384 0 0.670885)
(14.7022 0 0.66569)
(14.8683 0 0.659172)
(15.0365 0 0.651364)
(15.2063 0 0.642318)
(15.3775 0 0.63211)
(15.5497 0 0.62084)
(15.7226 0 0.60863)
(15.8958 0 0.59563)
(16.0691 0 0.582009)
(16.2422 0 0.567961)
(16.415 0 0.553698)
(16.5872 0 0.539456)
(16.7588 0 0.525485)
(16.9298 0 0.512058)
(17.1003 0 0.499462)
(17.2706 0 0.488005)
(17.4409 0 0.478015)
(17.6119 0 0.469843)
(17.7841 0 0.463871)
(17.9583 0 0.460513)
(18.1353 0 0.460216)
(18.363 0 0.463606)
(13.4657 0 0.399658)
(13.5893 0 0.401724)
(13.7292 0 0.403188)
(13.8768 0 0.403907)
(14.0272 0 0.403877)
(14.1798 0 0.403098)
(14.3354 0 0.401547)
(14.4941 0 0.399204)
(14.6557 0 0.396062)
(14.8197 0 0.392128)
(14.9859 0 0.387422)
(15.1539 0 0.381975)
(15.3234 0 0.375831)
(15.4941 0 0.369052)
(15.6657 0 0.361711)
(15.8378 0 0.353895)
(16.0102 0 0.345709)
(16.1827 0 0.337268)
(16.355 0 0.328701)
(16.527 0 0.32015)
(16.6986 0 0.311768)
(16.8699 0 0.30372)
(17.041 0 0.296184)
(17.212 0 0.289348)
(17.3834 0 0.283416)
(17.5556 0 0.278611)
(17.7293 0 0.275182)
(17.9053 0 0.273427)
(18.0844 0 0.273727)
(18.3141 0 0.276845)
(13.2297 0 0.134889)
(13.3496 0 0.13581)
(13.4855 0 0.136519)
(13.6291 0 0.136949)
(13.7753 0 0.137111)
(13.9238 0 0.137008)
(14.0753 0 0.136632)
(14.2297 0 0.135972)
(14.387 0 0.135026)
(14.5467 0 0.133794)
(14.7084 0 0.132283)
(14.8719 0 0.130501)
(15.0369 0 0.128464)
(15.2029 0 0.126193)
(15.3698 0 0.123711)
(15.5371 0 0.121049)
(15.7047 0 0.118244)
(15.8721 0 0.115336)
(16.0394 0 0.11237)
(16.2062 0 0.109397)
(16.3726 0 0.106471)
(16.5385 0 0.103652)
(16.7041 0 0.101002)
(16.8695 0 0.0985905)
(17.0352 0 0.0964915)
(17.2017 0 0.0947878)
(17.3697 0 0.0935769)
(17.5401 0 0.0929875)
(17.7142 0 0.0932195)
(17.9393 0 0.094871)
)
;

boundaryField
{
    inlet
    {
        type            fixedValue;
        value           uniform (10 0 0);
    }
    outlet
    {
        type            zeroGradient;
    }
    flap
    {
        type            movingWallVelocity;
        value           nonuniform List<vector> 
33
(
(0 0 6.93889e-16)
(0 0 0)
(0 0 0)
(0 0 0)
(0 0 0)
(0 0 0)
(0 0 0)
(0 0 0)
(0 0 0)
(0 0 0)
(0 0 0)
(0 0 -1.11022e-14)
(0 0 -1.11022e-14)
(0 0 -1.11022e-14)
(0 0 -2.22045e-14)
(6.93889e-16 -2.77556e-15 0)
(0 -2.77556e-15 0)
(0 0 0)
(0 0 6.93889e-16)
(0 0 0)
(0 0 0)
(0 0 0)
(0 0 0)
(0 0 0)
(0 0 -5.55112e-15)
(0 0 0)
(0 0 -1.11022e-14)
(0 0 0)
(0 0 0)
(0 0 0)
(0 0 0)
(0 -2.77556e-15 -1.11022e-14)
(0 0 -1.11022e-14)
)
;
    }
    upperWall
    {
        type            noSlip;
    }
    lowerWall
    {
        type            noSlip;
    }
    frontAndBack
    {
        type            empty;
    }
}


// ************************************************************************* //
