/*--------------------------------*- C++ -*----------------------------------*\
  =========                 |
  \\      /  F ield         | OpenFOAM: The Open Source CFD Toolbox
   \\    /   O peration     | Website:  https://openfoam.org
    \\  /    A nd           | Version:  dev
     \\/     M anipulation  |
\*---------------------------------------------------------------------------*/
FoamFile
{
    version     2.0;
    format      ascii;
    class       volVectorField;
    location    "6.1";
    object      U;
}
// * * * * * * * * * * * * * * * * * * * * * * * * * * * * * * * * * * * * * //

dimensions      [0 1 -1 0 0 0 0];

internalField   nonuniform List<vector> 
2790
(
(9.94399 0 0.0205231)
(9.87572 0 0.0295875)
(9.77521 0 0.0359892)
(9.64944 0 0.0425558)
(9.50409 0 0.0493851)
(9.34007 0 0.056428)
(9.15655 0 0.0638156)
(8.95263 0 0.0717114)
(8.72748 0 0.0802551)
(8.4801 0 0.0895736)
(8.20929 0 0.0997939)
(7.91366 0 0.111046)
(7.5917 0 0.123462)
(7.24179 0 0.137167)
(6.86234 0 0.152275)
(6.4518 0 0.168874)
(6.00888 0 0.187002)
(5.53268 0 0.206624)
(5.02296 0 0.227596)
(4.48044 0 0.249618)
(3.90714 0 0.272183)
(3.30681 0 0.294532)
(2.68527 0 0.315626)
(2.0506 0 0.334294)
(1.41178 0 0.350611)
(0.798019 0 0.372889)
(0.110683 0 0.32505)
(-0.469563 0 -0.114865)
(-0.45378 0 -0.297148)
(-0.231163 0 -0.423856)
(9.9985 0 0.0407027)
(9.98146 0 0.0623822)
(9.93575 0 0.0791393)
(9.86417 0 0.0966238)
(9.77098 0 0.115123)
(9.65716 0 0.134487)
(9.52207 0 0.154974)
(9.36486 0 0.176942)
(9.18473 0 0.200707)
(8.98069 0 0.226549)
(8.75154 0 0.254745)
(8.4959 0 0.285562)
(8.21222 0 0.319252)
(7.89884 0 0.356027)
(7.55406 0 0.396026)
(7.17621 0 0.43927)
(6.7638 0 0.485602)
(6.31567 0 0.534598)
(5.83126 0 0.585473)
(5.31088 0 0.636966)
(4.75615 0 0.687216)
(4.17041 0 0.733658)
(3.55929 0 0.772963)
(2.93154 0 0.801101)
(2.29994 0 0.813755)
(1.69295 0 0.807258)
(1.10715 0 0.747253)
(0.65889 0 0.547929)
(0.186437 0 0.224609)
(-0.00819866 0 -0.453733)
(9.99559 0 0.0432065)
(9.97556 0 0.0752707)
(9.9318 0 0.103345)
(9.8649 0 0.132369)
(9.77779 0 0.163057)
(9.67156 0 0.195396)
(9.54589 0 0.22974)
(9.40015 0 0.266601)
(9.23367 0 0.306468)
(9.04565 0 0.349806)
(8.8351 0 0.397072)
(8.60083 0 0.448723)
(8.34147 0 0.505195)
(8.05552 0 0.566868)
(7.74139 0 0.634017)
(7.39746 0 0.706739)
(7.02212 0 0.784847)
(6.61396 0 0.867735)
(6.17194 0 0.954207)
(5.69564 0 1.04227)
(5.18563 0 1.1289)
(4.64396 0 1.2098)
(4.07479 0 1.27917)
(3.48537 0 1.32934)
(2.88684 0 1.3501)
(2.29946 0 1.32643)
(1.73184 0 1.22078)
(1.21625 0 0.973008)
(0.701142 0 0.570148)
(0.358038 0 -0.156561)
(9.99403 0 0.0494986)
(9.97181 0 0.093205)
(9.92788 0 0.13357)
(9.86225 0 0.174207)
(9.77694 0 0.216431)
(9.67299 0 0.260658)
(9.55032 0 0.307427)
(9.4085 0 0.357412)
(9.24704 0 0.411288)
(9.06535 0 0.469703)
(8.8627 0 0.533301)
(8.63821 0 0.602724)
(8.39086 0 0.678594)
(8.11954 0 0.761478)
(7.82302 0 0.851826)
(7.50002 0 0.949882)
(7.14926 0 1.05556)
(6.76945 0 1.16825)
(6.3595 0 1.28662)
(5.9186 0 1.40828)
(5.44653 0 1.52948)
(4.944 0 1.6447)
(4.41316 0 1.74615)
(3.85826 0 1.82323)
(3.28581 0 1.86137)
(2.70639 0 1.84033)
(2.12564 0 1.72601)
(1.55425 0 1.47787)
(0.957946 0 1.0837)
(0.509424 0 0.502323)
(9.99331 0 0.0572127)
(9.96994 0 0.110957)
(9.92593 0 0.162102)
(9.86146 0 0.213345)
(9.77799 0 0.266353)
(9.67636 0 0.32191)
(9.55655 0 0.380698)
(9.41823 0 0.443484)
(9.26098 0 0.511053)
(9.08435 0 0.584167)
(8.88772 0 0.663586)
(8.6704 0 0.750063)
(8.43161 0 0.844336)
(8.17047 0 0.947087)
(7.88609 0 1.05888)
(7.57749 0 1.18008)
(7.24368 0 1.31069)
(6.88362 0 1.45019)
(6.49629 0 1.59723)
(6.08073 0 1.74934)
(5.63616 0 1.90242)
(5.16211 0 2.05033)
(4.65877 0 2.18419)
(4.1272 0 2.29175)
(3.56939 0 2.35657)
(2.98888 0 2.35733)
(2.38682 0 2.26496)
(1.76638 0 2.04764)
(1.08999 0 1.6914)
(0.536649 0 1.15414)
(9.99302 0 0.0655376)
(9.96923 0 0.1287)
(9.92556 0 0.190111)
(9.86253 0 0.25184)
(9.78129 0 0.315574)
(9.68245 0 0.382314)
(9.56602 0 0.45287)
(9.43172 0 0.528096)
(9.27922 0 0.608875)
(9.10807 0 0.69608)
(8.91779 0 0.790576)
(8.70776 0 0.893223)
(8.4773 0 1.00486)
(8.22569 0 1.12626)
(7.95216 0 1.25809)
(7.6559 0 1.40082)
(7.33604 0 1.55455)
(6.99165 0 1.71887)
(6.62169 0 1.89257)
(6.22501 0 2.07324)
(5.80028 0 2.25686)
(5.34604 0 2.43722)
(4.8607 0 2.60521)
(4.34269 0 2.74823)
(3.79038 0 2.84955)
(3.20256 0 2.8882)
(2.57655 0 2.83823)
(1.91345 0 2.67161)
(1.17274 0 2.37399)
(0.549963 0 1.89439)
(9.99297 0 0.0740736)
(9.96927 0 0.146311)
(9.92637 0 0.21748)
(9.86509 0 0.289287)
(9.78643 0 0.36335)
(9.69085 0 0.440821)
(9.57836 0 0.522654)
(9.44872 0 0.609805)
(9.30166 0 0.703249)
(9.13679 0 0.80396)
(8.95366 0 0.912896)
(8.75172 0 1.03101)
(8.53035 0 1.15922)
(8.28889 0 1.2984)
(8.02661 0 1.4493)
(7.7427 0 1.61249)
(7.43631 0 1.7882)
(7.10641 0 1.97618)
(6.75181 0 2.17542)
(6.37101 0 2.38383)
(5.9621 0 2.59776)
(5.52263 0 2.8114)
(5.04951 0 3.01617)
(4.53899 0 3.19998)
(3.98664 0 3.34669)
(3.38788 0 3.43597)
(2.73722 0 3.44331)
(2.03622 0 3.34149)
(1.24173 0 3.11356)
(0.563506 0 2.69313)
(9.99306 0 0.0825865)
(9.96981 0 0.163603)
(9.92807 0 0.244046)
(9.86885 0 0.325474)
(9.79313 0 0.40944)
(9.70127 0 0.497199)
(9.59324 0 0.589831)
(9.46889 0 0.688388)
(9.32797 0 0.793933)
(9.17016 0 0.907523)
(8.99504 0 1.03021)
(8.80212 0 1.16303)
(8.59083 0 1.30701)
(8.36053 0 1.46309)
(8.11047 0 1.63215)
(7.83982 0 1.81488)
(7.54762 0 2.01168)
(7.23268 0 2.22253)
(6.89351 0 2.44675)
(6.52817 0 2.68271)
(6.13409 0 2.92738)
(5.70784 0 3.17579)
(5.24495 0 3.42038)
(4.73976 0 3.65021)
(4.18545 0 3.85025)
(3.57472 0 4.00089)
(2.89948 0 4.0779)
(2.16207 0 4.05236)
(1.31609 0 3.90167)
(0.583206 0 3.54012)
(9.99326 0 0.0909265)
(9.97072 0 0.180405)
(9.93046 0 0.269663)
(9.87362 0 0.360235)
(9.80118 0 0.453639)
(9.71344 0 0.551201)
(9.61039 0 0.654103)
(9.4919 0 0.763487)
(9.35777 0 0.880496)
(9.20775 0 1.00627)
(9.04147 0 1.14195)
(8.8585 0 1.28866)
(8.65829 0 1.44752)
(8.44024 0 1.61959)
(8.20359 0 1.80587)
(7.94748 0 2.00721)
(7.6708 0 2.22426)
(7.37218 0 2.45729)
(7.04981 0 2.70607)
(6.70128 0 2.96959)
(6.32335 0 3.24569)
(5.91164 0 3.53056)
(5.46034 0 3.81809)
(4.96198 0 4.09901)
(4.40737 0 4.35988)
(3.78635 0 4.58211)
(3.08751 0 4.74107)
(2.31265 0 4.80443)
(1.4106 0 4.74104)
(0.614287 0 4.44187)
(9.99352 0 0.0989902)
(9.97191 0 0.196575)
(9.93341 0 0.294189)
(9.87925 0 0.393409)
(9.81041 0 0.495747)
(9.72717 0 0.602579)
(9.62954 0 0.715172)
(9.51743 0 0.834751)
(9.3907 0 0.962534)
(9.24915 0 1.09974)
(9.09247 0 1.24758)
(8.9203 0 1.40729)
(8.73215 0 1.58006)
(8.52745 0 1.7671)
(8.30546 0 1.96956)
(8.06528 0 2.18849)
(7.80575 0 2.42481)
(7.52532 0 2.67919)
(7.22193 0 2.95195)
(6.89277 0 3.24285)
(6.53403 0 3.55082)
(6.14046 0 3.87353)
(5.70502 0 4.20674)
(5.21844 0 4.54342)
(4.66893 0 4.87246)
(4.04279 0 5.17698)
(3.3236 0 5.4323)
(2.50967 0 5.60193)
(1.5418 0 5.64343)
(0.664021 0 5.41795)
(9.99384 0 0.106702)
(9.9733 0 0.211995)
(9.9368 0 0.317496)
(9.88558 0 0.424847)
(9.82064 0 0.535579)
(9.74226 0 0.651109)
(9.65046 0 0.772775)
(9.54519 0 0.901872)
(9.42639 0 1.03969)
(9.29392 0 1.18751)
(9.14755 0 1.34662)
(8.98697 0 1.51834)
(8.81178 0 1.70398)
(8.62146 0 1.90487)
(8.41535 0 2.12231)
(8.19255 0 2.3576)
(7.95191 0 2.61198)
(7.69181 0 2.88656)
(7.41007 0 3.18231)
(7.10365 0 3.4999)
(6.76834 0 3.83952)
(6.39832 0 4.20059)
(5.98552 0 4.58124)
(5.51902 0 4.97738)
(4.98429 0 5.38136)
(4.36315 0 5.77958)
(3.63176 0 6.14913)
(2.77998 0 6.45061)
(1.73333 0 6.6284)
(0.744773 0 6.50294)
(9.9942 0 0.114003)
(9.97487 0 0.22657)
(9.94056 0 0.339466)
(9.89252 0 0.454414)
(9.83174 0 0.572972)
(9.75852 0 0.696596)
(9.6729 0 0.826679)
(9.5749 0 0.964578)
(9.4645 0 1.11164)
(9.34164 0 1.2692)
(9.20618 0 1.43864)
(9.05789 0 1.62132)
(8.89647 0 1.81868)
(8.7215 0 2.03215)
(8.53241 0 2.26323)
(8.3284 0 2.51345)
(8.10838 0 2.78436)
(7.87084 0 3.07759)
(7.61363 0 3.39476)
(7.33374 0 3.73753)
(7.02691 0 4.10751)
(6.68712 0 4.50609)
(6.30583 0 4.93418)
(5.871 0 5.39152)
(5.36565 0 5.87542)
(4.76672 0 6.37829)
(4.0405 0 6.88322)
(3.16123 0 7.35344)
(2.02455 0 7.72305)
(0.880626 0 7.75684)
(9.99459 0 0.12085)
(9.97657 0 0.240219)
(9.94462 0 0.359999)
(9.89996 0 0.48199)
(9.84357 0 0.607783)
(9.77576 0 0.738868)
(9.69663 0 0.876681)
(9.60625 0 1.02263)
(9.50466 0 1.1781)
(9.39187 0 1.3445)
(9.26784 0 1.52324)
(9.13245 0 1.71577)
(8.98551 0 1.9236)
(8.82672 0 2.14829)
(8.65567 0 2.39148)
(8.47171 0 2.65494)
(8.27396 0 2.94055)
(8.06111 0 3.25037)
(7.83129 0 3.58673)
(7.5818 0 3.95223)
(7.30878 0 4.34991)
(7.00661 0 4.78324)
(6.66714 0 5.2562)
(6.27835 0 5.77306)
(5.82228 0 6.3378)
(5.27223 0 6.9525)
(4.58421 0 7.61367)
(3.70959 0 8.30086)
(2.48783 0 8.958)
(1.12427 0 9.2928)
(9.99501 0 0.127207)
(9.97838 0 0.252878)
(9.94891 0 0.379012)
(9.9078 0 0.507475)
(9.85599 0 0.639893)
(9.79383 0 0.777785)
(9.72144 0 0.92262)
(9.63895 0 1.07584)
(9.54649 0 1.23887)
(9.44415 0 1.41315)
(9.33198 0 1.60014)
(9.20998 0 1.80134)
(9.07809 0 2.01832)
(8.93619 0 2.25274)
(8.78402 0 2.50638)
(8.62121 0 2.78118)
(8.44713 0 3.07931)
(8.26085 0 3.40322)
(8.06098 0 3.75582)
(7.84546 0 4.14057)
(7.61129 0 4.56177)
(7.35403 0 5.02482)
(7.06705 0 5.53667)
(6.74025 0 6.10631)
(6.35768 0 6.74543)
(5.89373 0 7.46909)
(5.30032 0 8.29644)
(4.50828 0 9.24796)
(3.26821 0 10.3416)
(1.6046 0 11.3584)
(9.99545 0 0.133047)
(9.98027 0 0.264497)
(9.95339 0 0.396432)
(9.91596 0 0.530775)
(9.86889 0 0.669183)
(9.81254 0 0.813194)
(9.74709 0 0.964301)
(9.67273 0 1.12397)
(9.58965 0 1.29366)
(9.49804 0 1.47482)
(9.39805 0 1.66893)
(9.28981 0 1.87755)
(9.17341 0 2.10227)
(9.04891 0 2.34483)
(8.91628 0 2.60709)
(8.77544 0 2.89112)
(8.62611 0 3.19929)
(8.46787 0 3.53435)
(8.29998 0 3.8996)
(8.12131 0 4.29914)
(7.93013 0 4.7382)
(7.72391 0 5.22361)
(7.49879 0 5.7646)
(7.24887 0 6.37397)
(6.96466 0 7.07018)
(6.63062 0 7.88104)
(6.21392 0 8.85196)
(5.66513 0 10.0659)
(4.6892 0 11.7307)
(2.68663 0 14.5907)
(0.116819 0 -0.115494)
(0.273719 0 -0.10355)
(0.431312 0 -0.0798822)
(0.560465 0 -0.0575811)
(0.656899 0 -0.0393706)
(0.725687 0 -0.0252405)
(0.773186 0 -0.0145979)
(0.804736 0 -0.00682417)
(0.824521 0 -0.00136173)
(0.835874 0 0.00228564)
(0.841466 0 0.00454953)
(0.843392 0 0.00578696)
(0.843248 0 0.00625637)
(0.842186 0 0.00615774)
(0.841015 0 0.00573526)
(0.84035 0 0.005139)
(0.840549 0 0.00450914)
(0.84164 0 0.00396315)
(0.8434 0 0.00359246)
(0.845385 0 0.00346742)
(0.847016 0 0.00362333)
(0.847673 0 0.0040035)
(0.84702 0 0.00442982)
(0.844693 0 0.00486502)
(0.840545 0 0.00525394)
(0.834563 0 0.00557305)
(0.826816 0 0.00578695)
(0.817362 0 0.00591498)
(0.806556 0 0.00573966)
(0.7939 0 0.0043826)
(0.101115 0 -0.273482)
(0.255487 0 -0.253122)
(0.404169 0 -0.202268)
(0.52914 0 -0.153042)
(0.62733 0 -0.112494)
(0.703313 0 -0.0808201)
(0.762422 0 -0.0567614)
(0.808985 0 -0.0389616)
(0.846308 0 -0.026188)
(0.876944 0 -0.017339)
(0.902859 0 -0.0114572)
(0.925508 0 -0.00776164)
(0.94593 0 -0.00566898)
(0.964886 0 -0.0047371)
(0.982981 0 -0.00457024)
(1.0006 0 -0.00486649)
(1.01798 0 -0.00535213)
(1.03528 0 -0.00579201)
(1.05253 0 -0.00599206)
(1.06967 0 -0.00580751)
(1.08654 0 -0.00516181)
(1.10288 0 -0.00408788)
(1.11819 0 -0.00273136)
(1.13221 0 -0.00121258)
(1.14478 0 0.000342583)
(1.15585 0 0.00190114)
(1.16543 0 0.00353096)
(1.173 0 0.00492972)
(1.17865 0 0.00568803)
(1.18416 0 0.00474689)
(0.0809323 0 -0.433665)
(0.215271 0 -0.400949)
(0.335 0 -0.322847)
(0.435309 0 -0.247782)
(0.513647 0 -0.186298)
(0.574598 0 -0.138376)
(0.622547 0 -0.101994)
(0.66088 0 -0.0750417)
(0.692188 0 -0.0556203)
(0.718489 0 -0.0420286)
(0.741313 0 -0.0327809)
(0.761743 0 -0.0266782)
(0.780492 0 -0.02282)
(0.798054 0 -0.020551)
(0.814789 0 -0.0193951)
(0.830955 0 -0.0189404)
(0.846731 0 -0.0188344)
(0.862226 0 -0.0187663)
(0.877482 0 -0.0184808)
(0.892481 0 -0.0177972)
(0.907158 0 -0.0166211)
(0.92141 0 -0.0149356)
(0.935142 0 -0.0128172)
(0.948297 0 -0.0105243)
(0.9609 0 -0.00825749)
(0.973074 0 -0.00604685)
(0.984757 0 -0.00373847)
(0.996344 0 -0.00162603)
(1.00721 0 -5.97217e-05)
(1.01846 0 0.000828908)
(0.0612673 0 -0.562071)
(0.169642 0 -0.51225)
(0.253497 0 -0.409604)
(0.324505 0 -0.31389)
(0.378116 0 -0.236728)
(0.41957 0 -0.177042)
(0.452028 0 -0.131935)
(0.477752 0 -0.0986025)
(0.498504 0 -0.0746321)
(0.5157 0 -0.0578593)
(0.530416 0 -0.0463696)
(0.543355 0 -0.0386291)
(0.554855 0 -0.0335465)
(0.565127 0 -0.0303615)
(0.574363 0 -0.0285013)
(0.582727 0 -0.0274914)
(0.590352 0 -0.026918)
(0.597337 0 -0.0264256)
(0.603764 0 -0.0257329)
(0.609688 0 -0.0246447)
(0.615138 0 -0.0230484)
(0.620113 0 -0.0209088)
(0.624598 0 -0.018333)
(0.628602 0 -0.0156871)
(0.632215 0 -0.0131842)
(0.635615 0 -0.0107283)
(0.63889 0 -0.00815816)
(0.642065 0 -0.0059161)
(0.644309 0 -0.00461384)
(0.646917 0 -0.00286303)
(0.0408044 0 -0.660101)
(0.11772 0 -0.588779)
(0.160104 0 -0.465108)
(0.199793 0 -0.354921)
(0.22586 0 -0.267574)
(0.24538 0 -0.200526)
(0.259716 0 -0.150037)
(0.269972 0 -0.112725)
(0.277036 0 -0.0858904)
(0.281762 0 -0.0670735)
(0.284849 0 -0.0540651)
(0.286697 0 -0.0450176)
(0.287187 0 -0.0387092)
(0.286306 0 -0.0344149)
(0.284166 0 -0.0315603)
(0.280901 0 -0.0296787)
(0.276657 0 -0.0283445)
(0.271607 0 -0.0272)
(0.265946 0 -0.025971)
(0.259844 0 -0.0244674)
(0.253405 0 -0.022546)
(0.246643 0 -0.0201058)
(0.23953 0 -0.0172276)
(0.232095 0 -0.0144775)
(0.224285 0 -0.0125052)
(0.216052 0 -0.0109731)
(0.207362 0 -0.00877164)
(0.200463 0 -0.0050199)
(0.188014 0 -0.00102566)
(0.170604 0 0.00103618)
(0.0188132 0 -0.722278)
(0.0586538 0 -0.62605)
(0.0555488 0 -0.485364)
(0.0622648 0 -0.366883)
(0.0582552 0 -0.27385)
(0.0532792 0 -0.202933)
(0.0463583 0 -0.149648)
(0.0377494 0 -0.110193)
(0.0275535 0 -0.081919)
(0.0162276 0 -0.0622598)
(0.00432412 0 -0.0484627)
(-0.00825641 0 -0.0386564)
(-0.0218807 0 -0.0316664)
(-0.0365317 0 -0.0267574)
(-0.0520026 0 -0.0234124)
(-0.0680979 0 -0.0212489)
(-0.0845842 0 -0.0198587)
(-0.101205 0 -0.0188655)
(-0.117801 0 -0.0179644)
(-0.134369 0 -0.0169138)
(-0.151082 0 -0.0154586)
(-0.168222 0 -0.0132418)
(-0.185948 0 -0.00995508)
(-0.204427 0 -0.00580699)
(-0.226247 0 -0.00208072)
(-0.249874 0 0.00031891)
(-0.272426 0 0.00254467)
(-0.290592 0 0.00587262)
(-0.299998 0 0.00797405)
(-0.307114 0 0.00670009)
(-0.00643656 0 -0.741155)
(-0.00967025 0 -0.617783)
(-0.059373 0 -0.466199)
(-0.0897157 0 -0.346525)
(-0.126056 0 -0.253409)
(-0.159398 0 -0.18336)
(-0.191212 0 -0.131069)
(-0.221746 0 -0.0926171)
(-0.251523 0 -0.0655866)
(-0.280378 0 -0.0473037)
(-0.307865 0 -0.0343364)
(-0.333982 0 -0.0246448)
(-0.359193 0 -0.0177319)
(-0.383679 0 -0.0130393)
(-0.407656 0 -0.0100208)
(-0.431454 0 -0.00813767)
(-0.45519 0 -0.00693859)
(-0.479003 0 -0.00586236)
(-0.503376 0 -0.0043798)
(-0.528871 0 -0.0023309)
(-0.555568 0 7.25157e-05)
(-0.582502 0 0.00262566)
(-0.607796 0 0.00533946)
(-0.62906 0 0.00807336)
(-0.644577 0 0.00995653)
(-0.657634 0 0.0104528)
(-0.66963 0 0.0102525)
(-0.680277 0 0.0102357)
(-0.688809 0 0.0101207)
(-0.693865 0 0.00910498)
(-0.0383379 0 -0.707878)
(-0.0896716 0 -0.561357)
(-0.185341 0 -0.409723)
(-0.258796 0 -0.294551)
(-0.330545 0 -0.207276)
(-0.394921 0 -0.143121)
(-0.452092 0 -0.0960266)
(-0.502993 0 -0.0608254)
(-0.549791 0 -0.0347999)
(-0.594931 0 -0.0168551)
(-0.63964 0 -0.00541211)
(-0.678607 0 0.00135064)
(-0.71311 0 0.00557711)
(-0.744184 0 0.00826631)
(-0.772799 0 0.00993511)
(-0.799591 0 0.0109143)
(-0.82501 0 0.0114123)
(-0.849016 0 0.0117844)
(-0.871201 0 0.0124114)
(-0.891436 0 0.013411)
(-0.910226 0 0.0145572)
(-0.928282 0 0.0155045)
(-0.945701 0 0.0160561)
(-0.961858 0 0.0162189)
(-0.975918 0 0.0160861)
(-0.98777 0 0.0157273)
(-0.997929 0 0.0153054)
(-1.00679 0 0.014954)
(-1.01399 0 0.0143056)
(-1.0178 0 0.0131738)
(-0.0779012 0 -0.618597)
(-0.180425 0 -0.454407)
(-0.329239 0 -0.308797)
(-0.451293 0 -0.203922)
(-0.563434 0 -0.128065)
(-0.662792 0 -0.0731884)
(-0.749551 0 -0.034431)
(-0.824303 0 -0.00773932)
(-0.882154 0 0.00913186)
(-0.927246 0 0.0194664)
(-0.962572 0 0.0248558)
(-0.994149 0 0.0272902)
(-1.02257 0 0.0281933)
(-1.04858 0 0.0283202)
(-1.07278 0 0.0280027)
(-1.09565 0 0.0272662)
(-1.11742 0 0.0261431)
(-1.13806 0 0.0248507)
(-1.15748 0 0.0238703)
(-1.1758 0 0.023664)
(-1.19339 0 0.0242455)
(-1.21058 0 0.0250796)
(-1.22729 0 0.0254254)
(-1.24284 0 0.0248063)
(-1.25632 0 0.0232933)
(-1.26734 0 0.021366)
(-1.27631 0 0.0196762)
(-1.2839 0 0.0185039)
(-1.29 0 0.0175033)
(-1.29302 0 0.0165849)
(-0.129912 0 -0.468694)
(-0.290783 0 -0.295774)
(-0.49788 0 -0.165979)
(-0.66982 0 -0.0763106)
(-0.816073 0 -0.0167953)
(-0.927429 0 0.0158925)
(-1.01242 0 0.0337975)
(-1.07633 0 0.0426232)
(-1.12883 0 0.0470052)
(-1.17239 0 0.0489408)
(-1.2094 0 0.0494141)
(-1.24149 0 0.0487047)
(-1.26974 0 0.0471397)
(-1.29511 0 0.0453138)
(-1.31849 0 0.0435756)
(-1.34058 0 0.0418414)
(-1.36162 0 0.0398737)
(-1.38149 0 0.0377038)
(-1.40002 0 0.0358043)
(-1.41739 0 0.0347515)
(-1.43413 0 0.0346603)
(-1.45072 0 0.034943)
(-1.46708 0 0.0346185)
(-1.48238 0 0.0329462)
(-1.49548 0 0.0299636)
(-1.50579 0 0.0264873)
(-1.51371 0 0.0235578)
(-1.52019 0 0.0216259)
(-1.52535 0 0.020395)
(-1.52778 0 0.019665)
(-0.205425 0 -0.265019)
(-0.445302 0 -0.0696108)
(-0.699374 0 0.0401646)
(-0.882237 0 0.0829124)
(-1.02036 0 0.0958503)
(-1.12974 0 0.0984799)
(-1.21585 0 0.0963199)
(-1.28425 0 0.0920582)
(-1.33911 0 0.0868654)
(-1.38381 0 0.0815292)
(-1.42123 0 0.0764899)
(-1.45328 0 0.0716112)
(-1.48112 0 0.0668556)
(-1.50576 0 0.0626421)
(-1.52834 0 0.05927)
(-1.54978 0 0.056409)
(-1.57031 0 0.0534011)
(-1.58954 0 0.0500341)
(-1.6071 0 0.0469094)
(-1.62326 0 0.0449321)
(-1.6389 0 0.0443829)
(-1.65481 0 0.0444684)
(-1.671 0 0.0437404)
(-1.68634 0 0.0410531)
(-1.69927 0 0.0364237)
(-1.70889 0 0.0311384)
(-1.71569 0 0.0268318)
(-1.72101 0 0.0242207)
(-1.72524 0 0.0229058)
(-1.72719 0 0.0223683)
(-0.297498 0 0.121644)
(-0.574163 0 0.23463)
(-0.85005 0 0.247738)
(-1.04964 0 0.234283)
(-1.20171 0 0.210943)
(-1.31705 0 0.185924)
(-1.40504 0 0.163045)
(-1.47331 0 0.143339)
(-1.52697 0 0.126699)
(-1.57005 0 0.113286)
(-1.60593 0 0.102741)
(-1.63669 0 0.0938368)
(-1.66323 0 0.0858052)
(-1.68633 0 0.0790723)
(-1.70741 0 0.0741566)
(-1.72781 0 0.0704496)
(-1.74772 0 0.0666007)
(-1.76629 0 0.0619579)
(-1.78268 0 0.0573467)
(-1.79723 0 0.0542932)
(-1.81137 0 0.0534335)
(-1.82649 0 0.0536881)
(-1.8427 0 0.0528967)
(-1.85847 0 0.0492812)
(-1.8715 0 0.0427771)
(-1.8804 0 0.0353078)
(-1.88584 0 0.0294169)
(-1.88974 0 0.0262249)
(-1.89297 0 0.0250005)
(-1.89449 0 0.0246634)
(-0.361403 0 0.543179)
(-0.701142 0 0.566723)
(-1.02492 0 0.485629)
(-1.23977 0 0.402407)
(-1.3931 0 0.33201)
(-1.50373 0 0.272964)
(-1.58536 0 0.227076)
(-1.64775 0 0.192001)
(-1.69613 0 0.164102)
(-1.73433 0 0.142747)
(-1.76639 0 0.127255)
(-1.79459 0 0.114852)
(-1.81897 0 0.103485)
(-1.8396 0 0.0939382)
(-1.85828 0 0.087579)
(-1.87713 0 0.0835461)
(-1.89644 0 0.0792757)
(-1.91446 0 0.0732892)
(-1.92949 0 0.0667935)
(-1.94187 0 0.062443)
(-1.95395 0 0.0615491)
(-1.96809 0 0.0625858)
(-1.98463 0 0.0622733)
(-2.00137 0 0.05787)
(-2.01487 0 0.049136)
(-2.02296 0 0.038893)
(-2.02656 0 0.0310942)
(-2.0286 0 0.0274916)
(-2.0307 0 0.0266597)
(-2.03184 0 0.0265659)
(-0.482277 0 1.05978)
(-0.913609 0 0.970703)
(-1.27173 0 0.746358)
(-1.47021 0 0.565143)
(-1.60232 0 0.443448)
(-1.69424 0 0.347489)
(-1.75869 0 0.280517)
(-1.80849 0 0.234646)
(-1.84763 0 0.19736)
(-1.8777 0 0.167918)
(-1.90355 0 0.148261)
(-1.92828 0 0.133635)
(-1.9501 0 0.119271)
(-1.96728 0 0.106711)
(-1.98223 0 0.0993277)
(-1.99889 0 0.0961349)
(-2.01786 0 0.0922899)
(-2.03582 0 0.0847689)
(-2.04937 0 0.0754785)
(-2.05877 0 0.0691916)
(-2.06789 0 0.0685305)
(-2.08073 0 0.071228)
(-2.09802 0 0.0721853)
(-2.11653 0 0.0671971)
(-2.13107 0 0.0556889)
(-2.13819 0 0.0417344)
(-2.13916 0 0.0314867)
(-2.13863 0 0.0277676)
(-2.13944 0 0.0278888)
(-2.14029 0 0.028153)
(-0.715792 0 2.06838)
(-1.25095 0 1.6397)
(-1.63184 0 1.03902)
(-1.75866 0 0.650539)
(-1.83159 0 0.515596)
(-1.88796 0 0.403515)
(-1.92038 0 0.325475)
(-1.95168 0 0.273722)
(-1.98126 0 0.223428)
(-2.00085 0 0.181717)
(-2.01716 0 0.161307)
(-2.03747 0 0.150155)
(-2.05701 0 0.134731)
(-2.06977 0 0.117929)
(-2.07913 0 0.108542)
(-2.09277 0 0.107166)
(-2.11226 0 0.104638)
(-2.13137 0 0.0951089)
(-2.14348 0 0.0816013)
(-2.14853 0 0.0725593)
(-2.15312 0 0.0729169)
(-2.16409 0 0.0790565)
(-2.18271 0 0.0827554)
(-2.20416 0 0.0776539)
(-2.22059 0 0.0626573)
(-2.22648 0 0.0435616)
(-2.22354 0 0.0299553)
(-2.21928 0 0.0266272)
(-2.21862 0 0.0287557)
(-2.2194 0 0.0296627)
(9.9959 0 0.138442)
(9.98225 0 0.275231)
(9.95811 0 0.412513)
(9.92454 0 0.552258)
(9.88243 0 0.696142)
(9.83217 0 0.845719)
(9.774 0 1.00249)
(9.70817 0 1.16794)
(9.63494 0 1.34353)
(9.55461 0 1.53072)
(9.46743 0 1.731)
(9.37367 0 1.94593)
(9.2736 0 2.17712)
(9.16747 0 2.42634)
(9.05553 0 2.69548)
(8.93801 0 2.98668)
(8.8151 0 3.3024)
(8.68692 0 3.64553)
(8.55355 0 4.01957)
(8.41499 0 4.42893)
(8.27116 0 4.87922)
(8.12196 0 5.37792)
(7.96731 0 5.9352)
(7.80748 0 6.56541)
(7.64367 0 7.28963)
(7.48083 0 8.14044)
(7.33218 0 9.1718)
(7.2877 0 10.4772)
(7.74494 0 12.2016)
(7.92485 0 14.9198)
(9.99638 0 0.143401)
(9.98434 0 0.285085)
(9.96306 0 0.42724)
(9.93352 0 0.571867)
(9.89657 0 0.720656)
(9.85263 0 0.875165)
(9.80198 0 1.0369)
(9.74494 0 1.20734)
(9.68186 0 1.38795)
(9.61311 0 1.58017)
(9.5391 0 1.78548)
(9.46022 0 2.00543)
(9.37692 0 2.24161)
(9.28968 0 2.49575)
(9.19902 0 2.76975)
(9.10551 0 3.06571)
(9.00981 0 3.38607)
(8.91267 0 3.73367)
(8.815 0 4.11196)
(8.71798 0 4.52521)
(8.62322 0 4.97884)
(8.53307 0 5.47988)
(8.45126 0 6.03764)
(8.38403 0 6.66474)
(8.34255 0 7.37838)
(8.34887 0 8.202)
(8.4418 0 9.16575)
(8.6772 0 10.3029)
(9.3238 0 11.5584)
(9.81326 0 12.6482)
(9.99688 0 0.147838)
(9.98651 0 0.293896)
(9.96819 0 0.44039)
(9.94283 0 0.589335)
(9.91121 0 0.742427)
(9.87378 0 0.901217)
(9.83087 0 1.0672)
(9.78285 0 1.24184)
(9.73015 0 1.42656)
(9.67325 0 1.6228)
(9.61265 0 1.83199)
(9.54891 0 2.05563)
(9.48265 0 2.29526)
(9.41456 0 2.55254)
(9.34545 0 2.82929)
(9.27623 0 3.12748)
(9.20799 0 3.44941)
(9.14209 0 3.7977)
(9.08021 0 4.17548)
(9.02455 0 4.58651)
(8.97815 0 5.03538)
(8.94526 0 5.52779)
(8.93219 0 6.0707)
(8.94845 0 6.67254)
(9.00853 0 7.34273)
(9.13456 0 8.08996)
(9.35755 0 8.91611)
(9.68702 0 9.81015)
(10.2529 0 10.7208)
(10.9407 0 11.4382)
(9.9974 0 0.151699)
(9.98874 0 0.301557)
(9.97347 0 0.451796)
(9.95239 0 0.604433)
(9.92623 0 0.761156)
(9.89545 0 0.923499)
(9.86042 0 1.09294)
(9.82158 0 1.27089)
(9.77944 0 1.45876)
(9.73453 0 1.65792)
(9.68749 0 1.86976)
(9.63901 0 2.09567)
(9.58986 0 2.33713)
(9.54095 0 2.59568)
(9.49333 0 2.87296)
(9.44822 0 3.17078)
(9.40712 0 3.49115)
(9.37185 0 3.83633)
(9.34472 0 4.20889)
(9.32868 0 4.61182)
(9.32768 0 5.04853)
(9.34701 0 5.52284)
(9.39391 0 6.0389)
(9.47831 0 6.60067)
(9.6134 0 7.21095)
(9.81602 0 7.86939)
(10.109 0 8.56895)
(10.5009 0 9.29497)
(11.0588 0 10.0373)
(11.8524 0 10.6829)
(9.99792 0 0.154938)
(9.99101 0 0.307975)
(9.97884 0 0.461322)
(9.96212 0 0.616983)
(9.9415 0 0.776624)
(9.91746 0 0.941752)
(9.8904 0 1.1138)
(9.86082 0 1.29416)
(9.82928 0 1.48415)
(9.79642 0 1.68509)
(9.76294 0 1.89828)
(9.72965 0 2.12503)
(9.69748 0 2.36666)
(9.66751 0 2.62455)
(9.64099 0 2.90016)
(9.61939 0 3.19502)
(9.60451 0 3.51078)
(9.59852 0 3.84922)
(9.60411 0 4.21227)
(9.62467 0 4.60197)
(9.66453 0 5.02041)
(9.7292 0 5.46963)
(9.82577 0 5.95124)
(9.96319 0 6.46593)
(10.1525 0 7.01264)
(10.4069 0 7.58749)
(10.7436 0 8.18236)
(11.1742 0 8.78257)
(11.7219 0 9.37654)
(12.4756 0 9.88935)
(9.99845 0 0.157512)
(9.9933 0 0.313065)
(9.98427 0 0.468843)
(9.97194 0 0.626819)
(9.9569 0 0.788628)
(9.93962 0 0.955735)
(9.92055 0 1.12953)
(9.90022 0 1.31132)
(9.87925 0 1.50239)
(9.85833 0 1.70395)
(9.83826 0 1.9172)
(9.81993 0 2.14331)
(9.80439 0 2.38346)
(9.79285 0 2.63884)
(9.78669 0 2.91064)
(9.78759 0 3.20008)
(9.79751 0 3.50842)
(9.81881 0 3.83691)
(9.85436 0 4.18676)
(9.90765 0 4.55909)
(9.98297 0 4.95481)
(10.0855 0 5.3744)
(10.2217 0 5.8176)
(10.399 0 6.28294)
(10.6263 0 6.76717)
(10.9132 0 7.26453)
(11.271 0 7.76579)
(11.7077 0 8.25538)
(12.2242 0 8.7166)
(12.9006 0 9.10791)
(9.99898 0 0.159381)
(9.9956 0 0.31675)
(9.98971 0 0.474244)
(9.98176 0 0.633793)
(9.97228 0 0.796987)
(9.96173 0 0.965238)
(9.95059 0 1.13987)
(9.93942 0 1.32214)
(9.92887 0 1.51321)
(9.91968 0 1.71422)
(9.91271 0 1.92623)
(9.90893 0 2.15027)
(9.90945 0 2.38734)
(9.91556 0 2.63841)
(9.92875 0 2.90441)
(9.95076 0 3.18622)
(9.98364 0 3.48467)
(10.0298 0 3.80047)
(10.092 0 4.1342)
(10.1737 0 4.48614)
(10.2788 0 4.85619)
(10.4119 0 5.24367)
(10.5783 0 5.64699)
(10.784 0 6.06333)
(11.0353 0 6.48823)
(11.3388 0 6.91498)
(11.7004 0 7.33422)
(12.1244 0 7.73253)
(12.6047 0 8.09533)
(13.2106 0 8.40208)
(9.99951 0 0.160512)
(9.99789 0 0.318964)
(9.9951 0 0.477429)
(9.99151 0 0.637781)
(9.98753 0 0.80155)
(9.98361 0 0.970089)
(9.98027 0 1.14465)
(9.97806 0 1.3264)
(9.97767 0 1.51641)
(9.97988 0 1.7157)
(9.98556 0 1.92521)
(9.99573 0 2.1458)
(10.0115 0 2.37827)
(10.0343 0 2.62338)
(10.0655 0 2.88178)
(10.107 0 3.15401)
(10.1607 0 3.44049)
(10.2289 0 3.74147)
(10.3143 0 4.05691)
(10.42 0 4.38646)
(10.5493 0 4.72923)
(10.706 0 5.08373)
(10.8944 0 5.44754)
(11.1187 0 5.81715)
(11.3833 0 6.18767)
(11.6918 0 6.55251)
(12.0473 0 6.90341)
(12.4511 0 7.23002)
(12.8957 0 7.5212)
(13.4392 0 7.76561)
(10 0 0.160876)
(10.0001 0 0.319651)
(10.0004 0 0.478319)
(10.0011 0 0.63868)
(10.0025 0 0.8022)
(10.0051 0 0.970158)
(10.0093 0 1.14372)
(10.0158 0 1.32397)
(10.0252 0 1.51188)
(10.0383 0 1.70832)
(10.0561 0 1.91411)
(10.0795 0 2.12994)
(10.1096 0 2.35643)
(10.1478 0 2.59409)
(10.1956 0 2.84332)
(10.2547 0 3.10434)
(10.3268 0 3.37722)
(10.4142 0 3.66178)
(10.5193 0 3.95753)
(10.6445 0 4.26359)
(10.7927 0 4.57857)
(10.967 0 4.90046)
(11.1703 0 5.22645)
(11.4055 0 5.55285)
(11.6754 0 5.87488)
(11.9817 0 6.18671)
(12.3253 0 6.48144)
(12.7059 0 6.75124)
(13.1158 0 6.98776)
(13.6039 0 7.18412)
(10.0005 0 0.160453)
(10.0023 0 0.31877)
(10.0056 0 0.476852)
(10.0104 0 0.636418)
(10.017 0 0.798854)
(10.0259 0 0.965361)
(10.0374 0 1.13702)
(10.0523 0 1.3148)
(10.071 0 1.49958)
(10.0946 0 1.6921)
(10.1237 0 1.89303)
(10.1594 0 2.1029)
(10.2028 0 2.32215)
(10.2551 0 2.55107)
(10.3178 0 2.78981)
(10.3924 0 3.03834)
(10.4806 0 3.29641)
(10.5843 0 3.5635)
(10.7054 0 3.83879)
(10.8461 0 4.12104)
(11.0086 0 4.40857)
(11.1951 0 4.69911)
(11.4076 0 4.98979)
(11.6479 0 5.27702)
(11.9174 0 5.55652)
(12.2166 0 5.82328)
(12.5452 0 6.07178)
(12.9017 0 6.29612)
(13.2791 0 6.49024)
(13.7193 0 6.64997)
(10.001 0 0.159228)
(10.0044 0 0.316292)
(10.0106 0 0.472991)
(10.0194 0 0.630948)
(10.0311 0 0.791466)
(10.0459 0 0.955658)
(10.0644 0 1.12451)
(10.0872 0 1.2989)
(10.1148 0 1.47957)
(10.148 0 1.66715)
(10.1877 0 1.86217)
(10.2347 0 2.06501)
(10.2902 0 2.27593)
(10.3552 0 2.49502)
(10.4311 0 2.72224)
(10.5192 0 2.9573)
(10.621 0 3.19974)
(10.7381 0 3.4488)
(10.8721 0 3.70341)
(11.0246 0 3.96214)
(11.1972 0 4.22316)
(11.3915 0 4.48419)
(11.6087 0 4.74245)
(11.8497 0 4.99469)
(12.115 0 5.23717)
(12.4041 0 5.46581)
(12.7161 0 5.67627)
(13.0491 0 5.86418)
(13.3968 0 6.0253)
(13.7958 0 6.15712)
(10.0015 0 0.157191)
(10.0065 0 0.312202)
(10.0154 0 0.466715)
(10.028 0 0.622254)
(10.0445 0 0.780028)
(10.065 0 0.94106)
(10.0901 0 1.10624)
(10.1203 0 1.27633)
(10.1561 0 1.45199)
(10.1983 0 1.6337)
(10.2476 0 1.82187)
(10.3049 0 2.01673)
(10.3712 0 2.21839)
(10.4474 0 2.42679)
(10.5347 0 2.64168)
(10.6343 0 2.86264)
(10.7474 0 3.089)
(10.8753 0 3.31985)
(11.0191 0 3.554)
(11.1801 0 3.78994)
(11.3595 0 4.02582)
(11.558 0 4.25947)
(11.7764 0 4.48834)
(12.0149 0 4.70958)
(12.2733 0 4.92007)
(12.5508 0 5.11653)
(12.8458 0 5.29565)
(13.1565 0 5.45425)
(13.4775 0 5.58941)
(13.8411 0 5.69963)
(10.0019 0 0.154344)
(10.0084 0 0.306499)
(10.0199 0 0.458029)
(10.0361 0 0.610347)
(10.0571 0 0.764569)
(10.083 0 0.921621)
(10.1142 0 1.0823)
(10.1512 0 1.24726)
(10.1946 0 1.41704)
(10.245 0 1.59205)
(10.303 0 1.77253)
(10.3695 0 1.95861)
(10.4453 0 2.15026)
(10.5312 0 2.34729)
(10.6283 0 2.54932)
(10.7374 0 2.75579)
(10.8596 0 2.96593)
(10.9957 0 3.17875)
(11.1468 0 3.39299)
(11.3136 0 3.60716)
(11.4967 0 3.81952)
(11.6967 0 4.02803)
(11.9136 0 4.23048)
(12.1474 0 4.42443)
(12.3973 0 4.60735)
(12.6623 0 4.77665)
(12.9408 0 4.92984)
(13.2309 0 5.06466)
(13.5279 0 5.1791)
(13.861 0 5.27233)
(10.0024 0 0.15069)
(10.0102 0 0.299197)
(10.0241 0 0.446957)
(10.0438 0 0.59527)
(10.0689 0 0.745153)
(10.0997 0 0.897439)
(10.1366 0 1.05282)
(10.1799 0 1.21188)
(10.2302 0 1.37502)
(10.2879 0 1.54256)
(10.3538 0 1.71464)
(10.4283 0 1.89128)
(10.5123 0 2.07234)
(10.6065 0 2.25752)
(10.7116 0 2.44636)
(10.8283 0 2.63821)
(10.9576 0 2.83224)
(11.0999 0 3.02744)
(11.2559 0 3.22257)
(11.426 0 3.4162)
(11.6107 0 3.60674)
(11.8099 0 3.79238)
(12.0235 0 3.97121)
(12.2509 0 4.14122)
(12.4915 0 4.30037)
(12.7439 0 4.44668)
(13.0065 0 4.5783)
(13.2776 0 4.69362)
(13.5534 0 4.79132)
(13.8601 0 4.87096)
(10.0027 0 0.146244)
(10.0119 0 0.290322)
(10.0281 0 0.433542)
(10.0508 0 0.577087)
(10.0798 0 0.721878)
(10.1152 0 0.868652)
(10.1572 0 1.01801)
(10.2062 0 1.17043)
(10.2626 0 1.32625)
(10.3269 0 1.48567)
(10.3995 0 1.64876)
(10.481 0 1.81543)
(10.572 0 1.98546)
(10.673 0 2.1585)
(10.7846 0 2.334)
(10.9074 0 2.5113)
(11.0418 0 2.68954)
(11.1884 0 2.86772)
(11.3474 0 3.04468)
(11.519 0 3.2191)
(11.7033 0 3.38954)
(11.9 0 3.55447)
(12.1089 0 3.71226)
(12.3292 0 3.86128)
(12.5599 0 3.99992)
(12.7999 0 4.12669)
(13.0477 0 4.24022)
(13.3015 0 4.33941)
(13.5582 0 4.42338)
(13.842 0 4.49196)
(10.0031 0 0.141023)
(10.0134 0 0.279912)
(10.0317 0 0.417845)
(10.0573 0 0.55589)
(10.0898 0 0.694869)
(10.1293 0 0.835431)
(10.1759 0 0.978091)
(10.23 0 1.12324)
(10.2919 0 1.27112)
(10.3618 0 1.42186)
(10.4403 0 1.57546)
(10.5277 0 1.73176)
(10.6244 0 1.89049)
(10.7309 0 2.05123)
(10.8476 0 2.21342)
(10.9749 0 2.37638)
(11.113 0 2.53929)
(11.2621 0 2.70118)
(11.4225 0 2.861)
(11.594 0 3.01755)
(11.7766 0 3.1696)
(11.9697 0 3.31582)
(12.173 0 3.45488)
(12.3855 0 3.58549)
(12.6064 0 3.70639)
(12.8344 0 3.81645)
(13.0682 0 3.9147)
(13.3064 0 4.00038)
(13.5461 0 4.07294)
(13.8097 0 4.13238)
(10.0034 0 0.135051)
(10.0148 0 0.268015)
(10.035 0 0.399943)
(10.0632 0 0.531789)
(10.0988 0 0.664279)
(10.142 0 0.797977)
(10.1927 0 0.933316)
(10.2513 0 1.0706)
(10.3179 0 1.21002)
(10.3927 0 1.35163)
(10.4761 0 1.49535)
(10.5684 0 1.641)
(10.6698 0 1.78825)
(10.7806 0 1.93668)
(10.9011 0 2.08571)
(11.0315 0 2.23468)
(11.1719 0 2.38282)
(11.3223 0 2.52923)
(11.4828 0 2.67296)
(11.653 0 2.81298)
(11.8327 0 2.94822)
(12.0214 0 3.07757)
(12.2185 0 3.19998)
(12.4231 0 3.31439)
(12.6343 0 3.41986)
(12.8509 0 3.51555)
(13.0718 0 3.60077)
(13.2957 0 3.67502)
(13.5204 0 3.73797)
(13.7662 0 3.78972)
(10.0037 0 0.128356)
(10.0161 0 0.254688)
(10.0379 0 0.379924)
(10.0684 0 0.504909)
(10.1069 0 0.630277)
(10.1533 0 0.756511)
(10.2076 0 0.883968)
(10.27 0 1.01289)
(10.3407 0 1.14339)
(10.4196 0 1.27548)
(10.5071 0 1.40905)
(10.6033 0 1.54386)
(10.7084 0 1.67958)
(10.8225 0 1.81577)
(10.9457 0 1.95188)
(11.0781 0 2.08729)
(11.2196 0 2.22128)
(11.3702 0 2.35304)
(11.5297 0 2.48175)
(11.6977 0 2.6065)
(11.8738 0 2.7264)
(12.0575 0 2.84056)
(12.2481 0 2.9481)
(12.4448 0 3.04823)
(12.6466 0 3.14022)
(12.8526 0 3.22346)
(13.0617 0 3.29749)
(13.2727 0 3.36196)
(13.4837 0 3.4167)
(13.714 0 3.46187)
(10.004 0 0.120969)
(10.0172 0 0.239995)
(10.0405 0 0.357888)
(10.0731 0 0.475388)
(10.114 0 0.593045)
(10.1632 0 0.711265)
(10.2207 0 0.830339)
(10.2864 0 0.950447)
(10.3604 0 1.07166)
(10.4428 0 1.19393)
(10.5336 0 1.31713)
(10.6328 0 1.441)
(10.7407 0 1.56521)
(10.8571 0 1.68933)
(10.982 0 1.81284)
(11.1155 0 1.93517)
(11.2572 0 2.05566)
(11.4071 0 2.17362)
(11.5649 0 2.28831)
(11.73 0 2.39898)
(11.9021 0 2.5049)
(12.0805 0 2.60533)
(12.2645 0 2.69959)
(12.4535 0 2.78705)
(12.6464 0 2.8672)
(12.8425 0 2.93958)
(13.0406 0 3.00387)
(13.24 0 3.05988)
(13.4389 0 3.10753)
(13.6552 0 3.147)
(10.0042 0 0.112924)
(10.0182 0 0.224001)
(10.0428 0 0.333936)
(10.0771 0 0.44337)
(10.1202 0 0.552773)
(10.1718 0 0.662482)
(10.2319 0 0.772727)
(10.3004 0 0.883636)
(10.3772 0 0.995239)
(10.4623 0 1.10747)
(10.5557 0 1.22016)
(10.6574 0 1.33306)
(10.7672 0 1.44584)
(10.8851 0 1.55811)
(11.011 0 1.66938)
(11.1447 0 1.77913)
(11.286 0 1.88678)
(11.4345 0 1.99174)
(11.5899 0 2.09338)
(11.7517 0 2.19107)
(11.9195 0 2.28421)
(12.0925 0 2.37221)
(12.2701 0 2.45454)
(12.4516 0 2.53073)
(12.6362 0 2.60039)
(12.8231 0 2.66321)
(13.0113 0 2.71899)
(13.2001 0 2.7676)
(13.3882 0 2.80904)
(13.5922 0 2.8435)
(10.0044 0 0.104252)
(10.019 0 0.206775)
(10.0448 0 0.308175)
(10.0807 0 0.409002)
(10.1256 0 0.509651)
(10.1792 0 0.610398)
(10.2415 0 0.711419)
(10.3123 0 0.8128)
(10.3913 0 0.914537)
(10.4786 0 1.01654)
(10.574 0 1.11864)
(10.6773 0 1.2206)
(10.7885 0 1.32209)
(10.9072 0 1.42275)
(11.0334 0 1.52216)
(11.1668 0 1.61984)
(11.307 0 1.7153)
(11.4537 0 1.80802)
(11.6064 0 1.89748)
(11.7647 0 1.98318)
(11.928 0 2.0646)
(12.0957 0 2.14131)
(12.2671 0 2.21288)
(12.4416 0 2.27897)
(12.6185 0 2.33929)
(12.7969 0 2.39363)
(12.9761 0 2.44186)
(13.1555 0 2.48393)
(13.3338 0 2.51987)
(13.5269 0 2.54986)
(10.0046 0 0.094986)
(10.0198 0 0.188381)
(10.0466 0 0.280704)
(10.0837 0 0.372423)
(10.1302 0 0.463865)
(10.1855 0 0.555245)
(10.2496 0 0.646694)
(10.3222 0 0.738263)
(10.4031 0 0.829924)
(10.492 0 0.921577)
(10.5888 0 1.01305)
(10.6933 0 1.10412)
(10.8052 0 1.19448)
(10.9243 0 1.28381)
(11.0503 0 1.37174)
(11.1828 0 1.45784)
(11.3216 0 1.54171)
(11.4661 0 1.6229)
(11.616 0 1.701)
(11.7706 0 1.77557)
(11.9295 0 1.84623)
(12.0921 0 1.91262)
(12.2577 0 1.97443)
(12.4257 0 2.03139)
(12.5954 0 2.08332)
(12.7661 0 2.13006)
(12.9373 0 2.17155)
(13.1082 0 2.20777)
(13.2779 0 2.23878)
(13.4614 0 2.26476)
(10.0047 0 0.0851542)
(10.0204 0 0.168878)
(10.0481 0 0.251617)
(10.0863 0 0.333767)
(10.1341 0 0.415586)
(10.1908 0 0.497235)
(10.2564 0 0.578805)
(10.3304 0 0.660316)
(10.4126 0 0.741727)
(10.5028 0 0.82293)
(10.6006 0 0.903763)
(10.7058 0 0.98401)
(10.818 0 1.06341)
(10.937 0 1.14168)
(11.0625 0 1.21848)
(11.1939 0 1.29347)
(11.331 0 1.36629)
(11.4732 0 1.43659)
(11.6201 0 1.50402)
(11.7712 0 1.56824)
(11.9258 0 1.62894)
(12.0836 0 1.68585)
(12.2437 0 1.73873)
(12.4057 0 1.7874)
(12.569 0 1.83172)
(12.7328 0 1.87159)
(12.8968 0 1.90699)
(13.0602 0 1.93793)
(13.2224 0 1.96446)
(13.3974 0 1.98677)
(10.0049 0 0.0747767)
(10.021 0 0.14831)
(10.0494 0 0.220993)
(10.0886 0 0.29315)
(10.1374 0 0.364972)
(10.1953 0 0.436568)
(10.262 0 0.507992)
(10.3372 0 0.579244)
(10.4204 0 0.650271)
(10.5114 0 0.720964)
(10.6098 0 0.791173)
(10.7154 0 0.860702)
(10.8276 0 0.929326)
(10.9462 0 0.996789)
(11.0708 0 1.06281)
(11.201 0 1.12711)
(11.3363 0 1.1894)
(11.4761 0 1.24937)
(11.6202 0 1.30675)
(11.7678 0 1.36127)
(11.9185 0 1.41271)
(12.0718 0 1.46085)
(12.227 0 1.50551)
(12.3836 0 1.54656)
(12.5411 0 1.58391)
(12.6989 0 1.61751)
(12.8565 0 1.64734)
(13.0134 0 1.67344)
(13.1689 0 1.69588)
(13.3365 0 1.71479)
(10.005 0 0.0638605)
(10.0215 0 0.126703)
(10.0506 0 0.188891)
(10.0906 0 0.250669)
(10.1403 0 0.312145)
(10.1992 0 0.373375)
(10.2668 0 0.434384)
(10.3427 0 0.495159)
(10.4267 0 0.555642)
(10.5183 0 0.615732)
(10.6171 0 0.675294)
(10.7227 0 0.734159)
(10.8347 0 0.792132)
(10.9528 0 0.849)
(11.0764 0 0.904534)
(11.2052 0 0.958498)
(11.3386 0 1.01065)
(11.4763 0 1.06077)
(11.6176 0 1.10863)
(11.7621 0 1.15402)
(11.9092 0 1.19676)
(12.0584 0 1.2367)
(12.2092 0 1.27372)
(12.3611 0 1.30771)
(12.5135 0 1.33861)
(12.666 0 1.36641)
(12.8181 0 1.3911)
(12.9693 0 1.41271)
(13.1192 0 1.43132)
(13.2805 0 1.44705)
(10.0051 0 0.0523849)
(10.0221 0 0.104043)
(10.0518 0 0.155351)
(10.0925 0 0.20645)
(10.143 0 0.257336)
(10.2025 0 0.308006)
(10.2708 0 0.358457)
(10.3474 0 0.408661)
(10.4318 0 0.458555)
(10.5238 0 0.508045)
(10.6227 0 0.557012)
(10.7282 0 0.605313)
(10.8399 0 0.652791)
(10.9573 0 0.699271)
(11.0799 0 0.74457)
(11.2073 0 0.788503)
(11.3391 0 0.830883)
(11.4746 0 0.871533)
(11.6135 0 0.910284)
(11.7551 0 0.946981)
(11.8991 0 0.981492)
(12.0448 0 1.0137)
(12.1918 0 1.04352)
(12.3396 0 1.07089)
(12.4877 0 1.09577)
(12.6357 0 1.11814)
(12.7831 0 1.13802)
(12.9296 0 1.15545)
(13.0746 0 1.17048)
(13.2305 0 1.18323)
(10.0053 0 0.0402671)
(10.0228 0 0.0802227)
(10.0532 0 0.120218)
(10.0947 0 0.160189)
(10.1458 0 0.200029)
(10.2059 0 0.239716)
(10.2747 0 0.279249)
(10.3517 0 0.318591)
(10.4365 0 0.357676)
(10.5286 0 0.396419)
(10.6275 0 0.434719)
(10.7328 0 0.472459)
(10.844 0 0.509511)
(10.9607 0 0.545737)
(11.0824 0 0.580994)
(11.2086 0 0.615139)
(11.3388 0 0.64803)
(11.4725 0 0.679533)
(11.6092 0 0.709522)
(11.7485 0 0.737886)
(11.8897 0 0.764526)
(12.0325 0 0.789364)
(12.1763 0 0.812338)
(12.3207 0 0.833405)
(12.4653 0 0.852544)
(12.6095 0 0.869751)
(12.7532 0 0.885041)
(12.8957 0 0.898445)
(13.0369 0 0.910008)
(13.1886 0 0.919821)
(10.0056 0 0.0273246)
(10.0239 0 0.0555867)
(10.0551 0 0.0845786)
(10.0971 0 0.113635)
(10.1486 0 0.142526)
(10.2092 0 0.171272)
(10.2784 0 0.199887)
(10.3557 0 0.228335)
(10.4407 0 0.256561)
(10.5329 0 0.284502)
(10.6317 0 0.312087)
(10.7368 0 0.339236)
(10.8476 0 0.365859)
(10.9637 0 0.391859)
(11.0845 0 0.417138)
(11.2096 0 0.441596)
(11.3386 0 0.465135)
(11.4707 0 0.487664)
(11.6057 0 0.509097)
(11.743 0 0.529357)
(11.8821 0 0.548379)
(12.0225 0 0.566111)
(12.1638 0 0.582513)
(12.3055 0 0.597557)
(12.4472 0 0.611232)
(12.5886 0 0.623537)
(12.7292 0 0.634486)
(12.8688 0 0.644104)
(13.0068 0 0.652424)
(13.155 0 0.659517)
(10.0068 0 0.0112446)
(10.0271 0 0.0265778)
(10.0593 0 0.0438023)
(10.1017 0 0.0613119)
(10.1534 0 0.0787873)
(10.2142 0 0.0962708)
(10.2835 0 0.113757)
(10.3609 0 0.131186)
(10.4458 0 0.148498)
(10.5379 0 0.165637)
(10.6365 0 0.182551)
(10.7412 0 0.199183)
(10.8516 0 0.215474)
(10.9671 0 0.231361)
(11.0872 0 0.246783)
(11.2114 0 0.261679)
(11.3393 0 0.275988)
(11.4703 0 0.289658)
(11.604 0 0.302637)
(11.7398 0 0.314883)
(11.8773 0 0.326358)
(12.016 0 0.337034)
(12.1555 0 0.346891)
(12.2953 0 0.355915)
(12.4351 0 0.364103)
(12.5744 0 0.37146)
(12.713 0 0.377997)
(12.8504 0 0.383733)
(12.9864 0 0.388697)
(13.1324 0 0.392949)
(9.99589 0 0.000922081)
(10.007 0 0.00495324)
(10.0276 0 0.0102607)
(10.0576 0 0.0158017)
(10.0974 0 0.0214145)
(10.1467 0 0.0271261)
(10.205 0 0.0329267)
(10.2719 0 0.0387819)
(10.3469 0 0.0446592)
(10.4294 0 0.0505324)
(10.519 0 0.0563772)
(10.6152 0 0.0621686)
(10.7174 0 0.0678808)
(10.8252 0 0.0734873)
(10.938 0 0.0789618)
(11.0554 0 0.0842784)
(11.1767 0 0.0894123)
(11.3014 0 0.0943401)
(11.4291 0 0.0990406)
(11.5592 0 0.103495)
(11.6913 0 0.107687)
(11.8248 0 0.111603)
(11.9592 0 0.115234)
(12.0942 0 0.118573)
(12.2294 0 0.121616)
(12.3642 0 0.124362)
(12.4984 0 0.126815)
(12.6317 0 0.12898)
(12.7637 0 0.13086)
(12.9054 0 0.132487)
(9.4303 0 13.0922)
(6.21107 0 10.7801)
(-1.085 0 5.3137)
(10.3625 0 11.227)
(9.80618 0 9.93081)
(8.21576 0 8.10437)
(11.4632 0 11.1348)
(11.68 0 10.5828)
(11.4232 0 9.66718)
(12.3544 0 10.7379)
(12.7008 0 10.5713)
(12.8079 0 10.1531)
(12.9212 0 10.0008)
(13.2917 0 9.99378)
(13.5353 0 9.85486)
(13.2963 0 9.22514)
(13.6584 0 9.28239)
(13.942 0 9.27191)
(13.5628 0 8.5082)
(13.8958 0 8.58067)
(14.1704 0 8.616)
(13.7514 0 7.85394)
(14.0496 0 7.92061)
(14.2991 0 7.96523)
(13.8814 0 7.25615)
(14.1469 0 7.31254)
(14.3699 0 7.35423)
(13.9674 0 6.70921)
(14.2046 0 6.75632)
(14.4038 0 6.79253)
(14.0191 0 6.20647)
(14.2323 0 6.24608)
(14.4112 0 6.27714)
(14.0436 0 5.74127)
(14.2365 0 5.77496)
(14.3983 0 5.80177)
(14.0457 0 5.30788)
(14.2215 0 5.33688)
(14.3689 0 5.36026)
(14.0295 0 4.90161)
(14.1907 0 4.92683)
(14.3259 0 4.94741)
(13.9983 0 4.5186)
(14.1469 0 4.5407)
(14.2715 0 4.55894)
(13.9547 0 4.15566)
(14.0923 0 4.17513)
(14.2079 0 4.19138)
(13.9012 0 3.81016)
(14.0293 0 3.82737)
(14.1369 0 3.84188)
(13.8401 0 3.47985)
(13.9599 0 3.49509)
(14.0605 0 3.50806)
(13.7736 0 3.16282)
(13.886 0 3.17632)
(13.9805 0 3.1879)
(13.7037 0 2.8574)
(13.8096 0 2.86934)
(13.8987 0 2.87965)
(13.6324 0 2.56204)
(13.7326 0 2.57255)
(13.8168 0 2.58168)
(13.5615 0 2.27536)
(13.6566 0 2.28455)
(13.7366 0 2.29259)
(13.4928 0 1.99591)
(13.5835 0 2.00387)
(13.6597 0 2.01087)
(13.4279 0 1.72259)
(13.5147 0 1.72939)
(13.5877 0 1.73541)
(13.3684 0 1.45355)
(13.4519 0 1.45924)
(13.5222 0 1.46429)
(13.3155 0 1.18852)
(13.3962 0 1.19317)
(13.4642 0 1.1973)
(13.2712 0 0.923884)
(13.3496 0 0.927456)
(13.4157 0 0.930643)
(13.2357 0 0.662467)
(13.3125 0 0.665057)
(13.3773 0 0.667367)
(13.2117 0 0.394649)
(13.2872 0 0.396078)
(13.3508 0 0.39733)
(12.9826 0 0.133091)
(13.056 0 0.133565)
(13.1179 0 0.133986)
(-2.6464 0 1.45604)
(-2.05375 0 1.1451)
(-2.35838 0 0.627994)
(-2.1711 0 0.627803)
(-2.03469 0 0.706206)
(-2.06551 0 0.505351)
(-2.06681 0 0.316452)
(-2.08269 0 0.259868)
(-2.10593 0 0.218225)
(-2.10627 0 0.184567)
(-2.1026 0 0.180417)
(-2.11852 0 0.177428)
(-2.14043 0 0.153507)
(-2.14969 0 0.121712)
(-2.15027 0 0.107194)
(-2.1587 0 0.11353)
(-2.17984 0 0.117891)
(-2.20198 0 0.10829)
(-2.21251 0 0.0892638)
(-2.21069 0 0.0755337)
(-2.20794 0 0.0771842)
(-2.2161 0 0.0887392)
(-2.23712 0 0.0965226)
(-2.26339 0 0.0912064)
(-2.28307 0 0.0710515)
(-2.28731 0 0.044171)
(-2.27827 0 0.0254414)
(-2.26825 0 0.0233579)
(-2.26589 0 0.0295269)
(-2.26709 0 0.0317975)
(6.07159 0 5.45632)
(3.56559 0 3.50567)
(1.44501 0 2.01464)
(-1.59262 0 0.387304)
(-2.08101 0 0.288996)
(-2.36994 0 0.0682142)
(-2.28054 0 0.170061)
(-2.1703 0 0.403207)
(-2.17316 0 0.374038)
(-2.15656 0 0.236743)
(-2.14141 0 0.154685)
(-2.17135 0 0.155228)
(-2.20775 0 0.135678)
(-2.209 0 0.105515)
(-2.18599 0 0.107728)
(-2.18153 0 0.135235)
(-2.20805 0 0.148145)
(-2.23908 0 0.131071)
(-2.2502 0 0.0937817)
(-2.23836 0 0.0651197)
(-2.22347 0 0.0675532)
(-2.2272 0 0.0907294)
(-2.25234 0 0.107141)
(-2.28622 0 0.103848)
(-2.31108 0 0.0784315)
(-2.31282 0 0.0415582)
(-2.29373 0 0.0155553)
(-2.27416 0 0.0163387)
(-2.26976 0 0.0305682)
(-2.27244 0 0.0360487)
(10.3506 0 7.62112)
(8.59115 0 5.82453)
(6.66603 0 4.37615)
(4.71679 0 3.13905)
(2.92042 0 2.14173)
(1.5206 0 1.29573)
(-1.09091 0 0.242552)
(-1.88312 0 0.162855)
(-2.27388 0 -0.0109067)
(-2.32752 0 -0.110129)
(-2.21278 0 0.0839694)
(-2.1685 0 0.313824)
(-2.20868 0 0.301724)
(-2.19621 0 0.1884)
(-2.14806 0 0.094882)
(-2.14456 0 0.105304)
(-2.19345 0 0.136362)
(-2.24518 0 0.119092)
(-2.25772 0 0.0706053)
(-2.22378 0 0.0412374)
(-2.18173 0 0.0658453)
(-2.17619 0 0.113935)
(-2.20872 0 0.142672)
(-2.25439 0 0.139874)
(-2.28749 0 0.102577)
(-2.28619 0 0.0440046)
(-2.25137 0 -0.00160547)
(-2.21773 0 0.00388329)
(-2.21163 0 0.0334269)
(-2.21805 0 0.0460921)
(12.4925 0 8.78422)
(11.6102 0 7.33408)
(10.377 0 6.02365)
(8.9751 0 4.83678)
(7.47528 0 3.81515)
(6.03154 0 2.99395)
(4.53203 0 2.29129)
(3.14542 0 1.68767)
(1.91914 0 1.14061)
(0.68698 0 0.500601)
(-1.31717 0 0.0968476)
(-1.77435 0 0.146607)
(-2.12961 0 0.0108228)
(-2.19773 0 -0.139935)
(-2.07872 0 -0.0665101)
(-2.04004 0 0.170852)
(-2.08128 0 0.285041)
(-2.1618 0 0.263807)
(-2.17208 0 0.159086)
(-2.10146 0 0.0417872)
(-2.03569 0 0.0309761)
(-2.03371 0 0.0952108)
(-2.08602 0 0.137512)
(-2.15226 0 0.132994)
(-2.19996 0 0.0819524)
(-2.19537 0 0.00406369)
(-2.13058 0 -0.0397748)
(-2.07479 0 -0.0190139)
(-2.07165 0 0.0399079)
(-2.08674 0 0.0668382)
(13.6632 0 9.10272)
(13.3757 0 8.09372)
(12.7517 0 7.04195)
(11.8893 0 6.02148)
(10.8613 0 5.09116)
(9.7536 0 4.28528)
(8.59674 0 3.55889)
(7.40853 0 2.90358)
(6.22966 0 2.34306)
(5.09418 0 1.89397)
(3.91682 0 1.52794)
(2.87402 0 1.17639)
(1.9106 0 0.83166)
(1.17065 0 0.453401)
(-0.44888 0 0.0564118)
(-1.23723 0 0.163061)
(-1.61558 0 0.177655)
(-1.84428 0 0.0782647)
(-1.91164 0 -0.0842624)
(-1.79708 0 -0.170569)
(-1.79507 0 -0.033733)
(-1.77859 0 0.178972)
(-1.84964 0 0.250749)
(-1.94247 0 0.254115)
(-2.00499 0 0.19588)
(-1.98162 0 0.0720497)
(-1.87786 0 -0.0712449)
(-1.82408 0 -0.0500455)
(-1.83448 0 0.0567263)
(-1.86997 0 0.107694)
(14.2878 0 8.92225)
(14.3677 0 8.30176)
(14.1951 0 7.55133)
(13.7892 0 6.75561)
(13.1918 0 5.96968)
(12.4568 0 5.22853)
(11.6269 0 4.53488)
(10.7306 0 3.90088)
(9.79563 0 3.34267)
(8.8522 0 2.86677)
(7.90257 0 2.44042)
(6.96828 0 2.0402)
(6.04984 0 1.67794)
(5.16424 0 1.39331)
(4.25831 0 1.17787)
(3.38343 0 0.978706)
(2.61049 0 0.78452)
(1.90834 0 0.589793)
(1.29436 0 0.37566)
(0.571824 0 0.0978932)
(-0.755903 0 0.02446)
(-1.02022 0 0.156275)
(-1.27849 0 0.191732)
(-1.42649 0 0.159224)
(-1.53475 0 0.0451797)
(-1.55179 0 -0.141122)
(-1.37964 0 -0.243625)
(-1.48241 0 -0.118969)
(-1.51262 0 0.091694)
(-1.59013 0 0.174959)
(14.5928 0 8.48854)
(14.8747 0 8.14772)
(14.9995 0 7.66009)
(14.9337 0 7.08518)
(14.6864 0 6.46863)
(14.2902 0 5.84575)
(13.7783 0 5.23765)
(13.1769 0 4.66045)
(12.5081 0 4.12651)
(11.7947 0 3.6414)
(11.0537 0 3.1978)
(10.2984 0 2.78931)
(9.53327 0 2.42088)
(8.76647 0 2.11121)
(8.00832 0 1.84614)
(7.26474 0 1.60617)
(6.55544 0 1.37621)
(5.8688 0 1.15486)
(5.19015 0 0.963012)
(4.52209 0 0.837635)
(3.81589 0 0.742102)
(3.19216 0 0.630486)
(2.61851 0 0.533362)
(2.08816 0 0.447797)
(1.60168 0 0.346885)
(1.21219 0 0.192095)
(0.545589 0 0.0178978)
(-0.678456 0 0.0281598)
(-0.898573 0 0.144999)
(-1.14927 0 0.29558)
(14.7242 0 7.94491)
(15.0937 0 7.77976)
(15.3874 0 7.48753)
(15.547 0 7.09933)
(15.5586 0 6.64681)
(15.4359 0 6.15871)
(15.1982 0 5.65732)
(14.863 0 5.1597)
(14.4472 0 4.6792)
(13.9685 0 4.22485)
(13.4432 0 3.79925)
(12.8835 0 3.40203)
(12.2966 0 3.03628)
(11.6908 0 2.7091)
(11.0786 0 2.41737)
(10.47 0 2.15349)
(9.86978 0 1.90552)
(9.27202 0 1.67269)
(8.67149 0 1.46906)
(8.07494 0 1.30788)
(7.4883 0 1.17437)
(6.92873 0 1.05055)
(6.39451 0 0.934332)
(5.87648 0 0.818908)
(5.3702 0 0.697356)
(4.86308 0 0.592595)
(4.33789 0 0.549969)
(3.74954 0 0.519494)
(3.26135 0 0.464888)
(2.5272 0 0.500517)
(14.7668 0 7.37754)
(15.1555 0 7.3097)
(15.5249 0 7.14613)
(15.8133 0 6.89794)
(15.9947 0 6.58282)
(16.0695 0 6.21986)
(16.045 0 5.82661)
(15.9296 0 5.41846)
(15.7336 0 5.00848)
(15.4689 0 4.60678)
(15.1474 0 4.21933)
(14.7794 0 3.84947)
(14.373 0 3.50109)
(13.9368 0 3.17897)
(13.481 0 2.88382)
(13.0141 0 2.61167)
(12.5398 0 2.35678)
(12.057 0 2.1194)
(11.5655 0 1.90664)
(11.0709 0 1.72436)
(10.5825 0 1.56818)
(10.1077 0 1.42758)
(9.64439 0 1.29481)
(9.18567 0 1.16541)
(8.72479 0 1.04006)
(8.25433 0 0.934974)
(7.77467 0 0.86643)
(7.29061 0 0.821663)
(6.83 0 0.790074)
(6.22049 0 0.797438)
(14.764 0 6.82951)
(15.1378 0 6.8096)
(15.5252 0 6.72223)
(15.8714 0 6.56839)
(16.1482 0 6.35596)
(16.3491 0 6.09556)
(16.4736 0 5.79874)
(16.523 0 5.47711)
(16.5011 0 5.1415)
(16.414 0 4.80113)
(16.2691 0 4.46297)
(16.0739 0 4.13219)
(15.8351 0 3.81348)
(15.5602 0 3.51115)
(15.2567 0 3.22716)
(14.9316 0 2.96054)
(14.5888 0 2.70958)
(14.23 0 2.47519)
(13.8572 0 2.26136)
(13.4754 0 2.0714)
(13.0914 0 1.90332)
(12.7099 0 1.7505)
(12.3301 0 1.60745)
(11.9478 0 1.47217)
(11.5583 0 1.34706)
(11.1579 0 1.24118)
(10.7489 0 1.16308)
(10.3389 0 1.1099)
(9.93981 0 1.07593)
(9.43444 0 1.05994)
(14.7362 0 6.31583)
(15.0823 0 6.31728)
(15.4574 0 6.27156)
(15.8169 0 6.17621)
(16.1353 0 6.03397)
(16.4045 0 5.84992)
(16.6205 0 5.63062)
(16.7806 0 5.38361)
(16.8836 0 5.11671)
(16.9313 0 4.83734)
(16.9269 0 4.55192)
(16.8747 0 4.26587)
(16.7793 0 3.98397)
(16.6459 0 3.71032)
(16.4801 0 3.4476)
(16.287 0 3.19689)
(16.0703 0 2.95861)
(15.8328 0 2.73417)
(15.5772 0 2.52619)
(15.3076 0 2.33683)
(15.029 0 2.16527)
(14.7447 0 2.00807)
(14.4552 0 1.86214)
(14.1582 0 1.72667)
(13.8511 0 1.60386)
(13.5326 0 1.49917)
(13.2051 0 1.4177)
(12.8743 0 1.35841)
(12.5485 0 1.31632)
(12.1362 0 1.284)
(14.6923 0 5.83827)
(15.0087 0 5.8485)
(15.3594 0 5.82469)
(15.7085 0 5.7639)
(16.0349 0 5.66683)
(16.3319 0 5.53571)
(16.5949 0 5.37391)
(16.8196 0 5.18584)
(17.0026 0 4.97665)
(17.1427 0 4.7517)
(17.2401 0 4.51614)
(17.2964 0 4.2747)
(17.314 0 4.03168)
(17.2959 0 3.79089)
(17.2455 0 3.5553)
(17.1665 0 3.32694)
(17.0618 0 3.10734)
(16.9341 0 2.89822)
(16.7859 0 2.7017)
(16.6207 0 2.51948)
(16.4419 0 2.35168)
(16.2523 0 2.19691)
(16.0527 0 2.05372)
(15.8423 0 1.922)
(15.6202 0 1.80356)
(15.3861 0 1.70186)
(15.1424 0 1.61995)
(14.8929 0 1.55726)
(14.6439 0 1.50977)
(14.3234 0 1.46968)
(14.6364 0 5.39371)
(14.9253 0 5.40735)
(15.249 0 5.39523)
(15.5778 0 5.35485)
(15.8948 0 5.28626)
(16.195 0 5.19048)
(16.4748 0 5.06922)
(16.7303 0 4.92498)
(16.9574 0 4.76098)
(17.1535 0 4.58086)
(17.3172 0 4.38841)
(17.4484 0 4.18736)
(17.5475 0 3.98129)
(17.6158 0 3.7735)
(17.6552 0 3.56685)
(17.6676 0 3.36366)
(17.6551 0 3.1659)
(17.6199 0 2.97545)
(17.5638 0 2.79424)
(17.4895 0 2.62387)
(17.3996 0 2.46506)
(17.2961 0 2.31761)
(17.18 0 2.1812)
(17.0514 0 2.05623)
(16.9102 0 1.94417)
(16.757 0 1.84738)
(16.5935 0 1.76775)
(16.4226 0 1.70495)
(16.2485 0 1.65603)
(16.0178 0 1.61443)
(14.5708 0 4.97787)
(14.8356 0 4.99272)
(15.1337 0 4.9873)
(15.4399 0 4.95953)
(15.7401 0 4.90933)
(16.0309 0 4.83722)
(16.3102 0 4.74414)
(16.5746 0 4.63157)
(16.8206 0 4.50154)
(17.0455 0 4.35651)
(17.2472 0 4.19916)
(17.4245 0 4.03233)
(17.5769 0 3.85881)
(17.7046 0 3.68135)
(17.808 0 3.50246)
(17.8881 0 3.32438)
(17.9461 0 3.14915)
(17.9832 0 2.97864)
(18.001 0 2.81468)
(18.001 0 2.65883)
(17.9851 0 2.51213)
(17.955 0 2.37512)
(17.9114 0 2.24817)
(17.8551 0 2.132)
(17.7862 0 2.02794)
(17.7055 0 1.93768)
(17.6146 0 1.86254)
(17.5154 0 1.80243)
(17.4105 0 1.75541)
(17.2644 0 1.71661)
(14.4972 0 4.58669)
(14.741 0 4.60183)
(15.0163 0 4.60057)
(15.3007 0 4.58119)
(15.5823 0 4.54353)
(15.8587 0 4.4879)
(16.1288 0 4.41483)
(16.3902 0 4.32528)
(16.6399 0 4.22059)
(16.8755 0 4.10247)
(17.0951 0 3.97286)
(17.2971 0 3.83389)
(17.4806 0 3.68772)
(17.6451 0 3.53657)
(17.7903 0 3.38256)
(17.9165 0 3.22771)
(18.0242 0 3.0739)
(18.114 0 2.92292)
(18.1867 0 2.77646)
(18.2435 0 2.63603)
(18.2856 0 2.50284)
(18.314 0 2.37781)
(18.3296 0 2.26172)
(18.333 0 2.15551)
(18.3247 0 2.06038)
(18.3055 0 1.97771)
(18.2767 0 1.90856)
(18.2394 0 1.85311)
(18.1953 0 1.81037)
(18.1252 0 1.77709)
(14.4169 0 4.21669)
(14.6426 0 4.23166)
(14.8977 0 4.23318)
(15.1624 0 4.21974)
(15.4261 0 4.19117)
(15.687 0 4.1476)
(15.9447 0 4.08937)
(16.1973 0 4.01707)
(16.4426 0 3.93166)
(16.6787 0 3.83437)
(16.9036 0 3.72665)
(17.1162 0 3.6101)
(17.3152 0 3.48645)
(17.5 0 3.35748)
(17.6699 0 3.22496)
(17.8249 0 3.09065)
(17.9649 0 2.95622)
(18.0902 0 2.82331)
(18.2012 0 2.69346)
(18.2986 0 2.56812)
(18.383 0 2.44855)
(18.4553 0 2.33584)
(18.5161 0 2.23098)
(18.5661 0 2.13501)
(18.6056 0 2.0491)
(18.6356 0 1.97447)
(18.6569 0 1.91209)
(18.6705 0 1.86244)
(18.6771 0 1.82529)
(18.6722 0 1.79887)
(14.3314 0 3.86495)
(14.5414 0 3.87951)
(14.7789 0 3.88291)
(15.026 0 3.87387)
(15.2732 0 3.85217)
(15.5191 0 3.81785)
(15.7636 0 3.77107)
(16.0055 0 3.71222)
(16.2429 0 3.64197)
(16.4742 0 3.56123)
(16.6978 0 3.47108)
(16.9126 0 3.37281)
(17.1175 0 3.26776)
(17.3117 0 3.15741)
(17.4947 0 3.04323)
(17.666 0 2.92674)
(17.8254 0 2.80942)
(17.973 0 2.69273)
(18.109 0 2.57809)
(18.2336 0 2.46684)
(18.3473 0 2.36023)
(18.4507 0 2.2594)
(18.5441 0 2.16544)
(18.6283 0 2.07944)
(18.7037 0 2.00253)
(18.771 0 1.93586)
(18.8309 0 1.88042)
(18.8841 0 1.83694)
(18.9311 0 1.80581)
(18.9795 0 1.78641)
(14.2423 0 3.52906)
(14.4385 0 3.54302)
(14.6605 0 3.54769)
(14.892 0 3.54196)
(15.1243 0 3.52558)
(15.3564 0 3.49854)
(15.5883 0 3.46088)
(15.8192 0 3.41283)
(16.0474 0 3.35486)
(16.2716 0 3.28763)
(16.4906 0 3.21198)
(16.7033 0 3.12889)
(16.9087 0 3.03948)
(17.1061 0 2.94494)
(17.2948 0 2.84652)
(17.4745 0 2.74553)
(17.6448 0 2.64326)
(17.8057 0 2.54102)
(17.957 0 2.44009)
(18.0991 0 2.34172)
(18.2321 0 2.2471)
(18.3565 0 2.15738)
(18.4726 0 2.07366)
(18.5809 0 1.99703)
(18.682 0 1.92861)
(18.7763 0 1.8695)
(18.8647 0 1.82075)
(18.9478 0 1.78328)
(19.0256 0 1.7579)
(19.1159 0 1.74489)
(14.1511 0 3.20696)
(14.3351 0 3.22018)
(14.5434 0 3.22564)
(14.7612 0 3.22239)
(14.9802 0 3.21019)
(15.1997 0 3.18895)
(15.4198 0 3.15867)
(15.6401 0 3.11947)
(15.859 0 3.07164)
(16.0756 0 3.01567)
(16.2885 0 2.95221)
(16.4971 0 2.88201)
(16.7002 0 2.80597)
(16.8974 0 2.72508)
(17.0879 0 2.64039)
(17.2713 0 2.55302)
(17.4472 0 2.46409)
(17.6156 0 2.37478)
(17.7762 0 2.28623)
(17.9292 0 2.19961)
(18.0747 0 2.11602)
(18.213 0 2.03658)
(18.3445 0 1.96235)
(18.4695 0 1.89442)
(18.5886 0 1.83387)
(18.7023 0 1.78179)
(18.8113 0 1.73926)
(18.9162 0 1.70734)
(19.0171 0 1.68709)
(19.1395 0 1.67939)
(14.0594 0 2.89685)
(14.2327 0 2.90922)
(14.429 0 2.91512)
(14.6344 0 2.91371)
(14.8416 0 2.90477)
(15.0496 0 2.88819)
(15.2591 0 2.86393)
(15.4694 0 2.83202)
(15.6795 0 2.79266)
(15.8883 0 2.7462)
(16.0948 0 2.6931)
(16.2983 0 2.63398)
(16.498 0 2.56953)
(16.6932 0 2.50058)
(16.8833 0 2.42799)
(17.0678 0 2.35272)
(17.2464 0 2.27575)
(17.4188 0 2.19811)
(17.585 0 2.12083)
(17.7449 0 2.04497)
(17.8986 0 1.97155)
(18.0463 0 1.90162)
(18.1884 0 1.83621)
(18.3251 0 1.77635)
(18.457 0 1.7231)
(18.5846 0 1.67752)
(18.7086 0 1.6407)
(18.8296 0 1.61374)
(18.9478 0 1.59788)
(19.0946 0 1.59429)
(13.9688 0 2.59712)
(14.1327 0 2.60856)
(14.3183 0 2.6146)
(14.5128 0 2.61451)
(14.7094 0 2.6081)
(14.9073 0 2.59527)
(15.107 0 2.57593)
(15.3081 0 2.55007)
(15.5099 0 2.51781)
(15.7113 0 2.4794)
(15.9114 0 2.43519)
(16.1097 0 2.38563)
(16.3053 0 2.33131)
(16.4976 0 2.27285)
(16.6861 0 2.21101)
(16.8704 0 2.14658)
(17.0499 0 2.0804)
(17.2245 0 2.01337)
(17.3941 0 1.94641)
(17.5585 0 1.88045)
(17.7177 0 1.81646)
(17.872 0 1.75538)
(18.0216 0 1.69819)
(18.1669 0 1.64587)
(18.3082 0 1.59941)
(18.4462 0 1.55984)
(18.5814 0 1.52823)
(18.7147 0 1.50569)
(18.8462 0 1.49346)
(19.0117 0 1.49288)
(13.8809 0 2.30632)
(14.0365 0 2.31675)
(14.2127 0 2.3227)
(14.3977 0 2.32353)
(14.5848 0 2.31908)
(14.7736 0 2.30924)
(14.9645 0 2.29392)
(15.1574 0 2.27309)
(15.3514 0 2.24681)
(15.5458 0 2.21524)
(15.7399 0 2.17865)
(15.9329 0 2.1374)
(16.1242 0 2.09192)
(16.3134 0 2.04275)
(16.4997 0 1.99048)
(16.6829 0 1.93577)
(16.8624 0 1.87936)
(17.038 0 1.82201)
(17.2096 0 1.76452)
(17.3769 0 1.70773)
(17.5401 0 1.6525)
(17.6993 0 1.59968)
(17.8546 0 1.55019)
(18.0063 0 1.50491)
(18.1549 0 1.4648)
(18.301 0 1.43081)
(18.4451 0 1.40397)
(18.5881 0 1.38534)
(18.7302 0 1.37611)
(18.9107 0 1.37763)
(13.7974 0 2.02294)
(13.9456 0 2.03231)
(14.1136 0 2.03796)
(14.2901 0 2.03938)
(14.469 0 2.03641)
(14.6497 0 2.02895)
(14.8328 0 2.01693)
(15.0182 0 2.00027)
(15.2052 0 1.97902)
(15.3932 0 1.95329)
(15.5815 0 1.92327)
(15.7695 0 1.88923)
(15.9567 0 1.85151)
(16.1425 0 1.81054)
(16.3264 0 1.7668)
(16.508 0 1.72084)
(16.6869 0 1.67328)
(16.8628 0 1.62476)
(17.0355 0 1.57598)
(17.2049 0 1.52766)
(17.3709 0 1.48056)
(17.5337 0 1.43545)
(17.6934 0 1.39315)
(17.8503 0 1.35448)
(18.0047 0 1.32029)
(18.1573 0 1.29148)
(18.3087 0 1.26898)
(18.4597 0 1.25381)
(18.6106 0 1.24704)
(18.8032 0 1.24995)
(13.7196 0 1.74586)
(13.8615 0 1.75411)
(14.0223 0 1.75932)
(14.1915 0 1.76106)
(14.3632 0 1.75918)
(14.5368 0 1.75362)
(14.713 0 1.74428)
(14.8918 0 1.73112)
(15.0726 0 1.71413)
(15.2548 0 1.69339)
(15.4378 0 1.66904)
(15.6211 0 1.64128)
(15.8043 0 1.61039)
(15.9868 0 1.57669)
(16.1682 0 1.54058)
(16.348 0 1.50251)
(16.5259 0 1.46298)
(16.7016 0 1.42253)
(16.8748 0 1.38175)
(17.0456 0 1.34127)
(17.2137 0 1.30174)
(17.3792 0 1.26384)
(17.5424 0 1.22827)
(17.7034 0 1.19578)
(17.8626 0 1.16713)
(18.0206 0 1.14312)
(18.178 0 1.12459)
(18.3356 0 1.11246)
(18.4939 0 1.10769)
(18.6967 0 1.11145)
(13.649 0 1.47314)
(13.7855 0 1.48023)
(13.9403 0 1.48487)
(14.1032 0 1.48669)
(14.2686 0 1.4856)
(14.4361 0 1.48152)
(14.6063 0 1.47438)
(14.7794 0 1.46412)
(14.9547 0 1.45074)
(15.1317 0 1.43428)
(15.3101 0 1.41485)
(15.4892 0 1.3926)
(15.6687 0 1.36772)
(15.848 0 1.34049)
(16.0269 0 1.31122)
(16.2049 0 1.28025)
(16.3816 0 1.24801)
(16.5568 0 1.21493)
(16.7302 0 1.18151)
(16.9017 0 1.14827)
(17.0713 0 1.11575)
(17.239 0 1.08455)
(17.4048 0 1.05526)
(17.5691 0 1.02853)
(17.7322 0 1.00502)
(17.8946 0 0.985431)
(18.057 0 0.970502)
(18.2202 0 0.961025)
(18.3848 0 0.957845)
(18.5959 0 0.962011)
(13.5869 0 1.20457)
(13.719 0 1.21047)
(13.8686 0 1.21444)
(14.0262 0 1.21619)
(14.1864 0 1.21564)
(14.3488 0 1.21274)
(14.514 0 1.20742)
(14.6821 0 1.19962)
(14.8527 0 1.18935)
(15.0254 0 1.17662)
(15.1996 0 1.16151)
(15.375 0 1.14414)
(15.5512 0 1.12464)
(15.7278 0 1.10323)
(15.9044 0 1.08015)
(16.0806 0 1.05567)
(16.256 0 1.03011)
(16.4306 0 1.00384)
(16.6039 0 0.977245)
(16.7758 0 0.950749)
(16.9464 0 0.924803)
(17.1156 0 0.899886)
(17.2835 0 0.876501)
(17.4504 0 0.85518)
(17.6166 0 0.836481)
(17.7826 0 0.820994)
(17.9491 0 0.809345)
(18.1169 0 0.802201)
(18.2866 0 0.800269)
(18.5047 0 0.804449)
(13.535 0 0.9363)
(13.6634 0 0.94094)
(13.8088 0 0.944122)
(13.9621 0 0.945626)
(14.1181 0 0.945391)
(14.2762 0 0.943374)
(14.4373 0 0.93952)
(14.6014 0 0.933789)
(14.7682 0 0.926168)
(14.9372 0 0.916676)
(15.108 0 0.90536)
(15.2803 0 0.892302)
(15.4537 0 0.877612)
(15.6279 0 0.861436)
(15.8024 0 0.843954)
(15.9769 0 0.825378)
(16.1512 0 0.80595)
(16.325 0 0.785944)
(16.4981 0 0.765662)
(16.6702 0 0.745431)
(16.8414 0 0.725603)
(17.0117 0 0.706554)
(17.1811 0 0.688681)
(17.3499 0 0.672406)
(17.5185 0 0.658174)
(17.6873 0 0.646462)
(17.8571 0 0.637773)
(18.0285 0 0.63265)
(18.2023 0 0.631669)
(18.4256 0 0.635608)
(13.494 0 0.671467)
(13.6196 0 0.674888)
(13.7618 0 0.677292)
(13.9118 0 0.678509)
(14.0645 0 0.678504)
(14.2194 0 0.677249)
(14.3773 0 0.674704)
(14.5383 0 0.670839)
(14.702 0 0.66564)
(14.8682 0 0.65912)
(15.0363 0 0.651309)
(15.2061 0 0.64226)
(15.3773 0 0.632048)
(15.5495 0 0.620774)
(15.7224 0 0.608561)
(15.8956 0 0.595557)
(16.0689 0 0.581933)
(16.2419 0 0.56788)
(16.4146 0 0.553614)
(16.5868 0 0.539367)
(16.7584 0 0.525392)
(16.9293 0 0.51196)
(17.0998 0 0.49936)
(17.2701 0 0.487899)
(17.4404 0 0.477905)
(17.6113 0 0.46973)
(17.7834 0 0.463754)
(17.9576 0 0.460394)
(18.1346 0 0.460096)
(18.3622 0 0.463486)
(13.4656 0 0.399639)
(13.5892 0 0.401704)
(13.7291 0 0.403167)
(13.8767 0 0.403885)
(14.0271 0 0.403853)
(14.1797 0 0.403073)
(14.3352 0 0.40152)
(14.494 0 0.399175)
(14.6555 0 0.396032)
(14.8196 0 0.392096)
(14.9857 0 0.387388)
(15.1537 0 0.381939)
(15.3232 0 0.375794)
(15.4939 0 0.369012)
(15.6654 0 0.361669)
(15.8375 0 0.353851)
(16.0099 0 0.345663)
(16.1824 0 0.337219)
(16.3546 0 0.32865)
(16.5266 0 0.320096)
(16.6982 0 0.311712)
(16.8695 0 0.303661)
(17.0405 0 0.296122)
(17.2115 0 0.289284)
(17.3829 0 0.28335)
(17.555 0 0.278542)
(17.7287 0 0.275112)
(17.9046 0 0.273356)
(18.0837 0 0.273655)
(18.3134 0 0.276772)
(13.2296 0 0.134882)
(13.3495 0 0.135802)
(13.4854 0 0.136511)
(13.629 0 0.136941)
(13.7752 0 0.137102)
(13.9237 0 0.136999)
(14.0751 0 0.136622)
(14.2296 0 0.135962)
(14.3868 0 0.135015)
(14.5465 0 0.133783)
(14.7082 0 0.132271)
(14.8717 0 0.130488)
(15.0367 0 0.128451)
(15.2027 0 0.126178)
(15.3695 0 0.123696)
(15.5369 0 0.121033)
(15.7044 0 0.118227)
(15.8718 0 0.115318)
(16.039 0 0.112352)
(16.2058 0 0.109378)
(16.3722 0 0.106451)
(16.5381 0 0.10363)
(16.7036 0 0.10098)
(16.869 0 0.0985674)
(17.0347 0 0.0964676)
(17.2012 0 0.0947632)
(17.3691 0 0.0935518)
(17.5394 0 0.092962)
(17.7134 0 0.0931937)
(17.9385 0 0.0948451)
)
;

boundaryField
{
    inlet
    {
        type            fixedValue;
        value           uniform (10 0 0);
    }
    outlet
    {
        type            zeroGradient;
    }
    flap
    {
        type            movingWallVelocity;
        value           nonuniform List<vector> 
33
(
(0 0 6.93889e-16)
(0 0 0)
(0 0 0)
(0 0 0)
(0 0 0)
(0 0 0)
(0 0 0)
(0 0 0)
(0 0 0)
(0 0 0)
(0 0 0)
(0 0 -1.11022e-14)
(0 0 -1.11022e-14)
(0 0 -1.11022e-14)
(0 0 -2.22045e-14)
(6.93889e-16 -2.77556e-15 0)
(0 -2.77556e-15 0)
(0 0 0)
(0 0 6.93889e-16)
(0 0 0)
(0 0 0)
(0 0 0)
(0 0 0)
(0 0 0)
(0 0 -5.55112e-15)
(0 0 0)
(0 0 -1.11022e-14)
(0 0 0)
(0 0 0)
(0 0 0)
(0 0 0)
(0 -2.77556e-15 -1.11022e-14)
(0 0 -1.11022e-14)
)
;
    }
    upperWall
    {
        type            noSlip;
    }
    lowerWall
    {
        type            noSlip;
    }
    frontAndBack
    {
        type            empty;
    }
}


// ************************************************************************* //
