/*--------------------------------*- C++ -*----------------------------------*\
  =========                 |
  \\      /  F ield         | OpenFOAM: The Open Source CFD Toolbox
   \\    /   O peration     | Website:  https://openfoam.org
    \\  /    A nd           | Version:  dev
     \\/     M anipulation  |
\*---------------------------------------------------------------------------*/
FoamFile
{
    version     2.0;
    format      ascii;
    class       volVectorField;
    location    "8.3";
    object      U;
}
// * * * * * * * * * * * * * * * * * * * * * * * * * * * * * * * * * * * * * //

dimensions      [0 1 -1 0 0 0 0];

internalField   nonuniform List<vector> 
2790
(
(9.94399 0 0.0205233)
(9.87572 0 0.0295879)
(9.77521 0 0.0359899)
(9.64943 0 0.0425568)
(9.50408 0 0.0493862)
(9.34006 0 0.0564294)
(9.15653 0 0.0638173)
(8.95261 0 0.0717134)
(8.72744 0 0.0802575)
(8.48005 0 0.0895764)
(8.20924 0 0.099797)
(7.9136 0 0.11105)
(7.59163 0 0.123466)
(7.24171 0 0.137171)
(6.86224 0 0.15228)
(6.4517 0 0.168879)
(6.00877 0 0.187007)
(5.53256 0 0.206629)
(5.02283 0 0.227601)
(4.48029 0 0.249621)
(3.90699 0 0.272186)
(3.30666 0 0.294533)
(2.68511 0 0.315625)
(2.05046 0 0.334291)
(1.41164 0 0.350607)
(0.797902 0 0.372886)
(0.110523 0 0.324988)
(-0.469573 0 -0.114894)
(-0.453799 0 -0.297127)
(-0.231165 0 -0.423848)
(9.9985 0 0.0407034)
(9.98145 0 0.0623836)
(9.93574 0 0.0791413)
(9.86416 0 0.0966264)
(9.77097 0 0.115126)
(9.65714 0 0.134491)
(9.52204 0 0.154979)
(9.36484 0 0.176948)
(9.18469 0 0.200714)
(8.98064 0 0.226557)
(8.75149 0 0.254753)
(8.49584 0 0.285572)
(8.21215 0 0.319263)
(7.89876 0 0.356038)
(7.55396 0 0.396038)
(7.1761 0 0.439282)
(6.76368 0 0.485613)
(6.31554 0 0.534609)
(5.83112 0 0.585483)
(5.31073 0 0.636973)
(4.756 0 0.68722)
(4.17025 0 0.733658)
(3.55913 0 0.772958)
(2.93139 0 0.801091)
(2.2998 0 0.81374)
(1.69282 0 0.807239)
(1.10703 0 0.747214)
(0.658818 0 0.547883)
(0.186322 0 0.22454)
(-0.00819831 0 -0.453763)
(9.99559 0 0.0432076)
(9.97556 0 0.0752729)
(9.9318 0 0.103348)
(9.86489 0 0.132374)
(9.77778 0 0.163063)
(9.67154 0 0.195403)
(9.54587 0 0.229749)
(9.40012 0 0.266611)
(9.23363 0 0.30648)
(9.04561 0 0.349819)
(8.83506 0 0.397086)
(8.60077 0 0.448739)
(8.3414 0 0.505212)
(8.05544 0 0.566887)
(7.7413 0 0.634037)
(7.39736 0 0.706759)
(7.02201 0 0.784867)
(6.61384 0 0.867754)
(6.17181 0 0.954223)
(5.6955 0 1.04228)
(5.18548 0 1.1289)
(4.6438 0 1.2098)
(4.07464 0 1.27916)
(3.48522 0 1.32933)
(2.8867 0 1.35007)
(2.29934 0 1.3264)
(1.73173 0 1.22072)
(1.21617 0 0.972942)
(0.701085 0 0.570075)
(0.358004 0 -0.15666)
(9.99403 0 0.0495001)
(9.97181 0 0.093208)
(9.92788 0 0.133575)
(9.86224 0 0.174213)
(9.77693 0 0.216438)
(9.67297 0 0.260668)
(9.5503 0 0.307438)
(9.40848 0 0.357426)
(9.247 0 0.411304)
(9.06531 0 0.469721)
(8.86265 0 0.533321)
(8.63815 0 0.602746)
(8.3908 0 0.678618)
(8.11946 0 0.761504)
(7.82293 0 0.851853)
(7.49992 0 0.94991)
(7.14915 0 1.05559)
(6.76933 0 1.16828)
(6.35937 0 1.28664)
(5.91846 0 1.4083)
(5.44638 0 1.52949)
(4.94385 0 1.6447)
(4.41301 0 1.74615)
(3.85811 0 1.82321)
(3.28567 0 1.86134)
(2.70627 0 1.84028)
(2.12553 0 1.72593)
(1.55417 0 1.47778)
(0.957895 0 1.08359)
(0.509407 0 0.502218)
(9.99331 0 0.0572147)
(9.96994 0 0.110961)
(9.92593 0 0.162107)
(9.86145 0 0.213352)
(9.77798 0 0.266363)
(9.67634 0 0.321922)
(9.55653 0 0.380712)
(9.4182 0 0.443501)
(9.26095 0 0.511072)
(9.08431 0 0.58419)
(8.88767 0 0.663611)
(8.67035 0 0.750091)
(8.43154 0 0.844366)
(8.1704 0 0.94712)
(7.88601 0 1.05892)
(7.5774 0 1.18012)
(7.24357 0 1.31073)
(6.8835 0 1.45023)
(6.49616 0 1.59727)
(6.08059 0 1.74936)
(5.63601 0 1.90244)
(5.16196 0 2.05034)
(4.65861 0 2.18418)
(4.12705 0 2.29172)
(3.56925 0 2.35652)
(2.98875 0 2.35726)
(2.38671 0 2.26486)
(1.76629 0 2.04753)
(1.08993 0 1.69126)
(0.536626 0 1.154)
(9.99302 0 0.0655399)
(9.96923 0 0.128704)
(9.92556 0 0.190118)
(9.86253 0 0.251849)
(9.78128 0 0.315586)
(9.68244 0 0.382329)
(9.566 0 0.452887)
(9.4317 0 0.528117)
(9.27918 0 0.608899)
(9.10804 0 0.696107)
(8.91774 0 0.790607)
(8.7077 0 0.893256)
(8.47723 0 1.00489)
(8.22562 0 1.1263)
(7.95208 0 1.25814)
(7.65581 0 1.40086)
(7.33593 0 1.5546)
(6.99153 0 1.71892)
(6.62156 0 1.89261)
(6.22487 0 2.07327)
(5.80013 0 2.25689)
(5.34588 0 2.43723)
(4.86053 0 2.6052)
(4.34252 0 2.7482)
(3.79022 0 2.8495)
(3.20241 0 2.88812)
(2.57643 0 2.83811)
(1.91336 0 2.67146)
(1.17268 0 2.37382)
(0.549935 0 1.89421)
(9.99297 0 0.0740763)
(9.96926 0 0.146317)
(9.92637 0 0.217488)
(9.86508 0 0.289298)
(9.78642 0 0.363364)
(9.69084 0 0.440838)
(9.57834 0 0.522675)
(9.4487 0 0.609829)
(9.30163 0 0.703277)
(9.13676 0 0.803991)
(8.95362 0 0.912932)
(8.75167 0 1.03105)
(8.53029 0 1.15926)
(8.28882 0 1.29845)
(8.02652 0 1.44935)
(7.74261 0 1.61254)
(7.4362 0 1.78825)
(7.10629 0 1.97623)
(6.75168 0 2.17547)
(6.37086 0 2.38388)
(5.96194 0 2.59779)
(5.52246 0 2.81141)
(5.04934 0 3.01616)
(4.53881 0 3.19995)
(3.98646 0 3.34662)
(3.38772 0 3.43587)
(2.73708 0 3.44317)
(2.0361 0 3.34131)
(1.24166 0 3.11335)
(0.563474 0 2.69291)
(9.99306 0 0.0825896)
(9.96981 0 0.163609)
(9.92807 0 0.244055)
(9.86885 0 0.325487)
(9.79312 0 0.409456)
(9.70125 0 0.497219)
(9.59322 0 0.589855)
(9.46887 0 0.688416)
(9.32794 0 0.793964)
(9.17012 0 0.907559)
(8.995 0 1.03025)
(8.80207 0 1.16308)
(8.59077 0 1.30706)
(8.36045 0 1.46315)
(8.11038 0 1.63221)
(7.83973 0 1.81494)
(7.54752 0 2.01174)
(7.23256 0 2.22259)
(6.89337 0 2.44681)
(6.52802 0 2.68276)
(6.13392 0 2.92742)
(5.70766 0 3.17582)
(5.24476 0 3.42038)
(4.73956 0 3.65018)
(4.18525 0 3.85018)
(3.57453 0 4.00078)
(2.89931 0 4.07773)
(2.16194 0 4.05215)
(1.316 0 3.90142)
(0.583166 0 3.53984)
(9.99326 0 0.09093)
(9.97072 0 0.180412)
(9.93046 0 0.269673)
(9.87362 0 0.360249)
(9.80118 0 0.453657)
(9.71343 0 0.551223)
(9.61037 0 0.654129)
(9.49187 0 0.763517)
(9.35775 0 0.880531)
(9.20772 0 1.00631)
(9.04143 0 1.142)
(8.85845 0 1.28871)
(8.65824 0 1.44757)
(8.44017 0 1.61965)
(8.20351 0 1.80594)
(7.94738 0 2.00729)
(7.67069 0 2.22433)
(7.37205 0 2.45737)
(7.04966 0 2.70615)
(6.70112 0 2.96966)
(6.32317 0 3.24574)
(5.91144 0 3.5306)
(5.46013 0 3.8181)
(4.96175 0 4.09898)
(4.40713 0 4.35981)
(3.78612 0 4.58198)
(3.0873 0 4.74088)
(2.31247 0 4.80418)
(1.41048 0 4.74073)
(0.614235 0 4.44152)
(9.99352 0 0.0989939)
(9.97191 0 0.196583)
(9.9334 0 0.294201)
(9.87924 0 0.393424)
(9.8104 0 0.495766)
(9.72716 0 0.602602)
(9.62953 0 0.7152)
(9.51741 0 0.834784)
(9.39068 0 0.962572)
(9.24912 0 1.09978)
(9.09244 0 1.24763)
(8.92026 0 1.40734)
(8.7321 0 1.58012)
(8.52738 0 1.76717)
(8.30538 0 1.96964)
(8.06519 0 2.18857)
(7.80564 0 2.42489)
(7.52519 0 2.67927)
(7.22178 0 2.95203)
(6.89261 0 3.24293)
(6.53384 0 3.55089)
(6.14024 0 3.87358)
(5.70478 0 4.20676)
(5.21818 0 4.5434)
(4.66865 0 4.87239)
(4.04251 0 5.17684)
(3.32333 0 5.43208)
(2.50945 0 5.60163)
(1.54164 0 5.64304)
(0.663949 0 5.41751)
(9.99384 0 0.106706)
(9.9733 0 0.212004)
(9.9368 0 0.317508)
(9.88558 0 0.424864)
(9.82064 0 0.535599)
(9.74225 0 0.651135)
(9.65044 0 0.772806)
(9.54517 0 0.901909)
(9.42637 0 1.03973)
(9.29389 0 1.18755)
(9.14751 0 1.34668)
(8.98692 0 1.51841)
(8.81172 0 1.70405)
(8.6214 0 1.90495)
(8.41527 0 2.1224)
(8.19246 0 2.3577)
(7.9518 0 2.61208)
(7.69168 0 2.88666)
(7.40992 0 3.18242)
(7.10347 0 3.5)
(6.76814 0 3.83961)
(6.39808 0 4.20067)
(5.98525 0 4.58128)
(5.51872 0 4.97739)
(4.98396 0 5.38131)
(4.3628 0 5.77944)
(3.63142 0 6.14889)
(2.77967 0 6.45026)
(1.73311 0 6.62793)
(0.744668 0 6.50238)
(9.9942 0 0.114008)
(9.97487 0 0.226578)
(9.94056 0 0.339479)
(9.89252 0 0.454431)
(9.83173 0 0.572994)
(9.75851 0 0.696623)
(9.67289 0 0.826712)
(9.57488 0 0.964617)
(9.46448 0 1.11168)
(9.34162 0 1.26925)
(9.20615 0 1.4387)
(9.05785 0 1.62139)
(8.89643 0 1.81876)
(8.72144 0 2.03224)
(8.53234 0 2.26333)
(8.32831 0 2.51355)
(8.10828 0 2.78447)
(7.87071 0 3.07771)
(7.61348 0 3.39488)
(7.33356 0 3.73766)
(7.0267 0 4.10763)
(6.68687 0 4.5062)
(6.30554 0 4.93426)
(5.87065 0 5.39156)
(5.36526 0 5.8754)
(4.76629 0 6.37817)
(4.04005 0 6.88298)
(3.1608 0 7.35302)
(2.02422 0 7.72244)
(0.880462 0 7.75609)
(9.99459 0 0.120855)
(9.97657 0 0.240228)
(9.94461 0 0.360013)
(9.89995 0 0.482008)
(9.84356 0 0.607806)
(9.77576 0 0.738896)
(9.69662 0 0.876715)
(9.60623 0 1.02267)
(9.50464 0 1.17815)
(9.39185 0 1.34455)
(9.26781 0 1.5233)
(9.13242 0 1.71584)
(8.98547 0 1.92368)
(8.82667 0 2.14838)
(8.6556 0 2.39159)
(8.47163 0 2.65505)
(8.27386 0 2.94067)
(8.06099 0 3.25051)
(7.83114 0 3.58687)
(7.58162 0 3.95238)
(7.30856 0 4.35006)
(7.00635 0 4.78339)
(6.66682 0 5.25633)
(6.27796 0 5.77315)
(5.82181 0 6.33782)
(5.2717 0 6.95242)
(4.58361 0 7.61344)
(3.70898 0 8.3004)
(2.48732 0 8.95724)
(1.12399 0 9.29173)
(9.99501 0 0.127212)
(9.97838 0 0.252887)
(9.94891 0 0.379026)
(9.9078 0 0.507494)
(9.85599 0 0.639917)
(9.79382 0 0.777815)
(9.72143 0 0.922656)
(9.63894 0 1.07588)
(9.54648 0 1.23892)
(9.44413 0 1.41321)
(9.33196 0 1.60021)
(9.20995 0 1.80142)
(9.07806 0 2.01841)
(8.93614 0 2.25284)
(8.78396 0 2.5065)
(8.62114 0 2.78131)
(8.44704 0 3.07945)
(8.26074 0 3.40338)
(8.06084 0 3.75599)
(7.84529 0 4.14075)
(7.61108 0 4.56196)
(7.35376 0 5.02501)
(7.06671 0 5.53685)
(6.73982 0 6.10647)
(6.35715 0 6.74553)
(5.89308 0 7.4691)
(5.29953 0 8.29627)
(4.50739 0 9.2475)
(3.26734 0 10.3406)
(1.60406 0 11.3567)
(9.99545 0 0.133052)
(9.98026 0 0.264506)
(9.95339 0 0.396446)
(9.91596 0 0.530795)
(9.86888 0 0.669208)
(9.81253 0 0.813225)
(9.74708 0 0.964338)
(9.67272 0 1.12402)
(9.58964 0 1.29371)
(9.49803 0 1.47488)
(9.39804 0 1.669)
(9.28979 0 1.87763)
(9.17338 0 2.10237)
(9.04887 0 2.34494)
(8.91623 0 2.60721)
(8.77537 0 2.89126)
(8.62604 0 3.19944)
(8.46777 0 3.53452)
(8.29985 0 3.89979)
(8.12114 0 4.29935)
(7.92992 0 4.73843)
(7.72364 0 5.22385)
(7.49844 0 5.76485)
(7.24842 0 6.37422)
(6.96407 0 7.07041)
(6.62984 0 7.8812)
(6.21291 0 8.85196)
(5.66381 0 10.0656)
(4.68763 0 11.7297)
(2.68546 0 14.5877)
(0.120509 0 -0.11954)
(0.282995 0 -0.108843)
(0.448862 0 -0.0854965)
(0.587019 0 -0.0628154)
(0.691797 0 -0.0434678)
(0.766767 0 -0.027448)
(0.816691 0 -0.0142672)
(0.845454 0 -0.00349326)
(0.856243 0 0.00505205)
(0.85208 0 0.0108883)
(0.835831 0 0.0146923)
(0.810533 0 0.0170122)
(0.778971 0 0.0180979)
(0.743636 0 0.018102)
(0.706868 0 0.017187)
(0.670821 0 0.0155557)
(0.637308 0 0.0134615)
(0.607643 0 0.0111813)
(0.582551 0 0.00898011)
(0.56214 0 0.00707074)
(0.545963 0 0.00557401)
(0.53321 0 0.00450692)
(0.522948 0 0.00380424)
(0.514363 0 0.00335524)
(0.506887 0 0.00304565)
(0.500177 0 0.00280402)
(0.494 0 0.00261026)
(0.488132 0 0.00246795)
(0.482347 0 0.00233323)
(0.475721 0 0.00185733)
(0.104461 0 -0.281639)
(0.264018 0 -0.26406)
(0.420093 0 -0.214361)
(0.553277 0 -0.164842)
(0.659589 0 -0.122221)
(0.742448 0 -0.0866286)
(0.805944 0 -0.057033)
(0.853295 0 -0.0324716)
(0.886842 0 -0.0122492)
(0.908544 0 0.00409889)
(0.918411 0 0.0164806)
(0.918353 0 0.0252958)
(0.910955 0 0.030892)
(0.89869 0 0.033571)
(0.883935 0 0.0336972)
(0.868872 0 0.0317375)
(0.855316 0 0.0282506)
(0.844563 0 0.0238598)
(0.837299 0 0.0192073)
(0.833589 0 0.0148741)
(0.832954 0 0.0112723)
(0.834577 0 0.00857864)
(0.837549 0 0.00672207)
(0.841106 0 0.00546807)
(0.844755 0 0.00458753)
(0.848254 0 0.00395429)
(0.85148 0 0.00354114)
(0.854309 0 0.0033592)
(0.856537 0 0.00332349)
(0.858318 0 0.00304227)
(0.0840325 0 -0.447006)
(0.223038 0 -0.418323)
(0.349263 0 -0.342283)
(0.456951 0 -0.267334)
(0.543121 0 -0.203219)
(0.611312 0 -0.149799)
(0.664717 0 -0.105518)
(0.705746 0 -0.0689654)
(0.73642 0 -0.0390032)
(0.758348 0 -0.0143534)
(0.775594 0 0.00574356)
(0.785245 0 0.0208848)
(0.789284 0 0.0310314)
(0.789493 0 0.0364369)
(0.787574 0 0.037633)
(0.785087 0 0.035395)
(0.78332 0 0.0306476)
(0.783172 0 0.0244054)
(0.785076 0 0.0177204)
(0.788954 0 0.0115539)
(0.794278 0 0.00657979)
(0.800227 0 0.00310476)
(0.805846 0 0.0010717)
(0.810455 0 0.000129856)
(0.813985 0 -0.000209863)
(0.816772 0 -0.00025448)
(0.819258 0 -0.000114278)
(0.821757 0 0.000217022)
(0.824227 0 0.000737169)
(0.826589 0 0.00140705)
(0.0641262 0 -0.579951)
(0.17665 0 -0.534943)
(0.266111 0 -0.435158)
(0.343369 0 -0.340306)
(0.404197 0 -0.260436)
(0.452963 0 -0.194166)
(0.49178 0 -0.139255)
(0.522107 0 -0.0938393)
(0.545153 0 -0.0566846)
(0.562113 0 -0.0270193)
(0.574318 0 -0.00338049)
(0.584917 0 0.0149009)
(0.591347 0 0.0275729)
(0.595022 0 0.0346478)
(0.597151 0 0.0366002)
(0.598736 0 0.0343592)
(0.6005 0 0.0291079)
(0.602861 0 0.0221479)
(0.605918 0 0.0148454)
(0.609389 0 0.00844955)
(0.612702 0 0.00379078)
(0.615203 0 0.00120307)
(0.616308 0 0.000375371)
(0.615785 0 0.000487099)
(0.61365 0 0.000723453)
(0.610331 0 0.000698044)
(0.606366 0 0.000463636)
(0.602171 0 0.000299493)
(0.59795 0 0.000455583)
(0.593177 0 0.00128732)
(0.0434875 0 -0.68212)
(0.124151 0 -0.615895)
(0.171229 0 -0.495668)
(0.215546 0 -0.387359)
(0.247543 0 -0.29778)
(0.273703 0 -0.223834)
(0.294808 0 -0.162679)
(0.311708 0 -0.112031)
(0.324955 0 -0.0705823)
(0.335049 0 -0.0375637)
(0.342132 0 -0.0112077)
(0.351009 0 0.00978599)
(0.356054 0 0.0243056)
(0.358525 0 0.0323541)
(0.359338 0 0.034698)
(0.359094 0 0.0325464)
(0.357973 0 0.0271853)
(0.355954 0 0.019981)
(0.352978 0 0.0125638)
(0.348897 0 0.00640792)
(0.343374 0 0.00230173)
(0.33639 0 0.000538951)
(0.327929 0 0.000661292)
(0.317215 0 0.00179678)
(0.304064 0 0.00319157)
(0.289028 0 0.00420966)
(0.272872 0 0.00472257)
(0.256349 0 0.0050891)
(0.240269 0 0.00573884)
(0.223626 0 0.00596044)
(0.0216075 0 -0.748123)
(0.0651226 0 -0.65685)
(0.065671 0 -0.519627)
(0.0750243 0 -0.403924)
(0.0748793 0 -0.309547)
(0.074853 0 -0.232362)
(0.0742231 0 -0.169003)
(0.0739255 0 -0.116763)
(0.0742833 0 -0.0742172)
(0.0752769 0 -0.0414729)
(0.0759939 0 -0.0182035)
(0.0783335 0 0.00244116)
(0.075763 0 0.0212738)
(0.0709358 0 0.0320254)
(0.063492 0 0.0361415)
(0.0532609 0 0.0356513)
(0.03961 0 0.032071)
(0.0220641 0 0.0266861)
(0.000376232 0 0.0206814)
(-0.0226888 0 0.0156849)
(-0.0466232 0 0.0124363)
(-0.0697483 0 0.0113323)
(-0.0908452 0 0.0122222)
(-0.10913 0 0.0139437)
(-0.125057 0 0.0155039)
(-0.139359 0 0.0162736)
(-0.152973 0 0.0162355)
(-0.166577 0 0.0158009)
(-0.180029 0 0.014734)
(-0.191482 0 0.0120658)
(-0.00305127 0 -0.771119)
(-0.00196998 0 -0.652588)
(-0.04909 0 -0.503024)
(-0.0784294 0 -0.38583)
(-0.113438 0 -0.291711)
(-0.144171 0 -0.216446)
(-0.171519 0 -0.156098)
(-0.194504 0 -0.107446)
(-0.213519 0 -0.0677523)
(-0.231335 0 -0.0351254)
(-0.253148 0 -0.00800325)
(-0.279884 0 0.0146003)
(-0.289685 0 0.0307307)
(-0.30137 0 0.0408433)
(-0.31462 0 0.0460085)
(-0.330024 0 0.0473063)
(-0.347767 0 0.0457249)
(-0.36758 0 0.0421591)
(-0.389074 0 0.0374816)
(-0.411445 0 0.0326903)
(-0.433989 0 0.0286539)
(-0.455864 0 0.0257441)
(-0.476198 0 0.0239737)
(-0.494028 0 0.022978)
(-0.508972 0 0.0222937)
(-0.521282 0 0.0216021)
(-0.531705 0 0.0208012)
(-0.541065 0 0.0198194)
(-0.549677 0 0.0182542)
(-0.555749 0 0.0160894)
(-0.0338177 0 -0.743839)
(-0.07933 0 -0.600468)
(-0.171534 0 -0.448293)
(-0.244833 0 -0.333677)
(-0.31712 0 -0.244544)
(-0.382068 0 -0.174776)
(-0.439897 0 -0.119619)
(-0.490229 0 -0.0753041)
(-0.533355 0 -0.0387301)
(-0.571015 0 -0.00892594)
(-0.603286 0 0.0134189)
(-0.622374 0 0.0289144)
(-0.639829 0 0.0412691)
(-0.654929 0 0.0507498)
(-0.66941 0 0.0563967)
(-0.684333 0 0.0584417)
(-0.700176 0 0.0574776)
(-0.717015 0 0.0542509)
(-0.734795 0 0.0496966)
(-0.753344 0 0.0448822)
(-0.772388 0 0.0406277)
(-0.791426 0 0.0372227)
(-0.809638 0 0.034512)
(-0.825975 0 0.0321465)
(-0.839608 0 0.0298274)
(-0.850329 0 0.0275355)
(-0.858674 0 0.0254382)
(-0.86562 0 0.0235437)
(-0.871665 0 0.0215518)
(-0.875341 0 0.0197071)
(-0.0708737 0 -0.664301)
(-0.164005 0 -0.500121)
(-0.305121 0 -0.351026)
(-0.423609 0 -0.244557)
(-0.532395 0 -0.166959)
(-0.626679 0 -0.108891)
(-0.706867 0 -0.064059)
(-0.774247 0 -0.0293151)
(-0.830553 0 -0.00239849)
(-0.871423 0 0.0175455)
(-0.900545 0 0.0325074)
(-0.925106 0 0.0444496)
(-0.94526 0 0.0542787)
(-0.96206 0 0.0617771)
(-0.976925 0 0.0665649)
(-0.991076 0 0.0684791)
(-1.00525 0 0.0676593)
(-1.01974 0 0.06461)
(-1.03468 0 0.0602109)
(-1.05019 0 0.0554903)
(-1.06633 0 0.0511745)
(-1.08289 0 0.0474047)
(-1.0992 0 0.0438524)
(-1.11413 0 0.0401147)
(-1.12661 0 0.0361077)
(-1.13615 0 0.0321906)
(-1.14318 0 0.0288488)
(-1.14874 0 0.0262176)
(-1.15337 0 0.0240787)
(-1.1559 0 0.0226286)
(-0.118173 0 -0.527076)
(-0.264981 0 -0.350419)
(-0.458736 0 -0.214496)
(-0.620262 0 -0.124395)
(-0.761933 0 -0.0629824)
(-0.880364 0 -0.021512)
(-0.970895 0 0.00479601)
(-1.03931 0 0.0228315)
(-1.08947 0 0.0356417)
(-1.1296 0 0.0458638)
(-1.16214 0 0.0545477)
(-1.18867 0 0.062034)
(-1.21009 0 0.0682861)
(-1.22756 0 0.0731997)
(-1.24248 0 0.0764985)
(-1.25617 0 0.0777689)
(-1.26941 0 0.0767224)
(-1.28246 0 0.0735713)
(-1.29546 0 0.0691448)
(-1.30869 0 0.064513)
(-1.32258 0 0.0603498)
(-1.33725 0 0.0565721)
(-1.35218 0 0.0525414)
(-1.36616 0 0.0476687)
(-1.3778 0 0.0420094)
(-1.38639 0 0.0363644)
(-1.39233 0 0.0316878)
(-1.39678 0 0.0283431)
(-1.40036 0 0.0261205)
(-1.40218 0 0.0249717)
(-0.186248 0 -0.331756)
(-0.409972 0 -0.154638)
(-0.675212 0 -0.0196597)
(-0.862759 0 0.0362483)
(-1.00632 0 0.0588329)
(-1.11352 0 0.066191)
(-1.19795 0 0.0691847)
(-1.26443 0 0.0709549)
(-1.31702 0 0.072783)
(-1.35891 0 0.0750959)
(-1.39257 0 0.077747)
(-1.41966 0 0.0803667)
(-1.44125 0 0.0826644)
(-1.45851 0 0.084668)
(-1.47304 0 0.0862349)
(-1.48631 0 0.0866887)
(-1.49902 0 0.0852173)
(-1.5112 0 0.0816758)
(-1.52276 0 0.0769166)
(-1.53413 0 0.0722248)
(-1.54613 0 0.0683253)
(-1.55935 0 0.0648501)
(-1.57344 0 0.060679)
(-1.58697 0 0.0548667)
(-1.59813 0 0.0475376)
(-1.60587 0 0.0400294)
(-1.61066 0 0.0339518)
(-1.61395 0 0.0299735)
(-1.61657 0 0.0277463)
(-1.61788 0 0.0268268)
(-0.29855 0 0.0111656)
(-0.584245 0 0.176598)
(-0.85709 0 0.19642)
(-1.0546 0 0.188812)
(-1.20432 0 0.170475)
(-1.31776 0 0.150759)
(-1.40442 0 0.134026)
(-1.47127 0 0.120828)
(-1.52319 0 0.11096)
(-1.56394 0 0.104539)
(-1.59657 0 0.100908)
(-1.62285 0 0.098633)
(-1.64357 0 0.0968203)
(-1.65974 0 0.0957244)
(-1.67322 0 0.0955534)
(-1.68585 0 0.095326)
(-1.69826 0 0.0934506)
(-1.70993 0 0.0892685)
(-1.7203 0 0.0837874)
(-1.72986 0 0.0788131)
(-1.74005 0 0.0753039)
(-1.7521 0 0.0725164)
(-1.76585 0 0.068594)
(-1.7795 0 0.061995)
(-1.79054 0 0.052833)
(-1.79745 0 0.0431523)
(-1.80085 0 0.035525)
(-1.80274 0 0.0310317)
(-1.80436 0 0.0289438)
(-1.80523 0 0.0282203)
(-0.380077 0 0.470235)
(-0.718361 0 0.504762)
(-1.04294 0 0.431639)
(-1.25864 0 0.355297)
(-1.41152 0 0.290404)
(-1.52127 0 0.236653)
(-1.60207 0 0.196788)
(-1.66359 0 0.168144)
(-1.7108 0 0.14677)
(-1.74726 0 0.131925)
(-1.77665 0 0.122649)
(-1.80091 0 0.115996)
(-1.81991 0 0.109987)
(-1.83401 0 0.105511)
(-1.84553 0 0.103749)
(-1.85713 0 0.103373)
(-1.86944 0 0.101452)
(-1.88095 0 0.09645)
(-1.89021 0 0.0897311)
(-1.89772 0 0.084158)
(-1.90583 0 0.0812485)
(-1.91678 0 0.0797279)
(-1.93069 0 0.076598)
(-1.94515 0 0.0693769)
(-1.95653 0 0.0580575)
(-1.96255 0 0.0456505)
(-1.9641 0 0.0361891)
(-1.96417 0 0.031372)
(-1.9647 0 0.0297072)
(-1.9652 0 0.0291889)
(-0.505503 0 0.994357)
(-0.937823 0 0.913498)
(-1.30134 0 0.695923)
(-1.50307 0 0.52012)
(-1.63646 0 0.402207)
(-1.72819 0 0.310739)
(-1.79217 0 0.249966)
(-1.84168 0 0.210741)
(-1.88033 0 0.179583)
(-1.90937 0 0.156012)
(-1.93335 0 0.141721)
(-1.95479 0 0.131713)
(-1.97164 0 0.121617)
(-1.98254 0 0.11347)
(-1.99068 0 0.110581)
(-2.00062 0 0.111263)
(-2.01317 0 0.110092)
(-2.02513 0 0.103979)
(-2.0333 0 0.0950274)
(-2.0381 0 0.0881623)
(-2.04344 0 0.0860662)
(-2.05317 0 0.0866393)
(-2.06781 0 0.0850642)
(-2.08396 0 0.0774208)
(-2.0963 0 0.0634118)
(-2.10129 0 0.0473662)
(-2.10019 0 0.035568)
(-2.09775 0 0.030754)
(-2.09708 0 0.0300702)
(-2.09733 0 0.0298389)
(-0.744746 0 2.03579)
(-1.28343 0 1.59782)
(-1.67321 0 0.994183)
(-1.80649 0 0.605459)
(-1.88224 0 0.471867)
(-1.93769 0 0.364395)
(-1.96912 0 0.29394)
(-2.00092 0 0.249221)
(-2.03106 0 0.203911)
(-2.05047 0 0.167453)
(-2.06582 0 0.152088)
(-2.08356 0 0.144654)
(-2.09831 0 0.132586)
(-2.10465 0 0.119715)
(-2.10726 0 0.114954)
(-2.11465 0 0.117928)
(-2.12835 0 0.118483)
(-2.14198 0 0.11074)
(-2.14909 0 0.0980783)
(-2.14991 0 0.0890621)
(-2.15103 0 0.0884981)
(-2.15907 0 0.0928514)
(-2.17509 0 0.0942347)
(-2.19414 0 0.0866045)
(-2.20828 0 0.0691739)
(-2.21195 0 0.0480603)
(-2.20692 0 0.0330456)
(-2.20083 0 0.0287823)
(-2.19884 0 0.030144)
(-2.19911 0 0.0304612)
(9.9959 0 0.138447)
(9.98225 0 0.27524)
(9.95811 0 0.412528)
(9.92454 0 0.552278)
(9.88242 0 0.696168)
(9.83217 0 0.84575)
(9.774 0 1.00253)
(9.70816 0 1.16799)
(9.63493 0 1.34358)
(9.5546 0 1.53078)
(9.46741 0 1.73107)
(9.37365 0 1.94601)
(9.27357 0 2.17722)
(9.16744 0 2.42645)
(9.0555 0 2.6956)
(8.93796 0 2.98683)
(8.81503 0 3.30257)
(8.68683 0 3.64572)
(8.55344 0 4.01979)
(8.41484 0 4.42917)
(8.27097 0 4.87949)
(8.1217 0 5.37822)
(7.96697 0 5.93553)
(7.80703 0 6.56577)
(7.64305 0 7.29001)
(7.47997 0 8.14082)
(7.33096 0 9.17213)
(7.28584 0 10.4774)
(7.74158 0 12.2014)
(7.91867 0 14.9187)
(9.99638 0 0.143406)
(9.98434 0 0.285095)
(9.96306 0 0.427256)
(9.93352 0 0.571887)
(9.89657 0 0.720682)
(9.85263 0 0.875197)
(9.80198 0 1.03694)
(9.74493 0 1.20739)
(9.68185 0 1.388)
(9.61311 0 1.58023)
(9.53909 0 1.78556)
(9.46021 0 2.00551)
(9.3769 0 2.24171)
(9.28966 0 2.49587)
(9.19899 0 2.76989)
(9.10547 0 3.06587)
(9.00976 0 3.38625)
(8.9126 0 3.73387)
(8.81491 0 4.1122)
(8.71786 0 4.52548)
(8.62306 0 4.97915)
(8.53286 0 5.48024)
(8.45096 0 6.03806)
(8.38362 0 6.66522)
(8.34197 0 7.37895)
(8.34805 0 8.20267)
(8.4406 0 9.16656)
(8.67541 0 10.304)
(9.32105 0 11.5599)
(9.80903 0 12.6512)
(9.99688 0 0.147843)
(9.98651 0 0.293906)
(9.96819 0 0.440405)
(9.94283 0 0.589356)
(9.91121 0 0.742453)
(9.87378 0 0.901249)
(9.83087 0 1.06724)
(9.78285 0 1.24189)
(9.73015 0 1.42662)
(9.67325 0 1.62287)
(9.61265 0 1.83207)
(9.54891 0 2.05572)
(9.48265 0 2.29536)
(9.41455 0 2.55267)
(9.34543 0 2.82943)
(9.27621 0 3.12765)
(9.20797 0 3.4496)
(9.14205 0 3.79792)
(9.08015 0 4.17574)
(9.02447 0 4.58681)
(8.97803 0 5.03574)
(8.9451 0 5.5282)
(8.93196 0 6.0712)
(8.94814 0 6.67314)
(9.00809 0 7.34347)
(9.13394 0 8.09089)
(9.3567 0 8.91734)
(9.68588 0 9.81185)
(10.2515 0 10.7232)
(10.939 0 11.4422)
(9.9974 0 0.151704)
(9.98874 0 0.301567)
(9.97347 0 0.451811)
(9.95239 0 0.604453)
(9.92623 0 0.761182)
(9.89545 0 0.923532)
(9.86042 0 1.09297)
(9.82159 0 1.27094)
(9.77944 0 1.45882)
(9.73454 0 1.65799)
(9.6875 0 1.86983)
(9.63901 0 2.09576)
(9.58987 0 2.33724)
(9.54096 0 2.5958)
(9.49333 0 2.8731)
(9.44822 0 3.17095)
(9.40712 0 3.49135)
(9.37184 0 3.83656)
(9.34469 0 4.20917)
(9.32864 0 4.61215)
(9.32762 0 5.04891)
(9.34692 0 5.5233)
(9.39379 0 6.03946)
(9.47813 0 6.60136)
(9.61315 0 7.2118)
(9.81569 0 7.87049)
(10.1085 0 8.57038)
(10.5004 0 9.29687)
(11.0583 0 10.0399)
(11.8521 0 10.6863)
(9.99792 0 0.154943)
(9.99101 0 0.307985)
(9.97884 0 0.461337)
(9.96212 0 0.617003)
(9.94151 0 0.77665)
(9.91746 0 0.941784)
(9.89041 0 1.11384)
(9.86083 0 1.2942)
(9.82929 0 1.48421)
(9.79643 0 1.68516)
(9.76295 0 1.89836)
(9.72966 0 2.12512)
(9.6975 0 2.36676)
(9.66753 0 2.62467)
(9.641 0 2.9003)
(9.61941 0 3.19519)
(9.60453 0 3.51098)
(9.59854 0 3.84946)
(9.60413 0 4.21255)
(9.62469 0 4.6023)
(9.66453 0 5.02081)
(9.7292 0 5.47011)
(9.82575 0 5.95183)
(9.96317 0 6.46665)
(10.1525 0 7.01353)
(10.4069 0 7.58861)
(10.7436 0 8.18379)
(11.1743 0 8.78439)
(11.7221 0 9.37883)
(12.4761 0 9.8922)
(9.99845 0 0.157517)
(9.9933 0 0.313075)
(9.98427 0 0.468857)
(9.97194 0 0.626838)
(9.9569 0 0.788653)
(9.93962 0 0.955766)
(9.92055 0 1.12956)
(9.90023 0 1.31137)
(9.87926 0 1.50245)
(9.85835 0 1.70402)
(9.83828 0 1.91728)
(9.81995 0 2.1434)
(9.80442 0 2.38356)
(9.79288 0 2.63896)
(9.78673 0 2.91078)
(9.78763 0 3.20025)
(9.79756 0 3.50862)
(9.81886 0 3.83714)
(9.85442 0 4.18703)
(9.90772 0 4.55942)
(9.98304 0 4.95521)
(10.0856 0 5.37489)
(10.2218 0 5.81818)
(10.3991 0 6.28365)
(10.6264 0 6.76805)
(10.9134 0 7.2656)
(11.2713 0 7.76711)
(11.7082 0 8.257)
(12.2249 0 8.71857)
(12.9017 0 9.11027)
(9.99898 0 0.159386)
(9.9956 0 0.316759)
(9.98971 0 0.474258)
(9.98177 0 0.633812)
(9.97229 0 0.79701)
(9.96174 0 0.965267)
(9.9506 0 1.13991)
(9.93943 0 1.32218)
(9.92888 0 1.51326)
(9.9197 0 1.71428)
(9.91274 0 1.9263)
(9.90896 0 2.15035)
(9.90948 0 2.38744)
(9.9156 0 2.63853)
(9.9288 0 2.90454)
(9.95083 0 3.18638)
(9.98371 0 3.48486)
(10.0299 0 3.8007)
(10.0921 0 4.13446)
(10.1738 0 4.48645)
(10.279 0 4.85657)
(10.4121 0 5.24413)
(10.5786 0 5.64754)
(10.7843 0 6.064)
(11.0357 0 6.48903)
(11.3392 0 6.91594)
(11.701 0 7.33537)
(12.1252 0 7.7339)
(12.6058 0 8.09694)
(13.2121 0 8.40391)
(9.99951 0 0.160516)
(9.99789 0 0.318973)
(9.9951 0 0.477442)
(9.99151 0 0.637798)
(9.98753 0 0.801573)
(9.98362 0 0.970116)
(9.98028 0 1.14468)
(9.97808 0 1.32644)
(9.97769 0 1.51646)
(9.9799 0 1.71576)
(9.98559 0 1.92527)
(9.99577 0 2.14587)
(10.0116 0 2.37837)
(10.0344 0 2.62349)
(10.0656 0 2.8819)
(10.1071 0 3.15416)
(10.1608 0 3.44067)
(10.229 0 3.74168)
(10.3145 0 4.05716)
(10.4201 0 4.38675)
(10.5495 0 4.72958)
(10.7063 0 5.08414)
(10.8947 0 5.44803)
(11.1191 0 5.81774)
(11.3837 0 6.18836)
(11.6924 0 6.55332)
(12.0481 0 6.90435)
(12.4521 0 7.23111)
(12.897 0 7.52242)
(13.4408 0 7.76695)
(10 0 0.16088)
(10.0001 0 0.319659)
(10.0004 0 0.478331)
(10.0011 0 0.638697)
(10.0025 0 0.802221)
(10.0051 0 0.970183)
(10.0093 0 1.14375)
(10.0158 0 1.32401)
(10.0252 0 1.51192)
(10.0384 0 1.70837)
(10.0561 0 1.91417)
(10.0795 0 2.13001)
(10.1097 0 2.35651)
(10.1479 0 2.59419)
(10.1957 0 2.84343)
(10.2548 0 3.10447)
(10.327 0 3.37738)
(10.4144 0 3.66197)
(10.5194 0 3.95775)
(10.6447 0 4.26385)
(10.793 0 4.57888)
(10.9673 0 4.90081)
(11.1707 0 5.22687)
(11.406 0 5.55333)
(11.676 0 5.87544)
(11.9824 0 6.18735)
(12.3262 0 6.48216)
(12.707 0 6.75204)
(13.1172 0 6.98862)
(13.6056 0 7.18501)
(10.0005 0 0.160457)
(10.0023 0 0.318777)
(10.0056 0 0.476863)
(10.0104 0 0.636433)
(10.0171 0 0.798873)
(10.0259 0 0.965383)
(10.0375 0 1.13705)
(10.0523 0 1.31483)
(10.0711 0 1.49961)
(10.0946 0 1.69215)
(10.1237 0 1.89308)
(10.1594 0 2.10296)
(10.2028 0 2.32222)
(10.2552 0 2.55116)
(10.3179 0 2.78991)
(10.3925 0 3.03845)
(10.4808 0 3.29654)
(10.5845 0 3.56366)
(10.7056 0 3.83897)
(10.8464 0 4.12126)
(11.0089 0 4.40882)
(11.1955 0 4.6994)
(11.408 0 4.99012)
(11.6485 0 5.2774)
(11.9181 0 5.55694)
(12.2174 0 5.82375)
(12.5461 0 6.07229)
(12.9028 0 6.29665)
(13.2805 0 6.49078)
(13.7209 0 6.65049)
(10.001 0 0.159231)
(10.0044 0 0.316298)
(10.0106 0 0.473)
(10.0194 0 0.630961)
(10.0311 0 0.791483)
(10.0459 0 0.955678)
(10.0645 0 1.12453)
(10.0872 0 1.29892)
(10.1148 0 1.4796)
(10.148 0 1.66719)
(10.1877 0 1.86222)
(10.2347 0 2.06507)
(10.2902 0 2.27599)
(10.3553 0 2.49509)
(10.4312 0 2.72232)
(10.5193 0 2.9574)
(10.6212 0 3.19985)
(10.7383 0 3.44892)
(10.8723 0 3.70355)
(11.0249 0 3.9623)
(11.1976 0 4.22335)
(11.3919 0 4.4844)
(11.6092 0 4.74269)
(11.8503 0 4.99495)
(12.1157 0 5.23745)
(12.405 0 5.46611)
(12.7171 0 5.67656)
(13.0502 0 5.86446)
(13.3981 0 6.02556)
(13.7974 0 6.15731)
(10.0015 0 0.157194)
(10.0065 0 0.312207)
(10.0154 0 0.466723)
(10.028 0 0.622264)
(10.0445 0 0.780042)
(10.065 0 0.941076)
(10.0901 0 1.10626)
(10.1203 0 1.27636)
(10.1561 0 1.45201)
(10.1983 0 1.63373)
(10.2476 0 1.82191)
(10.305 0 2.01677)
(10.3712 0 2.21844)
(10.4475 0 2.42684)
(10.5349 0 2.64174)
(10.6345 0 2.8627)
(10.7476 0 3.08908)
(10.8755 0 3.31994)
(11.0193 0 3.5541)
(11.1804 0 3.79005)
(11.3598 0 4.02594)
(11.5584 0 4.2596)
(11.7769 0 4.48848)
(12.0155 0 4.70972)
(12.274 0 4.92021)
(12.5516 0 5.11666)
(12.8468 0 5.29575)
(13.1576 0 5.45432)
(13.4788 0 5.58942)
(13.8426 0 5.69955)
(10.0019 0 0.154346)
(10.0084 0 0.306503)
(10.0199 0 0.458036)
(10.0362 0 0.610356)
(10.0571 0 0.76458)
(10.083 0 0.921634)
(10.1142 0 1.08231)
(10.1513 0 1.24728)
(10.1947 0 1.41706)
(10.245 0 1.59207)
(10.3031 0 1.77256)
(10.3696 0 1.95864)
(10.4454 0 2.15029)
(10.5313 0 2.34732)
(10.6284 0 2.54935)
(10.7375 0 2.75583)
(10.8597 0 2.96598)
(10.9959 0 3.17879)
(11.147 0 3.39304)
(11.3139 0 3.60722)
(11.4971 0 3.81957)
(11.6971 0 4.02808)
(11.9141 0 4.23053)
(12.1479 0 4.42447)
(12.3979 0 4.60736)
(12.6631 0 4.77663)
(12.9417 0 4.92978)
(13.2319 0 5.06454)
(13.5291 0 5.17891)
(13.8624 0 5.27204)
(10.0024 0 0.150692)
(10.0102 0 0.299201)
(10.0241 0 0.446962)
(10.0438 0 0.595276)
(10.0689 0 0.745161)
(10.0997 0 0.897448)
(10.1366 0 1.05283)
(10.18 0 1.21189)
(10.2302 0 1.37504)
(10.288 0 1.54257)
(10.3538 0 1.71466)
(10.4284 0 1.8913)
(10.5124 0 2.07236)
(10.6066 0 2.25753)
(10.7117 0 2.44637)
(10.8285 0 2.63822)
(10.9577 0 2.83226)
(11.1001 0 3.02745)
(11.2561 0 3.22257)
(11.4263 0 3.4162)
(11.611 0 3.60673)
(11.8103 0 3.79235)
(12.0239 0 3.97117)
(12.2515 0 4.14115)
(12.4921 0 4.30027)
(12.7446 0 4.44653)
(13.0074 0 4.5781)
(13.2786 0 4.69335)
(13.5544 0 4.79096)
(13.8613 0 4.8705)
(10.0027 0 0.146245)
(10.0119 0 0.290324)
(10.0281 0 0.433545)
(10.0508 0 0.577091)
(10.0798 0 0.721882)
(10.1152 0 0.868657)
(10.1572 0 1.01802)
(10.2063 0 1.17044)
(10.2627 0 1.32626)
(10.327 0 1.48568)
(10.3996 0 1.64876)
(10.4811 0 1.81543)
(10.5721 0 1.98546)
(10.6731 0 2.15849)
(10.7847 0 2.334)
(10.9075 0 2.51129)
(11.042 0 2.68952)
(11.1886 0 2.86769)
(11.3476 0 3.04464)
(11.5193 0 3.21904)
(11.7036 0 3.38947)
(11.9004 0 3.55437)
(12.1093 0 3.71213)
(12.3297 0 3.86112)
(12.5605 0 3.99972)
(12.8006 0 4.12643)
(13.0484 0 4.2399)
(13.3023 0 4.33901)
(13.5591 0 4.42288)
(13.8429 0 4.49136)
(10.0031 0 0.141024)
(10.0134 0 0.279913)
(10.0317 0 0.417847)
(10.0573 0 0.555892)
(10.0898 0 0.694871)
(10.1293 0 0.835432)
(10.1759 0 0.978091)
(10.23 0 1.12323)
(10.2919 0 1.27112)
(10.3619 0 1.42186)
(10.4403 0 1.57545)
(10.5277 0 1.73175)
(10.6245 0 1.89047)
(10.731 0 2.0512)
(10.8477 0 2.21339)
(10.975 0 2.37635)
(11.1131 0 2.53924)
(11.2623 0 2.70112)
(11.4227 0 2.86092)
(11.5943 0 3.01745)
(11.7769 0 3.16947)
(11.9701 0 3.31566)
(12.1734 0 3.45469)
(12.3859 0 3.58525)
(12.6069 0 3.7061)
(12.835 0 3.8161)
(13.0689 0 3.91428)
(13.3071 0 3.99988)
(13.5469 0 4.07234)
(13.8106 0 4.13167)
(10.0034 0 0.135051)
(10.0148 0 0.268015)
(10.035 0 0.399943)
(10.0632 0 0.531788)
(10.0988 0 0.664278)
(10.142 0 0.797975)
(10.1927 0 0.933311)
(10.2513 0 1.0706)
(10.3179 0 1.21001)
(10.3927 0 1.35162)
(10.4762 0 1.49534)
(10.5684 0 1.64098)
(10.6698 0 1.78822)
(10.7807 0 1.93664)
(10.9012 0 2.08566)
(11.0316 0 2.23462)
(11.172 0 2.38274)
(11.3225 0 2.52913)
(11.483 0 2.67284)
(11.6532 0 2.81284)
(11.833 0 2.94805)
(12.0217 0 3.07737)
(12.2188 0 3.19973)
(12.4234 0 3.31409)
(12.6347 0 3.4195)
(12.8514 0 3.51513)
(13.0724 0 3.60028)
(13.2963 0 3.67445)
(13.521 0 3.7373)
(13.7669 0 3.78894)
(10.0037 0 0.128356)
(10.0161 0 0.254688)
(10.0379 0 0.379923)
(10.0684 0 0.504906)
(10.1069 0 0.630273)
(10.1533 0 0.756504)
(10.2076 0 0.883959)
(10.2701 0 1.01288)
(10.3407 0 1.14338)
(10.4197 0 1.27546)
(10.5072 0 1.40902)
(10.6034 0 1.54382)
(10.7085 0 1.67953)
(10.8226 0 1.81571)
(10.9458 0 1.95182)
(11.0782 0 2.08721)
(11.2197 0 2.22118)
(11.3704 0 2.35292)
(11.5299 0 2.4816)
(11.6979 0 2.60633)
(11.8741 0 2.7262)
(12.0578 0 2.84031)
(12.2484 0 2.94781)
(12.4451 0 3.04788)
(12.647 0 3.13982)
(12.853 0 3.22299)
(13.0621 0 3.29694)
(13.2731 0 3.36133)
(13.4842 0 3.41598)
(13.7144 0 3.46105)
(10.004 0 0.120969)
(10.0172 0 0.239993)
(10.0405 0 0.357885)
(10.0731 0 0.475383)
(10.114 0 0.593038)
(10.1632 0 0.711256)
(10.2207 0 0.830327)
(10.2864 0 0.95043)
(10.3604 0 1.07164)
(10.4428 0 1.1939)
(10.5336 0 1.31709)
(10.6329 0 1.44096)
(10.7407 0 1.56515)
(10.8572 0 1.68926)
(10.9821 0 1.81276)
(11.1156 0 1.93507)
(11.2573 0 2.05554)
(11.4073 0 2.17347)
(11.565 0 2.28814)
(11.7302 0 2.39878)
(11.9022 0 2.50466)
(12.0807 0 2.60505)
(12.2648 0 2.69926)
(12.4537 0 2.78667)
(12.6467 0 2.86676)
(12.8427 0 2.93907)
(13.0409 0 3.0033)
(13.2403 0 3.05923)
(13.4392 0 3.10679)
(13.6555 0 3.14616)
(10.0042 0 0.112922)
(10.0182 0 0.223999)
(10.0428 0 0.333932)
(10.0771 0 0.443364)
(10.1202 0 0.552764)
(10.1718 0 0.66247)
(10.2319 0 0.772711)
(10.3004 0 0.883615)
(10.3772 0 0.995212)
(10.4624 0 1.10743)
(10.5558 0 1.22011)
(10.6574 0 1.33301)
(10.7672 0 1.44578)
(10.8852 0 1.55803)
(11.0111 0 1.66928)
(11.1448 0 1.77902)
(11.286 0 1.88665)
(11.4346 0 1.99158)
(11.59 0 2.09319)
(11.7518 0 2.19085)
(11.9196 0 2.28395)
(12.0926 0 2.37191)
(12.2703 0 2.45419)
(12.4518 0 2.53033)
(12.6364 0 2.59993)
(12.8232 0 2.66269)
(13.0115 0 2.7184)
(13.2003 0 2.76693)
(13.3883 0 2.80829)
(13.5924 0 2.84266)
(10.0044 0 0.10425)
(10.019 0 0.206772)
(10.0448 0 0.30817)
(10.0807 0 0.408994)
(10.1256 0 0.509641)
(10.1793 0 0.610384)
(10.2415 0 0.711401)
(10.3123 0 0.812776)
(10.3914 0 0.914506)
(10.4786 0 1.0165)
(10.574 0 1.1186)
(10.6774 0 1.22054)
(10.7885 0 1.32202)
(10.9073 0 1.42267)
(11.0335 0 1.52206)
(11.1668 0 1.61972)
(11.3071 0 1.71515)
(11.4537 0 1.80785)
(11.6065 0 1.89728)
(11.7648 0 1.98294)
(11.9281 0 2.06433)
(12.0958 0 2.141)
(12.2672 0 2.21253)
(12.4417 0 2.27856)
(12.6185 0 2.33883)
(12.797 0 2.3931)
(12.9762 0 2.44127)
(13.1555 0 2.48327)
(13.3339 0 2.51913)
(13.527 0 2.54905)
(10.0046 0 0.0949842)
(10.0198 0 0.188378)
(10.0466 0 0.280698)
(10.0837 0 0.372414)
(10.1302 0 0.463853)
(10.1855 0 0.555229)
(10.2496 0 0.646674)
(10.3222 0 0.738237)
(10.4031 0 0.829891)
(10.492 0 0.921537)
(10.5888 0 1.013)
(10.6933 0 1.10406)
(10.8052 0 1.19441)
(10.9243 0 1.28373)
(11.0503 0 1.37163)
(11.1829 0 1.45772)
(11.3216 0 1.54156)
(11.4662 0 1.62273)
(11.616 0 1.70079)
(11.7707 0 1.77533)
(11.9296 0 1.84596)
(12.0921 0 1.91231)
(12.2577 0 1.97407)
(12.4257 0 2.03099)
(12.5954 0 2.08287)
(12.7661 0 2.12955)
(12.9373 0 2.17098)
(13.1082 0 2.20714)
(13.2779 0 2.23808)
(13.4613 0 2.26399)
(10.0047 0 0.0851522)
(10.0204 0 0.168874)
(10.0481 0 0.251611)
(10.0863 0 0.333757)
(10.1341 0 0.415573)
(10.1908 0 0.497219)
(10.2564 0 0.578784)
(10.3304 0 0.660289)
(10.4126 0 0.741693)
(10.5028 0 0.822888)
(10.6006 0 0.903712)
(10.7058 0 0.983948)
(10.818 0 1.06334)
(10.937 0 1.14159)
(11.0625 0 1.21837)
(11.1939 0 1.29334)
(11.331 0 1.36615)
(11.4732 0 1.43642)
(11.6201 0 1.50382)
(11.7712 0 1.56801)
(11.9258 0 1.62867)
(12.0835 0 1.68555)
(12.2437 0 1.73839)
(12.4057 0 1.78702)
(12.5689 0 1.83129)
(12.7328 0 1.87111)
(12.8967 0 1.90645)
(13.0601 0 1.93733)
(13.2222 0 1.96381)
(13.3972 0 1.98605)
(10.0049 0 0.0747747)
(10.021 0 0.148306)
(10.0494 0 0.220987)
(10.0886 0 0.293141)
(10.1374 0 0.36496)
(10.1953 0 0.436552)
(10.262 0 0.507971)
(10.3372 0 0.579218)
(10.4204 0 0.650237)
(10.5114 0 0.720923)
(10.6098 0 0.791122)
(10.7153 0 0.860642)
(10.8276 0 0.929253)
(10.9462 0 0.996702)
(11.0708 0 1.06271)
(11.201 0 1.12699)
(11.3362 0 1.18925)
(11.4761 0 1.2492)
(11.6201 0 1.30656)
(11.7678 0 1.36106)
(11.9185 0 1.41246)
(12.0717 0 1.46056)
(12.2269 0 1.50519)
(12.3835 0 1.5462)
(12.541 0 1.58351)
(12.6987 0 1.61706)
(12.8563 0 1.64685)
(13.0132 0 1.6729)
(13.1686 0 1.69528)
(13.3362 0 1.71414)
(10.005 0 0.0638585)
(10.0215 0 0.126699)
(10.0506 0 0.188884)
(10.0906 0 0.25066)
(10.1403 0 0.312133)
(10.1992 0 0.373359)
(10.2668 0 0.434364)
(10.3427 0 0.495133)
(10.4267 0 0.55561)
(10.5183 0 0.615694)
(10.6171 0 0.675247)
(10.7227 0 0.734102)
(10.8347 0 0.792064)
(10.9527 0 0.84892)
(11.0764 0 0.904439)
(11.2051 0 0.958386)
(11.3386 0 1.01052)
(11.4762 0 1.06062)
(11.6175 0 1.10845)
(11.762 0 1.15382)
(11.9091 0 1.19653)
(12.0583 0 1.23645)
(12.2091 0 1.27343)
(12.3609 0 1.30739)
(12.5133 0 1.33826)
(12.6658 0 1.36601)
(12.8178 0 1.39066)
(12.969 0 1.41223)
(13.1188 0 1.43079)
(13.2801 0 1.44648)
(10.0051 0 0.0523832)
(10.0221 0 0.104039)
(10.0518 0 0.155345)
(10.0925 0 0.206442)
(10.143 0 0.257326)
(10.2025 0 0.307992)
(10.2708 0 0.358438)
(10.3474 0 0.408638)
(10.4318 0 0.458527)
(10.5237 0 0.50801)
(10.6227 0 0.55697)
(10.7282 0 0.605263)
(10.8398 0 0.652731)
(10.9572 0 0.699199)
(11.0799 0 0.744486)
(11.2073 0 0.788404)
(11.339 0 0.830769)
(11.4745 0 0.871401)
(11.6134 0 0.910132)
(11.755 0 0.946809)
(11.8989 0 0.981296)
(12.0446 0 1.01348)
(12.1916 0 1.04328)
(12.3394 0 1.07061)
(12.4874 0 1.09546)
(12.6354 0 1.1178)
(12.7828 0 1.13765)
(12.9292 0 1.15504)
(13.0742 0 1.17003)
(13.2301 0 1.18274)
(10.0053 0 0.0402656)
(10.0228 0 0.0802196)
(10.0532 0 0.120213)
(10.0947 0 0.160182)
(10.1458 0 0.200019)
(10.2059 0 0.239704)
(10.2747 0 0.279234)
(10.3517 0 0.318571)
(10.4365 0 0.357652)
(10.5286 0 0.39639)
(10.6275 0 0.434684)
(10.7328 0 0.472417)
(10.844 0 0.509461)
(10.9607 0 0.545678)
(11.0824 0 0.580925)
(11.2085 0 0.615058)
(11.3387 0 0.647936)
(11.4724 0 0.679424)
(11.6091 0 0.709398)
(11.7483 0 0.737744)
(11.8895 0 0.764366)
(12.0323 0 0.789184)
(12.1761 0 0.812136)
(12.3204 0 0.833181)
(12.465 0 0.852295)
(12.6092 0 0.869476)
(12.7528 0 0.884739)
(12.8953 0 0.898115)
(13.0364 0 0.909649)
(13.1881 0 0.919431)
(10.0056 0 0.0273235)
(10.0239 0 0.0555843)
(10.0551 0 0.0845749)
(10.0971 0 0.113629)
(10.1486 0 0.142519)
(10.2092 0 0.171263)
(10.2784 0 0.199875)
(10.3557 0 0.22832)
(10.4407 0 0.256543)
(10.5328 0 0.28448)
(10.6317 0 0.312061)
(10.7367 0 0.339204)
(10.8476 0 0.365821)
(10.9636 0 0.391814)
(11.0844 0 0.417086)
(11.2096 0 0.441535)
(11.3384 0 0.465065)
(11.4706 0 0.487583)
(11.6056 0 0.509004)
(11.7428 0 0.529251)
(11.8819 0 0.54826)
(12.0222 0 0.565977)
(12.1635 0 0.582363)
(12.3052 0 0.59739)
(12.4469 0 0.611047)
(12.5882 0 0.623334)
(12.7288 0 0.634264)
(12.8683 0 0.643861)
(13.0063 0 0.65216)
(13.1545 0 0.659231)
(10.0068 0 0.0112439)
(10.0271 0 0.0265763)
(10.0593 0 0.0438)
(10.1017 0 0.0613085)
(10.1534 0 0.0787828)
(10.2142 0 0.096265)
(10.2835 0 0.113749)
(10.3609 0 0.131177)
(10.4458 0 0.148486)
(10.5378 0 0.165623)
(10.6364 0 0.182534)
(10.7412 0 0.199163)
(10.8515 0 0.21545)
(10.967 0 0.231333)
(11.0871 0 0.246751)
(11.2113 0 0.26164)
(11.3392 0 0.275944)
(11.4702 0 0.289607)
(11.6039 0 0.302579)
(11.7396 0 0.314817)
(11.8771 0 0.326284)
(12.0158 0 0.336951)
(12.1552 0 0.346798)
(12.295 0 0.355812)
(12.4348 0 0.36399)
(12.574 0 0.371335)
(12.7125 0 0.37786)
(12.8499 0 0.383584)
(12.9858 0 0.388535)
(13.1318 0 0.392774)
(9.99589 0 0.000921801)
(10.007 0 0.00495269)
(10.0276 0 0.0102598)
(10.0576 0 0.0158005)
(10.0974 0 0.021413)
(10.1466 0 0.027124)
(10.205 0 0.0329241)
(10.2719 0 0.0387786)
(10.3468 0 0.0446552)
(10.4294 0 0.0505275)
(10.519 0 0.0563713)
(10.6151 0 0.0621616)
(10.7174 0 0.0678724)
(10.8251 0 0.0734773)
(10.9379 0 0.0789501)
(11.0553 0 0.0842648)
(11.1765 0 0.0893965)
(11.3013 0 0.094322)
(11.4289 0 0.0990199)
(11.559 0 0.103471)
(11.691 0 0.10766)
(11.8245 0 0.111573)
(11.9589 0 0.115201)
(12.0939 0 0.118535)
(12.229 0 0.121575)
(12.3638 0 0.124317)
(12.498 0 0.126766)
(12.6312 0 0.128926)
(12.7631 0 0.130801)
(12.9048 0 0.132424)
(9.42062 0 13.0943)
(6.20014 0 10.7884)
(-1.1197 0 5.27211)
(10.3583 0 11.234)
(9.80308 0 9.9437)
(8.21243 0 8.11102)
(11.4619 0 11.1404)
(11.6796 0 10.5905)
(11.4232 0 9.67335)
(12.3543 0 10.7418)
(12.7012 0 10.576)
(12.8089 0 10.1574)
(12.922 0 10.004)
(13.293 0 9.99725)
(13.5371 0 9.85838)
(13.2978 0 9.22766)
(13.6602 0 9.28506)
(13.9441 0 9.27463)
(13.5645 0 8.5101)
(13.8979 0 8.58263)
(14.1727 0 8.61796)
(13.7533 0 7.85529)
(14.0517 0 7.92196)
(14.3015 0 7.96655)
(13.8834 0 7.25704)
(14.1491 0 7.31339)
(14.3722 0 7.35503)
(13.9692 0 6.7097)
(14.2066 0 6.75675)
(14.4059 0 6.7929)
(14.0209 0 6.20662)
(14.2342 0 6.24617)
(14.4132 0 6.27716)
(14.0451 0 5.74114)
(14.2382 0 5.77477)
(14.4001 0 5.8015)
(14.0471 0 5.30753)
(14.223 0 5.33646)
(14.3705 0 5.35977)
(14.0308 0 4.90109)
(14.192 0 4.92623)
(14.3272 0 4.94674)
(13.9993 0 4.51794)
(14.1479 0 4.53997)
(14.2726 0 4.55814)
(13.9555 0 4.1549)
(14.0932 0 4.1743)
(14.2088 0 4.19049)
(13.9018 0 3.80932)
(14.03 0 3.82648)
(14.1376 0 3.84092)
(13.8406 0 3.47898)
(13.9604 0 3.49416)
(14.061 0 3.50707)
(13.7739 0 3.16194)
(13.8864 0 3.17539)
(13.9808 0 3.18691)
(13.7039 0 2.85652)
(13.8098 0 2.86841)
(13.8988 0 2.87867)
(13.6324 0 2.56119)
(13.7326 0 2.57165)
(13.8168 0 2.58074)
(13.5614 0 2.27455)
(13.6565 0 2.2837)
(13.7365 0 2.2917)
(13.4926 0 1.99516)
(13.5832 0 2.00309)
(13.6595 0 2.01005)
(13.4275 0 1.72191)
(13.5143 0 1.72868)
(13.5874 0 1.73467)
(13.3679 0 1.45295)
(13.4514 0 1.45862)
(13.5217 0 1.46364)
(13.315 0 1.18801)
(13.3957 0 1.19264)
(13.4637 0 1.19675)
(13.2706 0 0.92348)
(13.349 0 0.927035)
(13.4151 0 0.930206)
(13.2351 0 0.66217)
(13.3119 0 0.664749)
(13.3766 0 0.667047)
(13.2111 0 0.394468)
(13.2865 0 0.39589)
(13.3501 0 0.397135)
(12.9819 0 0.133025)
(13.0553 0 0.133497)
(13.1172 0 0.133915)
(-2.65846 0 1.43022)
(-2.10971 0 1.10033)
(-2.41919 0 0.588632)
(-2.23616 0 0.5932)
(-2.10047 0 0.673672)
(-2.12732 0 0.470854)
(-2.12723 0 0.28458)
(-2.14591 0 0.237768)
(-2.17102 0 0.200759)
(-2.17113 0 0.173234)
(-2.16741 0 0.174123)
(-2.18173 0 0.172773)
(-2.19883 0 0.149506)
(-2.20118 0 0.119446)
(-2.19474 0 0.109247)
(-2.19731 0 0.12081)
(-2.21337 0 0.128591)
(-2.23052 0 0.120822)
(-2.23637 0 0.102842)
(-2.23065 0 0.0896013)
(-2.22481 0 0.0908583)
(-2.23025 0 0.100895)
(-2.24866 0 0.106499)
(-2.27239 0 0.098723)
(-2.28958 0 0.0761697)
(-2.2914 0 0.047363)
(-2.28018 0 0.0274444)
(-2.26844 0 0.0246848)
(-2.26497 0 0.0302026)
(-2.26576 0 0.0318436)
(6.06746 0 5.4582)
(3.55585 0 3.50122)
(1.38719 0 1.98164)
(-1.67303 0 0.34734)
(-2.16575 0 0.235088)
(-2.45214 0 0.013828)
(-2.3526 0 0.141241)
(-2.24059 0 0.392193)
(-2.24755 0 0.354973)
(-2.23065 0 0.217875)
(-2.21828 0 0.140568)
(-2.24901 0 0.140725)
(-2.28045 0 0.119559)
(-2.27265 0 0.0916151)
(-2.24028 0 0.10335)
(-2.22983 0 0.138511)
(-2.25232 0 0.154934)
(-2.27878 0 0.13932)
(-2.28514 0 0.103383)
(-2.26939 0 0.0763694)
(-2.25168 0 0.079686)
(-2.25288 0 0.101346)
(-2.27526 0 0.115509)
(-2.30626 0 0.109766)
(-2.32817 0 0.0820113)
(-2.32704 0 0.0433915)
(-2.30553 0 0.0165365)
(-2.28437 0 0.0170573)
(-2.27915 0 0.0308785)
(-2.28155 0 0.0358308)
(10.3496 0 7.62402)
(8.58839 0 5.82536)
(6.65453 0 4.37096)
(4.69609 0 3.13156)
(2.89007 0 2.12834)
(1.50527 0 1.27052)
(-1.27405 0 0.172606)
(-1.96377 0 0.137889)
(-2.36435 0 -0.0358238)
(-2.40675 0 -0.115256)
(-2.29111 0 0.0908818)
(-2.25025 0 0.312633)
(-2.28304 0 0.295085)
(-2.2551 0 0.178053)
(-2.19561 0 0.0843142)
(-2.19078 0 0.106519)
(-2.23825 0 0.141545)
(-2.28537 0 0.12521)
(-2.29197 0 0.0787372)
(-2.25344 0 0.0522675)
(-2.20941 0 0.0777465)
(-2.20217 0 0.123006)
(-2.23156 0 0.149284)
(-2.27369 0 0.144077)
(-2.30307 0 0.104466)
(-2.29816 0 0.0442394)
(-2.26053 0 -0.00206042)
(-2.22582 0 0.00396572)
(-2.2195 0 0.0335362)
(-2.22588 0 0.0459323)
(12.4938 0 8.78679)
(11.6111 0 7.33543)
(10.3759 0 6.02203)
(8.96981 0 4.83204)
(7.46348 0 3.80757)
(6.01798 0 2.98765)
(4.50338 0 2.28496)
(3.11181 0 1.67599)
(1.89201 0 1.12326)
(0.563868 0 0.453221)
(-1.38517 0 0.0879609)
(-1.85008 0 0.122116)
(-2.19475 0 -0.0252865)
(-2.24787 0 -0.178604)
(-2.10629 0 -0.0717749)
(-2.07578 0 0.187321)
(-2.11981 0 0.2916)
(-2.19533 0 0.265567)
(-2.19764 0 0.161027)
(-2.1222 0 0.047607)
(-2.05509 0 0.039587)
(-2.05157 0 0.101938)
(-2.09958 0 0.141237)
(-2.16162 0 0.134152)
(-2.20486 0 0.080672)
(-2.19581 0 0.00142522)
(-2.12745 0 -0.0412712)
(-2.07108 0 -0.0187599)
(-2.06865 0 0.0405579)
(-2.08414 0 0.0673615)
(13.6654 0 9.10534)
(13.3781 0 8.0952)
(12.7533 0 7.04142)
(11.8893 0 6.01879)
(10.8586 0 5.08717)
(9.74936 0 4.28261)
(8.58942 0 3.55475)
(7.39625 0 2.89668)
(6.21489 0 2.33726)
(5.06974 0 1.88803)
(3.88849 0 1.52233)
(2.84353 0 1.16735)
(1.87485 0 0.815863)
(1.16508 0 0.409411)
(-0.631026 0 0.0269673)
(-1.29861 0 0.166557)
(-1.67949 0 0.172625)
(-1.89022 0 0.0697375)
(-1.94273 0 -0.0893526)
(-1.81867 0 -0.163006)
(-1.81421 0 -0.0233697)
(-1.78949 0 0.182176)
(-1.85759 0 0.252091)
(-1.94649 0 0.253843)
(-2.00463 0 0.193446)
(-1.97569 0 0.0670174)
(-1.86984 0 -0.0754866)
(-1.81672 0 -0.0499601)
(-1.82771 0 0.0575961)
(-1.86388 0 0.108265)
(14.2905 0 8.92451)
(14.3707 0 8.30319)
(14.198 0 7.55153)
(13.7915 0 6.75452)
(13.193 0 5.96761)
(12.457 0 5.22621)
(11.6259 0 4.53146)
(10.7279 0 3.89661)
(9.79179 0 3.33931)
(8.84696 0 2.86268)
(7.89495 0 2.43446)
(6.95883 0 2.03078)
(6.0356 0 1.6658)
(5.14976 0 1.38486)
(4.2274 0 1.17408)
(3.35584 0 0.971324)
(2.58075 0 0.774531)
(1.87738 0 0.577888)
(1.26605 0 0.360842)
(0.49095 0 0.0852657)
(-0.769399 0 0.0282923)
(-1.03895 0 0.15503)
(-1.28935 0 0.18965)
(-1.43538 0 0.15517)
(-1.54192 0 0.0380552)
(-1.55485 0 -0.150418)
(-1.37671 0 -0.247173)
(-1.48364 0 -0.115962)
(-1.51212 0 0.0932164)
(-1.59 0 0.17582)
(14.5956 0 8.49022)
(14.8778 0 8.14886)
(15.0029 0 7.66045)
(14.9369 0 7.08466)
(14.6893 0 6.46728)
(14.2926 0 5.84383)
(13.7803 0 5.23511)
(13.1784 0 4.65736)
(12.5092 0 4.12319)
(11.7953 0 3.63711)
(11.0536 0 3.19203)
(10.2972 0 2.78149)
(9.52975 0 2.41199)
(8.76111 0 2.10482)
(8.00022 0 1.84135)
(7.25638 0 1.60013)
(6.54642 0 1.36886)
(5.85764 0 1.14757)
(5.17693 0 0.958435)
(4.50589 0 0.834133)
(3.80123 0 0.737273)
(3.17811 0 0.625902)
(2.6058 0 0.529257)
(2.07643 0 0.443993)
(1.5906 0 0.342519)
(1.21162 0 0.185446)
(0.501331 0 0.0110383)
(-0.696636 0 0.0294415)
(-0.915525 0 0.14475)
(-1.16014 0 0.294615)
(14.727 0 7.94604)
(15.0968 0 7.7805)
(15.3908 0 7.48773)
(15.5506 0 7.09886)
(15.5621 0 6.64568)
(15.4393 0 6.15701)
(15.2014 0 5.65508)
(14.8662 0 5.15688)
(14.4503 0 4.67582)
(13.9715 0 4.22069)
(13.446 0 3.79406)
(12.8857 0 3.39568)
(12.2976 0 3.02931)
(11.6907 0 2.70282)
(11.0778 0 2.41194)
(10.4693 0 2.14795)
(9.86899 0 1.89945)
(9.27034 0 1.66687)
(8.66893 0 1.46461)
(8.07218 0 1.30359)
(7.48555 0 1.16993)
(6.92618 0 1.04621)
(6.39211 0 0.930077)
(5.87427 0 0.814516)
(5.36817 0 0.692777)
(4.86136 0 0.589489)
(4.33479 0 0.548551)
(3.74709 0 0.517365)
(3.25972 0 0.462774)
(2.52659 0 0.498552)
(14.7694 0 7.37817)
(15.1584 0 7.31003)
(15.5282 0 7.14603)
(15.8168 0 6.89732)
(15.9983 0 6.58165)
(16.0731 0 6.21815)
(16.0486 0 5.82436)
(15.9333 0 5.41562)
(15.7373 0 5.00506)
(15.4726 0 4.60268)
(15.151 0 4.21446)
(14.7827 0 3.8438)
(14.3757 0 3.49496)
(13.9389 0 3.173)
(13.4829 0 2.87829)
(13.0162 0 2.6062)
(12.542 0 2.35111)
(12.0591 0 2.1139)
(11.5674 0 1.90174)
(11.073 0 1.71976)
(10.5851 0 1.56374)
(10.1107 0 1.42319)
(9.64758 0 1.29041)
(9.18906 0 1.16092)
(8.7283 0 1.03568)
(8.25792 0 0.931515)
(7.77871 0 0.86364)
(7.29537 0 0.819121)
(6.83568 0 0.787744)
(6.2273 0 0.795184)
(14.7664 0 6.8297)
(15.1405 0 6.80954)
(15.5281 0 6.72182)
(15.8746 0 6.56756)
(16.1516 0 6.35465)
(16.3526 0 6.09374)
(16.4771 0 5.7964)
(16.5267 0 5.47421)
(16.5048 0 5.13803)
(16.4177 0 4.79705)
(16.2728 0 4.45824)
(16.0773 0 4.12685)
(15.8382 0 3.80775)
(15.5629 0 3.50537)
(15.2594 0 3.22153)
(14.9344 0 2.95495)
(14.5918 0 2.70393)
(14.2331 0 2.46965)
(13.8604 0 2.25616)
(13.4789 0 2.0665)
(13.0954 0 1.89857)
(12.7144 0 1.74579)
(12.335 0 1.60276)
(11.9531 0 1.46753)
(11.5639 0 1.34262)
(11.1638 0 1.2373)
(10.7555 0 1.15974)
(10.3463 0 1.10693)
(9.94818 0 1.07314)
(9.44402 0 1.05719)
(14.7384 0 6.31567)
(15.0847 0 6.31689)
(15.4601 0 6.27087)
(15.8197 0 6.17515)
(16.1383 0 6.03248)
(16.4076 0 5.84797)
(16.6237 0 5.62819)
(16.7838 0 5.38065)
(16.8869 0 5.11322)
(16.9346 0 4.83329)
(16.9301 0 4.54731)
(16.8777 0 4.26075)
(16.7821 0 3.97848)
(16.6485 0 3.70466)
(16.4826 0 3.44192)
(16.2895 0 3.19118)
(16.073 0 2.95288)
(15.8356 0 2.7285)
(15.5801 0 2.52073)
(15.3109 0 2.33156)
(15.0327 0 2.16013)
(14.7489 0 2.00299)
(14.4597 0 1.85712)
(14.1632 0 1.72175)
(13.8565 0 1.59916)
(13.5384 0 1.49487)
(13.2116 0 1.41383)
(12.8817 0 1.35485)
(12.5568 0 1.31292)
(12.1457 0 1.28067)
(14.6942 0 5.83782)
(15.0108 0 5.84783)
(15.3617 0 5.82375)
(15.7109 0 5.76263)
(16.0375 0 5.66518)
(16.3346 0 5.53365)
(16.5976 0 5.3714)
(16.8223 0 5.18286)
(17.0054 0 4.97318)
(17.1454 0 4.74772)
(17.2427 0 4.51167)
(17.2988 0 4.26977)
(17.3162 0 4.02639)
(17.2979 0 3.78536)
(17.2474 0 3.54964)
(17.1683 0 3.3212)
(17.0636 0 3.10156)
(16.9359 0 2.89245)
(16.7879 0 2.69602)
(16.6229 0 2.51392)
(16.4444 0 2.34621)
(16.2551 0 2.1915)
(16.0558 0 2.04838)
(15.8459 0 1.91678)
(15.6241 0 1.79853)
(15.3905 0 1.69713)
(15.1474 0 1.61554)
(14.8987 0 1.55311)
(14.6504 0 1.50578)
(14.331 0 1.46579)
(14.6381 0 5.39304)
(14.9271 0 5.40647)
(15.251 0 5.3941)
(15.5799 0 5.35343)
(15.897 0 5.2845)
(16.1972 0 5.18835)
(16.4771 0 5.06669)
(16.7325 0 4.92202)
(16.9596 0 4.75757)
(17.1555 0 4.57699)
(17.3192 0 4.3841)
(17.4502 0 4.18264)
(17.549 0 3.97621)
(17.6171 0 3.76815)
(17.6563 0 3.56131)
(17.6685 0 3.35799)
(17.656 0 3.16014)
(17.6207 0 2.96965)
(17.5646 0 2.78846)
(17.4904 0 2.61814)
(17.4006 0 2.45938)
(17.2973 0 2.31198)
(17.1814 0 2.17564)
(17.0531 0 2.05075)
(16.9122 0 1.93886)
(16.7593 0 1.84228)
(16.5963 0 1.76289)
(16.426 0 1.70029)
(16.2525 0 1.65151)
(16.0227 0 1.61003)
(14.5723 0 4.97703)
(14.8371 0 4.99169)
(15.1353 0 4.98603)
(15.4416 0 4.958)
(15.7419 0 4.9075)
(16.0327 0 4.83506)
(16.312 0 4.74162)
(16.5763 0 4.62866)
(16.8223 0 4.49823)
(17.047 0 4.35279)
(17.2485 0 4.19505)
(17.4256 0 4.02783)
(17.5778 0 3.85398)
(17.7052 0 3.67624)
(17.8084 0 3.49712)
(17.8883 0 3.31888)
(17.9461 0 3.14351)
(17.9831 0 2.97292)
(18.0007 0 2.80893)
(18.0006 0 2.65306)
(17.9848 0 2.50638)
(17.9546 0 2.36939)
(17.9112 0 2.24248)
(17.8549 0 2.12638)
(17.7861 0 2.02243)
(17.7057 0 1.93232)
(17.6151 0 1.85735)
(17.5162 0 1.79739)
(17.4118 0 1.7505)
(17.2663 0 1.7118)
(14.4983 0 4.58573)
(14.7423 0 4.60068)
(15.0176 0 4.59921)
(15.3021 0 4.57959)
(15.5837 0 4.54167)
(15.8601 0 4.48574)
(16.1302 0 4.41236)
(16.3915 0 4.32246)
(16.6411 0 4.21742)
(16.8766 0 4.09893)
(17.0959 0 3.96897)
(17.2977 0 3.82965)
(17.481 0 3.68316)
(17.6452 0 3.53173)
(17.7901 0 3.37749)
(17.916 0 3.22245)
(18.0234 0 3.06848)
(18.113 0 2.91739)
(18.1855 0 2.77084)
(18.2422 0 2.63036)
(18.2841 0 2.49715)
(18.3124 0 2.37211)
(18.3279 0 2.25603)
(18.3312 0 2.14985)
(18.3229 0 2.05479)
(18.3038 0 1.97222)
(18.275 0 1.90318)
(18.2379 0 1.84784)
(18.1941 0 1.80519)
(18.1244 0 1.772)
(14.4178 0 4.21564)
(14.6436 0 4.23045)
(14.8988 0 4.23177)
(15.1635 0 4.21812)
(15.4272 0 4.18931)
(15.688 0 4.14548)
(15.9456 0 4.08696)
(16.1982 0 4.01437)
(16.4434 0 3.92865)
(16.6793 0 3.83104)
(16.9041 0 3.72299)
(17.1164 0 3.60614)
(17.3152 0 3.48219)
(17.4996 0 3.35295)
(17.6693 0 3.2202)
(17.8239 0 3.08568)
(17.9636 0 2.95108)
(18.0886 0 2.81803)
(18.1993 0 2.68808)
(18.2964 0 2.56266)
(18.3806 0 2.44303)
(18.4527 0 2.33028)
(18.5133 0 2.2254)
(18.563 0 2.12944)
(18.6025 0 2.04356)
(18.6323 0 1.96898)
(18.6536 0 1.90667)
(18.6671 0 1.85708)
(18.6738 0 1.81999)
(18.669 0 1.79362)
(14.3321 0 3.86385)
(14.5422 0 3.87825)
(14.7796 0 3.88148)
(15.0268 0 3.87225)
(15.2739 0 3.85034)
(15.5198 0 3.81579)
(15.7643 0 3.76876)
(16.0061 0 3.70965)
(16.2433 0 3.63912)
(16.4744 0 3.5581)
(16.6978 0 3.46767)
(16.9124 0 3.36912)
(17.117 0 3.26381)
(17.311 0 3.1532)
(17.4936 0 3.0388)
(17.6646 0 2.92211)
(17.8237 0 2.80462)
(17.971 0 2.68778)
(18.1066 0 2.57301)
(18.2309 0 2.46166)
(18.3443 0 2.35497)
(18.4473 0 2.25408)
(18.5405 0 2.16008)
(18.6244 0 2.07406)
(18.6995 0 1.99715)
(18.7665 0 1.93049)
(18.8263 0 1.87508)
(18.8793 0 1.83163)
(18.9262 0 1.80051)
(18.9745 0 1.78114)
(14.2428 0 3.52794)
(14.439 0 3.54176)
(14.661 0 3.54627)
(14.8925 0 3.54037)
(15.1248 0 3.5238)
(15.3568 0 3.49655)
(15.5886 0 3.45868)
(15.8194 0 3.4104)
(16.0475 0 3.35219)
(16.2716 0 3.28471)
(16.4903 0 3.20881)
(16.7028 0 3.12548)
(16.908 0 3.03583)
(17.1051 0 2.94107)
(17.2935 0 2.84244)
(17.4729 0 2.74125)
(17.6428 0 2.63881)
(17.8033 0 2.53642)
(17.9543 0 2.43536)
(18.096 0 2.33688)
(18.2287 0 2.24217)
(18.3527 0 2.15238)
(18.4684 0 2.0686)
(18.5764 0 1.99193)
(18.6771 0 1.92348)
(18.7712 0 1.86436)
(18.8593 0 1.8156)
(18.942 0 1.77812)
(19.0196 0 1.75274)
(19.1097 0 1.73972)
(14.1514 0 3.20585)
(14.3354 0 3.21893)
(14.5437 0 3.22426)
(14.7614 0 3.22086)
(14.9804 0 3.20848)
(15.1998 0 3.18707)
(15.4199 0 3.1566)
(15.64 0 3.11719)
(15.8588 0 3.06915)
(16.0752 0 3.01297)
(16.288 0 2.94929)
(16.4963 0 2.87888)
(16.6992 0 2.80263)
(16.8961 0 2.72154)
(17.0863 0 2.63666)
(17.2694 0 2.5491)
(17.445 0 2.46001)
(17.613 0 2.37055)
(17.7732 0 2.28188)
(17.9259 0 2.19514)
(18.071 0 2.11146)
(18.2089 0 2.03193)
(18.34 0 1.95763)
(18.4647 0 1.88965)
(18.5834 0 1.82906)
(18.6967 0 1.77695)
(18.8053 0 1.73439)
(18.9099 0 1.70243)
(19.0104 0 1.68216)
(19.1324 0 1.67443)
(14.0595 0 2.89577)
(14.2328 0 2.90802)
(14.429 0 2.9138)
(14.6344 0 2.91225)
(14.8415 0 2.90316)
(15.0495 0 2.88643)
(15.2589 0 2.862)
(15.4691 0 2.82991)
(15.679 0 2.79037)
(15.8877 0 2.74372)
(16.094 0 2.69043)
(16.2973 0 2.63112)
(16.4968 0 2.56649)
(16.6917 0 2.49735)
(16.8815 0 2.42459)
(17.0657 0 2.34916)
(17.244 0 2.27204)
(17.4161 0 2.19426)
(17.5819 0 2.11686)
(17.7414 0 2.04088)
(17.8947 0 1.96736)
(18.0421 0 1.89735)
(18.1837 0 1.83187)
(18.32 0 1.77195)
(18.4515 0 1.71864)
(18.5787 0 1.67302)
(18.7023 0 1.63615)
(18.8229 0 1.60916)
(18.9407 0 1.59324)
(19.087 0 1.5896)
(13.9688 0 2.59608)
(14.1326 0 2.60742)
(14.3182 0 2.61334)
(14.5127 0 2.61314)
(14.7092 0 2.6066)
(14.907 0 2.59363)
(15.1066 0 2.57414)
(15.3076 0 2.54813)
(15.5092 0 2.51572)
(15.7104 0 2.47715)
(15.9104 0 2.43277)
(16.1085 0 2.38305)
(16.3039 0 2.32856)
(16.4959 0 2.26994)
(16.6842 0 2.20795)
(16.8681 0 2.14337)
(17.0474 0 2.07705)
(17.2217 0 2.00989)
(17.3908 0 1.94282)
(17.5548 0 1.87676)
(17.7137 0 1.81267)
(17.8677 0 1.7515)
(18.0169 0 1.69424)
(18.1617 0 1.64185)
(18.3026 0 1.59533)
(18.4401 0 1.55571)
(18.575 0 1.52405)
(18.7078 0 1.50146)
(18.8389 0 1.48917)
(19.0039 0 1.48852)
(13.8808 0 2.30535)
(14.0363 0 2.31569)
(14.2124 0 2.32153)
(14.3973 0 2.32226)
(14.5844 0 2.3177)
(14.7731 0 2.30774)
(14.9639 0 2.29229)
(15.1566 0 2.27133)
(15.3505 0 2.24491)
(15.5448 0 2.21321)
(15.7387 0 2.17648)
(15.9315 0 2.13508)
(16.1226 0 2.08946)
(16.3115 0 2.04015)
(16.4976 0 1.98774)
(16.6805 0 1.93291)
(16.8597 0 1.87637)
(17.035 0 1.81891)
(17.2062 0 1.76131)
(17.3732 0 1.70442)
(17.5361 0 1.6491)
(17.6948 0 1.5962)
(17.8497 0 1.54663)
(18.001 0 1.5013)
(18.1492 0 1.46112)
(18.2949 0 1.42708)
(18.4385 0 1.40018)
(18.5811 0 1.38149)
(18.7228 0 1.37221)
(18.9026 0 1.37365)
(13.7971 0 2.02205)
(13.9453 0 2.03133)
(14.1132 0 2.0369)
(14.2897 0 2.03823)
(14.4684 0 2.03516)
(14.649 0 2.0276)
(14.832 0 2.01547)
(15.0173 0 1.9987)
(15.2042 0 1.97734)
(15.392 0 1.95149)
(15.5802 0 1.92134)
(15.768 0 1.88718)
(15.9549 0 1.84934)
(16.1405 0 1.80824)
(16.3241 0 1.76439)
(16.5055 0 1.71832)
(16.6841 0 1.67065)
(16.8597 0 1.62202)
(17.032 0 1.57314)
(17.2011 0 1.52473)
(17.3668 0 1.47755)
(17.5292 0 1.43237)
(17.6885 0 1.39)
(17.8449 0 1.35127)
(17.999 0 1.31702)
(18.1512 0 1.28815)
(18.3021 0 1.2656)
(18.4526 0 1.25036)
(18.6031 0 1.24353)
(18.7951 0 1.24638)
(13.7191 0 1.74505)
(13.8611 0 1.75324)
(14.0218 0 1.75838)
(14.1909 0 1.76003)
(14.3625 0 1.75808)
(14.536 0 1.75243)
(14.7121 0 1.743)
(14.8907 0 1.72974)
(15.0714 0 1.71265)
(15.2534 0 1.69181)
(15.4363 0 1.66736)
(15.6195 0 1.6395)
(15.8024 0 1.6085)
(15.9847 0 1.5747)
(16.1658 0 1.53849)
(16.3453 0 1.50032)
(16.523 0 1.46069)
(16.6984 0 1.42015)
(16.8713 0 1.37929)
(17.0417 0 1.33873)
(17.2095 0 1.29913)
(17.3746 0 1.26116)
(17.5374 0 1.22553)
(17.698 0 1.19298)
(17.8568 0 1.16427)
(18.0144 0 1.1402)
(18.1713 0 1.12163)
(18.3285 0 1.10944)
(18.4864 0 1.10461)
(18.6885 0 1.1083)
(13.6485 0 1.47244)
(13.785 0 1.47947)
(13.9396 0 1.48405)
(14.1024 0 1.48581)
(14.2678 0 1.48465)
(14.4352 0 1.4805)
(14.6053 0 1.47328)
(14.7782 0 1.46294)
(14.9534 0 1.44948)
(15.1303 0 1.43294)
(15.3084 0 1.41342)
(15.4874 0 1.39108)
(15.6667 0 1.36612)
(15.8458 0 1.3388)
(16.0245 0 1.30944)
(16.2022 0 1.27839)
(16.3786 0 1.24607)
(16.5535 0 1.21292)
(16.7266 0 1.17943)
(16.8978 0 1.14611)
(17.0671 0 1.11353)
(17.2343 0 1.08227)
(17.3998 0 1.05293)
(17.5637 0 1.02614)
(17.7264 0 1.00258)
(17.8884 0 0.982942)
(18.0504 0 0.967964)
(18.2131 0 0.958436)
(18.3772 0 0.955201)
(18.5877 0 0.959304)
(13.5863 0 1.20398)
(13.7183 0 1.20983)
(13.8678 0 1.21375)
(14.0254 0 1.21545)
(14.1855 0 1.21485)
(14.3477 0 1.21189)
(14.5128 0 1.20651)
(14.6808 0 1.19865)
(14.8513 0 1.1883)
(15.0238 0 1.17551)
(15.1979 0 1.16033)
(15.3732 0 1.14289)
(15.5492 0 1.12332)
(15.7255 0 1.10184)
(15.9019 0 1.07869)
(16.0778 0 1.05414)
(16.253 0 1.02852)
(16.4272 0 1.00219)
(16.6002 0 0.975531)
(16.7719 0 0.948978)
(16.9421 0 0.922978)
(17.111 0 0.89801)
(17.2785 0 0.874577)
(17.445 0 0.853211)
(17.6108 0 0.834468)
(17.7764 0 0.818938)
(17.9425 0 0.807246)
(18.1098 0 0.800056)
(18.279 0 0.798075)
(18.4965 0 0.8022)
(13.5343 0 0.93583)
(13.6626 0 0.940433)
(13.808 0 0.943577)
(13.9612 0 0.94504)
(14.1171 0 0.944762)
(14.2751 0 0.9427)
(14.4361 0 0.938799)
(14.6001 0 0.933019)
(14.7667 0 0.925347)
(14.9355 0 0.915803)
(15.1062 0 0.904435)
(15.2783 0 0.891322)
(15.4516 0 0.876578)
(15.6255 0 0.860349)
(15.7998 0 0.842813)
(15.9741 0 0.824184)
(16.1482 0 0.804706)
(16.3217 0 0.784651)
(16.4944 0 0.764322)
(16.6662 0 0.744046)
(16.8371 0 0.724175)
(17.007 0 0.705084)
(17.1761 0 0.687173)
(17.3445 0 0.670861)
(17.5127 0 0.656594)
(17.6811 0 0.644846)
(17.8504 0 0.636121)
(18.0214 0 0.630961)
(18.1947 0 0.62994)
(18.4174 0 0.633834)
(13.4933 0 0.671123)
(13.6188 0 0.674517)
(13.7609 0 0.676894)
(13.9109 0 0.678083)
(14.0635 0 0.678046)
(14.2183 0 0.676759)
(14.3761 0 0.674181)
(14.5369 0 0.67028)
(14.7005 0 0.665046)
(14.8665 0 0.658488)
(15.0345 0 0.650639)
(15.2041 0 0.641552)
(15.3751 0 0.631301)
(15.5471 0 0.619989)
(15.7197 0 0.607738)
(15.8927 0 0.594696)
(16.0657 0 0.581035)
(16.2385 0 0.566946)
(16.411 0 0.552645)
(16.5828 0 0.538365)
(16.754 0 0.524359)
(16.9247 0 0.510897)
(17.0948 0 0.498269)
(17.2647 0 0.48678)
(17.4346 0 0.476759)
(17.6051 0 0.468558)
(17.7768 0 0.462556)
(17.9505 0 0.459168)
(18.127 0 0.458839)
(18.3541 0 0.462194)
(13.4648 0 0.399429)
(13.5884 0 0.401478)
(13.7282 0 0.402925)
(13.8758 0 0.403625)
(14.026 0 0.403576)
(14.1785 0 0.402776)
(14.334 0 0.401203)
(14.4925 0 0.398837)
(14.654 0 0.395672)
(14.8178 0 0.391715)
(14.9838 0 0.386984)
(15.1517 0 0.381512)
(15.321 0 0.375343)
(15.4914 0 0.368539)
(15.6628 0 0.361172)
(15.8346 0 0.353332)
(16.0068 0 0.345122)
(16.1789 0 0.336657)
(16.3509 0 0.328066)
(16.5226 0 0.319493)
(16.6939 0 0.311089)
(16.8648 0 0.303021)
(17.0355 0 0.295465)
(17.2061 0 0.288609)
(17.3771 0 0.282659)
(17.5488 0 0.277835)
(17.722 0 0.274389)
(17.8976 0 0.272614)
(18.0761 0 0.272895)
(18.3052 0 0.27599)
(13.2288 0 0.134806)
(13.3486 0 0.135721)
(13.4845 0 0.136424)
(13.628 0 0.136848)
(13.7741 0 0.137002)
(13.9225 0 0.136892)
(14.0738 0 0.136507)
(14.2281 0 0.13584)
(14.3852 0 0.134885)
(14.5447 0 0.133644)
(14.7063 0 0.132124)
(14.8696 0 0.130333)
(15.0344 0 0.128287)
(15.2002 0 0.126006)
(15.3668 0 0.123515)
(15.5339 0 0.120845)
(15.7011 0 0.118031)
(15.8683 0 0.115114)
(16.0352 0 0.112139)
(16.2017 0 0.109158)
(16.3677 0 0.106224)
(16.5333 0 0.103397)
(16.6985 0 0.10074)
(16.8635 0 0.0983209)
(17.0288 0 0.0962149)
(17.1948 0 0.0945044)
(17.3623 0 0.0932866)
(17.5322 0 0.0926902)
(17.7057 0 0.0929147)
(17.9301 0 0.0945568)
)
;

boundaryField
{
    inlet
    {
        type            fixedValue;
        value           uniform (10 0 0);
    }
    outlet
    {
        type            zeroGradient;
    }
    flap
    {
        type            movingWallVelocity;
        value           nonuniform List<vector> 
33
(
(0 0 6.93889e-16)
(0 0 0)
(0 0 0)
(0 0 0)
(0 0 0)
(0 0 0)
(0 0 0)
(0 0 0)
(0 0 0)
(0 0 0)
(0 0 0)
(0 0 -1.11022e-14)
(0 0 -1.11022e-14)
(0 0 -1.11022e-14)
(0 0 -2.22045e-14)
(6.93889e-16 -2.77556e-15 0)
(0 -2.77556e-15 0)
(0 0 0)
(0 0 6.93889e-16)
(0 0 0)
(0 0 0)
(0 0 0)
(0 0 0)
(0 0 0)
(0 0 -5.55112e-15)
(0 0 0)
(0 0 -1.11022e-14)
(0 0 0)
(0 0 0)
(0 0 0)
(0 0 0)
(0 -2.77556e-15 -1.11022e-14)
(0 0 -1.11022e-14)
)
;
    }
    upperWall
    {
        type            noSlip;
    }
    lowerWall
    {
        type            noSlip;
    }
    frontAndBack
    {
        type            empty;
    }
}


// ************************************************************************* //
