/*--------------------------------*- C++ -*----------------------------------*\
  =========                 |
  \\      /  F ield         | OpenFOAM: The Open Source CFD Toolbox
   \\    /   O peration     | Website:  https://openfoam.org
    \\  /    A nd           | Version:  dev
     \\/     M anipulation  |
\*---------------------------------------------------------------------------*/
FoamFile
{
    version     2.0;
    format      ascii;
    class       volVectorField;
    location    "2.4";
    object      U;
}
// * * * * * * * * * * * * * * * * * * * * * * * * * * * * * * * * * * * * * //

dimensions      [0 1 -1 0 0 0 0];

internalField   nonuniform List<vector> 
2790
(
(9.94399 0 0.0205244)
(9.87571 0 0.0295902)
(9.77519 0 0.0359934)
(9.6494 0 0.0425614)
(9.50403 0 0.0493921)
(9.33998 0 0.0564364)
(9.15643 0 0.0638253)
(8.95248 0 0.0717223)
(8.72728 0 0.0802671)
(8.47986 0 0.0895864)
(8.20901 0 0.0998072)
(7.91335 0 0.11106)
(7.59135 0 0.123475)
(7.24141 0 0.137179)
(6.86193 0 0.152287)
(6.45137 0 0.168884)
(6.00843 0 0.187009)
(5.53222 0 0.206629)
(5.0225 0 0.227598)
(4.47998 0 0.249615)
(3.9067 0 0.272177)
(3.30639 0 0.294521)
(2.68488 0 0.31561)
(2.05025 0 0.334273)
(1.41148 0 0.350584)
(0.797782 0 0.372858)
(0.110402 0 0.32488)
(-0.469449 0 -0.114872)
(-0.453742 0 -0.296994)
(-0.231119 0 -0.423741)
(9.9985 0 0.0407067)
(9.98145 0 0.0623904)
(9.93572 0 0.0791517)
(9.86412 0 0.0966403)
(9.77091 0 0.115143)
(9.65706 0 0.134511)
(9.52194 0 0.155002)
(9.3647 0 0.176973)
(9.18453 0 0.20074)
(8.98045 0 0.226585)
(8.75126 0 0.254781)
(8.49558 0 0.285598)
(8.21186 0 0.319287)
(7.89845 0 0.356059)
(7.55363 0 0.396053)
(7.17576 0 0.439292)
(6.76333 0 0.485616)
(6.31519 0 0.534603)
(5.83077 0 0.58547)
(5.3104 0 0.636952)
(4.75569 0 0.687191)
(4.16997 0 0.733622)
(3.55889 0 0.772916)
(2.93118 0 0.801044)
(2.29963 0 0.813689)
(1.69269 0 0.807182)
(1.10692 0 0.747133)
(0.658749 0 0.547806)
(0.186169 0 0.22441)
(-0.00817898 0 -0.453733)
(9.99559 0 0.0432132)
(9.97555 0 0.0752844)
(9.93178 0 0.103365)
(9.86486 0 0.132397)
(9.77772 0 0.163092)
(9.67146 0 0.195438)
(9.54576 0 0.229787)
(9.39999 0 0.266653)
(9.23347 0 0.306525)
(9.04542 0 0.349866)
(8.83483 0 0.397133)
(8.60052 0 0.448784)
(8.34112 0 0.505254)
(8.05514 0 0.566922)
(7.74099 0 0.634064)
(7.39703 0 0.706777)
(7.02167 0 0.784873)
(6.61351 0 0.867747)
(6.17148 0 0.954203)
(5.69519 0 1.04225)
(5.18519 0 1.12886)
(4.64354 0 1.20974)
(4.0744 0 1.27909)
(3.48502 0 1.32925)
(2.88654 0 1.34999)
(2.29921 0 1.32631)
(1.73163 0 1.22063)
(1.21609 0 0.972866)
(0.701031 0 0.57003)
(0.357934 0 -0.156699)
(9.99402 0 0.049508)
(9.9718 0 0.0932241)
(9.92786 0 0.133599)
(9.86221 0 0.174245)
(9.77687 0 0.216479)
(9.6729 0 0.260715)
(9.5502 0 0.307492)
(9.40834 0 0.357485)
(9.24684 0 0.411367)
(9.06511 0 0.469786)
(8.86243 0 0.533385)
(8.6379 0 0.602808)
(8.39052 0 0.678674)
(8.11916 0 0.761552)
(7.82261 0 0.85189)
(7.4996 0 0.949934)
(7.14881 0 1.05559)
(6.769 0 1.16827)
(6.35905 0 1.28661)
(5.91816 0 1.40825)
(5.4461 0 1.52943)
(4.9436 0 1.64462)
(4.41279 0 1.74605)
(3.85793 0 1.8231)
(3.28553 0 1.86122)
(2.70616 0 1.84016)
(2.12545 0 1.72582)
(1.55411 0 1.47768)
(0.95786 0 1.08352)
(0.509382 0 0.50217)
(9.99331 0 0.0572249)
(9.96993 0 0.110982)
(9.92591 0 0.162139)
(9.86142 0 0.213394)
(9.77793 0 0.266415)
(9.67626 0 0.321984)
(9.55642 0 0.380782)
(9.41806 0 0.443578)
(9.26078 0 0.511154)
(9.08411 0 0.584273)
(8.88744 0 0.663694)
(8.67008 0 0.75017)
(8.43125 0 0.844438)
(8.17009 0 0.947181)
(7.88568 0 1.05896)
(7.57705 0 1.18015)
(7.24322 0 1.31074)
(6.88316 0 1.45021)
(6.49583 0 1.59722)
(6.08029 0 1.7493)
(5.63573 0 1.90235)
(5.16172 0 2.05022)
(4.65841 0 2.18405)
(4.12689 0 2.29158)
(3.56912 0 2.35638)
(2.98866 0 2.35711)
(2.38665 0 2.26473)
(1.76626 0 2.04741)
(1.08991 0 1.69117)
(0.536611 0 1.15393)
(9.99302 0 0.0655526)
(9.96922 0 0.12873)
(9.92554 0 0.190156)
(9.86249 0 0.251901)
(9.78122 0 0.31565)
(9.68235 0 0.382405)
(9.56589 0 0.452973)
(9.43156 0 0.528211)
(9.27901 0 0.609)
(9.10783 0 0.696211)
(8.9175 0 0.79071)
(8.70742 0 0.893355)
(8.47693 0 1.00498)
(8.22529 0 1.12637)
(7.95173 0 1.25819)
(7.65544 0 1.4009)
(7.33556 0 1.5546)
(6.99116 0 1.71889)
(6.62121 0 1.89255)
(6.22454 0 2.07318)
(5.79984 0 2.25677)
(5.34563 0 2.43708)
(4.86033 0 2.60504)
(4.34237 0 2.74802)
(3.79012 0 2.84932)
(3.20235 0 2.88794)
(2.5764 0 2.83795)
(1.91335 0 2.67133)
(1.17268 0 2.37372)
(0.549932 0 1.89414)
(9.99297 0 0.0740914)
(9.96926 0 0.146348)
(9.92635 0 0.217534)
(9.86504 0 0.28936)
(9.78636 0 0.363441)
(9.69075 0 0.44093)
(9.57822 0 0.522778)
(9.44855 0 0.609942)
(9.30145 0 0.703398)
(9.13653 0 0.804116)
(8.95336 0 0.913056)
(8.75137 0 1.03117)
(8.52996 0 1.15937)
(8.28846 0 1.29854)
(8.02614 0 1.44942)
(7.74221 0 1.61258)
(7.4358 0 1.78826)
(7.10589 0 1.9762)
(6.75129 0 2.1754)
(6.37051 0 2.38376)
(5.96162 0 2.59764)
(5.5222 0 2.81123)
(5.04913 0 3.01595)
(4.53866 0 3.19972)
(3.98638 0 3.3464)
(3.38769 0 3.43566)
(2.73709 0 3.44298)
(2.03613 0 3.34116)
(1.24169 0 3.11325)
(0.563485 0 2.69284)
(9.99306 0 0.0826074)
(9.9698 0 0.163645)
(9.92805 0 0.24411)
(9.86881 0 0.32556)
(9.79306 0 0.409546)
(9.70116 0 0.497326)
(9.5931 0 0.589976)
(9.46871 0 0.68855)
(9.32775 0 0.794107)
(9.16989 0 0.907707)
(8.99472 0 1.0304)
(8.80176 0 1.16322)
(8.59042 0 1.30719)
(8.36007 0 1.46326)
(8.10997 0 1.63229)
(7.83929 0 1.81499)
(7.54707 0 2.01175)
(7.23212 0 2.22255)
(6.89294 0 2.44672)
(6.52762 0 2.68262)
(6.13356 0 2.92723)
(5.70736 0 3.17558)
(5.24454 0 3.42012)
(4.73941 0 3.6499)
(4.18518 0 3.8499)
(3.57453 0 4.00052)
(2.89936 0 4.07752)
(2.16201 0 4.052)
(1.31607 0 3.90133)
(0.583196 0 3.5398)
(9.99326 0 0.0909504)
(9.97071 0 0.180454)
(9.93044 0 0.269736)
(9.87358 0 0.360333)
(9.80111 0 0.453762)
(9.71334 0 0.551347)
(9.61024 0 0.65427)
(9.49171 0 0.763673)
(9.35754 0 0.880698)
(9.20747 0 1.00649)
(9.04114 0 1.14217)
(8.85811 0 1.28888)
(8.65785 0 1.44773)
(8.43975 0 1.61978)
(8.20306 0 1.80604)
(7.9469 0 2.00735)
(7.6702 0 2.22435)
(7.37156 0 2.45732)
(7.04918 0 2.70604)
(6.70066 0 2.96949)
(6.32276 0 3.24551)
(5.9111 0 3.53031)
(5.45988 0 3.81777)
(4.9616 0 4.09863)
(4.40708 0 4.35945)
(3.78616 0 4.58166)
(3.08741 0 4.74063)
(2.31262 0 4.80402)
(1.41061 0 4.74068)
(0.614296 0 4.44155)
(9.99352 0 0.0990172)
(9.9719 0 0.19663)
(9.93338 0 0.294272)
(9.8792 0 0.39352)
(9.81033 0 0.495886)
(9.72706 0 0.602744)
(9.62939 0 0.715363)
(9.51723 0 0.834964)
(9.39045 0 0.962765)
(9.24885 0 1.09998)
(9.09212 0 1.24784)
(8.91989 0 1.40754)
(8.73168 0 1.58031)
(8.52692 0 1.76733)
(8.30488 0 1.96976)
(8.06466 0 2.18865)
(7.80508 0 2.42491)
(7.52463 0 2.67923)
(7.22122 0 2.95191)
(6.89208 0 3.24273)
(6.53336 0 3.55061)
(6.13985 0 3.87322)
(5.70449 0 4.20634)
(5.21801 0 4.54295)
(4.66862 0 4.87194)
(4.04261 0 5.17643)
(3.32354 0 5.43177)
(2.5097 0 5.60147)
(1.54186 0 5.64306)
(0.664062 0 5.41766)
(9.99384 0 0.106732)
(9.97329 0 0.212057)
(9.93677 0 0.317589)
(9.88553 0 0.424972)
(9.82056 0 0.535735)
(9.74214 0 0.651296)
(9.6503 0 0.77299)
(9.54499 0 0.902114)
(9.42614 0 1.03995)
(9.29361 0 1.18779)
(9.14717 0 1.34691)
(8.98653 0 1.51864)
(8.81127 0 1.70427)
(8.62089 0 1.90514)
(8.41472 0 2.12255)
(8.19187 0 2.3578)
(7.95117 0 2.61211)
(7.69104 0 2.88662)
(7.40928 0 3.18228)
(7.10286 0 3.49977)
(6.76758 0 3.83927)
(6.39761 0 4.20023)
(5.9849 0 4.58076)
(5.51852 0 4.9768)
(4.98395 0 5.38071)
(4.36298 0 5.7789)
(3.63176 0 6.14849)
(2.7801 0 6.45009)
(1.7335 0 6.62805)
(0.744874 0 6.50274)
(9.9942 0 0.114037)
(9.97486 0 0.226638)
(9.94053 0 0.339569)
(9.89247 0 0.454552)
(9.83166 0 0.573146)
(9.7584 0 0.696805)
(9.67273 0 0.826921)
(9.57468 0 0.964849)
(9.46423 0 1.11193)
(9.34131 0 1.26952)
(9.20578 0 1.43897)
(9.05743 0 1.62166)
(8.89593 0 1.81901)
(8.72089 0 2.03247)
(8.53172 0 2.26351)
(8.32765 0 2.51368)
(8.10757 0 2.78453)
(7.86998 0 3.07767)
(7.61274 0 3.39474)
(7.33284 0 3.73739)
(7.02603 0 4.10723)
(6.68629 0 4.50567)
(6.3051 0 4.93361)
(5.8704 0 5.39081)
(5.36525 0 5.87461)
(4.76656 0 6.37743)
(4.04059 0 6.88242)
(3.16152 0 7.35281)
(2.02491 0 7.72273)
(0.880852 0 7.75685)
(9.99459 0 0.120888)
(9.97656 0 0.240294)
(9.94459 0 0.360113)
(9.8999 0 0.482143)
(9.84348 0 0.607975)
(9.77564 0 0.739099)
(9.69646 0 0.876949)
(9.60602 0 1.02293)
(9.50437 0 1.17843)
(9.39152 0 1.34485)
(9.26742 0 1.52361)
(9.13196 0 1.71615)
(8.98493 0 1.92398)
(8.82607 0 2.14865)
(8.65493 0 2.39181)
(8.47089 0 2.65522)
(8.27307 0 2.94076)
(8.06015 0 3.25049)
(7.83028 0 3.58673)
(7.58077 0 3.95209)
(7.30774 0 4.34961)
(7.00562 0 4.78276)
(6.66625 0 5.25553)
(6.27763 0 5.77219)
(5.82179 0 6.33677)
(5.27206 0 6.95138)
(4.58442 0 7.6126)
(3.71016 0 8.30004)
(2.48857 0 8.95774)
(1.12477 0 9.29329)
(9.99501 0 0.127248)
(9.97836 0 0.252961)
(9.94888 0 0.379137)
(9.90774 0 0.507643)
(9.8559 0 0.640105)
(9.7937 0 0.77804)
(9.72126 0 0.922917)
(9.63872 0 1.07617)
(9.5462 0 1.23924)
(9.44379 0 1.41355)
(9.33154 0 1.60056)
(9.20946 0 1.80177)
(9.07748 0 2.01876)
(8.93548 0 2.25317)
(8.78322 0 2.50677)
(8.62031 0 2.78152)
(8.44614 0 3.07957)
(8.25978 0 3.40339)
(8.05984 0 3.75586)
(7.84427 0 4.14045)
(7.61009 0 4.56146)
(7.35285 0 5.02429)
(7.06596 0 5.53589)
(6.73933 0 6.10526)
(6.35705 0 6.74412)
(5.89352 0 7.4676)
(5.30068 0 8.29491)
(4.50931 0 9.24674)
(3.26971 0 10.3413)
(1.60575 0 11.36)
(9.99544 0 0.133091)
(9.98025 0 0.264587)
(9.95336 0 0.396568)
(9.9159 0 0.53096)
(9.8688 0 0.669415)
(9.8124 0 0.813474)
(9.74691 0 0.964628)
(9.67249 0 1.12434)
(9.58935 0 1.29407)
(9.49766 0 1.47526)
(9.39759 0 1.66941)
(9.28926 0 1.87804)
(9.17276 0 2.10277)
(9.04815 0 2.34532)
(8.91542 0 2.60755)
(8.77446 0 2.89153)
(8.62503 0 3.19963)
(8.46668 0 3.53458)
(8.2987 0 3.89969)
(8.11994 0 4.29906)
(7.92872 0 4.73789)
(7.72249 0 5.22304)
(7.49742 0 5.76371)
(7.24767 0 6.37273)
(6.96377 0 7.06855)
(6.63025 0 7.87904)
(6.21439 0 8.84971)
(5.66684 0 10.0638)
(4.69243 0 11.7299)
(2.68951 0 14.5955)
(0.17832 0 -0.191785)
(0.401804 0 -0.167454)
(0.636803 0 -0.137143)
(0.84514 0 -0.111745)
(1.02116 0 -0.0917028)
(1.17066 0 -0.0758444)
(1.29994 0 -0.0632032)
(1.4133 0 -0.0530742)
(1.51365 0 -0.044883)
(1.60309 0 -0.038138)
(1.68314 0 -0.0323622)
(1.75453 0 -0.0270148)
(1.81683 0 -0.0215565)
(1.86848 0 -0.0157475)
(1.90786 0 -0.0100039)
(1.93504 0 -0.00519234)
(1.95206 0 -0.00173118)
(1.96031 0 0.000959411)
(1.95924 0 0.00317547)
(1.94981 0 0.00493096)
(1.93619 0 0.00642244)
(1.92335 0 0.00780579)
(1.91491 0 0.00867199)
(1.91361 0 0.0078276)
(1.9218 0 0.0039358)
(1.94199 0 -0.00247579)
(1.97586 0 -0.0101594)
(2.02336 0 -0.0186191)
(2.08298 0 -0.0263454)
(2.16529 0 -0.0289921)
(0.132545 0 -0.39633)
(0.343118 0 -0.363657)
(0.551591 0 -0.306155)
(0.73893 0 -0.255018)
(0.900412 0 -0.213999)
(1.04062 0 -0.181331)
(1.16443 0 -0.155167)
(1.27522 0 -0.134076)
(1.3752 0 -0.116896)
(1.46604 0 -0.102682)
(1.54912 0 -0.090499)
(1.62549 0 -0.079104)
(1.69536 0 -0.0670419)
(1.75769 0 -0.0535186)
(1.81042 0 -0.0397237)
(1.85233 0 -0.0279506)
(1.88593 0 -0.017324)
(1.91454 0 -0.00521822)
(1.93753 0 0.0048314)
(1.95252 0 0.00893928)
(1.95927 0 0.00724066)
(1.96144 0 0.00168142)
(1.96033 0 -0.00585682)
(1.95558 0 -0.0143205)
(1.94743 0 -0.0222608)
(1.93564 0 -0.0275795)
(1.92187 0 -0.0306286)
(1.90736 0 -0.0331336)
(1.89599 0 -0.034675)
(1.89906 0 -0.0327872)
(0.09384 0 -0.603484)
(0.26537 0 -0.563091)
(0.420904 0 -0.48005)
(0.562142 0 -0.404394)
(0.683118 0 -0.343066)
(0.787821 0 -0.293759)
(0.879634 0 -0.253853)
(0.960826 0 -0.221212)
(1.03287 0 -0.194181)
(1.09678 0 -0.171617)
(1.15351 0 -0.152547)
(1.20429 0 -0.135318)
(1.25 0 -0.117209)
(1.29041 0 -0.0954372)
(1.32344 0 -0.0716159)
(1.34394 0 -0.0550359)
(1.35509 0 -0.0487274)
(1.36767 0 -0.0410886)
(1.35758 0 -0.0254049)
(1.31085 0 -0.00784964)
(1.24022 0 0.00545352)
(1.15461 0 0.0142567)
(1.06153 0 0.0195433)
(0.967796 0 0.0215127)
(0.881674 0 0.0199749)
(0.815026 0 0.0137862)
(0.783256 0 0.00302105)
(0.770982 0 -0.00852785)
(0.788261 0 -0.0248315)
(0.850563 0 -0.0492412)
(0.0599415 0 -0.749648)
(0.182187 0 -0.69464)
(0.274021 0 -0.589518)
(0.360796 0 -0.495767)
(0.431301 0 -0.419841)
(0.490316 0 -0.358558)
(0.539522 0 -0.308775)
(0.580204 0 -0.267757)
(0.613196 0 -0.233304)
(0.638616 0 -0.204014)
(0.656268 0 -0.179204)
(0.6669 0 -0.15788)
(0.672033 0 -0.138405)
(0.673901 0 -0.117497)
(0.677378 0 -0.0909333)
(0.664275 0 -0.0567684)
(0.580447 0 -0.0209687)
(0.47099 0 0.0118668)
(0.39338 0 0.0468425)
(0.326245 0 0.0734881)
(0.25771 0 0.0877266)
(0.192318 0 0.0918705)
(0.132579 0 0.0879645)
(0.083217 0 0.076372)
(0.0480002 0 0.0561003)
(0.0272536 0 0.0267514)
(0.0238852 0 -0.00428821)
(0.0509255 0 -0.0332443)
(0.0900463 0 -0.0664365)
(0.160053 0 -0.0970178)
(0.0262413 0 -0.839993)
(0.0907544 0 -0.764675)
(0.111699 0 -0.641394)
(0.138607 0 -0.535802)
(0.150989 0 -0.449766)
(0.155953 0 -0.379899)
(0.15321 0 -0.32293)
(0.143499 0 -0.275793)
(0.127486 0 -0.235764)
(0.104892 0 -0.200678)
(0.0737797 0 -0.168936)
(0.029865 0 -0.138262)
(-0.029638 0 -0.1062)
(-0.106779 0 -0.069487)
(-0.192359 0 -0.0251552)
(-0.271507 0 0.0198073)
(-0.316773 0 0.050319)
(-0.364856 0 0.0665276)
(-0.408333 0 0.0808817)
(-0.449077 0 0.0965403)
(-0.48475 0 0.106618)
(-0.513229 0 0.10729)
(-0.533296 0 0.098534)
(-0.544065 0 0.080856)
(-0.545783 0 0.0549615)
(-0.540687 0 0.0227475)
(-0.53134 0 -0.0122107)
(-0.508171 0 -0.0487733)
(-0.487699 0 -0.0813139)
(-0.47441 0 -0.103584)
(-0.00961321 0 -0.865372)
(-0.0098704 0 -0.765501)
(-0.0617009 0 -0.628145)
(-0.0997768 0 -0.51561)
(-0.150153 0 -0.422968)
(-0.205042 0 -0.34746)
(-0.265696 0 -0.285407)
(-0.33176 0 -0.233371)
(-0.402806 0 -0.188312)
(-0.478099 0 -0.147889)
(-0.556325 0 -0.110742)
(-0.635391 0 -0.0762247)
(-0.712571 0 -0.044139)
(-0.78619 0 -0.0146289)
(-0.847687 0 0.0127044)
(-0.890371 0 0.0388726)
(-0.930014 0 0.0642808)
(-0.964752 0 0.0860053)
(-0.994015 0 0.101144)
(-1.01648 0 0.112002)
(-1.03136 0 0.116404)
(-1.03872 0 0.112262)
(-1.03921 0 0.0993372)
(-1.03377 0 0.0782225)
(-1.02403 0 0.049928)
(-1.01236 0 0.0161559)
(-1.00068 0 -0.0204679)
(-0.986467 0 -0.0564796)
(-0.978327 0 -0.0885484)
(-0.976802 0 -0.11128)
(-0.0519402 0 -0.818216)
(-0.120565 0 -0.694698)
(-0.24058 0 -0.55304)
(-0.345633 0 -0.439113)
(-0.455168 0 -0.346267)
(-0.563713 0 -0.27112)
(-0.670354 0 -0.209958)
(-0.773618 0 -0.159617)
(-0.872181 0 -0.117343)
(-0.965006 0 -0.0810068)
(-1.05151 0 -0.049195)
(-1.13148 0 -0.0209025)
(-1.20193 0 0.00446432)
(-1.2595 0 0.0273894)
(-1.30728 0 0.0487505)
(-1.3483 0 0.0690289)
(-1.38219 0 0.0874917)
(-1.40885 0 0.102662)
(-1.4282 0 0.113396)
(-1.43983 0 0.119232)
(-1.44387 0 0.118741)
(-1.44124 0 0.11068)
(-1.43334 0 0.0948776)
(-1.42172 0 0.0719147)
(-1.40824 0 0.042857)
(-1.39511 0 0.00934755)
(-1.38407 0 -0.0262033)
(-1.37561 0 -0.0606342)
(-1.37384 0 -0.0912835)
(-1.37607 0 -0.113241)
(-0.0996662 0 -0.69958)
(-0.232018 0 -0.558934)
(-0.416745 0 -0.420161)
(-0.580013 0 -0.312296)
(-0.73587 0 -0.228184)
(-0.880383 0 -0.162681)
(-1.01272 0 -0.110906)
(-1.13277 0 -0.0697773)
(-1.24083 0 -0.0367096)
(-1.33675 0 -0.00984368)
(-1.41883 0 0.0120384)
(-1.48864 0 0.0305612)
(-1.54889 0 0.0470411)
(-1.60234 0 0.0627604)
(-1.64835 0 0.0781987)
(-1.68634 0 0.0928174)
(-1.71599 0 0.105473)
(-1.73744 0 0.115036)
(-1.75098 0 0.120679)
(-1.7569 0 0.12168)
(-1.75586 0 0.117011)
(-1.74912 0 0.105859)
(-1.73827 0 0.0881)
(-1.72501 0 0.0642388)
(-1.71123 0 0.0353188)
(-1.69904 0 0.00300199)
(-1.6902 0 -0.0304863)
(-1.68657 0 -0.0624898)
(-1.68941 0 -0.0909355)
(-1.69361 0 -0.111013)
(-0.154199 0 -0.514522)
(-0.345862 0 -0.36714)
(-0.586543 0 -0.243886)
(-0.795916 0 -0.152354)
(-0.984101 0 -0.0837887)
(-1.14945 0 -0.0329525)
(-1.28894 0 0.00124731)
(-1.40757 0 0.0253505)
(-1.50862 0 0.0429165)
(-1.59552 0 0.0563977)
(-1.67271 0 0.0679894)
(-1.74107 0 0.0785191)
(-1.8012 0 0.0883532)
(-1.85318 0 0.09765)
(-1.89681 0 0.106478)
(-1.93187 0 0.114536)
(-1.95835 0 0.121007)
(-1.97658 0 0.124947)
(-1.98705 0 0.125553)
(-1.99038 0 0.122096)
(-1.98753 0 0.113805)
(-1.97985 0 0.100122)
(-1.96896 0 0.0809633)
(-1.95657 0 0.0567673)
(-1.94452 0 0.0285431)
(-1.93495 0 -0.00207319)
(-1.9293 0 -0.0330226)
(-1.93034 0 -0.0621734)
(-1.93725 0 -0.0879357)
(-1.94305 0 -0.105735)
(-0.222369 0 -0.283618)
(-0.479813 0 -0.123204)
(-0.760656 0 -0.00927227)
(-0.986228 0 0.0508016)
(-1.17521 0 0.0825412)
(-1.3324 0 0.0982331)
(-1.46793 0 0.107839)
(-1.58504 0 0.113941)
(-1.68683 0 0.118092)
(-1.77561 0 0.121255)
(-1.85313 0 0.123937)
(-1.92071 0 0.126394)
(-1.97922 0 0.128756)
(-2.02897 0 0.131002)
(-2.07004 0 0.133026)
(-2.10252 0 0.13455)
(-2.12669 0 0.134975)
(-2.14303 0 0.133516)
(-2.15218 0 0.129405)
(-2.15488 0 0.121949)
(-2.15219 0 0.110544)
(-2.14547 0 0.0947982)
(-2.1363 0 0.0746611)
(-2.12633 0 0.0505161)
(-2.11732 0 0.0233066)
(-2.11123 0 -0.00540365)
(-2.10971 0 -0.0336063)
(-2.11546 0 -0.0597276)
(-2.12628 0 -0.0826475)
(-2.13363 0 -0.0982541)
(-0.274127 0 0.124905)
(-0.557871 0 0.206231)
(-0.853125 0 0.231912)
(-1.08968 0 0.239843)
(-1.28778 0 0.236143)
(-1.45358 0 0.226976)
(-1.5931 0 0.216082)
(-1.71131 0 0.20517)
(-1.81238 0 0.195088)
(-1.89929 0 0.186272)
(-1.9743 0 0.178903)
(-2.03911 0 0.172774)
(-2.09477 0 0.167455)
(-2.14172 0 0.162552)
(-2.18016 0 0.157844)
(-2.21038 0 0.153112)
(-2.23289 0 0.147897)
(-2.24832 0 0.141489)
(-2.25735 0 0.133127)
(-2.26076 0 0.122159)
(-2.25956 0 0.108107)
(-2.25507 0 0.090704)
(-2.24881 0 0.0699344)
(-2.24235 0 0.0461185)
(-2.23727 0 0.020109)
(-2.23535 0 -0.00656444)
(-2.23856 0 -0.0319851)
(-2.24914 0 -0.0550679)
(-2.26392 0 -0.0751574)
(-2.27289 0 -0.0887967)
(-0.287314 0 0.484042)
(-0.604419 0 0.517924)
(-0.931635 0 0.488574)
(-1.18338 0 0.445732)
(-1.38611 0 0.401041)
(-1.55031 0 0.359651)
(-1.68518 0 0.323972)
(-1.79784 0 0.294213)
(-1.89323 0 0.269296)
(-1.97458 0 0.248347)
(-2.04438 0 0.230985)
(-2.10464 0 0.216532)
(-2.1565 0 0.203885)
(-2.20031 0 0.192157)
(-2.23615 0 0.181046)
(-2.26442 0 0.170509)
(-2.28583 0 0.160224)
(-2.30116 0 0.14947)
(-2.31107 0 0.137415)
(-2.31622 0 0.123426)
(-2.31752 0 0.107146)
(-2.3162 0 0.0884411)
(-2.31373 0 0.0673359)
(-2.3116 0 0.0440792)
(-2.3112 0 0.0194037)
(-2.31408 0 -0.00521772)
(-2.32232 0 -0.0279901)
(-2.33791 0 -0.0481132)
(-2.35683 0 -0.0654342)
(-2.36755 0 -0.0772931)
(-0.327376 0 0.909272)
(-0.689795 0 0.881442)
(-1.04049 0 0.764779)
(-1.28953 0 0.653)
(-1.48027 0 0.560778)
(-1.62984 0 0.484897)
(-1.7501 0 0.423917)
(-1.84993 0 0.376077)
(-1.93474 0 0.337366)
(-2.0071 0 0.305028)
(-2.0692 0 0.278451)
(-2.12336 0 0.256669)
(-2.1708 0 0.237644)
(-2.21142 0 0.219759)
(-2.24486 0 0.202742)
(-2.27151 0 0.186968)
(-2.29238 0 0.172335)
(-2.3084 0 0.157975)
(-2.32014 0 0.142852)
(-2.328 0 0.126315)
(-2.33266 0 0.108169)
(-2.33526 0 0.0884593)
(-2.33728 0 0.0672769)
(-2.34012 0 0.044782)
(-2.34501 0 0.021526)
(-2.35328 0 -0.0011558)
(-2.36687 0 -0.0215129)
(-2.38766 0 -0.0387974)
(-2.41098 0 -0.053379)
(-2.42366 0 -0.0635348)
(-0.409539 0 1.40954)
(-0.841091 0 1.2902)
(-1.20496 0 1.04287)
(-1.42141 0 0.840352)
(-1.57579 0 0.700449)
(-1.69549 0 0.592081)
(-1.79022 0 0.507927)
(-1.86975 0 0.445717)
(-1.93975 0 0.39651)
(-2.00038 0 0.354342)
(-2.05255 0 0.319806)
(-2.09929 0 0.292471)
(-2.14211 0 0.268734)
(-2.17994 0 0.245661)
(-2.21139 0 0.223256)
(-2.23678 0 0.202857)
(-2.25765 0 0.184756)
(-2.27528 0 0.167694)
(-2.28995 0 0.150162)
(-2.30157 0 0.131471)
(-2.31044 0 0.111701)
(-2.31763 0 0.0911931)
(-2.32466 0 0.0701476)
(-2.33299 0 0.0486)
(-2.34368 0 0.0268169)
(-2.35781 0 0.00588164)
(-2.37728 0 -0.0124121)
(-2.40359 0 -0.0270492)
(-2.43164 0 -0.0387778)
(-2.44652 0 -0.0470982)
(-0.585041 0 2.26631)
(-1.09878 0 1.88749)
(-1.46362 0 1.33155)
(-1.59164 0 0.960562)
(-1.67051 0 0.795103)
(-1.74544 0 0.671498)
(-1.80372 0 0.569659)
(-1.85535 0 0.499079)
(-1.9082 0 0.444985)
(-1.95602 0 0.39436)
(-1.99613 0 0.353048)
(-2.03408 0 0.323035)
(-2.07275 0 0.297379)
(-2.10896 0 0.270287)
(-2.13913 0 0.242721)
(-2.16355 0 0.218169)
(-2.18503 0 0.197691)
(-2.20545 0 0.17909)
(-2.22454 0 0.159862)
(-2.24126 0 0.139289)
(-2.25535 0 0.117969)
(-2.26779 0 0.0967373)
(-2.2803 0 0.0759693)
(-2.29456 0 0.055537)
(-2.31152 0 0.0353171)
(-2.33192 0 0.0160272)
(-2.35759 0 -0.000498547)
(-2.39007 0 -0.01274)
(-2.42326 0 -0.0213289)
(-2.4407 0 -0.0274409)
(9.9959 0 0.13849)
(9.98224 0 0.275328)
(9.95808 0 0.412662)
(9.92448 0 0.552459)
(9.88233 0 0.696396)
(9.83203 0 0.846025)
(9.77381 0 1.00285)
(9.70792 0 1.16835)
(9.63462 0 1.34398)
(9.55421 0 1.53121)
(9.46694 0 1.73153)
(9.37309 0 1.94648)
(9.27291 0 2.17769)
(9.16667 0 2.4269)
(9.05461 0 2.69602)
(8.93696 0 2.98718)
(8.81391 0 3.30282)
(8.6856 0 3.64584)
(8.5521 0 4.01975)
(8.41342 0 4.42891)
(8.2695 0 4.87896)
(8.12023 0 5.37734)
(7.96559 0 5.93424)
(7.80586 0 6.56397)
(7.64232 0 7.28762)
(7.48003 0 8.13777)
(7.33245 0 9.1684)
(7.29013 0 10.4731)
(7.75306 0 12.197)
(7.94523 0 14.9164)
(9.99638 0 0.143453)
(9.98432 0 0.28519)
(9.96302 0 0.427401)
(9.93346 0 0.572085)
(9.89647 0 0.720931)
(9.85249 0 0.875499)
(9.80179 0 1.03729)
(9.74468 0 1.20779)
(9.68153 0 1.38845)
(9.6127 0 1.58072)
(9.53859 0 1.78608)
(9.45961 0 2.00605)
(9.37619 0 2.24225)
(9.28882 0 2.49641)
(9.19802 0 2.77039)
(9.10437 0 3.06631)
(9.00851 0 3.3866)
(8.91121 0 3.7341)
(8.81337 0 4.11225)
(8.71619 0 4.5253)
(8.62127 0 4.97866)
(8.53099 0 5.47936)
(8.44908 0 6.03668)
(8.38183 0 6.66319)
(8.34047 0 7.37607)
(8.34714 0 8.19867)
(8.44086 0 9.16101)
(8.67771 0 10.2961)
(9.32681 0 11.5479)
(9.82069 0 12.6288)
(9.99688 0 0.147894)
(9.98649 0 0.29401)
(9.96816 0 0.440564)
(9.94277 0 0.589571)
(9.91112 0 0.742726)
(9.87364 0 0.901581)
(9.83067 0 1.06763)
(9.78258 0 1.24233)
(9.72981 0 1.42712)
(9.67282 0 1.62341)
(9.61213 0 1.83266)
(9.54828 0 2.05633)
(9.48189 0 2.296)
(9.41366 0 2.5533)
(9.34439 0 2.83004)
(9.275 0 3.12821)
(9.20659 0 3.45008)
(9.14049 0 3.79828)
(9.0784 0 4.17592)
(9.02252 0 4.58675)
(8.97589 0 5.03536)
(8.94277 0 5.52741)
(8.92948 0 6.06985)
(8.94553 0 6.67104)
(9.00544 0 7.34035)
(9.13135 0 8.08632)
(9.35425 0 8.91065)
(9.6835 0 9.80188)
(10.2484 0 10.7081)
(10.9343 0 11.418)
(9.9974 0 0.15176)
(9.98872 0 0.30168)
(9.97343 0 0.451983)
(9.95233 0 0.604688)
(9.92613 0 0.76148)
(9.89531 0 0.923894)
(9.86022 0 1.0934)
(9.82132 0 1.27143)
(9.77909 0 1.45937)
(9.7341 0 1.6586)
(9.68695 0 1.87049)
(9.63835 0 2.09646)
(9.58907 0 2.33797)
(9.54001 0 2.59654)
(9.49222 0 2.87384)
(9.44692 0 3.17165)
(9.40562 0 3.49198)
(9.37012 0 3.83708)
(9.34273 0 4.20953)
(9.32641 0 4.61229)
(9.3251 0 5.04875)
(9.34409 0 5.52272)
(9.39063 0 6.03832)
(9.4746 0 6.59946)
(9.60918 0 7.20886)
(9.81118 0 7.86611)
(10.1032 0 8.564)
(10.4939 0 9.2877)
(11.0496 0 10.027)
(11.84 0 10.6688)
(9.99792 0 0.155003)
(9.99099 0 0.308107)
(9.97881 0 0.461524)
(9.96206 0 0.617257)
(9.9414 0 0.776973)
(9.91731 0 0.942179)
(9.8902 0 1.11431)
(9.86055 0 1.29474)
(9.82893 0 1.48482)
(9.79597 0 1.68584)
(9.76239 0 1.8991)
(9.72897 0 2.12591)
(9.69667 0 2.3676)
(9.66653 0 2.62554)
(9.63982 0 2.90118)
(9.61802 0 3.19605)
(9.60291 0 3.5118)
(9.59666 0 3.8502)
(9.60195 0 4.21316)
(9.62218 0 4.60271)
(9.66165 0 5.02096)
(9.72588 0 5.46989)
(9.82194 0 5.9511)
(9.95875 0 6.46526)
(10.1473 0 7.01126)
(10.4007 0 7.58517)
(10.7361 0 8.17883)
(11.165 0 8.77756)
(11.7102 0 9.36978)
(12.4602 0 9.88073)
(9.99845 0 0.157581)
(9.99329 0 0.313206)
(9.98424 0 0.469058)
(9.97188 0 0.627113)
(9.9568 0 0.789003)
(9.93947 0 0.956195)
(9.92035 0 1.13007)
(9.89995 0 1.31196)
(9.8789 0 1.50312)
(9.85788 0 1.70477)
(9.8377 0 1.9181)
(9.81924 0 2.1443)
(9.80356 0 2.38452)
(9.79184 0 2.63996)
(9.7855 0 2.91182)
(9.78617 0 3.2013)
(9.79584 0 3.50966)
(9.81685 0 3.83813)
(9.85206 0 4.18794)
(9.90497 0 4.56018)
(9.97984 0 4.95577)
(10.0819 0 5.37516)
(10.2174 0 5.81807)
(10.394 0 6.28303)
(10.6203 0 6.76678)
(10.906 0 7.26353)
(11.2624 0 7.76406)
(11.6972 0 8.25285)
(12.2111 0 8.71322)
(12.8838 0 9.10376)
(9.99898 0 0.159455)
(9.99559 0 0.316901)
(9.98967 0 0.474474)
(9.9817 0 0.634107)
(9.97219 0 0.797388)
(9.96159 0 0.965731)
(9.95039 0 1.14046)
(9.93915 0 1.32282)
(9.92852 0 1.514)
(9.91924 0 1.71511)
(9.91215 0 1.92722)
(9.90824 0 2.15136)
(9.90861 0 2.38853)
(9.91454 0 2.63968)
(9.92753 0 2.90576)
(9.94931 0 3.18764)
(9.98192 0 3.48614)
(10.0277 0 3.80198)
(10.0896 0 4.13571)
(10.1709 0 4.48763)
(10.2755 0 4.85763)
(10.408 0 5.24501)
(10.5738 0 5.64818)
(10.7786 0 6.06433)
(11.0289 0 6.48899)
(11.3311 0 6.91545)
(11.6912 0 7.3344)
(12.1133 0 7.73246)
(12.5913 0 8.09511)
(13.1939 0 8.40194)
(9.99951 0 0.16059)
(9.99787 0 0.319123)
(9.99507 0 0.477674)
(9.99145 0 0.638115)
(9.98743 0 0.801978)
(9.98348 0 0.970616)
(9.98007 0 1.14528)
(9.9778 0 1.32714)
(9.97733 0 1.51726)
(9.97944 0 1.71667)
(9.98501 0 1.92629)
(9.99505 0 2.147)
(10.0107 0 2.37959)
(10.0333 0 2.62481)
(10.0643 0 2.88331)
(10.1055 0 3.15565)
(10.159 0 3.44222)
(10.2269 0 3.74328)
(10.3119 0 4.05879)
(10.4171 0 4.38839)
(10.5459 0 4.7312)
(10.702 0 5.08571)
(10.8897 0 5.44952)
(11.1131 0 5.81913)
(11.3767 0 6.18963)
(11.684 0 6.55449)
(12.038 0 6.90547)
(12.4401 0 7.23227)
(12.8826 0 7.52384)
(13.4233 0 7.76893)
(10 0 0.160959)
(10.0001 0 0.31982)
(10.0004 0 0.478577)
(10.001 0 0.639034)
(10.0024 0 0.802655)
(10.0049 0 0.970719)
(10.0091 0 1.1444)
(10.0155 0 1.32476)
(10.0249 0 1.51279)
(10.0379 0 1.70937)
(10.0556 0 1.91529)
(10.0788 0 2.13125)
(10.1088 0 2.35788)
(10.1469 0 2.59568)
(10.1944 0 2.84504)
(10.2532 0 3.10621)
(10.3251 0 3.37922)
(10.4122 0 3.66392)
(10.5168 0 3.9598)
(10.6416 0 4.26598)
(10.7893 0 4.58109)
(10.963 0 4.90311)
(11.1656 0 5.22925)
(11.4 0 5.55581)
(11.6689 0 5.87805)
(11.974 0 6.19014)
(12.3163 0 6.48525)
(12.6954 0 6.75558)
(13.1036 0 6.99284)
(13.5896 0 7.19022)
(10.0005 0 0.16054)
(10.0023 0 0.318947)
(10.0056 0 0.477125)
(10.0104 0 0.636791)
(10.017 0 0.799335)
(10.0258 0 0.965955)
(10.0373 0 1.13773)
(10.052 0 1.31565)
(10.0707 0 1.50056)
(10.0942 0 1.69322)
(10.1232 0 1.8943)
(10.1587 0 2.10433)
(10.202 0 2.32374)
(10.2542 0 2.55282)
(10.3167 0 2.79173)
(10.391 0 3.04044)
(10.479 0 3.29868)
(10.5823 0 3.56596)
(10.7031 0 3.84144)
(10.8433 0 4.1239)
(11.0053 0 4.41165)
(11.1912 0 4.70243)
(11.4031 0 4.99338)
(11.6426 0 5.28093)
(11.9112 0 5.56081)
(12.2094 0 5.82804)
(12.5368 0 6.07714)
(12.8921 0 6.30223)
(13.2681 0 6.49731)
(13.7066 0 6.65826)
(10.001 0 0.159318)
(10.0044 0 0.316477)
(10.0106 0 0.473276)
(10.0194 0 0.631339)
(10.031 0 0.791971)
(10.0458 0 0.956284)
(10.0643 0 1.12527)
(10.087 0 1.29979)
(10.1145 0 1.48061)
(10.1476 0 1.66835)
(10.1872 0 1.86354)
(10.2341 0 2.06655)
(10.2894 0 2.27765)
(10.3543 0 2.49694)
(10.43 0 2.72435)
(10.5179 0 2.95963)
(10.6195 0 3.20229)
(10.7362 0 3.45158)
(10.8699 0 3.70644)
(11.022 0 3.96545)
(11.1942 0 4.22678)
(11.3879 0 4.48815)
(11.6045 0 4.74679)
(11.8448 0 4.99947)
(12.1093 0 5.24248)
(12.3976 0 5.47174)
(12.7086 0 5.68294)
(13.0406 0 5.87175)
(13.3872 0 6.03396)
(13.7849 0 6.16707)
(10.0015 0 0.157286)
(10.0065 0 0.312395)
(10.0153 0 0.467012)
(10.028 0 0.622662)
(10.0444 0 0.780556)
(10.0649 0 0.941716)
(10.0899 0 1.10703)
(10.1201 0 1.27728)
(10.1558 0 1.45308)
(10.1979 0 1.63497)
(10.2472 0 1.82332)
(10.3044 0 2.01838)
(10.3705 0 2.22024)
(10.4466 0 2.42885)
(10.5338 0 2.64397)
(10.6331 0 2.86518)
(10.746 0 3.0918)
(10.8736 0 3.32294)
(11.0171 0 3.5574)
(11.1778 0 3.79367)
(11.3567 0 4.02994)
(11.5548 0 4.264)
(11.7726 0 4.49334)
(12.0105 0 4.71512)
(12.2683 0 4.92624)
(12.545 0 5.12343)
(12.8394 0 5.30339)
(13.1493 0 5.46297)
(13.4694 0 5.59928)
(13.8322 0 5.71081)
(10.0019 0 0.154441)
(10.0084 0 0.306699)
(10.0199 0 0.458337)
(10.0361 0 0.610771)
(10.057 0 0.765117)
(10.0829 0 0.922303)
(10.1141 0 1.08312)
(10.1511 0 1.24824)
(10.1944 0 1.4182)
(10.2447 0 1.59338)
(10.3027 0 1.77406)
(10.3691 0 1.96035)
(10.4447 0 2.15222)
(10.5305 0 2.34949)
(10.6274 0 2.55178)
(10.7364 0 2.75853)
(10.8583 0 2.96897)
(10.9942 0 3.18211)
(11.145 0 3.39671)
(11.3115 0 3.61128)
(11.4943 0 3.82407)
(11.6939 0 4.03307)
(11.9104 0 4.23606)
(12.1437 0 4.43063)
(12.3931 0 4.61424)
(12.6575 0 4.78433)
(12.9355 0 4.93842)
(13.2249 0 5.07426)
(13.5214 0 5.18986)
(13.854 0 5.28438)
(10.0024 0 0.150791)
(10.0102 0 0.299402)
(10.0241 0 0.447274)
(10.0437 0 0.595706)
(10.0689 0 0.745718)
(10.0997 0 0.898143)
(10.1365 0 1.05368)
(10.1798 0 1.2129)
(10.23 0 1.37622)
(10.2877 0 1.54395)
(10.3535 0 1.71624)
(10.4279 0 1.89311)
(10.5118 0 2.0744)
(10.6059 0 2.25984)
(10.7108 0 2.44896)
(10.8275 0 2.64112)
(10.9565 0 2.83549)
(11.0986 0 3.03105)
(11.2544 0 3.22657)
(11.4243 0 3.42064)
(11.6087 0 3.61166)
(11.8076 0 3.79783)
(12.0208 0 3.97726)
(12.2479 0 4.14793)
(12.4881 0 4.30782)
(12.7401 0 4.45496)
(13.0024 0 4.5875)
(13.2731 0 4.70384)
(13.5484 0 4.80267)
(13.8548 0 4.88355)
(10.0027 0 0.146347)
(10.0119 0 0.290532)
(10.0281 0 0.433865)
(10.0508 0 0.577533)
(10.0798 0 0.722456)
(10.1151 0 0.869374)
(10.1571 0 1.01889)
(10.2061 0 1.17149)
(10.2625 0 1.32749)
(10.3267 0 1.48711)
(10.3993 0 1.65041)
(10.4807 0 1.81732)
(10.5716 0 1.98761)
(10.6725 0 2.16092)
(10.784 0 2.33673)
(10.9067 0 2.51436)
(11.041 0 2.69295)
(11.1874 0 2.87152)
(11.3462 0 3.04891)
(11.5177 0 3.22379)
(11.7018 0 3.39475)
(11.8983 0 3.56024)
(12.1069 0 3.71866)
(12.327 0 3.86837)
(12.5574 0 4.00777)
(12.7972 0 4.13538)
(13.0447 0 4.24983)
(13.2983 0 4.35002)
(13.5548 0 4.43508)
(13.8384 0 4.50484)
(10.0031 0 0.141127)
(10.0134 0 0.280124)
(10.0317 0 0.418173)
(10.0573 0 0.556343)
(10.0898 0 0.695457)
(10.1293 0 0.836166)
(10.1759 0 0.978987)
(10.23 0 1.12431)
(10.2918 0 1.27238)
(10.3617 0 1.42334)
(10.4402 0 1.57716)
(10.5275 0 1.7337)
(10.6242 0 1.8927)
(10.7306 0 2.05373)
(10.8473 0 2.21624)
(10.9744 0 2.37955)
(11.1124 0 2.54283)
(11.2615 0 2.70513)
(11.4218 0 2.86539)
(11.5932 0 3.02244)
(11.7756 0 3.17501)
(11.9686 0 3.32182)
(12.1717 0 3.46153)
(12.3841 0 3.59283)
(12.6048 0 3.71449)
(12.8327 0 3.82538)
(13.0664 0 3.92452)
(13.3045 0 4.01117)
(13.5442 0 4.08477)
(13.8078 0 4.14531)
(10.0034 0 0.135156)
(10.0148 0 0.268229)
(10.035 0 0.400272)
(10.0632 0 0.532244)
(10.0988 0 0.664871)
(10.142 0 0.798718)
(10.1927 0 0.93422)
(10.2513 0 1.07169)
(10.3178 0 1.2113)
(10.3927 0 1.35312)
(10.4761 0 1.49708)
(10.5683 0 1.64298)
(10.6697 0 1.79051)
(10.7805 0 1.93923)
(10.901 0 2.08859)
(11.0313 0 2.23792)
(11.1717 0 2.38644)
(11.3221 0 2.53327)
(11.4824 0 2.67746)
(11.6526 0 2.81798)
(11.8322 0 2.95375)
(12.0209 0 3.0837)
(12.2179 0 3.20674)
(12.4224 0 3.32185)
(12.6336 0 3.42806)
(12.8502 0 3.52456)
(13.0712 0 3.61065)
(13.2951 0 3.68582)
(13.5198 0 3.74974)
(13.7658 0 3.80251)
(10.0037 0 0.12846)
(10.0161 0 0.254901)
(10.0379 0 0.380253)
(10.0684 0 0.505362)
(10.1069 0 0.630867)
(10.1533 0 0.75725)
(10.2076 0 0.884871)
(10.2701 0 1.01397)
(10.3407 0 1.14467)
(10.4197 0 1.27698)
(10.5072 0 1.41078)
(10.6034 0 1.54584)
(10.7084 0 1.68184)
(10.8225 0 1.81833)
(10.9457 0 1.95478)
(11.0781 0 2.09055)
(11.2197 0 2.22493)
(11.3703 0 2.35712)
(11.5297 0 2.48628)
(11.6978 0 2.61153)
(11.8739 0 2.73197)
(12.0576 0 2.84671)
(12.2482 0 2.95488)
(12.4449 0 3.05568)
(12.6468 0 3.14839)
(12.8529 0 3.23241)
(13.0621 0 3.30725)
(13.2732 0 3.37258)
(13.4844 0 3.42823)
(13.7149 0 3.47435)
(10.004 0 0.121072)
(10.0172 0 0.240204)
(10.0406 0 0.358211)
(10.0731 0 0.475835)
(10.114 0 0.593627)
(10.1633 0 0.711996)
(10.2207 0 0.831232)
(10.2864 0 0.951518)
(10.3605 0 1.07292)
(10.4429 0 1.19541)
(10.5337 0 1.31884)
(10.633 0 1.44297)
(10.7409 0 1.56746)
(10.8573 0 1.69188)
(10.9823 0 1.81572)
(11.1158 0 1.93841)
(11.2576 0 2.05928)
(11.4075 0 2.17766)
(11.5653 0 2.29281)
(11.7305 0 2.40397)
(11.9027 0 2.51041)
(12.0811 0 2.61141)
(12.2653 0 2.70627)
(12.4544 0 2.79438)
(12.6474 0 2.87521)
(12.8437 0 2.94832)
(13.042 0 3.01338)
(13.2416 0 3.0702)
(13.4408 0 3.11868)
(13.6574 0 3.15902)
(10.0042 0 0.113023)
(10.0182 0 0.224205)
(10.0429 0 0.334252)
(10.0772 0 0.443806)
(10.1203 0 0.553341)
(10.1719 0 0.663194)
(10.232 0 0.773598)
(10.3005 0 0.884682)
(10.3774 0 0.996477)
(10.4625 0 1.10891)
(10.556 0 1.22183)
(10.6577 0 1.33499)
(10.7675 0 1.44805)
(10.8855 0 1.56061)
(11.0115 0 1.6722)
(11.1453 0 1.7823)
(11.2866 0 1.89033)
(11.4352 0 1.9957)
(11.5907 0 2.09777)
(11.7527 0 2.19594)
(11.9206 0 2.28958)
(12.0937 0 2.37812)
(12.2715 0 2.46102)
(12.4532 0 2.53783)
(12.638 0 2.60813)
(12.8251 0 2.67163)
(13.0136 0 2.72812)
(13.2027 0 2.77747)
(13.3911 0 2.81967)
(13.5956 0 2.85492)
(10.0044 0 0.104348)
(10.0191 0 0.206971)
(10.0449 0 0.308478)
(10.0807 0 0.409421)
(10.1256 0 0.510198)
(10.1793 0 0.611084)
(10.2417 0 0.712259)
(10.3124 0 0.813808)
(10.3916 0 0.91573)
(10.4789 0 1.01794)
(10.5744 0 1.12026)
(10.6778 0 1.22246)
(10.789 0 1.32422)
(10.9078 0 1.42517)
(11.0341 0 1.52488)
(11.1676 0 1.6229)
(11.3079 0 1.71872)
(11.4547 0 1.81183)
(11.6076 0 1.90171)
(11.7661 0 1.98785)
(11.9296 0 2.06976)
(12.0975 0 2.14697)
(12.2691 0 2.21908)
(12.4439 0 2.28573)
(12.621 0 2.34665)
(12.7997 0 2.40161)
(12.9793 0 2.45049)
(13.159 0 2.49324)
(13.3378 0 2.52987)
(13.5314 0 2.56058)
(10.0046 0 0.0950766)
(10.0198 0 0.188567)
(10.0466 0 0.280991)
(10.0837 0 0.37282)
(10.1302 0 0.464382)
(10.1857 0 0.555895)
(10.2498 0 0.647489)
(10.3224 0 0.739218)
(10.4033 0 0.831056)
(10.4924 0 0.922902)
(10.5893 0 1.01459)
(10.6938 0 1.10588)
(10.8058 0 1.1965)
(10.9251 0 1.2861)
(11.0512 0 1.37432)
(11.1839 0 1.46074)
(11.3228 0 1.54495)
(11.4675 0 1.62651)
(11.6176 0 1.70499)
(11.7724 0 1.77998)
(11.9316 0 1.85108)
(12.0944 0 1.91794)
(12.2602 0 1.98024)
(12.4285 0 2.03773)
(12.5986 0 2.0902)
(12.7697 0 2.13751)
(12.9412 0 2.17959)
(13.1126 0 2.21642)
(13.2828 0 2.24805)
(13.4668 0 2.27467)
(10.0047 0 0.0852383)
(10.0205 0 0.16905)
(10.0481 0 0.251884)
(10.0864 0 0.334136)
(10.1342 0 0.416066)
(10.191 0 0.49784)
(10.2566 0 0.579545)
(10.3307 0 0.661206)
(10.413 0 0.74278)
(10.5032 0 0.824163)
(10.6011 0 0.905192)
(10.7064 0 0.985654)
(10.8188 0 1.06529)
(10.938 0 1.14381)
(11.0635 0 1.22088)
(11.1952 0 1.29616)
(11.3324 0 1.3693)
(11.4749 0 1.43994)
(11.622 0 1.50772)
(11.7733 0 1.57232)
(11.9283 0 1.63342)
(12.0863 0 1.69076)
(12.2468 0 1.74409)
(12.4091 0 1.79323)
(12.5728 0 1.83804)
(12.7371 0 1.87842)
(12.9014 0 1.91434)
(13.0654 0 1.94581)
(13.228 0 1.9729)
(13.4036 0 1.99577)
(10.0049 0 0.0748531)
(10.021 0 0.148467)
(10.0494 0 0.221236)
(10.0886 0 0.293485)
(10.1375 0 0.365409)
(10.1955 0 0.437118)
(10.2623 0 0.508665)
(10.3375 0 0.580053)
(10.4208 0 0.651229)
(10.5119 0 0.722086)
(10.6105 0 0.792473)
(10.7161 0 0.862197)
(10.8285 0 0.931031)
(10.9473 0 0.998722)
(11.0721 0 1.06499)
(11.2025 0 1.12956)
(11.3379 0 1.19212)
(11.4781 0 1.2524)
(11.6224 0 1.3101)
(11.7703 0 1.36496)
(11.9213 0 1.41676)
(12.0749 0 1.46527)
(12.2305 0 1.51033)
(12.3875 0 1.5518)
(12.5454 0 1.58958)
(12.7037 0 1.62362)
(12.8617 0 1.65391)
(13.0191 0 1.68048)
(13.1752 0 1.7034)
(13.3434 0 1.7228)
(10.005 0 0.063928)
(10.0216 0 0.126841)
(10.0506 0 0.189104)
(10.0907 0 0.250965)
(10.1404 0 0.312532)
(10.1994 0 0.373861)
(10.267 0 0.434978)
(10.3431 0 0.495873)
(10.4272 0 0.556488)
(10.5189 0 0.616723)
(10.6178 0 0.676443)
(10.7235 0 0.735479)
(10.8357 0 0.793638)
(10.954 0 0.850707)
(11.0778 0 0.906457)
(11.2068 0 0.960653)
(11.3405 0 1.01306)
(11.4784 0 1.06344)
(11.62 0 1.11157)
(11.7648 0 1.15726)
(11.9123 0 1.20031)
(12.0619 0 1.24058)
(12.2131 0 1.27794)
(12.3654 0 1.31228)
(12.5183 0 1.34356)
(12.6713 0 1.37174)
(12.8239 0 1.39682)
(12.9757 0 1.41883)
(13.1261 0 1.43785)
(13.288 0 1.454)
(10.0051 0 0.0524423)
(10.0221 0 0.10416)
(10.0518 0 0.155533)
(10.0926 0 0.206702)
(10.1431 0 0.257665)
(10.2027 0 0.308419)
(10.2711 0 0.358962)
(10.3478 0 0.409269)
(10.4323 0 0.459275)
(10.5244 0 0.508888)
(10.6235 0 0.557988)
(10.7291 0 0.606435)
(10.841 0 0.65407)
(10.9586 0 0.70072)
(11.0815 0 0.746202)
(11.2091 0 0.790331)
(11.3411 0 0.83292)
(11.477 0 0.873792)
(11.6162 0 0.912778)
(11.7582 0 0.949724)
(11.9025 0 0.984495)
(12.0486 0 1.01698)
(12.196 0 1.04708)
(12.3443 0 1.07475)
(12.4928 0 1.09993)
(12.6413 0 1.12262)
(12.7893 0 1.14282)
(12.9363 0 1.16058)
(13.0819 0 1.17595)
(13.2386 0 1.18904)
(10.0053 0 0.0403132)
(10.0229 0 0.0803172)
(10.0533 0 0.120364)
(10.0948 0 0.160392)
(10.1459 0 0.200293)
(10.2062 0 0.240049)
(10.275 0 0.279656)
(10.3522 0 0.31908)
(10.4371 0 0.358255)
(10.5293 0 0.397097)
(10.6283 0 0.435505)
(10.7338 0 0.473362)
(10.8452 0 0.510541)
(10.9622 0 0.546903)
(11.0841 0 0.582306)
(11.2105 0 0.616608)
(11.341 0 0.649666)
(11.475 0 0.681345)
(11.6121 0 0.711522)
(11.7517 0 0.740082)
(11.8933 0 0.76693)
(12.0365 0 0.791984)
(12.1808 0 0.815182)
(12.3257 0 0.836483)
(12.4707 0 0.855862)
(12.6155 0 0.873316)
(12.7597 0 0.88886)
(12.9029 0 0.902522)
(13.0446 0 0.914349)
(13.197 0 0.924429)
(10.0056 0 0.0273582)
(10.0239 0 0.0556558)
(10.0551 0 0.0846858)
(10.0972 0 0.113783)
(10.1488 0 0.14272)
(10.2095 0 0.171516)
(10.2787 0 0.200186)
(10.3562 0 0.228694)
(10.4413 0 0.256987)
(10.5336 0 0.285001)
(10.6326 0 0.312665)
(10.7378 0 0.3399)
(10.8489 0 0.366615)
(10.9652 0 0.392716)
(11.0863 0 0.418102)
(11.2117 0 0.442675)
(11.3409 0 0.466337)
(11.4734 0 0.488995)
(11.6087 0 0.510565)
(11.7464 0 0.530969)
(11.8858 0 0.550143)
(12.0267 0 0.568032)
(12.1684 0 0.584597)
(12.3107 0 0.599811)
(12.4529 0 0.61366)
(12.5948 0 0.626146)
(12.736 0 0.637279)
(12.8762 0 0.647084)
(13.0148 0 0.655595)
(13.1638 0 0.662883)
(10.0068 0 0.011266)
(10.0271 0 0.0266209)
(10.0594 0 0.0438686)
(10.1018 0 0.0614036)
(10.1536 0 0.0789069)
(10.2144 0 0.0964213)
(10.2838 0 0.113941)
(10.3613 0 0.131408)
(10.4464 0 0.148761)
(10.5386 0 0.165945)
(10.6374 0 0.182907)
(10.7423 0 0.199593)
(10.8529 0 0.21594)
(10.9686 0 0.231889)
(11.089 0 0.247377)
(11.2135 0 0.262342)
(11.3417 0 0.276727)
(11.4731 0 0.290475)
(11.6071 0 0.303537)
(11.7433 0 0.31587)
(11.8812 0 0.327437)
(12.0204 0 0.338209)
(12.1603 0 0.348164)
(12.3007 0 0.357291)
(12.441 0 0.365584)
(12.5808 0 0.373049)
(12.72 0 0.379696)
(12.858 0 0.385546)
(12.9946 0 0.390624)
(13.1413 0 0.394992)
(9.9959 0 0.000929976)
(10.007 0 0.00496848)
(10.0277 0 0.0102836)
(10.0577 0 0.0158333)
(10.0975 0 0.0214557)
(10.1469 0 0.027178)
(10.2054 0 0.0329905)
(10.2724 0 0.0388589)
(10.3475 0 0.0447508)
(10.4301 0 0.0506401)
(10.5199 0 0.0565026)
(10.6163 0 0.0623132)
(10.7188 0 0.0680461)
(10.8268 0 0.0736751)
(10.9399 0 0.0791737)
(11.0575 0 0.0845161)
(11.1791 0 0.0896774)
(11.3043 0 0.0946343)
(11.4323 0 0.0993655)
(11.5628 0 0.103852)
(11.6953 0 0.108077)
(11.8293 0 0.112029)
(11.9642 0 0.115696)
(12.0997 0 0.119072)
(12.2354 0 0.122154)
(12.3709 0 0.124941)
(12.5057 0 0.127434)
(12.6396 0 0.12964)
(12.7722 0 0.131561)
(12.9147 0 0.13323)
(9.46548 0 13.0737)
(6.25316 0 10.7308)
(-0.925558 0 5.5018)
(10.3677 0 11.1881)
(9.8036 0 9.86226)
(8.21324 0 8.06391)
(11.4528 0 11.107)
(11.6629 0 10.5446)
(11.4019 0 9.63599)
(12.339 0 10.7219)
(12.681 0 10.5525)
(12.7838 0 10.1363)
(12.9031 0 9.99153)
(13.2703 0 9.98359)
(13.5105 0 9.8451)
(13.2771 0 9.22092)
(13.6366 0 9.27821)
(13.9177 0 9.26824)
(13.544 0 8.50844)
(13.875 0 8.58149)
(14.1478 0 8.61762)
(13.734 0 7.85786)
(14.0306 0 7.92531)
(14.2788 0 7.97088)
(13.8658 0 7.26296)
(14.1302 0 7.3202)
(14.3521 0 7.36288)
(13.9538 0 6.71824)
(14.1901 0 6.76621)
(14.3886 0 6.80339)
(14.0076 0 6.21717)
(14.2202 0 6.25763)
(14.3986 0 6.28961)
(14.0341 0 5.75318)
(14.2267 0 5.78768)
(14.3881 0 5.81535)
(14.0383 0 5.32062)
(14.2138 0 5.35038)
(14.3611 0 5.37456)
(14.0241 0 4.91486)
(14.1851 0 4.94078)
(14.3202 0 4.9621)
(13.9946 0 4.53209)
(14.1432 0 4.55484)
(14.2678 0 4.57376)
(13.9527 0 4.16917)
(14.0905 0 4.18923)
(14.2061 0 4.2061)
(13.9008 0 3.82347)
(14.0291 0 3.84123)
(14.1368 0 3.85631)
(13.8412 0 3.49281)
(13.9612 0 3.50856)
(14.062 0 3.52204)
(13.776 0 3.17528)
(13.8887 0 3.18924)
(13.9833 0 3.20129)
(13.7074 0 2.86923)
(13.8135 0 2.88157)
(13.9028 0 2.8923)
(13.6371 0 2.57312)
(13.7376 0 2.58399)
(13.8221 0 2.59351)
(13.5672 0 2.28559)
(13.6626 0 2.29511)
(13.7429 0 2.30348)
(13.4994 0 2.00519)
(13.5903 0 2.01344)
(13.6669 0 2.02074)
(13.4351 0 1.73084)
(13.5223 0 1.7379)
(13.5957 0 1.74416)
(13.3763 0 1.4607)
(13.4601 0 1.46661)
(13.5307 0 1.47187)
(13.3239 0 1.1945)
(13.405 0 1.19932)
(13.4734 0 1.20363)
(13.28 0 0.928626)
(13.3588 0 0.932332)
(13.4253 0 0.935657)
(13.2449 0 0.665928)
(13.322 0 0.668617)
(13.3871 0 0.671027)
(13.2211 0 0.39675)
(13.2969 0 0.398238)
(13.3608 0 0.39955)
(12.9923 0 0.133855)
(13.0661 0 0.134351)
(13.1284 0 0.134793)
(-2.55975 0 1.62982)
(-1.7206 0 1.4556)
(-2.00897 0 0.984652)
(-1.85088 0 0.878715)
(-1.73243 0 0.900668)
(-1.76164 0 0.76709)
(-1.78208 0 0.600106)
(-1.7976 0 0.519078)
(-1.83335 0 0.479046)
(-1.86958 0 0.425232)
(-1.89418 0 0.378332)
(-1.92101 0 0.349646)
(-1.95731 0 0.326256)
(-1.99488 0 0.295707)
(-2.02517 0 0.262097)
(-2.04882 0 0.233521)
(-2.07164 0 0.212354)
(-2.0969 0 0.19408)
(-2.12308 0 0.173972)
(-2.14727 0 0.151482)
(-2.16835 0 0.128302)
(-2.18727 0 0.10616)
(-2.20619 0 0.085742)
(-2.22717 0 0.0666792)
(-2.25117 0 0.048246)
(-2.27851 0 0.0305448)
(-2.3106 0 0.0153854)
(-2.34936 0 0.00521356)
(-2.38877 0 -0.00020342)
(-2.40964 0 -0.0038205)
(6.06518 0 5.44656)
(3.64088 0 3.54631)
(1.50928 0 2.12106)
(-0.759414 0 0.848321)
(-1.5201 0 0.63344)
(-1.77138 0 0.488517)
(-1.76543 0 0.448164)
(-1.68086 0 0.547153)
(-1.69152 0 0.572756)
(-1.73125 0 0.479318)
(-1.73856 0 0.389365)
(-1.75011 0 0.361094)
(-1.78806 0 0.352507)
(-1.83265 0 0.321991)
(-1.86392 0 0.281885)
(-1.8848 0 0.249232)
(-1.90823 0 0.230014)
(-1.94054 0 0.214873)
(-1.97711 0 0.194298)
(-2.01138 0 0.169007)
(-2.04098 0 0.142999)
(-2.0672 0 0.11945)
(-2.09301 0 0.099334)
(-2.12112 0 0.0817359)
(-2.1527 0 0.0649737)
(-2.18748 0 0.0483178)
(-2.22605 0 0.0336223)
(-2.27039 0 0.0249492)
(-2.31528 0 0.0237885)
(-2.3398 0 0.024556)
(10.3291 0 7.61078)
(8.5964 0 5.83285)
(6.68044 0 4.38862)
(4.80391 0 3.18466)
(3.09217 0 2.23589)
(1.63875 0 1.46289)
(0.0963939 0 0.743197)
(-1.14301 0 0.458355)
(-1.43894 0 0.408479)
(-1.58094 0 0.304467)
(-1.54543 0 0.295863)
(-1.49759 0 0.390492)
(-1.53648 0 0.433837)
(-1.60142 0 0.386393)
(-1.63528 0 0.313528)
(-1.64801 0 0.260586)
(-1.66838 0 0.245695)
(-1.71014 0 0.240929)
(-1.7608 0 0.221987)
(-1.80618 0 0.193672)
(-1.84303 0 0.164054)
(-1.87402 0 0.138464)
(-1.90364 0 0.118303)
(-1.93572 0 0.10203)
(-1.9718 0 0.0869891)
(-2.01126 0 0.0715343)
(-2.05392 0 0.0572413)
(-2.102 0 0.0498571)
(-2.1521 0 0.054002)
(-2.18149 0 0.0616047)
(12.464 0 8.77889)
(11.5868 0 7.33832)
(10.3554 0 6.02952)
(8.96795 0 4.86493)
(7.51249 0 3.86621)
(6.08491 0 3.03749)
(4.70152 0 2.34492)
(3.36531 0 1.77158)
(2.18902 0 1.28156)
(1.16191 0 0.855061)
(0.0427046 0 0.467454)
(-0.863004 0 0.365119)
(-1.12237 0 0.36057)
(-1.28505 0 0.295877)
(-1.32605 0 0.2353)
(-1.30411 0 0.230463)
(-1.29981 0 0.279778)
(-1.35257 0 0.304645)
(-1.42438 0 0.279056)
(-1.48322 0 0.234164)
(-1.52829 0 0.190079)
(-1.56615 0 0.156817)
(-1.60363 0 0.135559)
(-1.64519 0 0.121912)
(-1.69194 0 0.110621)
(-1.74198 0 0.0978717)
(-1.79342 0 0.0840427)
(-1.84803 0 0.0763193)
(-1.90557 0 0.0844426)
(-1.94291 0 0.100846)
(13.6333 0 9.09893)
(13.3448 0 8.09728)
(12.7209 0 7.05202)
(11.8622 0 6.04487)
(10.8469 0 5.12327)
(9.74586 0 4.30875)
(8.60743 0 3.59302)
(7.45227 0 2.96375)
(6.31839 0 2.41608)
(5.23043 0 1.95618)
(4.18292 0 1.5709)
(3.17288 0 1.24443)
(2.28469 0 0.957954)
(1.48718 0 0.705979)
(0.765806 0 0.488445)
(0.0515476 0 0.320246)
(-0.548951 0 0.277215)
(-0.760786 0 0.278888)
(-0.897078 0 0.249617)
(-0.968557 0 0.214171)
(-1.00788 0 0.18926)
(-1.04159 0 0.177264)
(-1.08865 0 0.170911)
(-1.15596 0 0.163921)
(-1.23918 0 0.15217)
(-1.32679 0 0.134606)
(-1.40833 0 0.115107)
(-1.48317 0 0.102192)
(-1.55739 0 0.110876)
(-1.61166 0 0.144027)
(14.2594 0 8.92226)
(14.3369 0 8.30723)
(14.1628 0 7.56253)
(13.7563 0 6.77386)
(13.1614 0 5.99355)
(12.4293 0 5.25372)
(11.6045 0 4.56893)
(10.719 0 3.94635)
(9.80075 0 3.38931)
(8.87187 0 2.90078)
(7.94809 0 2.4732)
(7.03615 0 2.09531)
(6.15672 0 1.75933)
(5.31369 0 1.46606)
(4.50746 0 1.2184)
(3.73932 0 1.01079)
(3.00974 0 0.829286)
(2.36098 0 0.665933)
(1.77381 0 0.521311)
(1.23692 0 0.397815)
(0.750603 0 0.302446)
(0.335106 0 0.240193)
(0.0127355 0 0.205982)
(-0.218974 0 0.192811)
(-0.374152 0 0.189629)
(-0.502829 0 0.184434)
(-0.62707 0 0.170423)
(-0.766237 0 0.152059)
(-0.925523 0 0.158851)
(-1.06532 0 0.233906)
(14.567 0 8.49302)
(14.8462 0 8.15619)
(14.9688 0 7.67296)
(14.9014 0 7.10295)
(14.654 0 6.49118)
(14.2584 0 5.87172)
(13.7473 0 5.26817)
(13.1484 0 4.6957)
(12.4848 0 4.16298)
(11.7767 0 3.67537)
(11.0416 0 3.23351)
(10.2933 0 2.83505)
(9.54371 0 2.47583)
(8.79938 0 2.15472)
(8.06568 0 1.87242)
(7.34944 0 1.62516)
(6.65524 0 1.40534)
(5.99066 0 1.20763)
(5.35444 0 1.03199)
(4.74431 0 0.878778)
(4.16085 0 0.746601)
(3.60723 0 0.632095)
(3.08685 0 0.532076)
(2.59969 0 0.446189)
(2.14561 0 0.378213)
(1.73018 0 0.332567)
(1.36167 0 0.306233)
(1.03111 0 0.28881)
(0.759178 0 0.26732)
(0.232153 0 0.371404)
(14.7014 0 7.95312)
(15.0687 0 7.79122)
(15.3603 0 7.50272)
(15.5182 0 7.11858)
(15.5289 0 6.67008)
(15.4056 0 6.18521)
(15.1674 0 5.68686)
(14.8323 0 5.19219)
(14.4178 0 4.71333)
(13.9403 0 4.25886)
(13.4156 0 3.83383)
(12.8569 0 3.43994)
(12.2751 0 3.07673)
(11.6782 0 2.74436)
(11.0734 0 2.44357)
(10.4679 0 2.17314)
(9.8678 0 1.9296)
(9.27702 0 1.70915)
(8.69636 0 1.51043)
(8.12626 0 1.33328)
(7.56815 0 1.1769)
(7.02364 0 1.03948)
(6.49329 0 0.919127)
(5.97609 0 0.814886)
(5.47078 0 0.726882)
(4.97796 0 0.654616)
(4.49991 0 0.596886)
(4.03517 0 0.554308)
(3.60312 0 0.534513)
(2.99616 0 0.584657)
(14.7472 0 7.3886)
(15.1342 0 7.32365)
(15.502 0 7.16336)
(15.789 0 6.91871)
(15.9695 0 6.6071)
(16.0435 0 6.24722)
(16.0183 0 5.85676)
(15.9026 0 5.45108)
(15.7065 0 5.04271)
(15.4414 0 4.64145)
(15.119 0 4.25426)
(14.7503 0 3.8854)
(14.3449 0 3.53731)
(13.9107 0 3.21189)
(13.4552 0 2.91069)
(12.9853 0 2.63395)
(12.5067 0 2.38026)
(12.0236 0 2.14775)
(11.5381 0 1.93562)
(11.0521 0 1.74394)
(10.5675 0 1.57246)
(10.0859 0 1.42028)
(9.60801 0 1.28623)
(9.13349 0 1.16954)
(8.66168 0 1.06975)
(8.19223 0 0.986065)
(7.72489 0 0.917652)
(7.25839 0 0.865639)
(6.8026 0 0.837963)
(6.2159 0 0.852183)
(14.7476 0 6.84265)
(15.1202 0 6.82537)
(15.5064 0 6.74095)
(15.8517 0 6.59028)
(16.1279 0 6.38104)
(16.3283 0 6.12362)
(16.4524 0 5.82951)
(16.5016 0 5.51019)
(16.4794 0 5.17625)
(16.3918 0 4.83678)
(16.246 0 4.49909)
(16.0497 0 4.16869)
(15.8103 0 3.8496)
(15.5345 0 3.54495)
(15.2289 0 3.25711)
(14.8995 0 2.98744)
(14.5516 0 2.73614)
(14.1892 0 2.50294)
(13.8154 0 2.28789)
(13.4326 0 2.09135)
(13.0431 0 1.91352)
(12.6487 0 1.75409)
(12.2507 0 1.61255)
(11.8496 0 1.48849)
(11.4455 0 1.3816)
(11.0384 0 1.29137)
(10.6282 0 1.21743)
(10.2145 0 1.16063)
(9.80508 0 1.12487)
(9.28809 0 1.11192)
(14.7227 0 6.33042)
(15.068 0 6.33427)
(15.4425 0 6.29122)
(15.8015 0 6.19874)
(16.1196 0 6.05943)
(16.3887 0 5.87823)
(16.6049 0 5.66155)
(16.765 0 5.41683)
(16.8681 0 5.15176)
(16.9156 0 4.87364)
(16.9108 0 4.589)
(16.8578 0 4.30333)
(16.7615 0 4.02113)
(16.6267 0 3.74607)
(16.4584 0 3.48112)
(16.2612 0 3.22842)
(16.0398 0 2.98932)
(15.7977 0 2.76464)
(15.538 0 2.55517)
(15.2635 0 2.36168)
(14.9764 0 2.18479)
(14.6789 0 2.02476)
(14.3725 0 1.88166)
(14.0583 0 1.75544)
(13.7371 0 1.64602)
(13.4095 0 1.55316)
(13.0758 0 1.47665)
(12.7369 0 1.41667)
(12.3991 0 1.3737)
(11.97 0 1.34296)
(14.6815 0 5.8538)
(14.9975 0 5.86621)
(15.3479 0 5.8448)
(15.6968 0 5.78661)
(16.0234 0 5.69222)
(16.3206 0 5.56377)
(16.5841 0 5.4045)
(16.8093 0 5.21873)
(16.9929 0 5.01149)
(17.1333 0 4.78806)
(17.2308 0 4.55358)
(17.287 0 4.31278)
(17.304 0 4.06986)
(17.2848 0 3.82848)
(17.2325 0 3.59178)
(17.1504 0 3.36231)
(17.0418 0 3.14202)
(16.9098 0 2.93246)
(16.7571 0 2.73492)
(16.586 0 2.55059)
(16.3989 0 2.38048)
(16.1978 0 2.2253)
(15.9844 0 2.08554)
(15.7602 0 1.96153)
(15.5263 0 1.85341)
(15.2837 0 1.76117)
(15.0334 0 1.68461)
(14.7763 0 1.62332)
(14.5174 0 1.57604)
(14.1825 0 1.53644)
(14.6282 0 5.40979)
(14.9169 0 5.4254)
(15.2406 0 5.41544)
(15.5695 0 5.37738)
(15.8869 0 5.31122)
(16.1875 0 5.2179)
(16.4682 0 5.09904)
(16.7244 0 4.95704)
(16.9524 0 4.79505)
(17.1494 0 4.61663)
(17.3138 0 4.42553)
(17.4455 0 4.22546)
(17.5447 0 4.01994)
(17.6126 0 3.81225)
(17.6509 0 3.60534)
(17.6614 0 3.40179)
(17.6463 0 3.20381)
(17.6078 0 3.01325)
(17.5479 0 2.83176)
(17.4686 0 2.66079)
(17.3719 0 2.50162)
(17.2595 0 2.3553)
(17.1332 0 2.22264)
(16.9946 0 2.10424)
(16.8448 0 2.00049)
(16.685 0 1.91153)
(16.5164 0 1.83723)
(16.3401 0 1.77694)
(16.1593 0 1.72891)
(15.9185 0 1.68736)
(14.565 0 4.99419)
(14.8298 0 5.01082)
(15.128 0 5.00732)
(15.4345 0 4.98163)
(15.7352 0 4.93361)
(16.0267 0 4.86373)
(16.3069 0 4.77288)
(16.5724 0 4.66244)
(16.8196 0 4.53441)
(17.0456 0 4.39116)
(17.2484 0 4.23536)
(17.4267 0 4.06977)
(17.5799 0 3.89721)
(17.7079 0 3.72039)
(17.8112 0 3.54189)
(17.8906 0 3.3641)
(17.9472 0 3.18919)
(17.9824 0 3.0191)
(17.9976 0 2.85557)
(17.9941 0 2.70021)
(17.9736 0 2.55445)
(17.9375 0 2.41951)
(17.8873 0 2.29642)
(17.8244 0 2.18599)
(17.7501 0 2.08881)
(17.6655 0 2.0052)
(17.5718 0 1.93512)
(17.4697 0 1.87801)
(17.3615 0 1.83238)
(17.2097 0 1.79368)
(14.4935 0 4.60299)
(14.7375 0 4.61973)
(15.013 0 4.6202)
(15.2979 0 4.60266)
(15.5801 0 4.56695)
(15.8574 0 4.51332)
(16.1284 0 4.44229)
(16.391 0 4.35473)
(16.642 0 4.25196)
(16.879 0 4.13563)
(17.0999 0 4.00765)
(17.3033 0 3.87011)
(17.4881 0 3.72518)
(17.6535 0 3.57506)
(17.7994 0 3.42193)
(17.9259 0 3.26788)
(18.0334 0 3.1149)
(18.1225 0 2.96483)
(18.1941 0 2.81941)
(18.2491 0 2.68023)
(18.2886 0 2.54877)
(18.3137 0 2.42634)
(18.3257 0 2.31409)
(18.3258 0 2.21296)
(18.315 0 2.12368)
(18.2945 0 2.04674)
(18.2652 0 1.98229)
(18.2278 0 1.93003)
(18.1833 0 1.88904)
(18.1117 0 1.85613)
(14.4152 0 4.23275)
(14.6412 0 4.24917)
(14.8967 0 4.25223)
(15.1619 0 4.24045)
(15.4263 0 4.21361)
(15.6881 0 4.17184)
(15.9467 0 4.11544)
(16.2006 0 4.04497)
(16.4473 0 3.96137)
(16.6848 0 3.86581)
(16.9113 0 3.75972)
(17.1254 0 3.6447)
(17.326 0 3.52246)
(17.5122 0 3.39477)
(17.6834 0 3.26345)
(17.8394 0 3.1303)
(17.9801 0 2.99707)
(18.1058 0 2.86546)
(18.2169 0 2.73709)
(18.314 0 2.6135)
(18.3978 0 2.49611)
(18.4691 0 2.38625)
(18.5288 0 2.28509)
(18.578 0 2.19368)
(18.6176 0 2.11283)
(18.6485 0 2.04319)
(18.6715 0 1.98512)
(18.6871 0 1.93866)
(18.6958 0 1.9035)
(18.6928 0 1.8778)
(14.3315 0 3.8806)
(14.5419 0 3.89646)
(14.7798 0 3.90125)
(15.0276 0 3.89369)
(15.2755 0 3.87354)
(15.5223 0 3.84083)
(15.7679 0 3.79569)
(16.011 0 3.73852)
(16.2498 0 3.66993)
(16.4825 0 3.59082)
(16.7077 0 3.50228)
(16.9242 0 3.40553)
(17.1308 0 3.30196)
(17.3267 0 3.19302)
(17.5113 0 3.08023)
(17.6841 0 2.96512)
(17.845 0 2.84925)
(17.9938 0 2.73412)
(18.1309 0 2.62122)
(18.2564 0 2.51198)
(18.3708 0 2.40776)
(18.4749 0 2.30983)
(18.5692 0 2.21938)
(18.6546 0 2.13746)
(18.7319 0 2.06497)
(18.8018 0 2.00268)
(18.8651 0 1.95115)
(18.9222 0 1.91075)
(18.9731 0 1.88175)
(19.0262 0 1.86342)
(14.244 0 3.54414)
(14.4407 0 3.55927)
(14.6632 0 3.56519)
(14.8954 0 3.56078)
(15.1285 0 3.54579)
(15.3615 0 3.52019)
(15.5945 0 3.48402)
(15.8266 0 3.43748)
(16.0562 0 3.38104)
(16.2819 0 3.31533)
(16.5025 0 3.2412)
(16.7168 0 3.15961)
(16.924 0 3.07167)
(17.1233 0 2.97858)
(17.3139 0 2.88163)
(17.4954 0 2.78212)
(17.6676 0 2.68142)
(17.8302 0 2.58087)
(17.9833 0 2.4818)
(18.1271 0 2.38554)
(18.2619 0 2.29335)
(18.3882 0 2.20645)
(18.5064 0 2.12597)
(18.6173 0 2.05298)
(18.7216 0 1.98843)
(18.8199 0 1.93317)
(18.9128 0 1.88793)
(19.0009 0 1.85338)
(19.0841 0 1.83018)
(19.181 0 1.81851)
(14.1543 0 3.22134)
(14.3388 0 3.23561)
(14.5478 0 3.2422)
(14.7662 0 3.24013)
(14.9861 0 3.22917)
(15.2065 0 3.20923)
(15.4278 0 3.18028)
(15.6492 0 3.14245)
(15.8695 0 3.09601)
(16.0875 0 3.04145)
(16.3021 0 2.9794)
(16.5123 0 2.91063)
(16.7173 0 2.83602)
(16.9164 0 2.75656)
(17.1089 0 2.67334)
(17.2943 0 2.58748)
(17.4724 0 2.50015)
(17.6428 0 2.41255)
(17.8057 0 2.32588)
(17.961 0 2.24133)
(18.1089 0 2.16009)
(18.2499 0 2.08329)
(18.3844 0 2.01201)
(18.5128 0 1.94731)
(18.636 0 1.89015)
(18.7543 0 1.84144)
(18.8686 0 1.80204)
(18.9793 0 1.77281)
(19.0863 0 1.75472)
(19.2166 0 1.74853)
(14.0639 0 2.91041)
(14.2378 0 2.92373)
(14.4347 0 2.93063)
(14.6409 0 2.93028)
(14.8489 0 2.92244)
(15.058 0 2.90703)
(15.2686 0 2.88397)
(15.4801 0 2.85329)
(15.6915 0 2.8152)
(15.9018 0 2.77002)
(16.1099 0 2.71824)
(16.3151 0 2.66044)
(16.5167 0 2.59735)
(16.7138 0 2.52977)
(16.9059 0 2.4586)
(17.0926 0 2.3848)
(17.2734 0 2.30939)
(17.4482 0 2.23342)
(17.6169 0 2.15795)
(17.7794 0 2.08407)
(17.936 0 2.01284)
(18.0869 0 1.94533)
(18.2324 0 1.88257)
(18.373 0 1.82555)
(18.5094 0 1.77525)
(18.6421 0 1.7326)
(18.7717 0 1.69854)
(18.8988 0 1.67404)
(19.0235 0 1.66022)
(19.1788 0 1.6582)
(13.9745 0 2.60975)
(14.139 0 2.62203)
(14.3253 0 2.62896)
(14.5207 0 2.62982)
(14.7181 0 2.6244)
(14.917 0 2.6126)
(15.1178 0 2.59433)
(15.3202 0 2.56958)
(15.5233 0 2.53847)
(15.7261 0 2.50123)
(15.9279 0 2.45821)
(16.1278 0 2.40989)
(16.3253 0 2.35681)
(16.5196 0 2.29965)
(16.7102 0 2.23915)
(16.8966 0 2.17611)
(17.0786 0 2.11141)
(17.2557 0 2.04595)
(17.4279 0 1.98069)
(17.5951 0 1.91657)
(17.7575 0 1.85458)
(17.9152 0 1.79568)
(18.0686 0 1.74083)
(18.218 0 1.69098)
(18.364 0 1.64708)
(18.5072 0 1.61005)
(18.6482 0 1.58086)
(18.7877 0 1.56051)
(18.9258 0 1.55017)
(19.1001 0 1.55113)
(13.8877 0 2.31793)
(14.0439 0 2.32911)
(14.2208 0 2.33584)
(14.4066 0 2.33751)
(14.5947 0 2.33393)
(14.7845 0 2.32501)
(14.9765 0 2.31064)
(15.1706 0 2.2908)
(15.366 0 2.26553)
(15.5619 0 2.23502)
(15.7575 0 2.19952)
(15.9523 0 2.15938)
(16.1455 0 2.11505)
(16.3366 0 2.06707)
(16.5251 0 2.01603)
(16.7105 0 1.96262)
(16.8924 0 1.90758)
(17.0706 0 1.85168)
(17.245 0 1.79574)
(17.4153 0 1.74062)
(17.5818 0 1.68718)
(17.7445 0 1.63629)
(17.9036 0 1.58884)
(18.0597 0 1.54572)
(18.2131 0 1.5078)
(18.3643 0 1.476)
(18.5142 0 1.45124)
(18.6633 0 1.43454)
(18.812 0 1.42702)
(19.0013 0 1.42999)
(13.8051 0 2.03343)
(13.954 0 2.04346)
(14.1227 0 2.04981)
(14.3001 0 2.05195)
(14.4799 0 2.04975)
(14.6616 0 2.0431)
(14.8459 0 2.0319)
(15.0325 0 2.01612)
(15.2209 0 1.99577)
(15.4104 0 1.97098)
(15.6003 0 1.94192)
(15.79 0 1.90888)
(15.979 0 1.87219)
(16.1668 0 1.83229)
(16.3529 0 1.78967)
(16.5367 0 1.74489)
(16.7181 0 1.69856)
(16.8966 0 1.65135)
(17.0722 0 1.60396)
(17.2447 0 1.55712)
(17.414 0 1.5116)
(17.5805 0 1.46818)
(17.7441 0 1.42765)
(17.9053 0 1.39082)
(18.0645 0 1.35851)
(18.2223 0 1.33156)
(18.3793 0 1.31086)
(18.5364 0 1.29735)
(18.6937 0 1.29209)
(18.895 0 1.29631)
(13.7281 0 1.75516)
(13.8707 0 1.76398)
(14.0323 0 1.76979)
(14.2024 0 1.77215)
(14.375 0 1.77094)
(14.5496 0 1.76607)
(14.727 0 1.75746)
(14.907 0 1.74505)
(15.0892 0 1.72884)
(15.2729 0 1.70892)
(15.4575 0 1.68541)
(15.6426 0 1.65854)
(15.8276 0 1.62855)
(16.0121 0 1.5958)
(16.1956 0 1.56068)
(16.3777 0 1.52365)
(16.5581 0 1.4852)
(16.7365 0 1.44591)
(16.9127 0 1.40635)
(17.0865 0 1.36716)
(17.258 0 1.329)
(17.4272 0 1.29254)
(17.5943 0 1.25848)
(17.7597 0 1.22755)
(17.9236 0 1.20048)
(18.0867 0 1.17804)
(18.2497 0 1.16104)
(18.4133 0 1.15033)
(18.5779 0 1.14685)
(18.7892 0 1.15176)
(13.6581 0 1.48117)
(13.7954 0 1.48874)
(13.9509 0 1.49389)
(14.1147 0 1.49624)
(14.2811 0 1.49571)
(14.4497 0 1.49222)
(14.6211 0 1.48569)
(14.7954 0 1.47607)
(14.9721 0 1.46336)
(15.1506 0 1.4476)
(15.3305 0 1.42889)
(15.5114 0 1.40738)
(15.6927 0 1.38329)
(15.8741 0 1.35688)
(16.0552 0 1.32845)
(16.2355 0 1.29838)
(16.4147 0 1.26707)
(16.5926 0 1.23498)
(16.7689 0 1.2026)
(16.9436 0 1.17046)
(17.1166 0 1.1391)
(17.2879 0 1.10911)
(17.4577 0 1.08109)
(17.6264 0 1.05565)
(17.7941 0 1.03345)
(17.9616 0 1.01516)
(18.1295 0 1.0015)
(18.2985 0 0.99321)
(18.4692 0 0.991122)
(18.6886 0 0.996271)
(13.5967 0 1.21127)
(13.7294 0 1.21756)
(13.8798 0 1.22195)
(14.0384 0 1.22414)
(14.1995 0 1.22405)
(14.363 0 1.22163)
(14.5294 0 1.21681)
(14.6988 0 1.20954)
(14.8708 0 1.19982)
(15.0449 0 1.18766)
(15.2207 0 1.17315)
(15.3979 0 1.1564)
(15.576 0 1.13755)
(15.7546 0 1.11682)
(15.9333 0 1.09444)
(16.1118 0 1.0707)
(16.2898 0 1.04592)
(16.4671 0 1.02047)
(16.6433 0 0.994731)
(16.8184 0 0.969138)
(16.9924 0 0.944139)
(17.1653 0 0.92021)
(17.3372 0 0.897848)
(17.5084 0 0.877574)
(17.6792 0 0.859932)
(17.8502 0 0.845493)
(18.0221 0 0.834863)
(18.1956 0 0.828685)
(18.3713 0 0.827644)
(18.5975 0 0.832637)
(13.5451 0 0.941607)
(13.6742 0 0.946554)
(13.8205 0 0.95006)
(13.9747 0 0.951905)
(14.1317 0 0.952028)
(14.2909 0 0.950387)
(14.4532 0 0.946928)
(14.6186 0 0.941608)
(14.7867 0 0.934418)
(14.9572 0 0.925374)
(15.1296 0 0.914528)
(15.3037 0 0.901958)
(15.479 0 0.887778)
(15.6551 0 0.872135)
(15.8318 0 0.855211)
(16.0088 0 0.837218)
(16.1856 0 0.818402)
(16.3621 0 0.799038)
(16.538 0 0.77943)
(16.7134 0 0.759905)
(16.888 0 0.740815)
(17.0619 0 0.722532)
(17.2353 0 0.705451)
(17.4084 0 0.689984)
(17.5816 0 0.676568)
(17.7553 0 0.665663)
(17.9303 0 0.65776)
(18.1074 0 0.653386)
(18.2871 0 0.6531)
(18.5184 0 0.657684)
(13.5045 0 0.675338)
(13.6308 0 0.67898)
(13.7738 0 0.681618)
(13.9248 0 0.683082)
(14.0785 0 0.683335)
(14.2345 0 0.682352)
(14.3936 0 0.680092)
(14.5558 0 0.676524)
(14.7209 0 0.671637)
(14.8886 0 0.665443)
(15.0583 0 0.657971)
(15.2299 0 0.649277)
(15.4029 0 0.639436)
(15.5772 0 0.62855)
(15.7522 0 0.616742)
(15.9278 0 0.604162)
(16.1036 0 0.590982)
(16.2794 0 0.577395)
(16.455 0 0.563616)
(16.6303 0 0.549878)
(16.8053 0 0.536435)
(16.9799 0 0.523554)
(17.1544 0 0.511521)
(17.3289 0 0.500637)
(17.5037 0 0.491225)
(17.6795 0 0.483626)
(17.8569 0 0.478213)
(18.0366 0 0.47539)
(18.2195 0 0.475594)
(18.4549 0 0.479457)
(13.4763 0 0.401986)
(13.6006 0 0.404184)
(13.7414 0 0.405788)
(13.8899 0 0.406653)
(14.0413 0 0.406777)
(14.195 0 0.40616)
(14.3518 0 0.404778)
(14.5117 0 0.402613)
(14.6747 0 0.399656)
(14.8402 0 0.395917)
(15.008 0 0.391413)
(15.1777 0 0.386178)
(15.3491 0 0.380256)
(15.5218 0 0.373709)
(15.6955 0 0.36661)
(15.87 0 0.359049)
(16.0449 0 0.351128)
(16.22 0 0.342966)
(16.3953 0 0.33469)
(16.5704 0 0.326444)
(16.7454 0 0.318379)
(16.9203 0 0.310659)
(17.0953 0 0.303461)
(17.2705 0 0.296968)
(17.4464 0 0.291382)
(17.6234 0 0.286919)
(17.8022 0 0.283825)
(17.9837 0 0.28239)
(18.1685 0 0.282994)
(18.406 0 0.286411)
(13.2406 0 0.135737)
(13.3613 0 0.136707)
(13.4981 0 0.137467)
(13.6426 0 0.137952)
(13.7899 0 0.13817)
(13.9395 0 0.138127)
(14.0922 0 0.137814)
(14.2479 0 0.13722)
(14.4066 0 0.136343)
(14.5678 0 0.135183)
(14.7312 0 0.133747)
(14.8965 0 0.132044)
(15.0633 0 0.130089)
(15.2314 0 0.127903)
(15.4005 0 0.125511)
(15.5702 0 0.122943)
(15.7403 0 0.120236)
(15.9106 0 0.11743)
(16.0808 0 0.114571)
(16.2508 0 0.111709)
(16.4207 0 0.108898)
(16.5903 0 0.106198)
(16.7599 0 0.10367)
(16.9296 0 0.101381)
(17.0999 0 0.0994058)
(17.2713 0 0.097824)
(17.4445 0 0.0967316)
(17.6205 0 0.0962558)
(17.8004 0 0.0965962)
(18.0334 0 0.0983631)
)
;

boundaryField
{
    inlet
    {
        type            fixedValue;
        value           uniform (10 0 0);
    }
    outlet
    {
        type            zeroGradient;
    }
    flap
    {
        type            movingWallVelocity;
        value           nonuniform List<vector> 
33
(
(0 0 6.93889e-16)
(0 0 0)
(0 0 0)
(0 0 0)
(0 0 0)
(0 0 0)
(0 0 0)
(0 0 0)
(0 0 0)
(0 0 0)
(0 0 0)
(0 0 -1.11022e-14)
(0 0 -1.11022e-14)
(0 0 -1.11022e-14)
(0 0 -2.22045e-14)
(6.93889e-16 -2.77556e-15 0)
(0 -2.77556e-15 0)
(0 0 0)
(0 0 6.93889e-16)
(0 0 0)
(0 0 0)
(0 0 0)
(0 0 0)
(0 0 0)
(0 0 -5.55112e-15)
(0 0 0)
(0 0 -1.11022e-14)
(0 0 0)
(0 0 0)
(0 0 0)
(0 0 0)
(0 -2.77556e-15 -1.11022e-14)
(0 0 -1.11022e-14)
)
;
    }
    upperWall
    {
        type            noSlip;
    }
    lowerWall
    {
        type            noSlip;
    }
    frontAndBack
    {
        type            empty;
    }
}


// ************************************************************************* //
