/*--------------------------------*- C++ -*----------------------------------*\
  =========                 |
  \\      /  F ield         | OpenFOAM: The Open Source CFD Toolbox
   \\    /   O peration     | Website:  https://openfoam.org
    \\  /    A nd           | Version:  dev
     \\/     M anipulation  |
\*---------------------------------------------------------------------------*/
FoamFile
{
    version     2.0;
    format      ascii;
    class       volVectorField;
    location    "2.2";
    object      U;
}
// * * * * * * * * * * * * * * * * * * * * * * * * * * * * * * * * * * * * * //

dimensions      [0 1 -1 0 0 0 0];

internalField   nonuniform List<vector> 
2790
(
(9.94398 0 0.0205268)
(9.87569 0 0.029595)
(9.77515 0 0.0360004)
(9.64933 0 0.0425704)
(9.50392 0 0.0494027)
(9.33983 0 0.0564483)
(9.15624 0 0.0638382)
(8.95224 0 0.0717358)
(8.727 0 0.0802808)
(8.47954 0 0.0895999)
(8.20865 0 0.09982)
(7.91295 0 0.111071)
(7.59091 0 0.123485)
(7.24095 0 0.137188)
(6.86144 0 0.152293)
(6.45086 0 0.168887)
(6.00792 0 0.18701)
(5.53171 0 0.206627)
(5.022 0 0.227592)
(4.4795 0 0.249606)
(3.90624 0 0.272164)
(3.30597 0 0.294504)
(2.6845 0 0.31559)
(2.04992 0 0.33425)
(1.41119 0 0.350558)
(0.797542 0 0.372817)
(0.110278 0 0.324842)
(-0.469503 0 -0.114815)
(-0.453765 0 -0.296903)
(-0.231101 0 -0.423674)
(9.9985 0 0.0407141)
(9.98143 0 0.0624049)
(9.93568 0 0.0791726)
(9.86405 0 0.0966668)
(9.7708 0 0.115174)
(9.65691 0 0.134546)
(9.52175 0 0.155039)
(9.36446 0 0.177012)
(9.18425 0 0.20078)
(8.98012 0 0.226623)
(8.75089 0 0.254817)
(8.49518 0 0.285631)
(8.21142 0 0.319316)
(7.89798 0 0.356083)
(7.55314 0 0.396071)
(7.17525 0 0.439303)
(6.76282 0 0.485619)
(6.31468 0 0.534598)
(5.83027 0 0.585455)
(5.30992 0 0.636929)
(4.75522 0 0.687158)
(4.16954 0 0.73358)
(3.55849 0 0.772865)
(2.93082 0 0.800984)
(2.29932 0 0.81362)
(1.69242 0 0.807099)
(1.10672 0 0.747039)
(0.658559 0 0.547703)
(0.186028 0 0.224228)
(-0.00819738 0 -0.453787)
(9.99559 0 0.0432258)
(9.97553 0 0.0753088)
(9.93174 0 0.1034)
(9.86479 0 0.132441)
(9.77761 0 0.163144)
(9.67132 0 0.195496)
(9.54557 0 0.22985)
(9.39975 0 0.266719)
(9.23319 0 0.306591)
(9.0451 0 0.34993)
(8.83447 0 0.397195)
(8.60012 0 0.44884)
(8.34068 0 0.505303)
(8.05467 0 0.566963)
(7.7405 0 0.634095)
(7.39652 0 0.706796)
(7.02115 0 0.784879)
(6.61299 0 0.867739)
(6.17097 0 0.95418)
(5.69469 0 1.04221)
(5.18471 0 1.1288)
(4.64309 0 1.20967)
(4.07398 0 1.27901)
(3.48464 0 1.32915)
(2.8862 0 1.34987)
(2.29892 0 1.32618)
(1.73139 0 1.22049)
(1.2159 0 0.972734)
(0.700919 0 0.569903)
(0.357842 0 -0.156821)
(9.99402 0 0.0495255)
(9.97178 0 0.093258)
(9.92782 0 0.133648)
(9.86214 0 0.174307)
(9.77677 0 0.216551)
(9.67275 0 0.260796)
(9.55001 0 0.307579)
(9.40811 0 0.357576)
(9.24656 0 0.411459)
(9.06479 0 0.469876)
(8.86206 0 0.533472)
(8.6375 0 0.602887)
(8.39008 0 0.678745)
(8.11869 0 0.761611)
(7.82212 0 0.851935)
(7.49908 0 0.949963)
(7.14829 0 1.0556)
(6.76847 0 1.16826)
(6.35852 0 1.28658)
(5.91764 0 1.4082)
(5.4456 0 1.52936)
(4.94312 0 1.64452)
(4.41235 0 1.74593)
(3.85753 0 1.82296)
(3.28517 0 1.86107)
(2.70585 0 1.83999)
(2.1252 0 1.72564)
(1.55392 0 1.47749)
(0.957738 0 1.08333)
(0.509312 0 0.501952)
(9.9933 0 0.0572474)
(9.96991 0 0.111025)
(9.92587 0 0.162201)
(9.86135 0 0.213474)
(9.77782 0 0.266508)
(9.67611 0 0.322088)
(9.55623 0 0.380894)
(9.41783 0 0.443695)
(9.2605 0 0.511272)
(9.08378 0 0.58439)
(8.88707 0 0.663806)
(8.66967 0 0.750274)
(8.43081 0 0.844531)
(8.16961 0 0.947259)
(7.88517 0 1.05902)
(7.57653 0 1.18019)
(7.24268 0 1.31076)
(6.88261 0 1.4502)
(6.49528 0 1.59719)
(6.07975 0 1.74924)
(5.63521 0 1.90226)
(5.16122 0 2.05011)
(4.65794 0 2.18391)
(4.12646 0 2.29141)
(3.56875 0 2.35618)
(2.98834 0 2.3569)
(2.38639 0 2.26449)
(1.76606 0 2.04716)
(1.08979 0 1.6909)
(0.536552 0 1.15364)
(9.99301 0 0.06558)
(9.9692 0 0.128783)
(9.9255 0 0.190233)
(9.86242 0 0.251998)
(9.78111 0 0.315764)
(9.6822 0 0.382532)
(9.56569 0 0.453111)
(9.43132 0 0.528355)
(9.27873 0 0.609145)
(9.1075 0 0.696354)
(8.91713 0 0.790847)
(8.70701 0 0.893483)
(8.47648 0 1.0051)
(8.2248 0 1.12647)
(7.95121 0 1.25827)
(7.6549 0 1.40095)
(7.33501 0 1.55463)
(6.9906 0 1.71889)
(6.62064 0 1.89251)
(6.22398 0 2.07311)
(5.79929 0 2.25666)
(5.3451 0 2.43694)
(4.85984 0 2.60486)
(4.34192 0 2.74781)
(3.78972 0 2.84908)
(3.20201 0 2.88767)
(2.57612 0 2.83766)
(1.91314 0 2.67101)
(1.17256 0 2.37338)
(0.549879 0 1.89376)
(9.99296 0 0.0741239)
(9.96924 0 0.14641)
(9.92631 0 0.217625)
(9.86497 0 0.289475)
(9.78625 0 0.363576)
(9.6906 0 0.44108)
(9.57803 0 0.522941)
(9.44831 0 0.610112)
(9.30116 0 0.703571)
(9.1362 0 0.804287)
(8.95298 0 0.913221)
(8.75095 0 1.03132)
(8.52951 0 1.15951)
(8.28797 0 1.29866)
(8.02562 0 1.44952)
(7.74166 0 1.61265)
(7.43523 0 1.78829)
(7.10531 0 1.9762)
(6.7507 0 2.17536)
(6.36992 0 2.38369)
(5.96105 0 2.59752)
(5.52164 0 2.81107)
(5.04861 0 3.01575)
(4.53818 0 3.19947)
(3.98595 0 3.34611)
(3.38732 0 3.43533)
(2.73679 0 3.44262)
(2.03591 0 3.34077)
(1.24156 0 3.11282)
(0.563433 0 2.69238)
(9.99306 0 0.0826448)
(9.96978 0 0.163718)
(9.92801 0 0.244214)
(9.86873 0 0.325692)
(9.79295 0 0.409702)
(9.70101 0 0.4975)
(9.59291 0 0.590165)
(9.46847 0 0.688747)
(9.32746 0 0.794308)
(9.16955 0 0.907906)
(8.99434 0 1.03059)
(8.80133 0 1.1634)
(8.58995 0 1.30735)
(8.35956 0 1.4634)
(8.10943 0 1.63241)
(7.83873 0 1.81507)
(7.54648 0 2.0118)
(7.23151 0 2.22256)
(6.89233 0 2.44669)
(6.527 0 2.68254)
(6.13295 0 2.9271)
(5.70677 0 3.1754)
(5.24397 0 3.41988)
(4.73889 0 3.64961)
(4.18471 0 3.84956)
(3.57413 0 4.00014)
(2.89903 0 4.07709)
(2.16177 0 4.05153)
(1.31593 0 3.90082)
(0.583142 0 3.53925)
(9.99325 0 0.0909929)
(9.97069 0 0.180536)
(9.93039 0 0.269854)
(9.87351 0 0.360483)
(9.801 0 0.453938)
(9.71319 0 0.551545)
(9.61005 0 0.654484)
(9.49147 0 0.763898)
(9.35725 0 0.880927)
(9.20713 0 1.00671)
(9.04075 0 1.14239)
(8.85768 0 1.28909)
(8.65738 0 1.44792)
(8.43923 0 1.61995)
(8.20251 0 1.80618)
(7.94632 0 2.00745)
(7.66959 0 2.22441)
(7.37092 0 2.45734)
(7.04853 0 2.70601)
(6.70001 0 2.96941)
(6.32211 0 3.24537)
(5.91047 0 3.53011)
(5.45927 0 3.81751)
(4.96103 0 4.0983)
(4.40657 0 4.35906)
(3.78572 0 4.58121)
(3.08705 0 4.74012)
(2.31235 0 4.80346)
(1.41045 0 4.74007)
(0.614236 0 4.4409)
(9.99352 0 0.0990646)
(9.97188 0 0.196722)
(9.93334 0 0.294404)
(9.87913 0 0.393688)
(9.81022 0 0.496083)
(9.72691 0 0.602966)
(9.6292 0 0.715602)
(9.51699 0 0.835216)
(9.39016 0 0.963023)
(9.24851 0 1.10024)
(9.09173 0 1.24809)
(8.91945 0 1.40778)
(8.7312 0 1.58053)
(8.52639 0 1.76753)
(8.30431 0 1.96992)
(8.06405 0 2.18878)
(7.80445 0 2.425)
(7.52397 0 2.67926)
(7.22054 0 2.95189)
(6.89139 0 3.24265)
(6.53267 0 3.55047)
(6.13916 0 3.87301)
(5.70383 0 4.20606)
(5.21738 0 4.54258)
(4.66805 0 4.87149)
(4.04211 0 5.17591)
(3.32313 0 5.43118)
(2.5094 0 5.60081)
(1.54168 0 5.64234)
(0.663994 0 5.41689)
(9.99384 0 0.106784)
(9.97328 0 0.212158)
(9.93673 0 0.317734)
(9.88546 0 0.425157)
(9.82045 0 0.535953)
(9.742 0 0.651541)
(9.6501 0 0.773256)
(9.54474 0 0.902393)
(9.42584 0 1.04024)
(9.29326 0 1.18807)
(9.14678 0 1.34719)
(8.98608 0 1.5189)
(8.81078 0 1.70452)
(8.62035 0 1.90536)
(8.41413 0 2.12274)
(8.19125 0 2.35795)
(7.95052 0 2.61222)
(7.69035 0 2.88668)
(7.40856 0 3.18228)
(7.10212 0 3.4997)
(6.76684 0 3.83913)
(6.39687 0 4.20001)
(5.98417 0 4.58045)
(5.51783 0 4.9764)
(4.9833 0 5.38021)
(4.36241 0 5.77831)
(3.63128 0 6.1478)
(2.77975 0 6.44932)
(1.73329 0 6.6272)
(0.744795 0 6.50185)
(9.9942 0 0.114094)
(9.97484 0 0.226749)
(9.94049 0 0.339729)
(9.8924 0 0.454755)
(9.83155 0 0.573385)
(9.75825 0 0.697074)
(9.67254 0 0.827213)
(9.57444 0 0.965157)
(9.46394 0 1.11225)
(9.34097 0 1.26984)
(9.20539 0 1.43928)
(9.05698 0 1.62196)
(8.89544 0 1.81929)
(8.72034 0 2.03272)
(8.53113 0 2.26374)
(8.327 0 2.51386)
(8.10689 0 2.78466)
(7.86926 0 3.07775)
(7.61198 0 3.39476)
(7.33206 0 3.73734)
(7.02523 0 4.1071)
(6.68548 0 4.50544)
(6.30429 0 4.93329)
(5.86963 0 5.39038)
(5.36452 0 5.87406)
(4.7659 0 6.37676)
(4.04003 0 6.88163)
(3.16109 0 7.35191)
(2.02465 0 7.72174)
(0.880757 0 7.7558)
(9.99459 0 0.12095)
(9.97654 0 0.240414)
(9.94455 0 0.360287)
(9.89983 0 0.482364)
(9.84337 0 0.608236)
(9.77549 0 0.739392)
(9.69627 0 0.877268)
(9.60578 0 1.02327)
(9.50408 0 1.17878)
(9.39118 0 1.3452)
(9.26702 0 1.52396)
(9.1315 0 1.71649)
(8.98443 0 1.92429)
(8.82551 0 2.14894)
(8.65431 0 2.39207)
(8.47023 0 2.65543)
(8.27235 0 2.94092)
(8.05939 0 3.2506)
(7.82948 0 3.58677)
(7.57993 0 3.95206)
(7.30688 0 4.34949)
(7.00474 0 4.78254)
(6.66536 0 5.25519)
(6.27675 0 5.77173)
(5.82095 0 6.33617)
(5.27129 0 6.95063)
(4.58375 0 7.61169)
(3.70964 0 8.29899)
(2.48825 0 8.95657)
(1.12465 0 9.29205)
(9.995 0 0.127315)
(9.97835 0 0.25309)
(9.94884 0 0.379324)
(9.90767 0 0.507881)
(9.85579 0 0.640387)
(9.79355 0 0.778358)
(9.72107 0 0.923262)
(9.63848 0 1.07654)
(9.5459 0 1.23962)
(9.44344 0 1.41393)
(9.33114 0 1.60094)
(9.209 0 1.80214)
(9.07696 0 2.01911)
(8.93491 0 2.25349)
(8.78259 0 2.50707)
(8.61963 0 2.78178)
(8.4454 0 3.07978)
(8.25899 0 3.40353)
(8.05899 0 3.75593)
(7.84338 0 4.14045)
(7.60915 0 4.56136)
(7.35188 0 5.02408)
(7.06497 0 5.53556)
(6.73834 0 6.10478)
(6.35607 0 6.74348)
(5.8926 0 7.46677)
(5.29986 0 8.29389)
(4.50866 0 9.24552)
(3.2693 0 10.3399)
(1.60561 0 11.3585)
(9.99544 0 0.133163)
(9.98024 0 0.264726)
(9.95332 0 0.396769)
(9.91584 0 0.531215)
(9.86869 0 0.669718)
(9.81226 0 0.813815)
(9.74672 0 0.965)
(9.67225 0 1.12474)
(9.58905 0 1.29448)
(9.49732 0 1.47568)
(9.39719 0 1.66982)
(9.2888 0 1.87845)
(9.17224 0 2.10316)
(9.04757 0 2.34568)
(8.91478 0 2.60788)
(8.77376 0 2.89182)
(8.62427 0 3.19987)
(8.46586 0 3.53476)
(8.29781 0 3.89981)
(8.11899 0 4.29909)
(7.92771 0 4.73783)
(7.72143 0 5.22286)
(7.49633 0 5.76339)
(7.24654 0 6.37225)
(6.96264 0 7.06789)
(6.62915 0 7.87815)
(6.21337 0 8.84856)
(5.666 0 10.0623)
(4.6919 0 11.7282)
(2.68934 0 14.5938)
(0.190944 0 -0.209109)
(0.427699 0 -0.180527)
(0.676291 0 -0.147992)
(0.897606 0 -0.121463)
(1.08594 0 -0.100705)
(1.24734 0 -0.0842357)
(1.38812 0 -0.070999)
(1.51247 0 -0.0602643)
(1.62311 0 -0.051403)
(1.72181 0 -0.0437907)
(1.80938 0 -0.0368059)
(1.88551 0 -0.0299939)
(1.94913 0 -0.0232894)
(1.99955 0 -0.0170956)
(2.03753 0 -0.0118776)
(2.06443 0 -0.00745987)
(2.08005 0 -0.00340456)
(2.08344 0 0.000633778)
(2.07642 0 0.00490362)
(2.06327 0 0.00888694)
(2.04729 0 0.0115002)
(2.03132 0 0.0113187)
(2.01953 0 0.00745576)
(2.01658 0 0.000278626)
(2.02577 0 -0.00879042)
(2.04867 0 -0.0180381)
(2.08535 0 -0.0263166)
(2.13548 0 -0.033103)
(2.19841 0 -0.0374035)
(2.28852 0 -0.0361479)
(0.137374 0 -0.421239)
(0.358984 0 -0.38337)
(0.577333 0 -0.323134)
(0.774375 0 -0.270724)
(0.945109 0 -0.228878)
(1.09411 0 -0.195354)
(1.22619 0 -0.16821)
(1.34457 0 -0.146055)
(1.45141 0 -0.127666)
(1.54834 0 -0.111725)
(1.63635 0 -0.0967121)
(1.71548 0 -0.0813899)
(1.78462 0 -0.0655464)
(1.84234 0 -0.0505355)
(1.88882 0 -0.0375506)
(1.92702 0 -0.0236064)
(1.95803 0 -0.0082944)
(1.97977 0 0.00199909)
(1.9916 0 0.00560808)
(1.99137 0 0.00559897)
(1.97892 0 0.00443638)
(1.95233 0 0.00246375)
(1.91111 0 -0.000519868)
(1.85833 0 -0.00416928)
(1.80022 0 -0.00791709)
(1.74494 0 -0.0113223)
(1.70122 0 -0.0144827)
(1.66471 0 -0.0189628)
(1.64619 0 -0.0255319)
(1.67174 0 -0.0324958)
(0.0943065 0 -0.636537)
(0.272809 0 -0.591709)
(0.433369 0 -0.505846)
(0.580284 0 -0.428684)
(0.706636 0 -0.366127)
(0.816198 0 -0.315373)
(0.912116 0 -0.273745)
(0.99642 0 -0.239305)
(1.07051 0 -0.210551)
(1.13556 0 -0.185863)
(1.19272 0 -0.162898)
(1.2427 0 -0.139214)
(1.2845 0 -0.113302)
(1.31542 0 -0.0881842)
(1.33245 0 -0.0720856)
(1.3424 0 -0.0638781)
(1.35186 0 -0.0490806)
(1.31441 0 -0.0237945)
(1.23323 0 0.00143893)
(1.13173 0 0.0242188)
(1.02261 0 0.0446466)
(0.911175 0 0.0607423)
(0.80115 0 0.069233)
(0.698341 0 0.0683591)
(0.610682 0 0.057251)
(0.548419 0 0.036168)
(0.521102 0 0.012566)
(0.530848 0 -0.0111452)
(0.575029 0 -0.0452005)
(0.680021 0 -0.0841822)
(0.0571493 0 -0.783831)
(0.18158 0 -0.725451)
(0.273142 0 -0.617642)
(0.36101 0 -0.522358)
(0.432211 0 -0.444799)
(0.491284 0 -0.381374)
(0.539545 0 -0.328866)
(0.577867 0 -0.284777)
(0.606567 0 -0.247385)
(0.625602 0 -0.215427)
(0.63582 0 -0.186988)
(0.63969 0 -0.160131)
(0.637858 0 -0.132108)
(0.630606 0 -0.0990511)
(0.597303 0 -0.0576155)
(0.477469 0 -0.0135532)
(0.345457 0 0.03169)
(0.266946 0 0.0752003)
(0.183248 0 0.104119)
(0.0983285 0 0.119217)
(0.0172466 0 0.126352)
(-0.0555577 0 0.126542)
(-0.118067 0 0.118683)
(-0.165541 0 0.101565)
(-0.194216 0 0.0748928)
(-0.203781 0 0.0395792)
(-0.202751 0 -0.00102247)
(-0.163155 0 -0.0441418)
(-0.112613 0 -0.0904128)
(-0.0403102 0 -0.129687)
(0.0205141 0 -0.869539)
(0.0819118 0 -0.792447)
(0.0977201 0 -0.667064)
(0.120573 0 -0.559975)
(0.128387 0 -0.471784)
(0.12793 0 -0.399032)
(0.118662 0 -0.338285)
(0.101017 0 -0.286384)
(0.0743523 0 -0.240624)
(0.0353626 0 -0.198772)
(-0.0196585 0 -0.159073)
(-0.089296 0 -0.118587)
(-0.174681 0 -0.0717712)
(-0.284018 0 -0.0178525)
(-0.377387 0 0.0327442)
(-0.431008 0 0.067063)
(-0.496366 0 0.0891182)
(-0.556396 0 0.111755)
(-0.614173 0 0.135158)
(-0.666752 0 0.149732)
(-0.711481 0 0.154022)
(-0.746856 0 0.148266)
(-0.771129 0 0.132933)
(-0.783238 0 0.108049)
(-0.783642 0 0.0744856)
(-0.774924 0 0.0333544)
(-0.761492 0 -0.0136454)
(-0.734241 0 -0.0628377)
(-0.708726 0 -0.107637)
(-0.692195 0 -0.139185)
(-0.0181079 0 -0.884804)
(-0.0269277 0 -0.784547)
(-0.0874485 0 -0.646739)
(-0.13503 0 -0.532547)
(-0.19499 0 -0.437108)
(-0.260756 0 -0.357802)
(-0.3334 0 -0.290811)
(-0.412543 0 -0.232721)
(-0.497431 0 -0.180848)
(-0.586929 0 -0.133225)
(-0.680202 0 -0.0883121)
(-0.775082 0 -0.0448254)
(-0.868468 0 -0.00403341)
(-0.940432 0 0.0312529)
(-0.999955 0 0.0638139)
(-1.0565 0 0.0956543)
(-1.10908 0 0.123134)
(-1.15594 0 0.144626)
(-1.19564 0 0.161377)
(-1.22716 0 0.169925)
(-1.25006 0 0.168647)
(-1.26435 0 0.157331)
(-1.27021 0 0.136455)
(-1.26829 0 0.106748)
(-1.25987 0 0.0694745)
(-1.24697 0 0.0258348)
(-1.23226 0 -0.02263)
(-1.21552 0 -0.0719375)
(-1.20417 0 -0.116902)
(-1.20076 0 -0.149312)
(-0.0626688 0 -0.823824)
(-0.143659 0 -0.702471)
(-0.275577 0 -0.561632)
(-0.392626 0 -0.446349)
(-0.513915 0 -0.350812)
(-0.63423 0 -0.271955)
(-0.752474 0 -0.206005)
(-0.867388 0 -0.149495)
(-0.978038 0 -0.0997639)
(-1.08364 0 -0.0554533)
(-1.18378 0 -0.0161153)
(-1.27004 0 0.0181669)
(-1.34038 0 0.0487458)
(-1.40489 0 0.0776538)
(-1.46315 0 0.105153)
(-1.5149 0 0.130418)
(-1.55955 0 0.152105)
(-1.59634 0 0.16869)
(-1.62448 0 0.179258)
(-1.64378 0 0.18185)
(-1.65475 0 0.175296)
(-1.65828 0 0.159412)
(-1.65545 0 0.134672)
(-1.64763 0 0.101986)
(-1.63656 0 0.0627449)
(-1.62414 0 0.0184491)
(-1.61216 0 -0.0292176)
(-1.60303 0 -0.0769675)
(-1.60001 0 -0.120825)
(-1.60172 0 -0.15252)
(-0.110979 0 -0.688982)
(-0.257979 0 -0.553854)
(-0.456288 0 -0.41761)
(-0.631689 0 -0.309642)
(-0.799325 0 -0.223445)
(-0.955645 0 -0.153955)
(-1.09987 0 -0.0968919)
(-1.23131 0 -0.0495907)
(-1.3491 0 -0.0102535)
(-1.44976 0 0.0217885)
(-1.53533 0 0.0487476)
(-1.61273 0 0.0734209)
(-1.68323 0 0.0972795)
(-1.74651 0 0.1204)
(-1.80198 0 0.141992)
(-1.84924 0 0.161032)
(-1.88801 0 0.176388)
(-1.91802 0 0.186886)
(-1.93912 0 0.191361)
(-1.95164 0 0.188422)
(-1.95649 0 0.177244)
(-1.95498 0 0.157755)
(-1.94867 0 0.130464)
(-1.9393 0 0.0962829)
(-1.9288 0 0.0565129)
(-1.91907 0 0.0127622)
(-1.91137 0 -0.03318)
(-1.90877 0 -0.0788368)
(-1.91204 0 -0.120852)
(-1.91672 0 -0.150745)
(-0.164786 0 -0.488575)
(-0.371435 0 -0.35073)
(-0.627257 0 -0.231557)
(-0.849051 0 -0.138598)
(-1.04811 0 -0.0661186)
(-1.22018 0 -0.0138073)
(-1.36667 0 0.0234835)
(-1.49176 0 0.0513646)
(-1.59935 0 0.0733849)
(-1.69589 0 0.0930203)
(-1.78256 0 0.111374)
(-1.86042 0 0.128884)
(-1.92981 0 0.145708)
(-1.99069 0 0.161757)
(-2.04287 0 0.176381)
(-2.08618 0 0.188635)
(-2.1206 0 0.197444)
(-2.1462 0 0.201719)
(-2.16322 0 0.200372)
(-2.17232 0 0.192372)
(-2.1746 0 0.17716)
(-2.17158 0 0.154784)
(-2.16498 0 0.125786)
(-2.15666 0 0.0910211)
(-2.1486 0 0.0516441)
(-2.14265 0 0.00920959)
(-2.14009 0 -0.0345366)
(-2.1437 0 -0.077794)
(-2.15248 0 -0.117561)
(-2.15953 0 -0.145327)
(-0.235437 0 -0.24933)
(-0.503291 0 -0.0815264)
(-0.790067 0 0.0193186)
(-1.02357 0 0.074177)
(-1.21999 0 0.103812)
(-1.38746 0 0.122298)
(-1.53266 0 0.135943)
(-1.65925 0 0.146939)
(-1.77026 0 0.156591)
(-1.86801 0 0.165592)
(-1.95426 0 0.174438)
(-2.03036 0 0.183445)
(-2.09709 0 0.192456)
(-2.15477 0 0.201022)
(-2.20348 0 0.208435)
(-2.24331 0 0.213819)
(-2.27444 0 0.216191)
(-2.29721 0 0.214528)
(-2.31211 0 0.207848)
(-2.31997 0 0.195359)
(-2.32198 0 0.176708)
(-2.31969 0 0.152058)
(-2.31489 0 0.121971)
(-2.30941 0 0.0872433)
(-2.30509 0 0.0488815)
(-2.30375 0 0.00824475)
(-2.30682 0 -0.0331439)
(-2.31656 0 -0.0739246)
(-2.33054 0 -0.111371)
(-2.3398 0 -0.137198)
(-0.274416 0 0.185638)
(-0.565273 0 0.241285)
(-0.86941 0 0.263851)
(-1.11608 0 0.270372)
(-1.32421 0 0.267337)
(-1.4995 0 0.260316)
(-1.64792 0 0.252513)
(-1.77477 0 0.245691)
(-1.88425 0 0.240543)
(-1.97929 0 0.23723)
(-2.06207 0 0.235705)
(-2.1343 0 0.235739)
(-2.19707 0 0.236715)
(-2.2509 0 0.237806)
(-2.29604 0 0.238163)
(-2.33272 0 0.236951)
(-2.36133 0 0.233281)
(-2.38239 0 0.226199)
(-2.39656 0 0.214805)
(-2.40474 0 0.198458)
(-2.4081 0 0.17697)
(-2.40818 0 0.15061)
(-2.4067 0 0.119956)
(-2.4054 0 0.0857175)
(-2.40591 0 0.0487398)
(-2.40989 0 0.0101308)
(-2.41893 0 -0.0288545)
(-2.43484 0 -0.0671906)
(-2.454 0 -0.102429)
(-2.46548 0 -0.126669)
(-0.284245 0 0.536935)
(-0.607531 0 0.563012)
(-0.941648 0 0.529444)
(-1.20088 0 0.48458)
(-1.41164 0 0.44)
(-1.58387 0 0.400355)
(-1.72651 0 0.367435)
(-1.84669 0 0.34139)
(-1.94942 0 0.321032)
(-2.03787 0 0.305188)
(-2.11435 0 0.293247)
(-2.18078 0 0.284524)
(-2.23846 0 0.277836)
(-2.28796 0 0.271875)
(-2.32947 0 0.265626)
(-2.3633 0 0.258339)
(-2.39 0 0.249249)
(-2.4103 0 0.237451)
(-2.42495 0 0.222067)
(-2.4348 0 0.20254)
(-2.44094 0 0.17881)
(-2.44476 0 0.151257)
(-2.44786 0 0.120473)
(-2.45181 0 0.0870682)
(-2.45799 0 0.0516745)
(-2.46786 0 0.0151314)
(-2.48315 0 -0.0215393)
(-2.50538 0 -0.057537)
(-2.52983 0 -0.0907438)
(-2.54365 0 -0.11373)
(-0.321833 0 0.962749)
(-0.687359 0 0.929888)
(-1.04154 0 0.810783)
(-1.29539 0 0.697891)
(-1.49185 0 0.60601)
(-1.64762 0 0.53182)
(-1.77415 0 0.473324)
(-1.88011 0 0.428868)
(-1.97101 0 0.394475)
(-2.04936 0 0.366919)
(-2.11695 0 0.345249)
(-2.17586 0 0.32866)
(-2.22759 0 0.315272)
(-2.27249 0 0.303074)
(-2.31047 0 0.290901)
(-2.34176 0 0.278237)
(-2.36714 0 0.264541)
(-2.38756 0 0.248919)
(-2.40384 0 0.230402)
(-2.4167 0 0.208426)
(-2.42699 0 0.183034)
(-2.43588 0 0.15473)
(-2.44476 0 0.124149)
(-2.45496 0 0.0917967)
(-2.46757 0 0.0580604)
(-2.48383 0 0.0234901)
(-2.50568 0 -0.0110848)
(-2.53437 0 -0.0449228)
(-2.56433 0 -0.0762588)
(-2.58065 0 -0.0982294)
(-0.399158 0 1.45971)
(-0.829873 0 1.33851)
(-1.19365 0 1.09091)
(-1.4122 0 0.888844)
(-1.56973 0 0.749986)
(-1.69359 0 0.643949)
(-1.79288 0 0.562115)
(-1.87681 0 0.502851)
(-1.95145 0 0.457904)
(-2.01699 0 0.420398)
(-2.07349 0 0.390155)
(-2.12338 0 0.367249)
(-2.16865 0 0.348806)
(-2.20914 0 0.331552)
(-2.24392 0 0.314261)
(-2.27305 0 0.297016)
(-2.29764 0 0.279707)
(-2.31906 0 0.261364)
(-2.33818 0 0.240715)
(-2.35544 0 0.217058)
(-2.37136 0 0.190528)
(-2.38676 0 0.161801)
(-2.40274 0 0.131605)
(-2.42032 0 0.100365)
(-2.4402 0 0.0682113)
(-2.4634 0 0.0353771)
(-2.49207 0 0.00255241)
(-2.52735 0 -0.0293454)
(-2.56303 0 -0.0588222)
(-2.58204 0 -0.0797951)
(-0.566193 0 2.29549)
(-1.07527 0 1.92507)
(-1.4363 0 1.37728)
(-1.56342 0 1.01255)
(-1.64247 0 0.847212)
(-1.71928 0 0.726598)
(-1.7805 0 0.626712)
(-1.83422 0 0.558518)
(-1.88968 0 0.509438)
(-1.94143 0 0.464014)
(-1.985 0 0.426176)
(-2.02436 0 0.399234)
(-2.06323 0 0.378394)
(-2.10025 0 0.357578)
(-2.13266 0 0.335858)
(-2.1601 0 0.314719)
(-2.18444 0 0.294895)
(-2.20781 0 0.275161)
(-2.23115 0 0.253545)
(-2.25446 0 0.229049)
(-2.27772 0 0.201938)
(-2.30135 0 0.173132)
(-2.32608 0 0.143483)
(-2.35248 0 0.113336)
(-2.38076 0 0.082565)
(-2.41155 0 0.0510939)
(-2.44708 0 0.0195938)
(-2.48919 0 -0.0106311)
(-2.53068 0 -0.0380481)
(-2.55257 0 -0.0578457)
(9.9959 0 0.138567)
(9.98222 0 0.275477)
(9.95804 0 0.412876)
(9.92441 0 0.552732)
(9.88223 0 0.696719)
(9.83189 0 0.846391)
(9.77362 0 1.00325)
(9.70768 0 1.16878)
(9.63433 0 1.34443)
(9.55386 0 1.53166)
(9.46654 0 1.73198)
(9.37262 0 1.94693)
(9.27238 0 2.17812)
(9.16608 0 2.42731)
(9.05396 0 2.69639)
(8.93624 0 2.98751)
(8.81312 0 3.30311)
(8.68474 0 3.64608)
(8.55117 0 4.01992)
(8.41242 0 4.429)
(8.26842 0 4.87895)
(8.11908 0 5.37722)
(7.96436 0 5.93397)
(7.80458 0 6.56353)
(7.64099 0 7.28696)
(7.47869 0 8.13685)
(7.33116 0 9.16715)
(7.289 0 10.4715)
(7.75243 0 12.1948)
(7.94604 0 14.9136)
(9.99638 0 0.143535)
(9.98431 0 0.285348)
(9.96298 0 0.42763)
(9.93339 0 0.572375)
(9.89637 0 0.721276)
(9.85235 0 0.87589)
(9.8016 0 1.03772)
(9.74444 0 1.20825)
(9.68124 0 1.38892)
(9.61236 0 1.5812)
(9.53819 0 1.78657)
(9.45914 0 2.00654)
(9.37567 0 2.24273)
(9.28823 0 2.49686)
(9.19736 0 2.77081)
(9.10363 0 3.0667)
(9.0077 0 3.38695)
(8.91032 0 3.73439)
(8.8124 0 4.11248)
(8.71513 0 4.52545)
(8.62011 0 4.97872)
(8.52974 0 5.4793)
(8.44773 0 6.03648)
(8.38038 0 6.66281)
(8.33891 0 7.37547)
(8.3455 0 8.19777)
(8.43915 0 9.15972)
(8.67598 0 10.2943)
(9.3251 0 11.5453)
(9.81922 0 12.6246)
(9.99688 0 0.14798)
(9.98648 0 0.294178)
(9.96812 0 0.440806)
(9.9427 0 0.58988)
(9.91102 0 0.743093)
(9.8735 0 0.901996)
(9.83048 0 1.06809)
(9.78235 0 1.24282)
(9.72953 0 1.42763)
(9.67249 0 1.62393)
(9.61173 0 1.83319)
(9.54782 0 2.05686)
(9.48136 0 2.29651)
(9.41307 0 2.5538)
(9.34372 0 2.83052)
(9.27426 0 3.12866)
(9.20576 0 3.45049)
(9.13957 0 3.79864)
(9.07738 0 4.17623)
(9.02141 0 4.58699)
(8.97466 0 5.03551)
(8.94142 0 5.52745)
(8.92799 0 6.06975)
(8.9439 0 6.67077)
(9.00364 0 7.33986)
(9.12937 0 8.08554)
(9.35205 0 8.90947)
(9.68102 0 9.80014)
(10.2454 0 10.7055)
(10.9307 0 11.4142)
(9.99739 0 0.151851)
(9.98871 0 0.301857)
(9.9734 0 0.452239)
(9.95226 0 0.605014)
(9.92604 0 0.761868)
(9.89517 0 0.924335)
(9.86004 0 1.09389)
(9.82109 0 1.27195)
(9.77881 0 1.45991)
(9.73376 0 1.65916)
(9.68656 0 1.87106)
(9.63789 0 2.09704)
(9.58855 0 2.33854)
(9.53941 0 2.5971)
(9.49154 0 2.87437)
(9.44617 0 3.17216)
(9.40477 0 3.49246)
(9.36918 0 3.83753)
(9.34168 0 4.20993)
(9.32525 0 4.61262)
(9.32381 0 5.04901)
(9.34265 0 5.52289)
(9.38902 0 6.03837)
(9.4728 0 6.59936)
(9.60716 0 7.20857)
(9.80888 0 7.86558)
(10.1006 0 8.56314)
(10.4908 0 9.28642)
(11.0459 0 10.0252)
(11.8353 0 10.6663)
(9.99792 0 0.155099)
(9.99098 0 0.308293)
(9.97878 0 0.461793)
(9.962 0 0.617601)
(9.94131 0 0.777383)
(9.91718 0 0.942645)
(9.89003 0 1.11482)
(9.86033 0 1.29529)
(9.82866 0 1.4854)
(9.79565 0 1.68644)
(9.762 0 1.89972)
(9.72853 0 2.12653)
(9.69615 0 2.36822)
(9.66594 0 2.62615)
(9.63916 0 2.90178)
(9.61727 0 3.19664)
(9.60206 0 3.51236)
(9.59571 0 3.85073)
(9.60089 0 4.21365)
(9.62098 0 4.60316)
(9.66031 0 5.02135)
(9.72437 0 5.47021)
(9.82023 0 5.95134)
(9.95682 0 6.46539)
(10.1451 0 7.01124)
(10.3982 0 7.58497)
(10.7332 0 8.17843)
(11.1615 0 8.7769)
(11.7061 0 9.36885)
(12.4552 0 9.87951)
(9.99845 0 0.157682)
(9.99328 0 0.313402)
(9.98421 0 0.469341)
(9.97182 0 0.627474)
(9.95671 0 0.789434)
(9.93935 0 0.956686)
(9.92018 0 1.13062)
(9.89974 0 1.31254)
(9.87864 0 1.50373)
(9.85757 0 1.70541)
(9.83733 0 1.91876)
(9.81881 0 2.14496)
(9.80306 0 2.3852)
(9.79126 0 2.64064)
(9.78484 0 2.91248)
(9.78543 0 3.20196)
(9.79499 0 3.5103)
(9.81589 0 3.83876)
(9.85099 0 4.18854)
(9.90376 0 4.56076)
(9.97847 0 4.95631)
(10.0803 0 5.37566)
(10.2157 0 5.81851)
(10.392 0 6.28341)
(10.618 0 6.76708)
(10.9034 0 7.26374)
(11.2593 0 7.76417)
(11.6935 0 8.25285)
(12.2069 0 8.71312)
(12.8786 0 9.1036)
(9.99898 0 0.15956)
(9.99558 0 0.317105)
(9.98964 0 0.47477)
(9.98165 0 0.634486)
(9.9721 0 0.79784)
(9.96147 0 0.966247)
(9.95024 0 1.14103)
(9.93895 0 1.32344)
(9.92827 0 1.51465)
(9.91894 0 1.71579)
(9.9118 0 1.92792)
(9.90782 0 2.15208)
(9.90812 0 2.38925)
(9.91398 0 2.64042)
(9.92689 0 2.9065)
(9.94858 0 3.18838)
(9.98109 0 3.48687)
(10.0268 0 3.80271)
(10.0886 0 4.13643)
(10.1697 0 4.48834)
(10.2741 0 4.85833)
(10.4065 0 5.2457)
(10.572 0 5.64886)
(10.7766 0 6.06499)
(11.0266 0 6.48963)
(11.3284 0 6.91609)
(11.6881 0 7.33503)
(12.1097 0 7.7331)
(12.587 0 8.09581)
(13.1889 0 8.40274)
(9.99951 0 0.1607)
(9.99786 0 0.319337)
(9.99504 0 0.477982)
(9.9914 0 0.63851)
(9.98736 0 0.802451)
(9.98337 0 0.971156)
(9.97993 0 1.14588)
(9.97761 0 1.32778)
(9.9771 0 1.51795)
(9.97916 0 1.71739)
(9.98467 0 1.92704)
(9.99465 0 2.14776)
(10.0102 0 2.38037)
(10.0328 0 2.62561)
(10.0637 0 2.88412)
(10.1048 0 3.15646)
(10.1582 0 3.44305)
(10.2259 0 3.74412)
(10.3109 0 4.05964)
(10.4159 0 4.38925)
(10.5445 0 4.73208)
(10.7005 0 5.0866)
(10.8879 0 5.45044)
(11.1111 0 5.82008)
(11.3744 0 6.19062)
(11.6814 0 6.55555)
(12.0349 0 6.9066)
(12.4365 0 7.23352)
(12.8785 0 7.52526)
(13.4186 0 7.77057)
(10 0 0.161073)
(10.0001 0 0.320041)
(10.0004 0 0.478898)
(10.001 0 0.639445)
(10.0023 0 0.803146)
(10.0048 0 0.971282)
(10.009 0 1.14502)
(10.0154 0 1.32544)
(10.0247 0 1.51351)
(10.0377 0 1.71013)
(10.0553 0 1.91608)
(10.0784 0 2.13207)
(10.1084 0 2.35872)
(10.1464 0 2.59654)
(10.1939 0 2.84592)
(10.2526 0 3.1071)
(10.3244 0 3.38014)
(10.4113 0 3.66486)
(10.5158 0 3.96077)
(10.6405 0 4.26699)
(10.788 0 4.58214)
(10.9615 0 4.90421)
(11.1639 0 5.23041)
(11.3981 0 5.55704)
(11.6667 0 5.87938)
(11.9715 0 6.19159)
(12.3134 0 6.48685)
(12.6921 0 6.75737)
(13.0999 0 6.99488)
(13.5853 0 7.19258)
(10.0005 0 0.160658)
(10.0023 0 0.319176)
(10.0055 0 0.477456)
(10.0103 0 0.637216)
(10.0169 0 0.799844)
(10.0257 0 0.966538)
(10.0371 0 1.13838)
(10.0519 0 1.31635)
(10.0705 0 1.50131)
(10.0939 0 1.69402)
(10.1229 0 1.89513)
(10.1584 0 2.10519)
(10.2016 0 2.32463)
(10.2537 0 2.55374)
(10.3161 0 2.79268)
(10.3904 0 3.04141)
(10.4783 0 3.29969)
(10.5815 0 3.56701)
(10.7021 0 3.84254)
(10.8423 0 4.12505)
(11.0041 0 4.41286)
(11.1899 0 4.70372)
(11.4015 0 4.99477)
(11.6409 0 5.28243)
(11.9092 0 5.56245)
(12.2071 0 5.82985)
(12.5342 0 6.07915)
(12.8891 0 6.3045)
(13.2648 0 6.49989)
(13.7028 0 6.6612)
(10.001 0 0.15944)
(10.0044 0 0.316712)
(10.0105 0 0.473617)
(10.0193 0 0.631777)
(10.0309 0 0.792496)
(10.0457 0 0.956887)
(10.0642 0 1.12594)
(10.0868 0 1.30052)
(10.1143 0 1.48139)
(10.1474 0 1.66918)
(10.1869 0 1.86441)
(10.2338 0 2.06746)
(10.2891 0 2.27859)
(10.3539 0 2.49791)
(10.4295 0 2.72536)
(10.5174 0 2.96068)
(10.6188 0 3.20339)
(10.7355 0 3.45273)
(10.869 0 3.70766)
(11.021 0 3.96674)
(11.1931 0 4.22815)
(11.3867 0 4.48962)
(11.6031 0 4.74839)
(11.8432 0 5.00121)
(12.1075 0 5.24439)
(12.3956 0 5.47386)
(12.7063 0 5.6853)
(13.038 0 5.8744)
(13.3843 0 6.03696)
(13.7817 0 6.17047)
(10.0015 0 0.15741)
(10.0065 0 0.312636)
(10.0153 0 0.467362)
(10.0279 0 0.623111)
(10.0443 0 0.781095)
(10.0648 0 0.942335)
(10.0899 0 1.10772)
(10.1199 0 1.27803)
(10.1557 0 1.45389)
(10.1978 0 1.63583)
(10.247 0 1.82423)
(10.3041 0 2.01932)
(10.3702 0 2.22123)
(10.4462 0 2.42988)
(10.5333 0 2.64505)
(10.6327 0 2.8663)
(10.7454 0 3.09298)
(10.8729 0 3.32418)
(11.0164 0 3.55872)
(11.1769 0 3.79508)
(11.3558 0 4.03145)
(11.5537 0 4.26564)
(11.7714 0 4.49512)
(12.0092 0 4.71707)
(12.2667 0 4.92839)
(12.5433 0 5.12581)
(12.8374 0 5.30604)
(13.1471 0 5.46594)
(13.4671 0 5.6026)
(13.8296 0 5.71455)
(10.0019 0 0.154568)
(10.0084 0 0.306944)
(10.0199 0 0.458693)
(10.0361 0 0.611229)
(10.057 0 0.765667)
(10.0828 0 0.922936)
(10.114 0 1.08383)
(10.151 0 1.24902)
(10.1943 0 1.41903)
(10.2446 0 1.59427)
(10.3025 0 1.775)
(10.3689 0 1.96133)
(10.4445 0 2.15325)
(10.5303 0 2.35057)
(10.6271 0 2.5529)
(10.736 0 2.75971)
(10.8579 0 2.97022)
(10.9937 0 3.18344)
(11.1444 0 3.39813)
(11.3108 0 3.6128)
(11.4935 0 3.8257)
(11.693 0 4.03484)
(11.9094 0 4.23799)
(12.1425 0 4.43275)
(12.3918 0 4.61658)
(12.6561 0 4.78692)
(12.9339 0 4.9413)
(13.2233 0 5.07746)
(13.5196 0 5.19342)
(13.852 0 5.28835)
(10.0024 0 0.150919)
(10.0102 0 0.299651)
(10.0241 0 0.447635)
(10.0437 0 0.596171)
(10.0688 0 0.746277)
(10.0996 0 0.898787)
(10.1365 0 1.0544)
(10.1797 0 1.21368)
(10.2299 0 1.37707)
(10.2876 0 1.54486)
(10.3533 0 1.7172)
(10.4278 0 1.89412)
(10.5116 0 2.07547)
(10.6057 0 2.26096)
(10.7106 0 2.45014)
(10.8272 0 2.64236)
(10.9562 0 2.8368)
(11.0982 0 3.03244)
(11.254 0 3.22806)
(11.4238 0 3.42224)
(11.6081 0 3.61339)
(11.8069 0 3.79971)
(12.0201 0 3.97931)
(12.2471 0 4.15018)
(12.4872 0 4.3103)
(12.7391 0 4.45769)
(13.0012 0 4.59052)
(13.2719 0 4.70719)
(13.5472 0 4.80638)
(13.8534 0 4.88767)
(10.0027 0 0.146476)
(10.0119 0 0.290783)
(10.0281 0 0.43423)
(10.0508 0 0.578002)
(10.0798 0 0.72302)
(10.1151 0 0.870025)
(10.1571 0 1.01962)
(10.2061 0 1.17228)
(10.2625 0 1.32835)
(10.3267 0 1.48803)
(10.3992 0 1.65139)
(10.4807 0 1.81835)
(10.5715 0 1.9887)
(10.6724 0 2.16207)
(10.7839 0 2.33794)
(10.9065 0 2.51563)
(11.0408 0 2.69431)
(11.1872 0 2.87297)
(11.3459 0 3.05045)
(11.5173 0 3.22546)
(11.7014 0 3.39655)
(11.8979 0 3.5622)
(12.1064 0 3.72079)
(12.3264 0 3.8707)
(12.5568 0 4.01034)
(12.7965 0 4.1382)
(13.044 0 4.25293)
(13.2975 0 4.35344)
(13.554 0 4.43885)
(13.8376 0 4.50899)
(10.0031 0 0.141256)
(10.0134 0 0.280376)
(10.0317 0 0.418538)
(10.0573 0 0.556812)
(10.0898 0 0.696023)
(10.1293 0 0.836819)
(10.1759 0 0.979719)
(10.23 0 1.12511)
(10.2918 0 1.27325)
(10.3617 0 1.42427)
(10.4402 0 1.57815)
(10.5275 0 1.73475)
(10.6242 0 1.8938)
(10.7306 0 2.0549)
(10.8472 0 2.21747)
(10.9744 0 2.38085)
(11.1124 0 2.54422)
(11.2614 0 2.70661)
(11.4216 0 2.86698)
(11.593 0 3.02414)
(11.7754 0 3.17686)
(11.9684 0 3.32382)
(12.1714 0 3.4637)
(12.3838 0 3.59521)
(12.6045 0 3.71709)
(12.8324 0 3.82823)
(13.0661 0 3.92765)
(13.3042 0 4.0146)
(13.5439 0 4.08852)
(13.8076 0 4.14942)
(10.0034 0 0.135284)
(10.0148 0 0.268478)
(10.035 0 0.400635)
(10.0632 0 0.532711)
(10.0988 0 0.665434)
(10.142 0 0.799368)
(10.1927 0 0.93495)
(10.2513 0 1.07249)
(10.3179 0 1.21217)
(10.3927 0 1.35405)
(10.4761 0 1.49807)
(10.5684 0 1.64403)
(10.6697 0 1.79162)
(10.7805 0 1.9404)
(10.901 0 2.08983)
(11.0314 0 2.23923)
(11.1717 0 2.38784)
(11.3221 0 2.53476)
(11.4825 0 2.67906)
(11.6526 0 2.8197)
(11.8323 0 2.95561)
(12.0209 0 3.08571)
(12.2179 0 3.20893)
(12.4225 0 3.32423)
(12.6336 0 3.43066)
(12.8503 0 3.52739)
(13.0713 0 3.61374)
(13.2953 0 3.68919)
(13.52 0 3.75341)
(13.7661 0 3.80651)
(10.0037 0 0.128587)
(10.0161 0 0.255147)
(10.0379 0 0.38061)
(10.0684 0 0.505823)
(10.1069 0 0.631423)
(10.1533 0 0.757892)
(10.2077 0 0.885592)
(10.2701 0 1.01476)
(10.3408 0 1.14553)
(10.4198 0 1.2779)
(10.5073 0 1.41176)
(10.6035 0 1.54689)
(10.7086 0 1.68295)
(10.8227 0 1.8195)
(10.9459 0 1.95602)
(11.0783 0 2.09186)
(11.2199 0 2.22632)
(11.3705 0 2.3586)
(11.5299 0 2.48787)
(11.698 0 2.61324)
(11.8741 0 2.73382)
(12.0579 0 2.84871)
(12.2485 0 2.95704)
(12.4453 0 3.05802)
(12.6472 0 3.15094)
(12.8533 0 3.23517)
(13.0626 0 3.31025)
(13.2738 0 3.37584)
(13.4851 0 3.43177)
(13.7157 0 3.47818)
(10.004 0 0.121195)
(10.0172 0 0.240445)
(10.0406 0 0.358561)
(10.0731 0 0.476285)
(10.1141 0 0.59417)
(10.1633 0 0.712624)
(10.2208 0 0.831938)
(10.2866 0 0.952296)
(10.3606 0 1.07377)
(10.443 0 1.19632)
(10.5339 0 1.31981)
(10.6332 0 1.444)
(10.7411 0 1.56854)
(10.8576 0 1.69303)
(10.9826 0 1.81694)
(11.1161 0 1.9397)
(11.2579 0 2.06066)
(11.4079 0 2.17912)
(11.5657 0 2.29437)
(11.7309 0 2.40565)
(11.9031 0 2.51222)
(12.0817 0 2.61335)
(12.2659 0 2.70837)
(12.455 0 2.79665)
(12.6481 0 2.87767)
(12.8444 0 2.95098)
(13.0429 0 3.01625)
(13.2426 0 3.0733)
(13.4419 0 3.12203)
(13.6587 0 3.16263)
(10.0042 0 0.113143)
(10.0182 0 0.224437)
(10.0429 0 0.334589)
(10.0772 0 0.444242)
(10.1203 0 0.553866)
(10.172 0 0.663802)
(10.2321 0 0.774282)
(10.3007 0 0.885436)
(10.3775 0 0.997295)
(10.4627 0 1.10979)
(10.5562 0 1.22277)
(10.6579 0 1.33598)
(10.7678 0 1.4491)
(10.8859 0 1.56172)
(11.0119 0 1.67338)
(11.1457 0 1.78355)
(11.2871 0 1.89166)
(11.4357 0 1.99712)
(11.5913 0 2.09929)
(11.7533 0 2.19756)
(11.9212 0 2.29132)
(12.0945 0 2.37999)
(12.2723 0 2.46303)
(12.4541 0 2.53999)
(12.639 0 2.61046)
(12.8262 0 2.67414)
(13.0148 0 2.73082)
(13.2041 0 2.78037)
(13.3926 0 2.82279)
(13.5972 0 2.85827)
(10.0044 0 0.104462)
(10.0191 0 0.207193)
(10.0449 0 0.3088)
(10.0807 0 0.409837)
(10.1257 0 0.5107)
(10.1795 0 0.611666)
(10.2418 0 0.712912)
(10.3126 0 0.814529)
(10.3918 0 0.916513)
(10.4792 0 1.01878)
(10.5747 0 1.12116)
(10.6781 0 1.22341)
(10.7894 0 1.32523)
(10.9083 0 1.42624)
(11.0346 0 1.52601)
(11.1681 0 1.62409)
(11.3085 0 1.71999)
(11.4554 0 1.81318)
(11.6083 0 1.90315)
(11.7669 0 1.98939)
(11.9304 0 2.0714)
(12.0984 0 2.14873)
(12.2702 0 2.22097)
(12.445 0 2.28776)
(12.6222 0 2.34882)
(12.8011 0 2.40394)
(12.9808 0 2.45299)
(13.1607 0 2.49591)
(13.3396 0 2.53273)
(13.5334 0 2.56363)
(10.0046 0 0.095184)
(10.0198 0 0.188775)
(10.0466 0 0.281294)
(10.0838 0 0.373212)
(10.1303 0 0.464855)
(10.1858 0 0.556442)
(10.25 0 0.648106)
(10.3226 0 0.739898)
(10.4036 0 0.831794)
(10.4927 0 0.923696)
(10.5896 0 1.01544)
(10.6942 0 1.10678)
(10.8063 0 1.19745)
(10.9256 0 1.28711)
(11.0518 0 1.37538)
(11.1845 0 1.46187)
(11.3235 0 1.54614)
(11.4683 0 1.62778)
(11.6184 0 1.70634)
(11.7734 0 1.78141)
(11.9326 0 1.85261)
(12.0955 0 1.91958)
(12.2615 0 1.98199)
(12.4299 0 2.0396)
(12.6 0 2.0922)
(12.7713 0 2.13964)
(12.943 0 2.18186)
(13.1145 0 2.21884)
(13.2849 0 2.25062)
(13.4691 0 2.2774)
(10.0047 0 0.0853377)
(10.0205 0 0.169243)
(10.0481 0 0.252165)
(10.0864 0 0.334498)
(10.1343 0 0.416504)
(10.1911 0 0.498347)
(10.2568 0 0.580115)
(10.3309 0 0.661835)
(10.4133 0 0.743464)
(10.5036 0 0.824898)
(10.6016 0 0.905977)
(10.7069 0 0.986487)
(10.8194 0 1.06617)
(10.9386 0 1.14474)
(11.0642 0 1.22186)
(11.1959 0 1.2972)
(11.3333 0 1.3704)
(11.4758 0 1.4411)
(11.623 0 1.50896)
(11.7744 0 1.57363)
(11.9295 0 1.63482)
(12.0876 0 1.69225)
(12.2482 0 1.74568)
(12.4107 0 1.79492)
(12.5744 0 1.83983)
(12.7389 0 1.88033)
(12.9034 0 1.91636)
(13.0675 0 1.94796)
(13.2303 0 1.97517)
(13.4061 0 1.99817)
(10.0049 0 0.0749431)
(10.021 0 0.148642)
(10.0495 0 0.22149)
(10.0887 0 0.293814)
(10.1376 0 0.365806)
(10.1957 0 0.437577)
(10.2625 0 0.509182)
(10.3378 0 0.580623)
(10.4211 0 0.651848)
(10.5123 0 0.722752)
(10.6109 0 0.793184)
(10.7167 0 0.862952)
(10.8292 0 0.93183)
(10.948 0 0.999565)
(11.0729 0 1.06588)
(11.2033 0 1.1305)
(11.3389 0 1.19311)
(11.4791 0 1.25344)
(11.6235 0 1.31121)
(11.7716 0 1.36614)
(11.9227 0 1.41801)
(12.0764 0 1.4666)
(12.2321 0 1.51174)
(12.3892 0 1.55329)
(12.5473 0 1.59116)
(12.7057 0 1.6253)
(12.8639 0 1.65568)
(13.0215 0 1.68235)
(13.1777 0 1.70537)
(13.3461 0 1.72487)
(10.005 0 0.0640071)
(10.0216 0 0.126995)
(10.0507 0 0.189328)
(10.0907 0 0.251254)
(10.1406 0 0.312881)
(10.1995 0 0.374265)
(10.2673 0 0.435434)
(10.3434 0 0.496376)
(10.4276 0 0.557034)
(10.5193 0 0.617311)
(10.6183 0 0.677069)
(10.7241 0 0.736144)
(10.8364 0 0.794341)
(10.9548 0 0.851449)
(11.0787 0 0.907239)
(11.2078 0 0.961477)
(11.3416 0 1.01393)
(11.4796 0 1.06435)
(11.6213 0 1.11254)
(11.7662 0 1.15828)
(11.9138 0 1.2014)
(12.0635 0 1.24173)
(12.2148 0 1.27915)
(12.3673 0 1.31357)
(12.5203 0 1.34491)
(12.6734 0 1.37316)
(12.8262 0 1.39832)
(12.9781 0 1.42041)
(13.1287 0 1.43951)
(13.2909 0 1.45573)
(10.0051 0 0.0525094)
(10.0222 0 0.10429)
(10.0519 0 0.155723)
(10.0927 0 0.206947)
(10.1433 0 0.257961)
(10.2029 0 0.308762)
(10.2714 0 0.359349)
(10.3481 0 0.409695)
(10.4328 0 0.459738)
(10.5249 0 0.509386)
(10.624 0 0.558519)
(10.7298 0 0.606999)
(10.8417 0 0.654666)
(10.9594 0 0.701348)
(11.0824 0 0.746863)
(11.2102 0 0.791027)
(11.3423 0 0.833653)
(11.4782 0 0.874564)
(11.6175 0 0.913592)
(11.7596 0 0.950582)
(11.9041 0 0.9854)
(12.0503 0 1.01793)
(12.1979 0 1.04809)
(12.3462 0 1.07581)
(12.495 0 1.10105)
(12.6436 0 1.12379)
(12.7917 0 1.14406)
(12.9389 0 1.16187)
(13.0847 0 1.1773)
(13.2415 0 1.19045)
(10.0053 0 0.040367)
(10.0229 0 0.080422)
(10.0534 0 0.120517)
(10.0949 0 0.160589)
(10.1461 0 0.200531)
(10.2064 0 0.240324)
(10.2753 0 0.279966)
(10.3525 0 0.319422)
(10.4375 0 0.358627)
(10.5298 0 0.397497)
(10.629 0 0.435931)
(10.7345 0 0.473814)
(10.846 0 0.511018)
(10.9631 0 0.547406)
(11.0851 0 0.582836)
(11.2116 0 0.617164)
(11.3422 0 0.650251)
(11.4764 0 0.681961)
(11.6135 0 0.71217)
(11.7532 0 0.740764)
(11.895 0 0.767647)
(12.0383 0 0.792739)
(12.1827 0 0.815977)
(12.3278 0 0.837318)
(12.473 0 0.856739)
(12.6179 0 0.874236)
(12.7622 0 0.889822)
(12.9056 0 0.903526)
(13.0475 0 0.915395)
(13.2001 0 0.925514)
(10.0056 0 0.0273973)
(10.0239 0 0.0557323)
(10.0552 0 0.0847975)
(10.0973 0 0.113928)
(10.149 0 0.142895)
(10.2097 0 0.171718)
(10.279 0 0.200413)
(10.3566 0 0.228946)
(10.4417 0 0.25726)
(10.5341 0 0.285294)
(10.6332 0 0.312978)
(10.7386 0 0.340232)
(10.8497 0 0.366966)
(10.9661 0 0.393085)
(11.0873 0 0.41849)
(11.2128 0 0.443082)
(11.3421 0 0.466764)
(11.4748 0 0.489444)
(11.6102 0 0.511037)
(11.748 0 0.531465)
(11.8876 0 0.550663)
(12.0286 0 0.568579)
(12.1705 0 0.585171)
(12.3128 0 0.600413)
(12.4552 0 0.614291)
(12.5973 0 0.626805)
(12.7386 0 0.637967)
(12.8789 0 0.647801)
(13.0178 0 0.656339)
(13.1669 0 0.663652)
(10.0068 0 0.0112909)
(10.0271 0 0.0266686)
(10.0595 0 0.0439376)
(10.1019 0 0.0614925)
(10.1538 0 0.0790144)
(10.2147 0 0.0965457)
(10.2841 0 0.114081)
(10.3617 0 0.131563)
(10.4469 0 0.148928)
(10.5392 0 0.166125)
(10.6381 0 0.183099)
(10.7431 0 0.199796)
(10.8538 0 0.216155)
(10.9696 0 0.232115)
(11.0901 0 0.247614)
(11.2147 0 0.262591)
(11.343 0 0.276987)
(11.4745 0 0.290749)
(11.6087 0 0.303825)
(11.745 0 0.316172)
(11.883 0 0.327753)
(12.0223 0 0.33854)
(12.1624 0 0.348512)
(12.3029 0 0.357655)
(12.4433 0 0.365965)
(12.5833 0 0.373446)
(12.7226 0 0.38011)
(12.8608 0 0.385976)
(12.9976 0 0.39107)
(13.1444 0 0.395452)
(9.9959 0 0.00093918)
(10.007 0 0.00498534)
(10.0278 0 0.0103075)
(10.0579 0 0.0158638)
(10.0977 0 0.0214926)
(10.1472 0 0.0272206)
(10.2057 0 0.0330386)
(10.2728 0 0.0389119)
(10.348 0 0.0448084)
(10.4307 0 0.050702)
(10.5206 0 0.0565684)
(10.6171 0 0.0623828)
(10.7197 0 0.0681195)
(10.8278 0 0.0737522)
(10.941 0 0.0792545)
(11.0587 0 0.0846008)
(11.1805 0 0.0897661)
(11.3057 0 0.0947272)
(11.4339 0 0.0994627)
(11.5646 0 0.103954)
(11.6972 0 0.108184)
(11.8312 0 0.112141)
(11.9663 0 0.115813)
(12.102 0 0.119195)
(12.2378 0 0.122282)
(12.3734 0 0.125074)
(12.5083 0 0.127573)
(12.6424 0 0.129784)
(12.7752 0 0.13171)
(12.9178 0 0.133384)
(9.46777 0 13.0693)
(6.25664 0 10.7226)
(-0.905634 0 5.52479)
(10.3657 0 11.1816)
(9.80043 0 9.85184)
(8.21009 0 8.05708)
(11.4483 0 11.1022)
(11.6572 0 10.5384)
(11.3955 0 9.63061)
(12.3336 0 10.7191)
(12.6748 0 10.5494)
(12.7769 0 10.1335)
(12.8974 0 9.99023)
(13.2639 0 9.98219)
(13.5035 0 9.84376)
(13.2714 0 9.22079)
(13.6303 0 9.27813)
(13.9109 0 9.26827)
(13.5385 0 8.50936)
(13.869 0 8.58256)
(14.1414 0 8.61887)
(13.7289 0 7.85968)
(14.0251 0 7.92733)
(14.273 0 7.97313)
(13.8612 0 7.26552)
(14.1252 0 7.32299)
(14.347 0 7.36593)
(13.9497 0 6.7214)
(14.1858 0 6.76962)
(14.3841 0 6.80707)
(14.0042 0 6.2208)
(14.2166 0 6.26151)
(14.3949 0 6.29377)
(14.0314 0 5.75715)
(14.2238 0 5.7919)
(14.3852 0 5.81984)
(14.0362 0 5.32483)
(14.2117 0 5.35483)
(14.3589 0 5.37927)
(14.0227 0 4.91919)
(14.1837 0 4.94535)
(14.3187 0 4.96691)
(13.9939 0 4.53645)
(14.1424 0 4.55942)
(14.2671 0 4.57857)
(13.9526 0 4.17347)
(14.0903 0 4.19374)
(14.206 0 4.21082)
(13.9012 0 3.82765)
(14.0296 0 3.84559)
(14.1373 0 3.86086)
(13.8421 0 3.49679)
(13.9622 0 3.5127)
(14.063 0 3.52635)
(13.7774 0 3.17902)
(13.8902 0 3.19312)
(13.9849 0 3.20531)
(13.7091 0 2.87269)
(13.8154 0 2.88515)
(13.9048 0 2.896)
(13.6393 0 2.57626)
(13.7398 0 2.58724)
(13.8244 0 2.59685)
(13.5696 0 2.2884)
(13.6651 0 2.298)
(13.7455 0 2.30646)
(13.502 0 2.00766)
(13.5931 0 2.01597)
(13.6697 0 2.02333)
(13.438 0 1.73296)
(13.5252 0 1.74007)
(13.5987 0 1.74638)
(13.3792 0 1.46248)
(13.4632 0 1.46842)
(13.5339 0 1.47372)
(13.327 0 1.19593)
(13.4082 0 1.20078)
(13.4766 0 1.20512)
(13.2831 0 0.929731)
(13.3621 0 0.933457)
(13.4286 0 0.9368)
(13.248 0 0.666711)
(13.3253 0 0.669412)
(13.3905 0 0.671834)
(13.2243 0 0.397217)
(13.3002 0 0.398712)
(13.3642 0 0.400031)
(12.9955 0 0.134011)
(13.0694 0 0.134509)
(13.1317 0 0.134953)
(-2.54752 0 1.65316)
(-1.6716 0 1.49975)
(-1.95445 0 1.03912)
(-1.79704 0 0.925689)
(-1.6789 0 0.942388)
(-1.7057 0 0.820232)
(-1.72688 0 0.660854)
(-1.74025 0 0.581238)
(-1.77512 0 0.546801)
(-1.81483 0 0.498246)
(-1.84272 0 0.453004)
(-1.86876 0 0.424938)
(-1.90205 0 0.406135)
(-1.93822 0 0.383193)
(-1.9701 0 0.357027)
(-1.99678 0 0.3323)
(-2.02185 0 0.311299)
(-2.04894 0 0.292085)
(-2.07897 0 0.271095)
(-2.11105 0 0.246795)
(-2.14441 0 0.219675)
(-2.17905 0 0.190996)
(-2.2153 0 0.161783)
(-2.25313 0 0.132356)
(-2.29195 0 0.102421)
(-2.33173 0 0.0716436)
(-2.37461 0 0.0407055)
(-2.42341 0 0.011671)
(-2.47125 0 -0.0136164)
(-2.49639 0 -0.0321881)
(6.06144 0 5.44373)
(3.64878 0 3.55087)
(1.51907 0 2.13555)
(-0.648853 0 0.910216)
(-1.42868 0 0.687561)
(-1.66861 0 0.560136)
(-1.66802 0 0.508778)
(-1.5809 0 0.5943)
(-1.58543 0 0.628767)
(-1.6283 0 0.550136)
(-1.63828 0 0.467201)
(-1.6443 0 0.436051)
(-1.6733 0 0.431314)
(-1.71365 0 0.409496)
(-1.74704 0 0.378668)
(-1.77282 0 0.350273)
(-1.79862 0 0.329806)
(-1.83101 0 0.313748)
(-1.87034 0 0.295003)
(-1.91368 0 0.271457)
(-1.95929 0 0.244407)
(-2.00708 0 0.215826)
(-2.05738 0 0.187013)
(-2.10962 0 0.158097)
(-2.16208 0 0.128398)
(-2.21339 0 0.0972526)
(-2.26499 0 0.0653543)
(-2.32065 0 0.0361878)
(-2.37536 0 0.0134942)
(-2.40516 0 -0.00238453)
(10.3223 0 7.60812)
(8.59304 0 5.83297)
(6.67856 0 4.38988)
(4.8144 0 3.19114)
(3.11585 0 2.24902)
(1.66204 0 1.48692)
(0.2485 0 0.81157)
(-0.999886 0 0.505774)
(-1.26841 0 0.485943)
(-1.4112 0 0.402815)
(-1.38452 0 0.376731)
(-1.32976 0 0.445904)
(-1.34948 0 0.493019)
(-1.40487 0 0.461429)
(-1.44044 0 0.409287)
(-1.46078 0 0.367976)
(-1.48358 0 0.348728)
(-1.52215 0 0.340698)
(-1.57431 0 0.326848)
(-1.63183 0 0.305246)
(-1.69123 0 0.279418)
(-1.75284 0 0.252305)
(-1.81766 0 0.224904)
(-1.88489 0 0.196279)
(-1.95132 0 0.16512)
(-2.01332 0 0.131271)
(-2.07024 0 0.0964407)
(-2.12643 0 0.0662985)
(-2.18194 0 0.0485577)
(-2.21399 0 0.0403692)
(12.4561 0 8.77751)
(11.5792 0 7.33843)
(10.3477 0 6.03005)
(8.96217 0 4.86823)
(7.51256 0 3.87272)
(6.08814 0 3.04406)
(4.72198 0 2.35444)
(3.39992 0 1.78346)
(2.24164 0 1.30343)
(1.21332 0 0.895139)
(0.283278 0 0.553367)
(-0.637008 0 0.409631)
(-0.857818 0 0.426091)
(-0.998626 0 0.390675)
(-1.03763 0 0.358048)
(-1.03124 0 0.3517)
(-1.0305 0 0.371099)
(-1.06757 0 0.389124)
(-1.13065 0 0.381695)
(-1.19917 0 0.356922)
(-1.26962 0 0.326693)
(-1.34562 0 0.296222)
(-1.43002 0 0.266644)
(-1.52096 0 0.236238)
(-1.61204 0 0.203167)
(-1.6962 0 0.167058)
(-1.76904 0 0.128457)
(-1.83234 0 0.093712)
(-1.89216 0 0.0784733)
(-1.93104 0 0.081475)
(13.6251 0 9.09839)
(13.336 0 8.0978)
(12.7115 0 7.05345)
(11.8528 0 6.04806)
(10.8386 0 5.1279)
(9.73835 0 4.31279)
(8.60229 0 3.59817)
(7.45183 0 2.97158)
(6.32511 0 2.42748)
(5.24243 0 1.96653)
(4.21805 0 1.58127)
(3.22705 0 1.25494)
(2.35639 0 0.975765)
(1.5834 0 0.740912)
(0.903622 0 0.554217)
(0.328198 0 0.426143)
(-0.134786 0 0.371033)
(-0.378116 0 0.373653)
(-0.49469 0 0.373263)
(-0.572661 0 0.363546)
(-0.63195 0 0.352945)
(-0.692647 0 0.344119)
(-0.770558 0 0.334098)
(-0.875071 0 0.316035)
(-1.0052 0 0.283458)
(-1.15134 0 0.234957)
(-1.29111 0 0.174992)
(-1.39759 0 0.120384)
(-1.47715 0 0.10024)
(-1.53471 0 0.123386)
(14.2516 0 8.92284)
(14.3282 0 8.30862)
(14.1533 0 7.56478)
(13.7461 0 6.77714)
(13.1508 0 5.99777)
(12.4183 0 5.2583)
(11.5933 0 4.57455)
(10.7082 0 3.9535)
(9.79134 0 3.39782)
(8.86363 0 2.90781)
(7.94209 0 2.47974)
(7.03365 0 2.1031)
(6.15692 0 1.77145)
(5.31931 0 1.48395)
(4.52313 0 1.23887)
(3.77375 0 1.03254)
(3.07547 0 0.858692)
(2.44604 0 0.714492)
(1.89589 0 0.600536)
(1.42246 0 0.514682)
(1.02248 0 0.452388)
(0.686682 0 0.41035)
(0.409651 0 0.385685)
(0.188381 0 0.369866)
(0.00647557 0 0.349401)
(-0.155304 0 0.312294)
(-0.296747 0 0.255558)
(-0.42815 0 0.186979)
(-0.603625 0 0.151117)
(-0.838101 0 0.231497)
(14.5598 0 8.49479)
(14.8381 0 8.15865)
(14.9599 0 7.67617)
(14.8915 0 7.10699)
(14.6433 0 6.49607)
(14.2469 0 5.87729)
(13.7348 0 5.27455)
(13.1349 0 4.703)
(12.4706 0 4.17114)
(11.7615 0 3.68359)
(11.025 0 3.24224)
(10.2748 0 2.84521)
(9.52299 0 2.48926)
(8.77724 0 2.17211)
(8.04316 0 1.8923)
(7.32681 0 1.64766)
(6.63383 0 1.43413)
(5.96992 0 1.24799)
(5.33992 0 1.087)
(4.74626 0 0.949204)
(4.19126 0 0.832681)
(3.6764 0 0.735866)
(3.20387 0 0.656578)
(2.77768 0 0.590221)
(2.39757 0 0.529265)
(2.05293 0 0.464747)
(1.7244 0 0.393631)
(1.39626 0 0.324633)
(1.0973 0 0.270188)
(0.632548 0 0.339927)
(14.6949 0 7.95594)
(15.0615 0 7.7947)
(15.3523 0 7.50695)
(15.5094 0 7.12363)
(15.5192 0 6.67598)
(15.3949 0 6.19192)
(15.1556 0 5.6944)
(14.8193 0 5.20064)
(14.4034 0 4.72272)
(13.9243 0 4.26905)
(13.3973 0 3.84503)
(12.8358 0 3.45287)
(12.2509 0 3.09255)
(11.6511 0 2.76382)
(11.0435 0 2.46669)
(10.4349 0 2.20048)
(9.83132 0 1.96314)
(9.23755 0 1.7519)
(8.65706 0 1.56424)
(8.09247 0 1.39831)
(7.54637 0 1.25262)
(7.02136 0 1.1255)
(6.52015 0 1.01445)
(6.04546 0 0.915643)
(5.598 0 0.824576)
(5.17414 0 0.73781)
(4.76543 0 0.655839)
(4.36137 0 0.583837)
(3.97086 0 0.532672)
(3.41222 0 0.545857)
(14.7415 0 7.39225)
(15.1279 0 7.32798)
(15.4951 0 7.16848)
(15.7814 0 6.92468)
(15.9611 0 6.61398)
(16.0344 0 6.25502)
(16.0082 0 5.86554)
(15.8914 0 5.46092)
(15.694 0 5.05369)
(15.4273 0 4.65363)
(15.1029 0 4.2679)
(14.7318 0 3.90107)
(14.3238 0 3.55581)
(13.8871 0 3.23389)
(13.4293 0 2.93659)
(12.9569 0 2.66435)
(12.476 0 2.41648)
(11.9917 0 2.19153)
(11.5076 0 1.98801)
(11.0269 0 1.80463)
(10.5524 0 1.64017)
(10.0867 0 1.49308)
(9.63214 0 1.36114)
(9.19038 0 1.24141)
(8.76149 0 1.13098)
(8.34308 0 1.02837)
(7.93048 0 0.935029)
(7.51794 0 0.856145)
(7.10946 0 0.802819)
(6.57305 0 0.793559)
(14.7427 0 6.84695)
(15.1149 0 6.83037)
(15.5007 0 6.74675)
(15.8455 0 6.59698)
(16.1211 0 6.3887)
(16.3209 0 6.13231)
(16.4444 0 5.8393)
(16.4927 0 5.52118)
(16.4696 0 5.18856)
(16.3809 0 4.85056)
(16.2337 0 4.51462)
(16.0359 0 4.18641)
(15.7949 0 3.87009)
(15.5177 0 3.56876)
(15.211 0 3.28468)
(14.8807 0 3.01928)
(14.5326 0 2.77305)
(14.1715 0 2.54576)
(13.8014 0 2.33685)
(13.4256 0 2.14568)
(13.0471 0 1.97142)
(12.6683 0 1.81292)
(12.2914 0 1.66858)
(11.9175 0 1.53644)
(11.5464 0 1.41485)
(11.1764 0 1.30342)
(10.8047 0 1.20406)
(10.4284 0 1.12148)
(10.0522 0 1.06331)
(9.57044 0 1.03484)
(14.7187 0 6.3352)
(15.0638 0 6.33975)
(15.4379 0 6.2975)
(15.7966 0 6.20592)
(16.1144 0 6.06761)
(16.3832 0 5.88748)
(16.5989 0 5.67199)
(16.7586 0 5.42856)
(16.8613 0 5.16491)
(16.9082 0 4.8884)
(16.9027 0 4.60561)
(16.8491 0 4.32214)
(16.7523 0 4.04255)
(16.6172 0 3.77052)
(16.4491 0 3.50894)
(16.2528 0 3.25996)
(16.0331 0 3.02492)
(15.7942 0 2.80451)
(15.54 0 2.59898)
(15.2738 0 2.40828)
(14.9982 0 2.23213)
(14.7157 0 2.06991)
(14.4281 0 1.92072)
(14.1364 0 1.78351)
(13.8406 0 1.65758)
(13.5396 0 1.54324)
(13.2318 0 1.44245)
(12.9163 0 1.35876)
(12.5978 0 1.2963)
(12.1885 0 1.25451)
(14.6784 0 5.85891)
(14.9942 0 5.872)
(15.3445 0 5.85137)
(15.6932 0 5.79405)
(16.0197 0 5.70065)
(16.3168 0 5.57328)
(16.5802 0 5.4152)
(16.8053 0 5.23073)
(16.9888 0 5.02494)
(17.1292 0 4.80312)
(17.2268 0 4.57046)
(17.2831 0 4.33173)
(17.3005 0 4.09117)
(17.2821 0 3.85241)
(17.231 0 3.61855)
(17.151 0 3.39204)
(17.0455 0 3.17473)
(16.918 0 2.96793)
(16.7717 0 2.77247)
(16.6093 0 2.58884)
(16.4333 0 2.41728)
(16.2458 0 2.25773)
(16.0485 0 2.10993)
(15.8422 0 1.97357)
(15.6272 0 1.84865)
(15.403 0 1.7359)
(15.1689 0 1.63706)
(14.925 0 1.55462)
(14.6752 0 1.49057)
(14.3484 0 1.44237)
(14.6259 0 5.41509)
(14.9146 0 5.43134)
(15.2382 0 5.42212)
(15.5671 0 5.3849)
(15.8845 0 5.31967)
(16.1852 0 5.22739)
(16.466 0 5.10966)
(16.7225 0 4.96892)
(16.9508 0 4.80831)
(17.1481 0 4.63141)
(17.3131 0 4.44198)
(17.4455 0 4.24376)
(17.5458 0 4.04027)
(17.6153 0 3.83473)
(17.6556 0 3.63005)
(17.669 0 3.42867)
(17.6578 0 3.23264)
(17.6243 0 3.04356)
(17.571 0 2.86264)
(17.5 0 2.69078)
(17.4133 0 2.52863)
(17.3127 0 2.37659)
(17.1994 0 2.23494)
(17.0744 0 2.10394)
(16.9379 0 1.98406)
(16.79 0 1.87626)
(16.6306 0 1.78209)
(16.46 0 1.7033)
(16.2814 0 1.6409)
(16.0404 0 1.59209)
(14.5635 0 4.99955)
(14.8283 0 5.01678)
(15.1266 0 5.01397)
(15.4332 0 4.98905)
(15.7341 0 4.94188)
(16.0258 0 4.87296)
(16.3063 0 4.78315)
(16.5722 0 4.67386)
(16.82 0 4.54708)
(17.0467 0 4.40519)
(17.2504 0 4.25085)
(17.4299 0 4.08684)
(17.5846 0 3.91592)
(17.7146 0 3.74077)
(17.8204 0 3.56389)
(17.903 0 3.38754)
(17.9637 0 3.2137)
(18.004 0 3.04404)
(18.0254 0 2.87995)
(18.0294 0 2.72259)
(18.0175 0 2.57286)
(17.991 0 2.43154)
(17.9508 0 2.29926)
(17.8978 0 2.17669)
(17.8322 0 2.06463)
(17.7545 0 1.96418)
(17.6647 0 1.87673)
(17.5633 0 1.80366)
(17.4525 0 1.7457)
(17.295 0 1.70052)
(14.4928 0 4.60831)
(14.7369 0 4.6256)
(15.0125 0 4.62669)
(15.2976 0 4.60985)
(15.5801 0 4.5749)
(15.8576 0 4.52212)
(16.1292 0 4.45201)
(16.3922 0 4.36546)
(16.644 0 4.26377)
(16.8819 0 4.14859)
(17.1039 0 4.02184)
(17.3087 0 3.88556)
(17.4952 0 3.74189)
(17.6628 0 3.59299)
(17.8114 0 3.44093)
(17.9412 0 3.28767)
(18.0526 0 3.13502)
(18.1465 0 2.9846)
(18.2237 0 2.83782)
(18.2851 0 2.69594)
(18.3317 0 2.56002)
(18.3643 0 2.43106)
(18.3837 0 2.30993)
(18.3904 0 2.19755)
(18.3849 0 2.09492)
(18.3674 0 2.00324)
(18.3384 0 1.92381)
(18.2981 0 1.85791)
(18.2481 0 1.8063)
(18.1672 0 1.76749)
(14.4152 0 4.23793)
(14.6413 0 4.25485)
(14.897 0 4.25846)
(15.1625 0 4.24729)
(15.4272 0 4.22112)
(15.6894 0 4.18009)
(15.9486 0 4.12447)
(16.203 0 4.05486)
(16.4506 0 3.97215)
(16.689 0 3.87753)
(16.9168 0 3.77241)
(17.1324 0 3.65835)
(17.3347 0 3.53701)
(17.5231 0 3.41012)
(17.6969 0 3.27939)
(17.856 0 3.1465)
(18.0004 0 3.01306)
(18.1303 0 2.88053)
(18.2462 0 2.7503)
(18.3486 0 2.62362)
(18.4379 0 2.50164)
(18.5148 0 2.38543)
(18.5797 0 2.27603)
(18.633 0 2.17448)
(18.6752 0 2.08192)
(18.7065 0 1.99957)
(18.7274 0 1.92874)
(18.7381 0 1.87069)
(18.7396 0 1.82642)
(18.7253 0 1.79529)
(14.3322 0 3.88556)
(14.5427 0 3.90186)
(14.7809 0 3.90713)
(15.0289 0 3.9001)
(15.2772 0 3.88052)
(15.5245 0 3.84843)
(15.7707 0 3.80395)
(16.0144 0 3.74747)
(16.254 0 3.6796)
(16.4878 0 3.60122)
(16.7142 0 3.5134)
(16.9321 0 3.41733)
(17.1405 0 3.31435)
(17.3384 0 3.20585)
(17.5254 0 3.09326)
(17.7011 0 2.97801)
(17.8651 0 2.86151)
(18.0176 0 2.7451)
(18.1586 0 2.63006)
(18.2883 0 2.51761)
(18.407 0 2.40889)
(18.515 0 2.30503)
(18.6127 0 2.20712)
(18.7004 0 2.11627)
(18.7784 0 2.03367)
(18.8471 0 1.96055)
(18.9068 0 1.89826)
(18.9579 0 1.84809)
(19.0007 0 1.81128)
(19.0416 0 1.788)
(14.2453 0 3.54881)
(14.4421 0 3.56433)
(14.6649 0 3.57066)
(14.8974 0 3.56669)
(15.131 0 3.55219)
(15.3644 0 3.52709)
(15.598 0 3.49145)
(15.8307 0 3.44546)
(16.0612 0 3.38957)
(16.2879 0 3.3244)
(16.5096 0 3.25076)
(16.7254 0 3.16961)
(16.9342 0 3.08199)
(17.1353 0 2.98905)
(17.328 0 2.892)
(17.512 0 2.79206)
(17.6868 0 2.69046)
(17.8524 0 2.5884)
(18.0087 0 2.48709)
(18.1557 0 2.38766)
(18.2936 0 2.29123)
(18.4226 0 2.19893)
(18.5429 0 2.11185)
(18.6548 0 2.03112)
(18.7585 0 1.95794)
(18.8545 0 1.89356)
(18.9432 0 1.8393)
(19.0249 0 1.79655)
(19.0998 0 1.76672)
(19.1846 0 1.75061)
(14.156 0 3.22567)
(14.3408 0 3.24027)
(14.55 0 3.2472)
(14.7688 0 3.24551)
(14.9891 0 3.23493)
(15.21 0 3.2154)
(15.4318 0 3.18686)
(15.6539 0 3.14944)
(15.8751 0 3.10341)
(16.094 0 3.04922)
(16.3096 0 2.98749)
(16.5211 0 2.91894)
(16.7276 0 2.84444)
(16.9282 0 2.76491)
(17.1226 0 2.68137)
(17.31 0 2.59487)
(17.4903 0 2.50647)
(17.6632 0 2.41728)
(17.8285 0 2.32836)
(17.9861 0 2.2408)
(18.1363 0 2.15568)
(18.279 0 2.07405)
(18.4145 0 1.99702)
(18.543 0 1.92569)
(18.6649 0 1.86124)
(18.7804 0 1.8049)
(18.8901 0 1.75801)
(18.9945 0 1.72195)
(19.0936 0 1.69826)
(19.2122 0 1.68817)
(14.0661 0 2.91437)
(14.2402 0 2.92795)
(14.4374 0 2.93514)
(14.644 0 2.93509)
(14.8524 0 2.92756)
(15.062 0 2.91246)
(15.2731 0 2.88971)
(15.4852 0 2.85933)
(15.6974 0 2.82151)
(15.9085 0 2.77657)
(16.1176 0 2.72495)
(16.324 0 2.66722)
(16.5267 0 2.60407)
(16.7252 0 2.53626)
(16.9189 0 2.46462)
(17.1072 0 2.39006)
(17.2899 0 2.3135)
(17.4665 0 2.23592)
(17.637 0 2.1583)
(17.8013 0 2.08162)
(17.9593 0 2.0069)
(18.1111 0 1.93515)
(18.257 0 1.86742)
(18.3971 0 1.80478)
(18.5317 0 1.74837)
(18.6613 0 1.69939)
(18.7864 0 1.65913)
(18.9075 0 1.62898)
(19.0249 0 1.61049)
(19.1693 0 1.60512)
(13.9771 0 2.6133)
(14.1418 0 2.62581)
(14.3284 0 2.63297)
(14.5241 0 2.63406)
(14.7219 0 2.62888)
(14.9213 0 2.61731)
(15.1226 0 2.59926)
(15.3256 0 2.57471)
(15.5293 0 2.54377)
(15.7329 0 2.50664)
(15.9356 0 2.46368)
(16.1365 0 2.4153)
(16.335 0 2.36205)
(16.5305 0 2.30455)
(16.7224 0 2.24348)
(16.9101 0 2.17962)
(17.0934 0 2.11376)
(17.2719 0 2.04675)
(17.4455 0 1.97947)
(17.6138 0 1.91283)
(17.7771 0 1.84774)
(17.9352 0 1.78516)
(18.0884 0 1.72606)
(18.2368 0 1.67149)
(18.3808 0 1.6225)
(18.5209 0 1.58024)
(18.6575 0 1.54595)
(18.7914 0 1.52096)
(18.9228 0 1.50676)
(19.0873 0 1.50492)
(13.8905 0 2.32107)
(14.0469 0 2.33242)
(14.2242 0 2.33933)
(14.4103 0 2.34118)
(14.5988 0 2.33778)
(14.789 0 2.32902)
(14.9815 0 2.3148)
(15.1762 0 2.29508)
(15.3721 0 2.2699)
(15.5687 0 2.23942)
(15.7651 0 2.20388)
(15.9606 0 2.16361)
(16.1547 0 2.11902)
(16.3468 0 2.07063)
(16.5363 0 2.01899)
(16.7227 0 1.96474)
(16.9057 0 1.90857)
(17.0849 0 1.85122)
(17.2601 0 1.79345)
(17.4312 0 1.73608)
(17.598 0 1.67993)
(17.7607 0 1.62589)
(17.9193 0 1.57485)
(18.0741 0 1.52777)
(18.2253 0 1.48565)
(18.3735 0 1.44955)
(18.5192 0 1.42064)
(18.6632 0 1.40015)
(18.8058 0 1.38948)
(18.9862 0 1.39015)
(13.8081 0 2.03616)
(13.9573 0 2.04632)
(14.1263 0 2.0528)
(14.304 0 2.05508)
(14.4842 0 2.05299)
(14.6663 0 2.04645)
(14.8509 0 2.03535)
(15.0381 0 2.01963)
(15.227 0 1.9993)
(15.417 0 1.97448)
(15.6075 0 1.94532)
(15.798 0 1.91209)
(15.9877 0 1.8751)
(16.1762 0 1.83477)
(16.3631 0 1.79154)
(16.5477 0 1.74595)
(16.7298 0 1.69857)
(16.909 0 1.65003)
(17.0851 0 1.60101)
(17.2579 0 1.5522)
(17.4273 0 1.50436)
(17.5934 0 1.45826)
(17.7562 0 1.41473)
(17.9159 0 1.37462)
(18.073 0 1.33886)
(18.2277 0 1.30842)
(18.3809 0 1.28434)
(18.5332 0 1.26778)
(18.685 0 1.25998)
(18.8783 0 1.26236)
(13.7313 0 1.75748)
(13.8741 0 1.76639)
(14.036 0 1.7723)
(14.2064 0 1.77476)
(14.3793 0 1.77363)
(14.5543 0 1.76882)
(14.732 0 1.76026)
(14.9125 0 1.74786)
(15.0951 0 1.73163)
(15.2793 0 1.71163)
(15.4644 0 1.688)
(15.6501 0 1.6609)
(15.8357 0 1.63061)
(16.0207 0 1.59742)
(16.2048 0 1.56172)
(16.3875 0 1.52394)
(16.5684 0 1.48455)
(16.7472 0 1.44407)
(16.9236 0 1.4031)
(17.0974 0 1.36222)
(17.2687 0 1.32209)
(17.4373 0 1.28339)
(17.6034 0 1.24686)
(17.7671 0 1.21325)
(17.9288 0 1.18338)
(18.089 0 1.15812)
(18.2483 0 1.13841)
(18.4075 0 1.12526)
(18.5671 0 1.11977)
(18.7711 0 1.12324)
(13.6615 0 1.4831)
(13.7989 0 1.49074)
(13.9547 0 1.49595)
(14.1188 0 1.49836)
(14.2855 0 1.49788)
(14.4544 0 1.49442)
(14.6261 0 1.48791)
(14.8007 0 1.47827)
(14.9778 0 1.46551)
(15.1568 0 1.44965)
(15.3371 0 1.43079)
(15.5184 0 1.40907)
(15.7002 0 1.38467)
(15.882 0 1.35785)
(16.0635 0 1.3289)
(16.2441 0 1.29816)
(16.4236 0 1.26602)
(16.6017 0 1.23292)
(16.778 0 1.19934)
(16.9525 0 1.16578)
(17.125 0 1.1328)
(17.2955 0 1.10097)
(17.4642 0 1.07093)
(17.6311 0 1.04334)
(17.7966 0 1.01891)
(17.9613 0 0.998378)
(18.1257 0 0.982576)
(18.2907 0 0.972376)
(18.4568 0 0.968723)
(18.6696 0 0.972768)
(13.6001 0 1.21281)
(13.733 0 1.21915)
(13.8836 0 1.22358)
(14.0424 0 1.22581)
(14.2039 0 1.22575)
(14.3676 0 1.22334)
(14.5343 0 1.21851)
(14.704 0 1.21121)
(14.8763 0 1.20142)
(15.0508 0 1.18917)
(15.227 0 1.17451)
(15.4045 0 1.15754)
(15.5829 0 1.13842)
(15.7618 0 1.11733)
(15.9408 0 1.09449)
(16.1195 0 1.07018)
(16.2976 0 1.04471)
(16.4748 0 1.01842)
(16.6509 0 0.991699)
(16.8256 0 0.96496)
(16.999 0 0.938655)
(17.1709 0 0.913268)
(17.3414 0 0.889316)
(17.5109 0 0.867352)
(17.6795 0 0.847967)
(17.8478 0 0.831796)
(18.0163 0 0.819522)
(18.1861 0 0.811879)
(18.3575 0 0.809651)
(18.5777 0 0.813824)
(13.5486 0 0.942784)
(13.6779 0 0.947762)
(13.8243 0 0.951295)
(13.9788 0 0.953159)
(14.136 0 0.953293)
(14.2955 0 0.951651)
(14.458 0 0.948174)
(14.6236 0 0.942817)
(14.7921 0 0.935564)
(14.9628 0 0.926427)
(15.1355 0 0.915449)
(15.3098 0 0.902701)
(15.4853 0 0.888288)
(15.6617 0 0.872348)
(15.8385 0 0.855052)
(16.0155 0 0.836601)
(16.1923 0 0.817232)
(16.3687 0 0.797211)
(16.5443 0 0.776833)
(16.7191 0 0.756421)
(16.8929 0 0.736329)
(17.0658 0 0.716936)
(17.2378 0 0.698651)
(17.4091 0 0.681912)
(17.5801 0 0.667191)
(17.7512 0 0.654996)
(17.9231 0 0.645875)
(18.0965 0 0.640422)
(18.2722 0 0.639271)
(18.4979 0 0.643268)
(13.508 0 0.676165)
(13.6345 0 0.679826)
(13.7777 0 0.682479)
(13.9289 0 0.683952)
(14.0828 0 0.684207)
(14.239 0 0.683217)
(14.3983 0 0.680938)
(14.5608 0 0.677336)
(14.7261 0 0.672396)
(14.894 0 0.666125)
(15.0639 0 0.65855)
(15.2357 0 0.649718)
(15.4089 0 0.639701)
(15.5832 0 0.628591)
(15.7583 0 0.616508)
(15.9338 0 0.603592)
(16.1095 0 0.590009)
(16.2851 0 0.575947)
(16.4603 0 0.561615)
(16.635 0 0.547246)
(16.8091 0 0.533092)
(16.9826 0 0.519428)
(17.1556 0 0.506551)
(17.3282 0 0.49478)
(17.5009 0 0.484462)
(17.6741 0 0.475971)
(17.8484 0 0.46972)
(18.0247 0 0.46616)
(18.2038 0 0.465778)
(18.434 0 0.46925)
(13.4798 0 0.402478)
(13.6043 0 0.404686)
(13.7452 0 0.406296)
(13.894 0 0.407165)
(14.0455 0 0.407288)
(14.1994 0 0.406663)
(14.3564 0 0.405267)
(14.5166 0 0.403078)
(14.6797 0 0.400086)
(14.8454 0 0.396297)
(15.0134 0 0.391726)
(15.1833 0 0.386404)
(15.3547 0 0.380371)
(15.5275 0 0.373685)
(15.7012 0 0.366415)
(15.8756 0 0.358648)
(16.0503 0 0.350481)
(16.2251 0 0.34203)
(16.3998 0 0.33342)
(16.5743 0 0.324793)
(16.7484 0 0.316302)
(16.9221 0 0.308115)
(17.0956 0 0.300415)
(17.269 0 0.293397)
(17.4426 0 0.287276)
(17.6171 0 0.28229)
(17.7929 0 0.278707)
(17.9711 0 0.276844)
(18.1523 0 0.27711)
(18.3847 0 0.280297)
(13.2442 0 0.1359)
(13.365 0 0.136872)
(13.5019 0 0.137635)
(13.6466 0 0.13812)
(13.7941 0 0.138337)
(13.9439 0 0.13829)
(14.0967 0 0.13797)
(14.2527 0 0.137367)
(14.4115 0 0.136475)
(14.5729 0 0.135296)
(14.7364 0 0.133835)
(14.9018 0 0.132099)
(15.0687 0 0.130103)
(15.2369 0 0.127866)
(15.4059 0 0.125412)
(15.5754 0 0.122769)
(15.7453 0 0.119974)
(15.9151 0 0.117064)
(16.0848 0 0.114086)
(16.2541 0 0.11109)
(16.4229 0 0.108129)
(16.5913 0 0.105265)
(16.7593 0 0.102563)
(16.9271 0 0.100093)
(17.0952 0 0.0979346)
(17.2639 0 0.0961756)
(17.4342 0 0.0949201)
(17.6068 0 0.0943046)
(17.783 0 0.0945381)
(18.011 0 0.0962321)
)
;

boundaryField
{
    inlet
    {
        type            fixedValue;
        value           uniform (10 0 0);
    }
    outlet
    {
        type            zeroGradient;
    }
    flap
    {
        type            movingWallVelocity;
        value           nonuniform List<vector> 
33
(
(0 0 6.93889e-16)
(0 0 0)
(0 0 0)
(0 0 0)
(0 0 0)
(0 0 0)
(0 0 0)
(0 0 0)
(0 0 0)
(0 0 0)
(0 0 0)
(0 0 -1.11022e-14)
(0 0 -1.11022e-14)
(0 0 -1.11022e-14)
(0 0 -2.22045e-14)
(6.93889e-16 -2.77556e-15 0)
(0 -2.77556e-15 0)
(0 0 0)
(0 0 6.93889e-16)
(0 0 0)
(0 0 0)
(0 0 0)
(0 0 0)
(0 0 0)
(0 0 -5.55112e-15)
(0 0 0)
(0 0 -1.11022e-14)
(0 0 0)
(0 0 0)
(0 0 0)
(0 0 0)
(0 -2.77556e-15 -1.11022e-14)
(0 0 -1.11022e-14)
)
;
    }
    upperWall
    {
        type            noSlip;
    }
    lowerWall
    {
        type            noSlip;
    }
    frontAndBack
    {
        type            empty;
    }
}


// ************************************************************************* //
