/*--------------------------------*- C++ -*----------------------------------*\
  =========                 |
  \\      /  F ield         | OpenFOAM: The Open Source CFD Toolbox
   \\    /   O peration     | Website:  https://openfoam.org
    \\  /    A nd           | Version:  dev
     \\/     M anipulation  |
\*---------------------------------------------------------------------------*/
FoamFile
{
    version     2.0;
    format      ascii;
    class       surfaceScalarField;
    location    "9.2";
    object      phi;
}
// * * * * * * * * * * * * * * * * * * * * * * * * * * * * * * * * * * * * * //

dimensions      [0 3 -1 0 0 0 0];

internalField   nonuniform List<scalar> 
5457
(
0.198418
0.00158239
0.19648
0.00193739
0.194192
0.00228812
0.191508
0.00268363
0.188427
0.00308126
0.18495
0.00347685
0.181072
0.00387867
0.176778
0.00429413
0.172049
0.00472836
0.166864
0.00518539
0.161195
0.0056687
0.155014
0.00618124
0.148289
0.0067252
0.140987
0.00730159
0.133077
0.00790976
0.124531
0.00854671
0.115324
0.00920615
0.105447
0.00987742
0.0949027
0.0105443
0.083719
0.0111837
0.0719543
0.0117647
0.059706
0.0122483
0.0471174
0.0125886
0.0343773
0.01274
0.0216826
0.0126948
0.00903263
0.0126499
-0.00291927
0.0119519
-0.00847328
0.00555401
-0.0080434
-0.000429888
-0.0080434
0.199928
0.00165425
0.199176
0.00268986
0.197965
0.0034991
0.196331
0.00431687
0.194271
0.00514138
0.191781
0.00596701
0.188854
0.00680576
0.185477
0.00767113
0.181632
0.00857343
0.177296
0.00952097
0.172444
0.010521
0.167046
0.0115798
0.161069
0.0127022
0.154479
0.0138908
0.147244
0.0151451
0.139331
0.0164601
0.130712
0.0178244
0.121372
0.0192178
0.111307
0.0206094
0.100537
0.0219537
0.0891122
0.0231893
0.0771246
0.024236
0.0647187
0.0249945
0.0521113
0.0253473
0.0396514
0.0251548
0.028102
0.0241993
0.0185916
0.0214623
0.0087939
0.0153517
0.00118188
0.00718214
-0.00686152
0.199781
0.0018737
0.199087
0.00338373
0.197946
0.00464007
0.196409
0.00585354
0.194483
0.00706759
0.192164
0.00828614
0.189446
0.0095233
0.186321
0.0107967
0.182773
0.0121215
0.178783
0.01351
0.174331
0.0149733
0.16939
0.0165211
0.163931
0.018161
0.157924
0.0198982
0.151335
0.0217336
0.144133
0.0236622
0.136287
0.0256701
0.127773
0.027732
0.118576
0.0298065
0.108698
0.0318319
0.0981658
0.0337214
0.0870434
0.0353584
0.0754467
0.0365912
0.0635697
0.0372243
0.0517282
0.0369963
0.0403935
0.035534
0.0297357
0.0321201
0.0191637
0.0259237
0.00959621
0.0167496
0.00273469
0.199703
0.00217065
0.199008
0.00407907
0.197887
0.00576064
0.196376
0.0073645
0.194488
0.00895577
0.192222
0.0105522
0.189574
0.0121711
0.186538
0.0138328
0.183103
0.0155561
0.179257
0.0173567
0.174982
0.0192485
0.170259
0.0212439
0.165067
0.023353
0.159382
0.0255827
0.15318
0.0279356
0.146435
0.0304076
0.13912
0.0329848
0.131213
0.0356396
0.122693
0.038326
0.113552
0.040973
0.103795
0.0434785
0.0934522
0.0457011
0.0825909
0.0474525
0.0713282
0.048487
0.0598366
0.0484879
0.0483131
0.0470575
0.0368078
0.0436254
0.0251856
0.0375459
0.0133344
0.0286008
0.0160691
0.199667
0.00250325
0.198964
0.00478236
0.197863
0.00686199
0.196381
0.00884623
0.194532
0.0108046
0.192317
0.0127669
0.189734
0.014755
0.186775
0.0167915
0.183433
0.0188979
0.179697
0.0210926
0.175554
0.0233916
0.170989
0.0258092
0.165985
0.028357
0.160524
0.0310432
0.154588
0.0338715
0.148158
0.0368385
0.141211
0.0399309
0.13373
0.0431215
0.125692
0.0463632
0.117083
0.0495827
0.107889
0.0526722
0.0981097
0.0554803
0.0877597
0.0578025
0.0768738
0.0593729
0.065504
0.0598576
0.0537038
0.0588578
0.0414505
0.0558787
0.0285852
0.0504111
0.014851
0.042335
0.0309201
0.199653
0.00285047
0.198949
0.00548644
0.197871
0.00793997
0.196426
0.0102905
0.194626
0.0126047
0.192473
0.0149205
0.189963
0.0172647
0.187092
0.0196625
0.183853
0.0221373
0.180235
0.02471
0.176229
0.0273984
0.17182
0.0302181
0.166995
0.033182
0.161739
0.0362994
0.156035
0.0395747
0.149868
0.0430054
0.14322
0.0465795
0.13607
0.0502712
0.128397
0.0540358
0.120177
0.0578027
0.111383
0.0614669
0.101984
0.0648794
0.0919492
0.0678369
0.0812484
0.0700737
0.0698488
0.0712572
0.057712
0.0709946
0.0447566
0.0688341
0.0308462
0.0643216
0.0158716
0.0573096
0.0467917
0.19965
0.00320042
0.198954
0.00618245
0.197904
0.00898963
0.196505
0.0116902
0.194762
0.014347
0.19268
0.0170026
0.190257
0.0196884
0.187487
0.0224322
0.184365
0.0252595
0.180882
0.028193
0.177027
0.0312525
0.172791
0.0344549
0.168158
0.0378144
0.163116
0.0413413
0.15765
0.0450412
0.151742
0.0489133
0.145374
0.0529475
0.138524
0.0571212
0.131165
0.0613945
0.123264
0.065704
0.114777
0.0699541
0.105649
0.0740076
0.0958105
0.077675
0.0851798
0.0807044
0.073662
0.0827751
0.0611557
0.0835009
0.0475503
0.0824395
0.032755
0.0791169
0.0167809
0.0732837
0.0635727
0.199655
0.00354578
0.198975
0.00686259
0.197959
0.0100054
0.19661
0.013039
0.194934
0.0160231
0.192933
0.0190032
0.190607
0.0220146
0.187952
0.0250876
0.184962
0.0282496
0.181629
0.0315253
0.177946
0.0349361
0.1739
0.0385005
0.16948
0.0422341
0.164673
0.046149
0.159462
0.0502524
0.153829
0.054546
0.147753
0.0590231
0.141208
0.0636664
0.134159
0.0684434
0.126562
0.0733014
0.118356
0.0781598
0.109463
0.082901
0.0997794
0.0873583
0.0891799
0.0913039
0.0775177
0.0944373
0.0646403
0.0963783
0.0504113
0.0966685
0.0347636
0.0947646
0.0177874
0.0902599
0.08136
0.199664
0.00388162
0.199006
0.00752041
0.19803
0.0109817
0.196739
0.0143305
0.195137
0.0176251
0.193227
0.0209131
0.191009
0.0242325
0.18848
0.0276163
0.185636
0.0310937
0.18247
0.0346911
0.178975
0.0384317
0.175139
0.0423356
0.170953
0.0464203
0.166403
0.0506997
0.161471
0.0551838
0.156139
0.0598778
0.150383
0.0647799
0.144169
0.0698798
0.137457
0.0751555
0.13019
0.0805686
0.122291
0.0860583
0.113659
0.0915329
0.10416
0.0968575
0.0936252
0.101839
0.0818557
0.106207
0.0686406
0.109593
0.0537942
0.111515
0.0372306
0.111328
0.0190801
0.10841
0.10044
0.199677
0.00420441
0.199047
0.00815067
0.198116
0.011913
0.196887
0.0155588
0.195366
0.0191461
0.193556
0.0227238
0.191456
0.0263324
0.189065
0.0300071
0.18638
0.033779
0.183395
0.0376761
0.180103
0.041723
0.176497
0.0459419
0.172565
0.0503521
0.168295
0.0549701
0.16367
0.059809
0.158669
0.0648785
0.153266
0.070183
0.147424
0.0757214
0.141096
0.0814839
0.134214
0.0874501
0.126689
0.0935836
0.118397
0.0998249
0.109174
0.10608
0.0988091
0.112204
0.0870415
0.117974
0.0735788
0.123056
0.0581383
0.126955
0.0405438
0.128923
0.0208968
0.128057
0.121337
0.199693
0.00451149
0.199095
0.00874907
0.198213
0.0127947
0.197053
0.0167185
0.19562
0.0205795
0.193916
0.0244277
0.191943
0.0283055
0.1897
0.0322501
0.187185
0.0362941
0.184394
0.0404671
0.181321
0.0447953
0.177961
0.0493026
0.174303
0.0540103
0.170335
0.0589376
0.166043
0.0641014
0.161405
0.0695163
0.156394
0.0751939
0.150972
0.0811431
0.145087
0.0873687
0.138667
0.0938704
0.131611
0.10064
0.12378
0.107656
0.114985
0.114875
0.10497
0.122219
0.0934055
0.129539
0.0798839
0.136578
0.0639543
0.142885
0.0452235
0.147653
0.023605
0.149676
0.144942
0.199711
0.0048008
0.199148
0.00931209
0.19832
0.0136223
0.197234
0.0178048
0.195894
0.0219197
0.194303
0.0260181
0.192465
0.0301441
0.190378
0.0343363
0.188044
0.0386289
0.185458
0.0430528
0.182618
0.0476355
0.179518
0.0524025
0.176151
0.0573772
0.172507
0.0625814
0.168573
0.0680358
0.164329
0.0737599
0.15975
0.079773
0.154799
0.0860943
0.149424
0.0927435
0.143553
0.0997414
0.137083
0.10711
0.129868
0.11487
0.121704
0.12304
0.1123
0.131622
0.101257
0.140583
0.0880272
0.149807
0.0719046
0.159008
0.0520699
0.167488
0.0278752
0.173871
0.172817
0.19973
0.00507074
0.199205
0.00983687
0.198435
0.0143923
0.197427
0.0188134
0.196185
0.0231617
0.194713
0.0274893
0.193016
0.0318415
0.191094
0.0362582
0.188948
0.0407749
0.186578
0.0454232
0.183981
0.0502322
0.181155
0.0552285
0.178095
0.0604373
0.174793
0.0658829
0.17124
0.0715891
0.167419
0.0775805
0.16331
0.0838828
0.158879
0.0905252
0.154081
0.0975413
0.14885
0.104972
0.143092
0.112868
0.136669
0.121294
0.129379
0.13033
0.120925
0.140076
0.110863
0.150645
0.0985199
0.16215
0.0828757
0.174652
0.0624109
0.187953
0.0351073
0.201174
0.207924
0.199751
0.00532003
0.199266
0.0103211
0.198557
0.0151017
0.197629
0.019741
0.19649
0.0243016
0.195142
0.0288366
0.193591
0.0333923
0.19184
0.0380097
0.18989
0.0427249
0.187743
0.0475705
0.185399
0.0525763
0.182857
0.0577699
0.180116
0.063178
0.177173
0.0688266
0.17402
0.0747422
0.170647
0.080953
0.167039
0.0874906
0.163173
0.0943916
0.159013
0.101701
0.154509
0.109476
0.149586
0.117792
0.144131
0.126748
0.137978
0.136483
0.130867
0.147187
0.122383
0.159129
0.111831
0.172702
0.0979819
0.188501
0.0784982
0.207437
0.0486312
0.231041
0.256556
0.199772
0.00554773
0.19933
0.010763
0.198684
0.0157482
0.19784
0.0205845
0.196806
0.025336
0.195586
0.0300563
0.194186
0.0347924
0.19261
0.039586
0.190861
0.0444737
0.188943
0.0494886
0.186859
0.0546608
0.18461
0.0600188
0.182198
0.0655897
0.179624
0.0714008
0.176886
0.0774801
0.17398
0.0838585
0.1709
0.0905707
0.167634
0.0976584
0.164161
0.105174
0.160453
0.113184
0.156466
0.121778
0.152134
0.13108
0.147357
0.141261
0.141974
0.152569
0.135724
0.16538
0.128134
0.180292
0.118263
0.198372
0.103861
0.221839
0.0776211
0.257281
0.334177
0.00384936
-0.00384936
0.00752046
-0.0036711
0.0105446
-0.00302412
0.0128983
-0.00235372
0.0146543
-0.00175598
0.0158906
-0.00123633
0.0166732
-0.000782615
0.0170576
-0.000384349
0.017103
-4.54453e-05
0.0168435
0.000259569
0.0163461
0.000497352
0.0156653
0.000680798
0.014855
0.000810305
0.0139705
0.000884484
0.0130667
0.000903796
0.0121935
0.000873213
0.0113916
0.000801902
0.0106891
0.000702458
0.0100993
0.000589819
0.00961948
0.000479841
0.00923365
0.000385834
0.00891937
0.00031428
0.00865624
0.000263125
0.00843064
0.0002256
0.00823579
0.000194852
0.00806891
0.000166884
0.0079275
0.00014141
0.00780686
0.000120641
0.00770088
0.000105975
8.42519e-05
0.00357626
-0.00742562
0.00701053
-0.00710536
0.00990335
-0.00591694
0.0122439
-0.0046943
0.0141049
-0.00361694
0.0155586
-0.00269
0.0166643
-0.0018883
0.017467
-0.00118711
0.0179853
-0.000563763
0.0182564
-1.15374e-05
0.0182588
0.000495002
0.0180562
0.000883354
0.0177014
0.00116516
0.0172505
0.00133535
0.0167595
0.00139482
0.0162787
0.00135396
0.015849
0.00123161
0.0154976
0.00105392
0.0152361
0.000851326
0.0150601
0.000655842
0.0149525
0.000493395
0.0148915
0.00037528
0.0148592
0.000295466
0.0148449
0.00023983
0.0148447
0.000195081
0.0148573
0.000154308
0.0148807
0.000117991
0.0149103
9.10081e-05
0.0149387
7.76112e-05
8.02131e-05
0.00304563
-0.0104713
0.00588061
-0.00994035
0.0082324
-0.00826873
0.0101338
-0.0065957
0.0116603
-0.00514346
0.0128722
-0.00390194
0.0138167
-0.00283275
0.0145307
-0.00190109
0.0150473
-0.00108036
0.0153882
-0.00035249
0.0155823
0.000300896
0.0156194
0.000846271
0.0155383
0.00124625
0.0153839
0.00148978
0.0151993
0.00157942
0.015022
0.00153131
0.0148809
0.00137263
0.0147952
0.00113961
0.0147709
0.000875649
0.0148002
0.00062652
0.0148645
0.0004291
0.0149424
0.000297458
0.0150191
0.000218679
0.015088
0.000170957
0.0151482
0.000134877
0.015201
0.000101493
0.0152469
7.2097e-05
0.0152841
5.38585e-05
0.0153076
5.40673e-05
8.30581e-05
0.00246186
-0.0129331
0.00459039
-0.0120689
0.00628284
-0.00996118
0.00763951
-0.00795236
0.00873533
-0.00623928
0.00961453
-0.00478114
0.0103095
-0.00352774
0.0108439
-0.0024355
0.0112381
-0.00147456
0.011516
-0.000630399
0.0116965
0.000120384
0.0117661
0.00077669
0.0117584
0.00125398
0.011715
0.00153319
0.0116676
0.00162682
0.0116389
0.00156002
0.0116436
0.00136793
0.0116877
0.00109544
0.0117676
0.000795835
0.0118676
0.000526498
0.0119625
0.000334182
0.012028
0.000231968
0.0120544
0.000192265
0.0120419
0.000183422
0.0119972
0.000179576
0.0119283
0.000170426
0.0118417
0.000158712
0.011742
0.000153526
0.0116328
0.000163333
0.000186512
0.00178519
-0.0147183
0.00312774
-0.0134114
0.00409114
-0.0109246
0.00484236
-0.00870359
0.00544515
-0.00684207
0.00592862
-0.00526462
0.0063134
-0.00391251
0.00661267
-0.00273477
0.00683396
-0.00169585
0.00698418
-0.000780616
0.00709407
1.04855e-05
0.0071169
0.000753866
0.00710645
0.00126443
0.00709346
0.00154617
0.00709406
0.00162623
0.00711385
0.00154023
0.00714978
0.001332
0.00719166
0.00105355
0.00722484
0.00076266
0.00722808
0.000523257
0.00717378
0.000388475
0.00704312
0.000362636
0.00684483
0.000390554
0.00659693
0.000431317
0.00631744
0.000459068
0.00602117
0.000466694
0.00571621
0.000463675
0.0054062
0.000463532
0.00510308
0.000466458
0.000424481
0.00101557
-0.0157339
0.00148665
-0.0138825
0.00167667
-0.0111146
0.0017759
-0.00880282
0.00182087
-0.00688703
0.00183627
-0.00528002
0.00183462
-0.00391086
0.00182541
-0.00272556
0.00182273
-0.00169317
0.00183692
-0.000794807
0.00177287
7.4534e-05
0.00170606
0.00082068
0.00163991
0.00133058
0.00158579
0.00160029
0.00153057
0.00168145
0.00144706
0.00162373
0.00130393
0.00147513
0.00107558
0.00128191
0.000753123
0.00108511
0.000355962
0.000920419
-7.12657e-05
0.000815702
-0.000483354
0.000774724
-0.000874199
0.000781399
-0.00124029
0.000797411
-0.00157885
0.00079763
-0.00189366
0.000781499
-0.00219088
0.000760893
-0.00247546
0.000748109
-0.00273678
0.000727786
0.000647906
7.45336e-05
-0.0158084
-0.000342034
-0.0134659
-0.000949143
-0.0105075
-0.00155978
-0.00819218
-0.00215031
-0.00629649
-0.00269069
-0.00473965
-0.0031686
-0.00343294
-0.0035828
-0.00231136
-0.00395958
-0.00131639
-0.00434852
-0.000405861
-0.00465829
0.0003843
-0.00484769
0.00101008
-0.00498665
0.00146954
-0.00514218
0.00175582
-0.00534353
0.00188281
-0.00560586
0.00188606
-0.00593152
0.00180079
-0.00631112
0.00166151
-0.0067289
0.00150289
-0.00716589
0.00135742
-0.0076016
0.00125141
-0.00801679
0.00118991
-0.00839386
0.00115847
-0.00872509
0.00112864
-0.00901069
0.00108323
-0.00925501
0.00102582
-0.00946637
0.000972253
-0.00965016
0.000931898
-0.00980838
0.000886008
0.000822416
-0.000890995
-0.0149174
-0.00230882
-0.0120481
-0.00376693
-0.00904938
-0.00518066
-0.00677845
-0.00647639
-0.00500076
-0.00763359
-0.00358244
-0.00864896
-0.00241757
-0.00952779
-0.00143253
-0.0102854
-0.000558825
-0.0108921
0.000200888
-0.0113128
0.000804945
-0.0116018
0.00129912
-0.0118321
0.00169987
-0.0120517
0.00197539
-0.0122942
0.00212527
-0.0125731
0.00216498
-0.0128882
0.00211587
-0.0132321
0.00200548
-0.0135965
0.00186726
-0.0139734
0.00173429
-0.0143513
0.00162938
-0.0147157
0.00155425
-0.0150485
0.00149128
-0.0153361
0.00141628
-0.0155727
0.00131979
-0.0157614
0.00121456
-0.0159123
0.0011231
-0.0160357
0.00105534
-0.0161481
0.000998352
0.000956726
-0.00200911
-0.0129083
-0.00444674
-0.00961048
-0.00686322
-0.0066329
-0.0091015
-0.00454017
-0.0110787
-0.0030236
-0.0127767
-0.00188437
-0.0142128
-0.000981477
-0.0154061
-0.000239295
-0.0163267
0.00036182
-0.016976
0.00085021
-0.0174457
0.00127459
-0.0178056
0.00165903
-0.0180843
0.00197857
-0.0183226
0.00221371
-0.0185554
0.00235809
-0.0188029
0.00241248
-0.0190712
0.00238415
-0.0193581
0.00229238
-0.0196598
0.00216901
-0.0199738
0.00204822
-0.0202949
0.00195055
-0.0206126
0.00187188
-0.0209092
0.00178791
-0.0211664
0.00167346
-0.0213721
0.00152551
-0.0215265
0.00136901
-0.021641
0.00123753
-0.0217311
0.00114549
-0.0218181
0.00108536
0.00106173
-0.00333729
-0.00957101
-0.00694936
-0.00599841
-0.0103711
-0.00321115
-0.0133837
-0.00152756
-0.0159349
-0.000472406
-0.0180113
0.000192037
-0.0196217
0.000628906
-0.0208121
0.000951144
-0.0216867
0.00123638
-0.022356
0.00151953
-0.0228801
0.00179864
-0.0232795
0.0020585
-0.0235824
0.00228144
-0.023826
0.00245731
-0.024047
0.00257911
-0.0242703
0.00263573
-0.0245047
0.00261859
-0.024749
0.00253668
-0.0250014
0.00242134
-0.0252641
0.00231091
-0.0255394
0.00222589
-0.025822
0.00215452
-0.026095
0.0020609
-0.0263344
0.00191284
-0.0265207
0.00171177
-0.0266503
0.00149868
-0.0267374
0.00132461
-0.0268037
0.00121178
-0.0268709
0.00115262
0.00114235
-0.00513629
-0.00443472
-0.0105707
-0.000563983
-0.0149977
0.00121579
-0.0184294
0.00190422
-0.0210005
0.00209865
-0.0229205
0.00211207
-0.024388
0.00209633
-0.0255362
0.00209935
-0.0264357
0.00213597
-0.0271374
0.00222114
-0.0276822
0.00234352
-0.0280972
0.00247345
-0.0284071
0.0025914
-0.0286472
0.00269738
-0.0288574
0.00278933
-0.0290663
0.00284455
-0.0292814
0.00283372
-0.0294973
0.00275261
-0.0297112
0.00263518
-0.029931
0.00253075
-0.0301689
0.00246378
-0.0304267
0.0024123
-0.0306874
0.00232162
-0.0309194
0.00214484
-0.031093
0.0018854
-0.0312003
0.00160598
-0.0312607
0.00138495
-0.0313044
0.00125554
-0.0313532
0.00120144
0.00120129
-0.00794619
0.00351147
-0.0144634
0.00595326
-0.0191518
0.00590413
-0.0226216
0.00537407
-0.025226
0.004703
-0.0271892
0.00407532
-0.0286885
0.00359558
-0.0298417
0.0032526
-0.0307267
0.00302092
-0.0314092
0.00290361
-0.0319419
0.00287626
-0.0323509
0.00288246
-0.032651
0.0028915
-0.0328739
0.00292028
-0.0330672
0.00298265
-0.0332656
0.00304293
-0.0334721
0.00304017
-0.0336699
0.00295046
-0.0338509
0.00281613
-0.0340301
0.00271002
-0.034234
0.00266766
-0.0344745
0.00265278
-0.0347338
0.00258093
-0.0349689
0.00237995
-0.0351353
0.00205177
-0.0352186
0.00168931
-0.0352473
0.00141359
-0.0352656
0.00127392
-0.0352966
0.00123235
0.00124092
-0.0100791
0.0135905
-0.0178354
0.0137096
-0.0232003
0.011269
-0.0268888
0.00906266
-0.0294982
0.00731239
-0.0313607
0.00593782
-0.032748
0.0049829
-0.0338148
0.00431939
-0.0346179
0.00382402
-0.0352266
0.0035123
-0.0357131
0.0033627
-0.036099
0.00326839
-0.0363736
0.00316616
-0.0365596
0.00310628
-0.0367218
0.00314483
-0.0369093
0.00323047
-0.0371168
0.00324763
-0.0373054
0.00313906
-0.037454
0.00296473
-0.0375876
0.00284364
-0.0377551
0.00283516
-0.0379837
0.00288137
-0.0382535
0.0028507
-0.0385043
0.00263071
-0.0386692
0.00221667
-0.0387235
0.00174365
-0.0387097
0.00139982
-0.0386965
0.00126067
-0.038711
0.00124691
0.00126499
-0.0133526
0.0269431
-0.0229758
0.0233328
-0.0283978
0.016691
-0.0316748
0.0123396
-0.0339816
0.00961918
-0.0354894
0.00744561
-0.0365736
0.0060671
-0.0374626
0.00520839
-0.0381238
0.00448528
-0.0385999
0.00398836
-0.0390063
0.00376916
-0.0393638
0.0036258
-0.0396025
0.00340487
-0.0397222
0.00322604
-0.0398268
0.00324945
-0.04
0.00340362
-0.0402225
0.00347009
-0.0404136
0.00333021
-0.040526
0.00307709
-0.0405992
0.00291686
-0.0407204
0.00295637
-0.0409408
0.00310173
-0.0412354
0.00314538
-0.0415184
0.00291371
-0.0416894
0.00238765
-0.0417058
0.00176006
-0.0416309
0.00132491
-0.0415752
0.00120496
-0.0415781
0.00124984
0.00128208
-0.0190001
0.0459432
-0.0306728
0.0350055
-0.0354509
0.0214691
-0.037092
0.0139808
-0.038757
0.0112842
-0.0395149
0.00820355
-0.0400122
0.00656434
-0.0407214
0.00591766
-0.0412592
0.00502309
-0.0415233
0.00425239
-0.0417919
0.00403779
-0.042124
0.00395789
-0.042325
0.00360582
-0.0423374
0.00323852
-0.04234
0.00325199
-0.0424966
0.00356023
-0.0427616
0.00373513
-0.0429765
0.00354508
-0.0430426
0.00314322
-0.043024
0.00289826
-0.0430762
0.00300858
-0.0432895
0.00331494
-0.043627
0.00348295
-0.0439643
0.00325098
-0.0441518
0.00257514
-0.0441161
0.00172437
-0.0439486
0.00115743
-0.0438319
0.00108823
-0.0438341
0.00125202
0.00131292
0.207447
0.00576049
0.207034
0.0111756
0.206432
0.0163507
0.205647
0.021369
0.204688
0.0262952
0.203561
0.0311837
0.202271
0.0360819
0.200825
0.0410317
0.199229
0.04607
0.197488
0.0512299
0.195607
0.0565417
0.193592
0.0620337
0.191448
0.0677333
0.189181
0.0736678
0.186796
0.079866
0.184295
0.086359
0.181683
0.0931827
0.178961
0.10038
0.176129
0.108005
0.173186
0.116127
0.170127
0.124838
0.166946
0.13426
0.16364
0.144567
0.160208
0.156001
0.156673
0.168915
0.153126
0.183839
0.149931
0.201567
0.148754
0.223016
0.160359
0.245676
0.25891
0.235626
0.21249
0.0059529
0.212118
0.0115484
0.211574
0.0168943
0.210868
0.0220749
0.210008
0.0271556
0.209
0.0321912
0.207853
0.037229
0.206574
0.0423109
0.20517
0.0474736
0.20365
0.0527499
0.202022
0.0581697
0.200295
0.0637606
0.198479
0.0695494
0.196585
0.0755626
0.194623
0.0818278
0.192607
0.088375
0.190551
0.0952385
0.188473
0.102458
0.186394
0.110085
0.184342
0.118179
0.182357
0.126822
0.180501
0.136117
0.178871
0.146197
0.177639
0.157233
0.177126
0.169429
0.177982
0.182982
0.18162
0.197929
0.190635
0.214
0.206031
0.23028
0.245855
0.219086
0.217658
0.00612283
0.217329
0.0118774
0.21685
0.0173729
0.21623
0.0226945
0.215478
0.027908
0.214601
0.0330677
0.213609
0.0382211
0.212511
0.0434094
0.211315
0.0486689
0.210034
0.0540314
0.208678
0.0595258
0.20726
0.0651786
0.205794
0.071015
0.204297
0.0770596
0.202787
0.0833377
0.201286
0.089876
0.19982
0.0967042
0.198422
0.103857
0.197134
0.111373
0.196011
0.119302
0.195131
0.127702
0.194608
0.13664
0.194611
0.146194
0.195403
0.15644
0.197395
0.167437
0.201195
0.179182
0.207573
0.19155
0.217193
0.204381
0.229782
0.217691
0.228907
0.24673
0.222951
0.00626828
0.22267
0.0121587
0.222262
0.0177811
0.221736
0.0232208
0.2211
0.0285435
0.220365
0.0338032
0.219539
0.0390467
0.218634
0.0443144
0.217662
0.0496415
0.216634
0.0550586
0.215567
0.0605932
0.214476
0.0662697
0.21338
0.072111
0.212301
0.0781389
0.211263
0.084375
0.210298
0.0908411
0.209442
0.0975604
0.208741
0.104558
0.208252
0.111862
0.208053
0.119501
0.208246
0.127509
0.208972
0.135915
0.210422
0.144743
0.212862
0.154001
0.216636
0.163663
0.222166
0.173652
0.229901
0.183815
0.240416
0.193866
0.254629
0.203478
0.210399
0.273138
0.228374
0.00638738
0.228144
0.0123887
0.227812
0.0181136
0.227385
0.023647
0.226875
0.0290542
0.22629
0.0343883
0.225641
0.0396951
0.224942
0.045014
0.224204
0.0503786
0.223445
0.0558181
0.222681
0.0613575
0.221931
0.0670191
0.221219
0.0728228
0.220572
0.0787865
0.22002
0.0849271
0.2196
0.0912606
0.219358
0.0978023
0.21935
0.104567
0.219644
0.111568
0.220328
0.118817
0.221516
0.126321
0.223353
0.134078
0.226023
0.142073
0.229757
0.150267
0.234836
0.158584
0.241589
0.166899
0.250395
0.175009
0.261703
0.182558
0.275986
0.189194
0.19383
0.292556
0.233929
0.00647846
0.233754
0.0125641
0.233502
0.0183657
0.233182
0.0239673
0.232803
0.0294329
0.232376
0.0348148
0.231914
0.0401573
0.23143
0.0454984
0.230938
0.05087
0.230458
0.056299
0.230007
0.0618081
0.229609
0.0674168
0.229291
0.0731412
0.229082
0.0789952
0.229019
0.0849904
0.229143
0.0911361
0.229506
0.0974392
0.230169
0.103904
0.231206
0.110531
0.232709
0.117314
0.234788
0.124241
0.237582
0.131285
0.241252
0.138402
0.245993
0.145526
0.252024
0.152553
0.259589
0.159334
0.268931
0.165667
0.280228
0.171261
0.293581
0.175842
0.178897
0.308513
0.23962
0.00654002
0.239502
0.0126822
0.239334
0.0185334
0.239125
0.0241763
0.238884
0.0296735
0.238623
0.0350757
0.238355
0.0404258
0.238094
0.0457598
0.237856
0.0511075
0.237662
0.0564935
0.237532
0.061938
0.237492
0.0674569
0.23757
0.0730628
0.2378
0.078765
0.238221
0.0845696
0.238878
0.0904793
0.239824
0.0964933
0.241122
0.102606
0.242846
0.108806
0.245085
0.115075
0.247942
0.121384
0.251535
0.127691
0.256001
0.133936
0.26149
0.140037
0.268158
0.145885
0.276155
0.151337
0.285603
0.156219
0.296548
0.160316
0.30898
0.16341
0.165236
0.322642
0.245448
0.0065708
0.24539
0.0127404
0.24531
0.0186133
0.245217
0.0242698
0.245119
0.0297709
0.245029
0.0351657
0.24496
0.0404948
0.244928
0.0457924
0.244949
0.0510859
0.245045
0.0563974
0.245239
0.0617441
0.245558
0.0671387
0.24603
0.0725899
0.246693
0.0781025
0.247585
0.0836775
0.248753
0.0893115
0.250249
0.0949967
0.252136
0.100719
0.254482
0.10646
0.257368
0.112189
0.260884
0.117869
0.265126
0.123449
0.270202
0.128861
0.276216
0.134023
0.28327
0.138831
0.291445
0.143162
0.300788
0.146876
0.311288
0.149815
0.32288
0.151818
0.152755
0.335361
0.251418
0.00656978
0.251422
0.0127369
0.251432
0.0186025
0.251458
0.0242445
0.251507
0.0297216
0.251592
0.0350807
0.251726
0.0403606
0.251926
0.0455929
0.252209
0.0508028
0.252597
0.0560096
0.253113
0.0612275
0.253786
0.0664661
0.254646
0.0717303
0.255727
0.0770209
0.257071
0.0823341
0.258721
0.0876615
0.260728
0.0929895
0.263149
0.0982986
0.266046
0.103563
0.269488
0.108747
0.273548
0.113809
0.278302
0.118694
0.283827
0.123337
0.290191
0.127659
0.297451
0.131571
0.305642
0.134971
0.314765
0.137753
0.324776
0.139804
0.335575
0.141019
0.141339
0.34699
0.257532
0.00653622
0.257599
0.0126702
0.257702
0.0184992
0.257849
0.024098
0.258048
0.0295229
0.25831
0.0348186
0.258649
0.0400214
0.259081
0.0451605
0.259625
0.0502586
0.260303
0.0553323
0.261137
0.0603932
0.262156
0.0654474
0.263389
0.0704968
0.264871
0.0755386
0.266641
0.080565
0.268738
0.0855637
0.271211
0.090517
0.274108
0.0954015
0.277483
0.100187
0.281392
0.104838
0.285892
0.109309
0.291038
0.113548
0.29688
0.117495
0.303457
0.121081
0.310795
0.124233
0.318896
0.126871
0.327732
0.128917
0.337239
0.130297
0.347314
0.130945
0.130841
0.357813
0.263794
0.00646964
0.263925
0.0125394
0.264122
0.0183021
0.264391
0.0238292
0.26474
0.029174
0.265179
0.0343788
0.265723
0.0394774
0.266387
0.0444966
0.267189
0.0494565
0.26815
0.0543713
0.269294
0.0592496
0.270646
0.0640951
0.272236
0.0689068
0.274096
0.0736787
0.276261
0.0784005
0.278767
0.0830568
0.281657
0.0876275
0.284971
0.0920872
0.288754
0.096405
0.293047
0.100544
0.297894
0.104463
0.303329
0.108113
0.309381
0.111442
0.316069
0.114394
0.323394
0.116908
0.331336
0.118929
0.339854
0.120399
0.348876
0.121274
0.358305
0.121516
0.121125
0.36802
0.270207
0.00636987
0.270402
0.0123443
0.270693
0.0180111
0.271084
0.023438
0.271583
0.0286753
0.272199
0.0337626
0.272945
0.0387311
0.273837
0.0436052
0.274891
0.0484025
0.276127
0.0531349
0.277568
0.0578087
0.279238
0.0624251
0.281164
0.0669808
0.283375
0.0714678
0.285902
0.0758737
0.288777
0.0801816
0.292035
0.0843702
0.295708
0.0884137
0.299831
0.0922821
0.304434
0.095941
0.309545
0.099352
0.315185
0.102474
0.321365
0.105262
0.328086
0.107672
0.335335
0.10966
0.34308
0.111183
0.351272
0.112208
0.359841
0.112705
0.368698
0.112659
0.11208
0.377743
0.276774
0.00623702
0.277033
0.0120851
0.277417
0.0176267
0.27793
0.0229254
0.278577
0.0280284
0.279367
0.0329726
0.280311
0.0377865
0.281424
0.0424922
0.282722
0.0471049
0.284223
0.0516344
0.285946
0.0560849
0.287915
0.0604559
0.290154
0.0647423
0.292687
0.0689346
0.295541
0.0730195
0.298744
0.0769794
0.302321
0.0807932
0.306298
0.0844361
0.3107
0.0878801
0.315547
0.0910943
0.320853
0.0940455
0.326628
0.0966989
0.332871
0.0990194
0.33957
0.100973
0.346703
0.102527
0.354231
0.103655
0.362104
0.104335
0.370257
0.104553
0.37861
0.104306
0.10361
0.38708
0.283498
0.00607145
0.283821
0.0117625
0.284297
0.0171501
0.284929
0.0222934
0.285721
0.0272364
0.286681
0.0320131
0.287818
0.0366496
0.289144
0.0411654
0.290675
0.045574
0.292427
0.049883
0.294416
0.0540951
0.296664
0.0582082
0.29919
0.0622163
0.302016
0.0661092
0.305162
0.0698731
0.30865
0.073491
0.312501
0.0769427
0.316732
0.0802053
0.321358
0.0832539
0.32639
0.0860618
0.331835
0.088601
0.33769
0.0908439
0.343946
0.0927634
0.350584
0.0943345
0.357576
0.0955356
0.364881
0.0963497
0.372449
0.0967659
0.380222
0.0967804
0.388131
0.0963966
0.0956349
0.396107
0.290384
0.00587382
0.290769
0.011378
0.291335
0.0165835
0.292084
0.0215451
0.293016
0.0263035
0.29414
0.0308898
0.295462
0.0353277
0.296992
0.0396346
0.298745
0.0438219
0.300732
0.0478957
0.30297
0.0518574
0.305474
0.0557041
0.308261
0.059429
0.311349
0.0630218
0.314752
0.0664693
0.318488
0.0697553
0.322569
0.0728614
0.327007
0.0757674
0.33181
0.0784517
0.336979
0.080892
0.342514
0.0830659
0.348406
0.0849519
0.35464
0.0865303
0.36119
0.0877837
0.368027
0.0886988
0.37511
0.0892664
0.382393
0.0894831
0.389823
0.0893512
0.39734
0.0888789
0.0880876
0.404887
0.297435
0.00564499
0.297879
0.0109331
0.298534
0.0159294
0.299394
0.0206842
0.300463
0.0252348
0.301744
0.0296094
0.303242
0.0338295
0.304966
0.0379104
0.306926
0.0418617
0.309133
0.0456885
0.3116
0.049391
0.314338
0.0529659
0.317361
0.0564062
0.32068
0.0597021
0.324309
0.0628411
0.328255
0.0658086
0.332528
0.0685884
0.337133
0.0711631
0.342069
0.0735148
0.347336
0.0756255
0.352924
0.0774778
0.35882
0.0790559
0.365004
0.080346
0.371451
0.0813373
0.378127
0.0820223
0.384996
0.082398
0.392013
0.0824656
0.399133
0.0822317
0.406304
0.0817071
0.0809126
0.413479
0.304654
0.00538603
0.305157
0.01043
0.305895
0.0151912
0.306864
0.0197152
0.308063
0.0240362
0.309493
0.0281796
0.311158
0.0321645
0.313064
0.0360045
0.315218
0.0397077
0.317628
0.0432782
0.320303
0.0467155
0.323253
0.0500162
0.326486
0.0531734
0.33001
0.0561782
0.333832
0.0590193
0.337956
0.0616839
0.342386
0.0641581
0.347122
0.0664276
0.352159
0.0684779
0.357489
0.070295
0.363101
0.0718661
0.368977
0.0731801
0.375095
0.0742282
0.381427
0.0750045
0.387944
0.075506
0.394608
0.0757339
0.401381
0.0756927
0.408221
0.0753911
0.415087
0.0748412
0.0740627
0.421937
0.312046
0.00509814
0.312605
0.0098712
0.313424
0.0143724
0.314496
0.0186432
0.315818
0.0227143
0.317389
0.0266085
0.31921
0.0303429
0.321286
0.0339291
0.323619
0.0373743
0.326216
0.0406815
0.329081
0.0438501
0.332221
0.0468766
0.33564
0.0497547
0.339341
0.0524765
0.343329
0.055032
0.347602
0.0574105
0.352159
0.0596006
0.356996
0.0615906
0.362105
0.0633694
0.367474
0.0649265
0.373087
0.066253
0.378925
0.0673418
0.384965
0.0681878
0.391181
0.0687889
0.397542
0.0691455
0.404014
0.0692613
0.410564
0.0691431
0.417154
0.0688005
0.42375
0.0682459
0.0674976
0.430315
0.319615
0.00478266
0.320227
0.00925916
0.321122
0.0134771
0.322292
0.0174736
0.32373
0.0212761
0.325434
0.0249049
0.327402
0.028375
0.329634
0.0316966
0.332133
0.0348758
0.334899
0.0379149
0.337936
0.0408133
0.341245
0.0435675
0.344828
0.0461723
0.348684
0.0486205
0.352812
0.050904
0.357208
0.0530139
0.361868
0.054941
0.366782
0.0566763
0.37194
0.0582116
0.377327
0.0595395
0.382926
0.0606542
0.388716
0.0615517
0.394674
0.06223
0.400773
0.0626895
0.406986
0.062933
0.413281
0.0629658
0.419628
0.0627958
0.425996
0.0624331
0.432352
0.0618896
0.0611819
0.438668
0.327365
0.00444094
0.328028
0.00859663
0.328995
0.0125093
0.330257
0.0162118
0.331805
0.0197285
0.333632
0.0230773
0.335736
0.0262713
0.338113
0.0293191
0.340763
0.0322261
0.343684
0.034994
0.346875
0.0376222
0.350335
0.0401078
0.354061
0.0424461
0.35805
0.0446313
0.362298
0.0466567
0.366796
0.0485152
0.371538
0.0501998
0.37651
0.0517038
0.3817
0.0530214
0.387092
0.0541478
0.392667
0.0550797
0.398403
0.0558155
0.404277
0.0563553
0.410265
0.0567014
0.41634
0.0568581
0.422475
0.0568316
0.42864
0.05663
0.43481
0.0562634
0.440957
0.0557431
0.0550839
0.447055
0.3353
0.00407434
0.336011
0.00788626
0.337047
0.0114729
0.338396
0.0148633
0.340046
0.0180786
0.341989
0.0211344
0.344218
0.0240417
0.346729
0.0268082
0.349517
0.0294382
0.352578
0.0319332
0.355907
0.0342926
0.359501
0.036514
0.363354
0.0385935
0.367458
0.0405265
0.371808
0.0423076
0.376391
0.0439315
0.381198
0.0453929
0.386215
0.0466872
0.391426
0.0478105
0.396813
0.0487601
0.402358
0.0495346
0.40804
0.0501341
0.413835
0.0505604
0.419719
0.0508167
0.425669
0.0509081
0.43166
0.0508414
0.437665
0.0506245
0.443662
0.050267
0.449626
0.0497792
0.0491742
0.455535
0.343426
0.00368411
0.344182
0.00713052
0.345283
0.0103718
0.346713
0.0134333
0.348458
0.016333
0.350509
0.019084
0.352855
0.0216958
0.355488
0.0241746
0.358402
0.026524
0.36159
0.0287454
0.365045
0.0308382
0.368758
0.0328005
0.372722
0.0346292
0.376928
0.0363206
0.381365
0.0378708
0.386021
0.0392758
0.390882
0.0405319
0.395933
0.041636
0.401158
0.0425859
0.406537
0.0433804
0.412052
0.0440195
0.417682
0.0445045
0.423404
0.0448381
0.429197
0.0450242
0.435037
0.0450683
0.440901
0.0449769
0.446768
0.0447577
0.452615
0.0444195
0.458423
0.0439716
0.0434252
0.464172
0.351746
0.00327127
0.352545
0.00633151
0.353708
0.0092094
0.355215
0.0119265
0.35705
0.0144978
0.3592
0.0169338
0.361654
0.019242
0.364401
0.0214278
0.367431
0.023494
0.370734
0.0254418
0.374302
0.0272706
0.378123
0.0289791
0.382188
0.0305647
0.386483
0.0320249
0.390998
0.0333566
0.395716
0.034557
0.400624
0.0356238
0.405705
0.0365552
0.410941
0.0373501
0.416313
0.0380083
0.421802
0.0385309
0.427386
0.0389199
0.433046
0.0391783
0.43876
0.0393106
0.444506
0.0393219
0.450265
0.0392185
0.456015
0.0390075
0.461738
0.0386967
0.467415
0.0382942
0.0378099
0.47303
0.360267
0.00283648
0.361108
0.00549065
0.362329
0.00798821
0.363908
0.0103471
0.365828
0.0125785
0.368071
0.0146902
0.370625
0.0166881
0.373477
0.0185763
0.376614
0.0203573
0.380024
0.0220317
0.383695
0.0235994
0.387615
0.025059
0.391771
0.0264089
0.396149
0.0276471
0.400734
0.0287715
0.40551
0.0297803
0.410462
0.030672
0.415572
0.0314458
0.42082
0.0321014
0.426189
0.0326395
0.431658
0.0330615
0.437208
0.0333699
0.442819
0.0335679
0.44847
0.0336597
0.454142
0.0336502
0.459815
0.0335451
0.465472
0.0333507
0.471095
0.0330738
0.476667
0.0327215
0.032302
0.482175
0.368993
0.00237963
0.369876
0.00460817
0.371154
0.00670989
0.372803
0.00869822
0.374802
0.0105795
0.377133
0.0123586
0.379781
0.01404
0.382731
0.0156269
0.385967
0.0171208
0.389477
0.0185225
0.393245
0.0198314
0.397257
0.0210468
0.401498
0.0221674
0.405954
0.0231919
0.410606
0.0241188
0.41544
0.024947
0.420436
0.0256758
0.425577
0.0263049
0.430844
0.0268346
0.436217
0.027266
0.441678
0.0276007
0.447206
0.0278412
0.452784
0.0279907
0.45839
0.028053
0.464008
0.0280323
0.469619
0.0279338
0.475207
0.0277628
0.480756
0.0275249
0.486252
0.0272261
0.0268731
0.491681
0.377932
0.00189914
0.378858
0.00368212
0.380192
0.00537509
0.381908
0.00698307
0.383982
0.00850538
0.386396
0.00994442
0.389132
0.0113037
0.392174
0.0125854
0.395504
0.0137905
0.399107
0.0149193
0.402967
0.0159714
0.407068
0.0169463
0.411392
0.0178429
0.415924
0.0186604
0.420645
0.0193979
0.425537
0.0200547
0.430582
0.0206306
0.435761
0.0211257
0.441055
0.0215404
0.446445
0.0218761
0.451912
0.0221343
0.457436
0.0223174
0.462998
0.022428
0.468582
0.0224695
0.474169
0.0224456
0.479742
0.0223604
0.485287
0.0222182
0.490788
0.0220238
0.496232
0.0217818
0.021498
0.501607
0.387091
0.0013898
0.388068
0.00270527
0.389462
0.00398128
0.391243
0.00520188
0.393391
0.00635758
0.395885
0.00745017
0.398706
0.00848259
0.401835
0.00945597
0.405255
0.0103705
0.408948
0.0112262
0.412897
0.0120226
0.417084
0.0127594
0.421491
0.013436
0.4261
0.0140516
0.430892
0.0146059
0.435848
0.0150984
0.44095
0.015529
0.446177
0.0158982
0.451511
0.0162065
0.456932
0.0164549
0.462422
0.016645
0.467961
0.0167785
0.473531
0.0168578
0.479115
0.0168853
0.484696
0.0168642
0.490259
0.0167973
0.495789
0.0166882
0.501273
0.0165402
0.506698
0.0163569
0.0161421
0.512054
0.396484
0.000838568
0.397517
0.00167206
0.398966
0.00253264
0.400809
0.00335848
0.403028
0.00413903
0.405599
0.00487878
0.408502
0.00557947
0.411718
0.00624075
0.415226
0.00686214
0.419009
0.00744341
0.423047
0.00798426
0.427322
0.00848432
0.431815
0.00894316
0.436506
0.00936036
0.441376
0.00973562
0.446406
0.0100688
0.451575
0.0103598
0.456864
0.0106091
0.462254
0.0108171
0.467724
0.0109845
0.473257
0.0111126
0.478832
0.0112026
0.484434
0.0112561
0.490044
0.011275
0.495647
0.0112612
0.501228
0.011217
0.506771
0.0111446
0.512265
0.0110465
0.517697
0.0109252
0.0107838
0.523055
0.406193
0.000155545
0.40729
0.000575359
0.408789
0.00103332
0.410692
0.0014562
0.412974
0.00185614
0.415615
0.00223861
0.418591
0.00260285
0.421884
0.00294755
0.425474
0.00327208
0.429342
0.00357614
0.433467
0.0038595
0.437829
0.00412184
0.442409
0.00436287
0.447187
0.00458234
0.452143
0.00478006
0.457256
0.00495594
0.462506
0.00511
0.467872
0.00524238
0.473336
0.00535338
0.478877
0.00544344
0.484477
0.00551313
0.490116
0.00556317
0.495778
0.0055944
0.501445
0.00560779
0.507102
0.0056044
0.512733
0.00558536
0.518326
0.00555187
0.523867
0.00550518
0.529346
0.00544649
0.00537767
0.534752
0.415475
0.41605
0.417084
0.41854
0.420396
0.422634
0.425237
0.428185
0.431457
0.435033
0.438893
0.443014
0.447377
0.45196
0.45674
0.461696
0.466806
0.472048
0.477401
0.482845
0.488358
0.493921
0.499516
0.505123
0.510728
0.516313
0.521865
0.52737
0.532817
0.538194
0.127732
0.107894
0.0375783
0.0901535
0.0572085
-0.0196302
0.210592
0.116388
0.194661
0.106085
0.0899599
0.16191
0.252499
0.110618
0.251968
0.106616
0.0996411
0.242287
0.280155
0.103601
0.284113
0.102658
0.0999531
0.283801
0.300007
0.09615
0.306235
0.0964293
0.0957014
0.310487
0.315889
0.0887744
0.322883
0.0894349
0.089552
0.329033
0.329521
0.0818944
0.336365
0.0825917
0.0829889
0.342928
0.341645
0.0756107
0.348008
0.0762284
0.0766613
0.354336
0.352725
0.0698764
0.358557
0.0703963
0.0707872
0.364431
0.363069
0.06462
0.36841
0.0650551
0.0653922
0.373805
0.372867
0.059773
0.377782
0.0601403
0.0604299
0.382744
0.382242
0.0552739
0.386795
0.0555877
0.0558387
0.391386
0.391283
0.0510707
0.395529
0.0513418
0.0515614
0.399806
0.400057
0.0471202
0.404042
0.0473566
0.0475504
0.408053
0.40862
0.0433872
0.412382
0.0435947
0.0437668
0.416166
0.417024
0.0398424
0.420594
0.0400254
0.0401788
0.424182
0.425318
0.0364613
0.42872
0.0366232
0.0367601
0.432139
0.433553
0.0332232
0.436809
0.0333665
0.0334888
0.440081
0.441781
0.0301099
0.444911
0.0302367
0.0303457
0.448054
0.450059
0.0271054
0.453079
0.0272172
0.027314
0.45611
0.458446
0.0241949
0.46137
0.024293
0.0243785
0.464306
0.467002
0.0213643
0.469846
0.0214498
0.0215246
0.472699
0.475794
0.0186005
0.47857
0.0186741
0.0187388
0.481356
0.484886
0.0158898
0.487608
0.015952
0.0160071
0.49034
0.494351
0.0132192
0.497032
0.0132707
0.0133165
0.499723
0.504253
0.0105738
0.506909
0.0106147
0.010651
0.509574
0.514686
0.00794131
0.517329
0.00797206
0.00799964
0.51998
0.525694
0.00530211
0.528344
0.00532235
0.00533991
0.531004
0.537406
0.00264807
0.540071
0.00265709
0.00266553
0.542746
0.540842
0.543499
0.546165
-0.0393255
0.0656385
-0.049689
0.045369
-0.0502014
0.0219815
-0.0437152
0.00749457
-0.0447265
0.0122954
-0.0448425
0.00831954
-0.044651
0.00637287
-0.0454344
0.00670107
-0.045876
0.00546468
-0.0455848
0.00396122
-0.0455762
0.00402917
-0.0459848
0.00436646
-0.0462451
0.00386609
-0.0461207
0.00311418
-0.045913
0.00304432
-0.0460437
0.00369086
-0.0464059
0.00409738
-0.0466857
0.0038249
-0.0466823
0.00313982
-0.0465033
0.00271925
-0.0464391
0.00294441
-0.0466542
0.00352999
-0.0470776
0.00390634
-0.0475173
0.00369064
-0.0477451
0.00280299
-0.0476302
0.00160942
-0.0473025
0.000829765
-0.0470822
0.000867972
-0.0471051
0.00127489
0.00141151
0.0972112
0.130337
0.0466424
0.0959378
-0.00232642
0.0709504
-0.0377603
0.0429285
-0.0520195
0.0265546
-0.0537854
0.0100854
-0.0482542
0.000841674
-0.0483359
0.00678284
-0.0487805
0.00590928
-0.0478907
0.00307136
-0.047958
0.00409651
-0.0488477
0.00525611
-0.0493333
0.00435175
-0.0487882
0.0025691
-0.0479171
0.00217317
-0.048013
0.00378679
-0.0486053
0.00468961
-0.0490566
0.00427622
-0.0489825
0.00306578
-0.0485199
0.00225659
-0.0482413
0.00266585
-0.04846
0.00374864
-0.0490126
0.004459
-0.0496006
0.00427863
-0.0498877
0.00309011
-0.0496483
0.00137002
-0.0490471
0.000228503
-0.0486506
0.000471542
-0.0487315
0.00135572
0.00168502
0.204938
0.167685
0.164052
0.136824
0.124865
0.110138
0.082588
0.0852052
0.0436123
0.0655303
0.00154312
0.0521546
-0.0320426
0.0344274
-0.048995
0.0237353
-0.0543994
0.0113137
-0.0527817
0.00145361
-0.049272
0.000586879
-0.0499979
0.00598199
-0.050797
0.00515079
-0.0493428
0.00111491
-0.0480699
0.000900293
-0.0486095
0.00432642
-0.0497656
0.00584573
-0.050566
0.00507653
-0.0503221
0.00282188
-0.0491829
0.00111745
-0.0484189
0.00190178
-0.0486763
0.00400614
-0.0494403
0.00522291
-0.0502507
0.00508911
-0.0506346
0.00347402
-0.0502297
0.000965108
-0.0492045
-0.000796685
-0.0485302
-0.000202828
-0.0487355
0.00156107
0.00230677
0.268918
0.182568
0.244847
0.160896
0.215962
0.139022
0.183056
0.118111
0.149314
0.0992725
0.118317
0.0831518
0.085348
0.0673964
0.0551002
0.053983
0.0233375
0.0430764
-0.00899987
0.0337909
-0.0337146
0.0253016
-0.0463822
0.0186496
-0.0511906
0.00995924
-0.0508415
0.000765834
-0.0465574
-0.00338387
-0.0466304
0.00439948
-0.048567
0.00778227
-0.0498966
0.0064062
-0.0492894
0.00221463
-0.0471546
-0.00101735
-0.0461182
0.000865336
-0.0467192
0.0046072
-0.0479068
0.00641051
-0.0491067
0.00628895
-0.0496399
0.00400726
-0.0491244
0.00044958
-0.0471974
-0.00272371
-0.0461402
-0.00125998
-0.0466088
0.00202971
0.00352681
0.308954
0.184101
0.29852
0.17133
0.281536
0.156006
0.259832
0.139815
0.23532
0.123785
0.209743
0.108729
0.182599
0.0945401
0.15515
0.0814321
0.128352
0.0698746
0.102514
0.0596287
0.0774224
0.0503935
0.0544808
0.0415911
0.0313093
0.0331308
0.00422513
0.02785
-0.0205147
0.0213559
-0.0344999
0.0183847
-0.0413638
0.0146463
-0.0445133
0.0095557
-0.0449689
0.00267023
-0.0424365
-0.00354983
-0.0409771
-0.000593979
-0.0418961
0.00552619
-0.0437366
0.00825097
-0.0453679
0.0079203
-0.0463194
0.00495871
-0.0448246
-0.00104519
-0.0426783
-0.00486999
-0.0413342
-0.00260412
-0.042292
0.00298753
0.00568017
0.335183
0.17795
0.334431
0.172083
0.327584
0.162853
0.315762
0.151636
0.300122
0.139425
0.281822
0.127028
0.261575
0.114788
0.240057
0.102949
0.218053
0.0918791
0.195934
0.0817477
0.17393
0.0723976
0.152071
0.0634496
0.130055
0.055147
0.109574
0.0483315
0.0885868
0.0423427
0.0696887
0.0372828
0.0525494
0.0317855
0.0360913
0.0260139
0.0173749
0.0213866
-0.00381372
0.0176388
-0.0197852
0.0153775
-0.0280414
0.0137824
-0.0321139
0.0123235
-0.0347009
0.0105073
-0.0360242
0.00628199
-0.0365077
-0.000561733
-0.0342447
-0.007133
-0.0342035
-0.0026453
-0.0360661
0.00485017
0.00922228
0.35292
0.167958
0.358328
0.166675
0.358929
0.162253
0.355058
0.155507
0.347312
0.147171
0.336447
0.137893
0.323119
0.128116
0.307874
0.118194
0.291284
0.108469
0.273861
0.0991703
0.255958
0.0903009
0.237635
0.0817723
0.219042
0.0737401
0.20077
0.0666036
0.182781
0.0603316
0.165574
0.0544904
0.14874
0.0486192
0.131901
0.0428529
0.115454
0.0378336
0.0992035
0.0338892
0.0836339
0.0309471
0.0692261
0.0281902
0.056232
0.0253176
0.0446273
0.022112
0.0327598
0.0181494
0.0172046
0.0149935
-0.00296914
0.0130408
-0.0181705
0.0125561
-0.0245909
0.0112705
0.0151746
0.365704
0.156589
0.374459
0.15792
0.379915
0.156797
0.381887
0.153535
0.380503
0.148554
0.376105
0.142291
0.369089
0.135132
0.359866
0.127418
0.348879
0.119456
0.33657
0.111479
0.323267
0.103604
0.309148
0.0958912
0.294412
0.0884765
0.279427
0.0815883
0.264507
0.0752514
0.24975
0.0692477
0.234983
0.0633859
0.220103
0.0577333
0.205305
0.0526315
0.190813
0.0483811
0.176904
0.0448558
0.163547
0.0415474
0.15067
0.0381949
0.138106
0.0346758
0.125228
0.0310279
0.112194
0.0280267
0.0989065
0.0263287
0.0858638
0.0255988
0.0720008
0.0251335
0.0270171
0.37584
0.14518
0.385993
0.147767
0.39417
0.14862
0.399949
0.147755
0.403156
0.145348
0.403813
0.141635
0.40207
0.136875
0.398159
0.131329
0.392369
0.125245
0.385009
0.118838
0.376348
0.112266
0.366593
0.105646
0.355959
0.099111
0.344733
0.092814
0.333173
0.0868118
0.321377
0.0810433
0.309326
0.0754377
0.297009
0.0700493
0.284561
0.0650796
0.272237
0.0607058
0.260229
0.0568633
0.248491
0.0532857
0.236908
0.0497774
0.225309
0.0462751
0.213442
0.0428951
0.201376
0.0400927
0.189376
0.0383286
0.17752
0.037455
0.165453
0.0371999
0.037894
0.384669
0.134316
0.395065
0.13737
0.404435
0.139249
0.412337
0.139853
0.418472
0.139213
0.422684
0.137423
0.424938
0.134621
0.425299
0.130969
0.4239
0.126645
0.420919
0.12182
0.416542
0.116643
0.410946
0.111241
0.404316
0.105741
0.396866
0.100264
0.388792
0.0948858
0.380213
0.0896225
0.371178
0.0844729
0.361733
0.0794939
0.352001
0.0748122
0.342168
0.0705383
0.332372
0.0666591
0.322613
0.0630449
0.312813
0.0595773
0.302854
0.0562346
0.292614
0.0531345
0.282139
0.0505679
0.271651
0.0488171
0.261249
0.0478572
0.250933
0.0475152
0.0476224
0.392886
0.124174
0.402957
0.127299
0.412583
0.129624
0.421409
0.131028
0.429139
0.131482
0.435557
0.131005
0.440531
0.129647
0.444005
0.127494
0.445995
0.124654
0.446568
0.121247
0.445822
0.117388
0.443872
0.113191
0.44085
0.108764
0.436903
0.10421
0.432179
0.0996103
0.426787
0.0950143
0.420802
0.0904585
0.414292
0.0860032
0.407365
0.0817392
0.400156
0.0777472
0.392771
0.0740441
0.385237
0.070579
0.377517
0.067298
0.369542
0.0642088
0.361263
0.0614133
0.352727
0.0591042
0.344082
0.0574619
0.335438
0.0565015
0.326863
0.0560903
0.0559517
0.400818
0.114742
0.410351
0.117766
0.419752
0.120224
0.428769
0.12201
0.437169
0.123083
0.444747
0.123427
0.451345
0.12305
0.456854
0.121985
0.461218
0.120291
0.464425
0.118039
0.466501
0.115313
0.467496
0.112196
0.467484
0.108776
0.466557
0.105137
0.464813
0.101355
0.462337
0.0974898
0.459201
0.0935945
0.455474
0.0897299
0.451244
0.0859694
0.446611
0.0823802
0.441659
0.078996
0.436426
0.0758129
0.430902
0.0728219
0.42506
0.0700507
0.418888
0.0675849
0.412433
0.0655591
0.405799
0.0640964
0.399079
0.0632214
0.392332
0.0628375
0.0626868
0.408604
0.105944
0.417568
0.108803
0.426549
0.111242
0.435382
0.113177
0.443897
0.114568
0.451933
0.115391
0.459347
0.115636
0.466022
0.11531
0.471873
0.114439
0.476848
0.113064
0.480925
0.111236
0.484106
0.109015
0.486417
0.106465
0.487902
0.103652
0.488616
0.100641
0.488616
0.0974899
0.487956
0.0942548
0.486692
0.0909939
0.48489
0.0877706
0.482626
0.0846448
0.479963
0.0816593
0.476938
0.078837
0.473563
0.0761974
0.469833
0.0737803
0.465758
0.0716598
0.461381
0.0699366
0.456776
0.0687014
0.452014
0.0679829
0.447129
0.0677228
0.0677222
0.416303
0.0976941
0.424738
0.100368
0.433259
0.102721
0.441755
0.104682
0.450105
0.106217
0.458192
0.107304
0.465901
0.107927
0.473132
0.10808
0.479799
0.107773
0.485837
0.107026
0.491201
0.105872
0.495867
0.104349
0.499828
0.102503
0.503095
0.100385
0.50569
0.098046
0.507642
0.0955376
0.508986
0.0929112
0.509759
0.0902203
0.510009
0.0875209
0.509786
0.0848675
0.509139
0.0823067
0.508101
0.0798755
0.506689
0.0776093
0.504914
0.0755551
0.502795
0.0737794
0.500368
0.0723635
0.497688
0.0713808
0.494805
0.0708663
0.491729
0.0707982
0.0710449
0.423946
0.0899142
0.431913
0.0924014
0.439998
0.0946355
0.44812
0.0965593
0.456194
0.0981433
0.464132
0.099366
0.471849
0.10021
0.479262
0.100667
0.486298
0.100736
0.492897
0.100428
0.499007
0.0997614
0.504594
0.0987622
0.509634
0.0974627
0.514119
0.0959002
0.51805
0.0941154
0.521436
0.0921516
0.524293
0.0900537
0.526645
0.0878689
0.528519
0.0856467
0.529949
0.0834369
0.53097
0.0812864
0.531607
0.0792383
0.53188
0.0773359
0.531806
0.0756295
0.531404
0.0741808
0.530708
0.0730601
0.529755
0.0723329
0.52858
0.0720422
0.52718
0.072198
0.0727322
0.431557
0.082539
0.439116
0.0848418
0.446809
0.0869432
0.454573
0.088795
0.462345
0.0903717
0.470057
0.0916534
0.477644
0.092623
0.485042
0.0932692
0.492189
0.0935883
0.499033
0.0935839
0.505528
0.0932668
0.511636
0.0926542
0.51733
0.091769
0.522591
0.0906393
0.527409
0.0892973
0.531782
0.0877785
0.535714
0.0861213
0.539216
0.084367
0.542304
0.0825593
0.544997
0.0807433
0.547319
0.0789643
0.549291
0.0772669
0.550929
0.0756973
0.552252
0.0743067
0.553279
0.0731535
0.554038
0.0723017
0.554557
0.0718138
0.554858
0.071741
0.554937
0.0721194
0.0729347
0.439164
0.0755138
0.44637
0.077636
0.453716
0.0795972
0.461155
0.0813563
0.468635
0.082891
0.476106
0.0841831
0.483512
0.0852162
0.490804
0.0859779
0.49793
0.086462
0.504846
0.0866682
0.51151
0.0866023
0.517889
0.0862754
0.523954
0.085704
0.529684
0.0849093
0.535064
0.0839169
0.540087
0.0827562
0.544748
0.0814597
0.549052
0.0800634
0.553005
0.0786057
0.556621
0.0771277
0.559914
0.0756718
0.562898
0.0742819
0.565591
0.0730043
0.568009
0.0718892
0.57017
0.0709925
0.572097
0.0703745
0.573814
0.0700967
0.575338
0.0702175
0.576665
0.070792
0.0718477
0.446802
0.0687924
0.4537
0.0707382
0.460742
0.0725549
0.467891
0.0742076
0.475105
0.0756768
0.482342
0.076946
0.489559
0.0779998
0.496711
0.0788255
0.503758
0.0794155
0.510659
0.0797669
0.517379
0.0798819
0.523887
0.0797674
0.530156
0.0794351
0.536165
0.078901
0.541896
0.0781856
0.547339
0.0773129
0.552488
0.0763109
0.557341
0.0752104
0.561901
0.0740456
0.566175
0.0728535
0.570174
0.0716735
0.573908
0.0705473
0.577393
0.0695197
0.580643
0.0686392
0.583676
0.0679591
0.586513
0.0675372
0.589175
0.0674346
0.591679
0.0677144
0.594027
0.0684438
0.0696796
0.454511
0.0623354
0.461141
0.0641085
0.467917
0.0657783
0.47481
0.067315
0.481785
0.0687015
0.488808
0.0699233
0.495842
0.0709661
0.502849
0.0718177
0.509795
0.0724697
0.516645
0.0729175
0.523366
0.0731609
0.529929
0.0732037
0.536311
0.0730538
0.542488
0.0727233
0.548446
0.0722284
0.55417
0.0715888
0.559653
0.070828
0.56489
0.0699728
0.569882
0.0690534
0.574633
0.0681028
0.579149
0.0671572
0.583441
0.0662556
0.58752
0.0654403
0.591402
0.0647575
0.595103
0.0642579
0.598644
0.0639967
0.602044
0.0640341
0.605324
0.0644352
0.608494
0.0652732
0.0666226
0.462338
0.0561078
0.468735
0.0577119
0.47528
0.0592333
0.481948
0.0606468
0.488712
0.0619377
0.495542
0.0630933
0.502407
0.0641006
0.509277
0.0649483
0.516119
0.0656277
0.522903
0.0661335
0.5296
0.0664638
0.536183
0.0666201
0.542629
0.0666076
0.548917
0.0664352
0.555031
0.0661153
0.560955
0.0656643
0.566681
0.0651016
0.572204
0.0644504
0.57752
0.0637369
0.582632
0.0629907
0.587545
0.0622445
0.592267
0.0615341
0.596808
0.0608989
0.601183
0.0603823
0.605409
0.0600318
0.609506
0.0599001
0.613495
0.0600452
0.617398
0.0605317
0.621238
0.061434
0.0628338
0.470335
0.0500779
0.476531
0.0515161
0.482876
0.0528884
0.48935
0.0541733
0.495929
0.0553586
0.502589
0.0564332
0.509304
0.0573855
0.516047
0.0582053
0.52279
0.0588842
0.529507
0.0594167
0.536171
0.0597997
0.542758
0.0600334
0.549245
0.0601207
0.555612
0.0600681
0.561842
0.0598852
0.567921
0.059585
0.573839
0.0591839
0.579588
0.0587014
0.585165
0.0581603
0.590569
0.0575865
0.595804
0.0570094
0.600876
0.0564614
0.605797
0.0559787
0.610578
0.055601
0.615237
0.0553728
0.619794
0.0553433
0.624271
0.0555674
0.628696
0.0561071
0.633096
0.0570339
0.0584302
0.478561
0.0442162
0.484586
0.0454911
0.490761
0.0467138
0.497068
0.0478662
0.503489
0.048938
0.510002
0.0499197
0.516586
0.0508013
0.523218
0.0515737
0.529873
0.0522291
0.536528
0.0527621
0.543158
0.0531692
0.549742
0.0534495
0.556258
0.0536045
0.562688
0.0536388
0.569013
0.0535598
0.57522
0.0533777
0.581298
0.0531059
0.587239
0.0527609
0.593037
0.0523623
0.598691
0.0519325
0.604203
0.0514974
0.609578
0.0510859
0.614826
0.0507306
0.61996
0.0504678
0.624995
0.0503378
0.629952
0.0503861
0.634856
0.0506633
0.639736
0.0512274
0.644625
0.0521444
0.0534928
0.487078
0.038494
0.492961
0.0396079
0.498994
0.0406808
0.505163
0.0416975
0.511451
0.0426494
0.517842
0.0435287
0.524317
0.0443268
0.530855
0.0450356
0.537435
0.0456485
0.544037
0.0461601
0.55064
0.0465671
0.557221
0.0468678
0.563763
0.047063
0.570246
0.0471556
0.576654
0.0471512
0.582974
0.047058
0.589193
0.0468868
0.595303
0.0466512
0.601297
0.0463678
0.607174
0.0460559
0.612934
0.0457377
0.618581
0.0454389
0.624123
0.045188
0.629574
0.0450174
0.634948
0.0449634
0.640267
0.0450668
0.645557
0.0453736
0.650849
0.0459359
0.656179
0.0468136
0.0480789
0.49595
0.0328833
0.50172
0.0338379
0.507641
0.0347606
0.513699
0.0356389
0.519883
0.0364659
0.526176
0.0372349
0.532564
0.0379389
0.539029
0.038571
0.545552
0.0391255
0.552115
0.0395975
0.558698
0.0399838
0.565283
0.0402827
0.571852
0.0404942
0.578387
0.0406203
0.584873
0.0406651
0.591296
0.040635
0.597644
0.0405386
0.603909
0.040387
0.610082
0.040194
0.616162
0.0399759
0.622149
0.0397516
0.628044
0.0395429
0.633858
0.0393748
0.6396
0.0392753
0.645287
0.0392762
0.65094
0.0394134
0.656587
0.0397274
0.662258
0.0402643
0.667995
0.0410763
0.0422275
0.50525
0.0273558
0.510936
0.0281524
0.516772
0.0289244
0.522749
0.0296619
0.528856
0.0303595
0.535079
0.0310117
0.541405
0.0316129
0.547818
0.0321573
0.554304
0.0326401
0.560844
0.0330572
0.567422
0.0334057
0.574021
0.033684
0.580624
0.0338916
0.587214
0.0340298
0.593778
0.0341017
0.600301
0.034112
0.606771
0.0340677
0.613181
0.0339776
0.619522
0.0338528
0.625791
0.0337067
0.631988
0.033555
0.638115
0.0334159
0.64418
0.0333103
0.650193
0.0332621
0.656171
0.0332982
0.662135
0.0334492
0.668113
0.0337499
0.674137
0.0342396
0.680251
0.0349629
0.035977
0.515048
0.0218823
0.520679
0.0225211
0.526461
0.0231418
0.532387
0.0237365
0.538446
0.0243008
0.544627
0.0248307
0.550918
0.0253217
0.557306
0.0257692
0.563777
0.0261694
0.570315
0.0265189
0.576905
0.0268153
0.583532
0.0270571
0.59018
0.0272438
0.596833
0.0273762
0.603479
0.0274563
0.610103
0.0274879
0.616695
0.0274761
0.623244
0.0274278
0.629745
0.0273517
0.636194
0.0272584
0.642588
0.0271603
0.648932
0.0270723
0.655231
0.027011
0.661497
0.026996
0.667746
0.0270492
0.674
0.0271957
0.680286
0.0274641
0.686638
0.0278867
0.693101
0.0284998
0.0293499
0.52543
0.0164327
0.531037
0.0169137
0.536797
0.0173817
0.542703
0.0178312
0.548745
0.0182588
0.554914
0.0186615
0.561199
0.0190361
0.567589
0.0193792
0.574071
0.0196877
0.580631
0.0199592
0.587255
0.0201918
0.593928
0.0203842
0.600635
0.020536
0.607364
0.0206477
0.6141
0.0207206
0.62083
0.0207574
0.627544
0.0207618
0.634233
0.0207389
0.64089
0.0206951
0.64751
0.0206382
0.654092
0.0205778
0.66064
0.0205248
0.667159
0.0204921
0.67366
0.0204944
0.680161
0.0205487
0.686682
0.0206744
0.693253
0.0208937
0.699907
0.021232
0.706689
0.0217185
0.0223943
0.536463
0.0109735
0.542082
0.0112951
0.547853
0.0116099
0.553773
0.011912
0.559832
0.0121996
0.566022
0.0124709
0.572335
0.0127238
0.578758
0.012956
0.58528
0.0131655
0.591889
0.0133506
0.59857
0.01351
0.605312
0.0136429
0.612099
0.0137488
0.618918
0.0138281
0.625757
0.0138816
0.632604
0.013911
0.639447
0.0139188
0.646278
0.0139082
0.653089
0.0138836
0.659877
0.0138502
0.66664
0.0138144
0.673382
0.0137836
0.680107
0.0137665
0.686828
0.0137732
0.693562
0.0138154
0.70033
0.0139063
0.707162
0.0140618
0.714094
0.0143001
0.72117
0.0146423
0.0151171
0.548251
0.00546839
0.553912
0.00563428
0.559728
0.00579308
0.565696
0.00594437
0.571807
0.00608848
0.578054
0.00622459
0.584426
0.00635139
0.590914
0.00646765
0.597507
0.00657237
0.604193
0.00666473
0.610959
0.00674406
0.617792
0.00680991
0.624679
0.00686207
0.631606
0.00690066
0.638562
0.00692612
0.645534
0.00693928
0.652511
0.00694137
0.659485
0.00693409
0.666449
0.0069196
0.673399
0.00690059
0.680333
0.00688028
0.687254
0.00686252
0.694169
0.00685178
0.701089
0.00685328
0.708031
0.00687311
0.715019
0.00691843
0.722083
0.00699802
0.729259
0.00712344
0.736589
0.00731235
0.00760907
0.551633
0.557268
0.563061
0.569005
0.575094
0.581318
0.58767
0.594137
0.60071
0.607374
0.614118
0.620928
0.62779
0.634691
0.641617
0.648556
0.655498
0.662432
0.669351
0.676252
0.683132
0.689995
0.696847
0.7037
0.710573
0.717491
0.724489
0.731613
0.738925
)
;

boundaryField
{
    inlet
    {
        type            calculated;
        value           nonuniform List<scalar> 
45
(
-0.2
-0.2
-0.2
-0.2
-0.2
-0.2
-0.2
-0.2
-0.2
-0.2
-0.2
-0.2
-0.2
-0.2
-0.2
-0.20766
-0.212683
-0.217828
-0.223097
-0.228493
-0.23402
-0.239681
-0.245479
-0.251417
-0.257499
-0.263728
-0.270107
-0.276641
-0.283333
-0.290186
-0.297206
-0.304395
-0.311758
-0.3193
-0.327023
-0.334934
-0.343036
-0.351334
-0.359832
-0.368536
-0.377451
-0.386582
-0.395933
-0.40551
-0.415319
)
;
    }
    outlet
    {
        type            calculated;
        value           nonuniform List<scalar> 
45
(
0.00761663
0.0149427
0.0153048
0.0115293
0.00486511
-0.00296021
-0.00998289
-0.0162824
-0.0219231
-0.0269516
-0.0314122
-0.0353362
-0.0387351
-0.0415952
-0.0438649
-0.0472037
-0.049005
-0.0493573
-0.0478289
-0.0444454
-0.0396082
-0.0305431
0.0601583
0.154576
0.241205
0.318534
0.385597
0.442094
0.488407
0.525492
0.554734
0.577752
0.596195
0.611551
0.625026
0.6375
0.649563
0.661593
0.673847
0.686501
0.699729
0.713644
0.728447
0.744097
0.746534
)
;
    }
    flap
    {
        type            calculated;
        value           uniform 0;
    }
    upperWall
    {
        type            calculated;
        value           uniform 0;
    }
    lowerWall
    {
        type            calculated;
        value           uniform 0;
    }
    frontAndBack
    {
        type            empty;
        value           nonuniform 0();
    }
}


// ************************************************************************* //
