/*--------------------------------*- C++ -*----------------------------------*\
  =========                 |
  \\      /  F ield         | OpenFOAM: The Open Source CFD Toolbox
   \\    /   O peration     | Website:  https://openfoam.org
    \\  /    A nd           | Version:  dev
     \\/     M anipulation  |
\*---------------------------------------------------------------------------*/
FoamFile
{
    version     2.0;
    format      ascii;
    class       surfaceScalarField;
    location    "7.7";
    object      phi;
}
// * * * * * * * * * * * * * * * * * * * * * * * * * * * * * * * * * * * * * //

dimensions      [0 3 -1 0 0 0 0];

internalField   nonuniform List<scalar> 
5457
(
0.198418
0.00158237
0.19648
0.00193735
0.194192
0.00228805
0.191509
0.00268354
0.188428
0.00308115
0.184951
0.00347672
0.181072
0.00387852
0.176778
0.00429396
0.17205
0.00472818
0.166865
0.00518518
0.161197
0.00566848
0.155015
0.00618101
0.148291
0.00672496
0.140989
0.00730134
0.13308
0.00790952
0.124533
0.00854648
0.115327
0.00920593
0.10545
0.00987723
0.0949059
0.0105441
0.0837223
0.0111836
0.0719577
0.0117647
0.0597093
0.0122483
0.0471206
0.0125887
0.0343804
0.0127402
0.0216854
0.012695
0.00903522
0.0126501
-0.00291771
0.0119529
-0.00847275
0.00555504
-0.00804324
-0.000429511
-0.00804324
0.199928
0.0016542
0.199176
0.00268977
0.197965
0.00349896
0.196332
0.00431668
0.194272
0.00514116
0.191782
0.00596674
0.188855
0.00680546
0.185478
0.00767079
0.181633
0.00857305
0.177298
0.00952056
0.172446
0.0105206
0.167047
0.0115794
0.16107
0.0127017
0.154482
0.0138903
0.147246
0.0151446
0.139333
0.0164596
0.130715
0.0178239
0.121375
0.0192174
0.11131
0.020609
0.10054
0.0219535
0.0891157
0.0231892
0.077128
0.024236
0.064722
0.0249947
0.0521145
0.0253477
0.0396542
0.0251553
0.0281043
0.0242001
0.0185938
0.0214635
0.00879592
0.0153529
0.00118286
0.00718355
-0.00686038
0.199781
0.00187363
0.199087
0.00338359
0.197946
0.00463986
0.196409
0.00585326
0.194483
0.00706725
0.192164
0.00828575
0.189447
0.00952285
0.186321
0.0107962
0.182773
0.0121209
0.178785
0.0135094
0.174333
0.0149727
0.169391
0.0165204
0.163933
0.0181603
0.157926
0.0198975
0.151337
0.0217329
0.144136
0.0236614
0.13629
0.0256694
0.127776
0.0277314
0.118579
0.029806
0.108701
0.0318315
0.0981692
0.0337212
0.0870468
0.0353584
0.07545
0.0365915
0.0635728
0.0372249
0.051731
0.0369971
0.0403959
0.0355352
0.0297378
0.0321216
0.0191652
0.0259255
0.00959709
0.0167516
0.0027367
0.199703
0.00217055
0.199008
0.00407888
0.197887
0.00576036
0.196376
0.00736414
0.194488
0.00895533
0.192222
0.0105517
0.189575
0.0121705
0.186539
0.0138322
0.183104
0.0155553
0.179258
0.0173559
0.174983
0.0192477
0.17026
0.021243
0.165069
0.023352
0.159384
0.0255817
0.153183
0.0279347
0.146437
0.0304067
0.139123
0.0329839
0.131216
0.0356388
0.122696
0.0383253
0.113555
0.0409725
0.103798
0.0434782
0.0934555
0.0457011
0.0825942
0.0474528
0.0713314
0.0484877
0.0598394
0.048489
0.0483155
0.0470591
0.0368098
0.0436274
0.025187
0.0375483
0.0133351
0.0286035
0.0160718
0.199667
0.00250313
0.198964
0.00478212
0.197863
0.00686165
0.196381
0.00884579
0.194533
0.0108041
0.192318
0.0127663
0.189734
0.0147543
0.186776
0.0167907
0.183434
0.018897
0.179698
0.0210916
0.175555
0.0233906
0.17099
0.0258081
0.165986
0.0283558
0.160526
0.031042
0.154591
0.0338703
0.14816
0.0368373
0.141214
0.0399298
0.133732
0.0431204
0.125695
0.0463623
0.117086
0.049582
0.107892
0.0526718
0.0981131
0.0554803
0.0877631
0.0578029
0.076877
0.0593738
0.065507
0.059859
0.0537064
0.0588597
0.0414526
0.0558812
0.0285867
0.0504141
0.0148518
0.0423384
0.0309236
0.199653
0.00285032
0.198949
0.00548616
0.197871
0.00793956
0.196427
0.0102899
0.194627
0.012604
0.192473
0.0149198
0.189964
0.0172639
0.187093
0.0196615
0.183854
0.0221363
0.180236
0.0247088
0.17623
0.0273971
0.171821
0.0302168
0.166996
0.0331806
0.161741
0.0362979
0.156038
0.0395732
0.149871
0.043004
0.143223
0.0465781
0.136073
0.05027
0.128401
0.0540347
0.120181
0.0578018
0.111386
0.0614664
0.101987
0.0648793
0.0919528
0.0678373
0.0812518
0.0700747
0.069852
0.0712589
0.0577148
0.070997
0.0447588
0.0688371
0.0308478
0.0643252
0.0158724
0.0573137
0.046796
0.19965
0.00320026
0.198954
0.00618213
0.197905
0.00898916
0.196505
0.0116896
0.194763
0.0143462
0.192681
0.0170017
0.190257
0.0196874
0.187488
0.0224311
0.184365
0.0252583
0.180883
0.0281917
0.177029
0.031251
0.172792
0.0344533
0.16816
0.0378127
0.163118
0.0413396
0.157652
0.0450395
0.151744
0.0489116
0.145377
0.0529458
0.138527
0.0571196
0.131169
0.0613932
0.123268
0.0657029
0.114781
0.0699534
0.105652
0.0740074
0.0958143
0.0776754
0.0851835
0.0807054
0.0736655
0.0827769
0.0611588
0.0835036
0.0475529
0.082443
0.0327569
0.0791212
0.0167819
0.0732887
0.0635779
0.199655
0.00354559
0.198975
0.00686222
0.197959
0.0100049
0.19661
0.0130383
0.194934
0.0160222
0.192934
0.0190022
0.190608
0.0220135
0.187952
0.0250863
0.184963
0.0282482
0.18163
0.0315237
0.177947
0.0349344
0.173902
0.0384987
0.169482
0.0422322
0.164675
0.046147
0.159464
0.0502505
0.153831
0.054544
0.147756
0.0590212
0.141211
0.0636646
0.134163
0.0684417
0.126565
0.0733
0.11836
0.0781589
0.109467
0.0829006
0.0997836
0.0873585
0.0891841
0.091305
0.0775217
0.0944393
0.064644
0.0963813
0.0504144
0.0966726
0.0347658
0.0947698
0.0177885
0.090266
0.0813665
0.199664
0.00388141
0.199006
0.00752
0.19803
0.0109811
0.196739
0.0143297
0.195137
0.0176242
0.193227
0.020912
0.191009
0.0242313
0.188481
0.0276148
0.185637
0.0310921
0.182471
0.0346894
0.178976
0.0384298
0.175141
0.0423336
0.170955
0.0464181
0.166405
0.0506975
0.161473
0.0551816
0.156142
0.0598755
0.150386
0.0647777
0.144172
0.0698777
0.137461
0.0751536
0.130194
0.0805669
0.122296
0.0860571
0.113664
0.0915322
0.104165
0.0968575
0.09363
0.10184
0.0818604
0.106209
0.0686451
0.109597
0.053798
0.11152
0.0372334
0.111334
0.0190816
0.108418
0.100448
0.199677
0.00420418
0.199047
0.00815022
0.198116
0.0119124
0.196887
0.0155579
0.195367
0.0191451
0.193556
0.0227226
0.191456
0.026331
0.189066
0.0300055
0.18638
0.0337773
0.183396
0.0376741
0.180104
0.0417209
0.176498
0.0459397
0.172567
0.0503497
0.168297
0.0549676
0.163672
0.0598065
0.158671
0.0648758
0.153269
0.0701804
0.147428
0.0757188
0.1411
0.0814816
0.134218
0.0874481
0.126694
0.093582
0.118402
0.0998238
0.10918
0.10608
0.0988147
0.112205
0.0870472
0.117976
0.0735843
0.12306
0.0581432
0.126961
0.0405476
0.12893
0.0208989
0.128066
0.121347
0.199693
0.00451124
0.199095
0.00874858
0.198213
0.012794
0.197053
0.0167176
0.19562
0.0205784
0.193916
0.0244263
0.191943
0.028304
0.189701
0.0322483
0.187186
0.0362922
0.184395
0.040465
0.181323
0.044793
0.177962
0.0493001
0.174304
0.0540077
0.170337
0.0589349
0.166045
0.0640986
0.161407
0.0695133
0.156397
0.0751909
0.150976
0.0811402
0.145091
0.0873659
0.138672
0.0938677
0.131616
0.100637
0.123786
0.107654
0.114991
0.114875
0.104977
0.122219
0.0934124
0.129541
0.0798908
0.136581
0.0639607
0.142891
0.0452287
0.147662
0.0236079
0.149687
0.144955
0.199711
0.00480054
0.199148
0.00931157
0.19832
0.0136215
0.197234
0.0178038
0.195894
0.0219185
0.194304
0.0260166
0.192465
0.0301424
0.190379
0.0343344
0.188044
0.0386269
0.185459
0.0430505
0.182619
0.047633
0.179519
0.0523998
0.176153
0.0573743
0.172509
0.0625784
0.168575
0.0680326
0.164332
0.0737566
0.159753
0.0797696
0.154803
0.0860909
0.149428
0.0927401
0.143558
0.0997382
0.137088
0.107107
0.129874
0.114868
0.12171
0.123038
0.112308
0.131621
0.101265
0.140584
0.0880359
0.14981
0.0719131
0.159014
0.0520771
0.167498
0.0278797
0.173885
0.172835
0.19973
0.00507045
0.199205
0.00983632
0.198435
0.0143915
0.197427
0.0188124
0.196185
0.0231604
0.194714
0.0274878
0.193016
0.0318397
0.191095
0.0362562
0.188949
0.0407726
0.186578
0.0454208
0.183982
0.0502295
0.181156
0.0552256
0.178096
0.0604342
0.174795
0.0658796
0.171242
0.0715856
0.167422
0.0775767
0.163313
0.083879
0.158882
0.0905213
0.154085
0.0975373
0.148855
0.104968
0.143098
0.112864
0.136676
0.12129
0.129387
0.130327
0.120934
0.140074
0.110873
0.150645
0.098531
0.162152
0.0828873
0.174658
0.0624216
0.187964
0.0351146
0.201192
0.207949
0.199751
0.00531973
0.199267
0.0103205
0.198557
0.0151009
0.19763
0.0197399
0.19649
0.0243002
0.195143
0.028835
0.193592
0.0333905
0.19184
0.0380076
0.189891
0.0427225
0.187743
0.0475679
0.1854
0.0525734
0.182858
0.0577668
0.180118
0.0631746
0.177174
0.0688229
0.174022
0.0747383
0.17065
0.0809489
0.167042
0.0874863
0.163177
0.0943871
0.159017
0.101696
0.154514
0.109471
0.149591
0.117787
0.144138
0.126744
0.137986
0.136479
0.130877
0.147183
0.122395
0.159127
0.111845
0.172702
0.0979978
0.188505
0.0785146
0.207447
0.0486444
0.231062
0.256594
0.199772
0.00554741
0.19933
0.0107624
0.198684
0.0157473
0.197841
0.0205834
0.196806
0.0253346
0.195587
0.0300546
0.194187
0.0347905
0.19261
0.0395838
0.190862
0.0444712
0.188944
0.0494858
0.186859
0.0546578
0.184611
0.0600154
0.182199
0.0655861
0.179625
0.0713969
0.176888
0.0774759
0.173983
0.083854
0.170903
0.0905659
0.167637
0.0976533
0.164165
0.105168
0.160458
0.113178
0.156472
0.121773
0.152142
0.131074
0.147366
0.141255
0.141986
0.152564
0.135738
0.165375
0.128151
0.180289
0.118285
0.198371
0.103887
0.221845
0.0776483
0.2573
0.334242
0.00382648
-0.00382648
0.00747162
-0.00364514
0.0104665
-0.00299488
0.0127827
-0.00231616
0.0144906
-0.00170796
0.0156731
-0.00118244
0.016408
-0.000734914
0.016769
-0.000361049
0.0168334
-6.44112e-05
0.0166567
0.000176737
0.0163141
0.000342558
0.0158615
0.000452629
0.0153442
0.000517341
0.0148004
0.000543787
0.0142618
0.000538603
0.0137532
0.00050853
0.0132927
0.000460505
0.0128913
0.000401393
0.0125538
0.000337516
0.0122797
0.000274166
0.012064
0.000215673
0.0118973
0.000166671
0.0117663
0.000130974
0.0116571
0.000109271
0.0115534
0.000103671
0.0114438
0.000109639
0.0113217
0.000122022
0.0111869
0.000134808
0.0110453
0.000141597
0.000117568
0.00353948
-0.00736596
0.00694195
-0.00704761
0.00980612
-0.00585904
0.0121141
-0.00462412
0.0139344
-0.00352828
0.0153415
-0.00258957
0.016403
-0.00179636
0.0171779
-0.00113601
0.0177101
-0.000596591
0.0180492
-0.000162362
0.0182199
0.000171868
0.0182607
0.000411818
0.0182182
0.000559873
0.0181287
0.000633292
0.0180232
0.000644097
0.0179262
0.00060552
0.0178553
0.000531422
0.0178212
0.000435436
0.0178288
0.000329991
0.0178774
0.000225563
0.0179623
0.000130709
0.0180735
5.54652e-05
0.0181968
7.67043e-06
0.0183227
-1.65622e-05
0.0184383
-1.19279e-05
0.0185351
1.27665e-05
0.0186096
4.75858e-05
0.018664
8.04193e-05
0.018703
0.000102539
0.000105433
0.00299618
-0.0103621
0.00578844
-0.00983988
0.00810715
-0.00817775
0.00997545
-0.00649242
0.0114621
-0.00501496
0.0126279
-0.00375534
0.0135258
-0.00269421
0.0142027
-0.00181292
0.0147047
-0.00109863
0.015084
-0.00054161
0.0153765
-0.000120627
0.015593
0.000195249
0.0157461
0.000406817
0.015857
0.000522343
0.0159453
0.00055583
0.0160259
0.000524906
0.016109
0.000448296
0.0161999
0.000344521
0.0163001
0.000229849
0.016407
0.000118602
0.0165128
2.49663e-05
0.0166135
-4.52251e-05
0.016714
-9.28164e-05
0.0168152
-0.000117789
0.0169178
-0.000114536
0.0170201
-8.94801e-05
0.0171236
-5.59332e-05
0.0172287
-2.47501e-05
0.0173249
6.40764e-06
5.05631e-05
0.00239735
-0.0127595
0.00446706
-0.0119096
0.00611709
-0.00982777
0.00743577
-0.00781111
0.00848996
-0.00606916
0.00932378
-0.00458916
0.00997312
-0.00334355
0.0104669
-0.00230672
0.0108343
-0.00146604
0.0111119
-0.00081917
0.011345
-0.000353687
0.0115475
-7.33012e-06
0.0117142
0.000240114
0.0118473
0.000389274
0.0119546
0.000448528
0.0120421
0.000437429
0.012113
0.000377392
0.0121683
0.000289189
0.0122092
0.00018896
0.0122371
9.07302e-05
0.0122582
3.82554e-06
0.0122656
-5.25862e-05
0.012266
-9.3194e-05
0.0122569
-0.000108743
0.0122388
-9.64587e-05
0.0122119
-6.25255e-05
0.012176
-2.00811e-05
0.0121329
1.83519e-05
0.0120841
5.51876e-05
9.72874e-05
0.00170131
-0.0144608
0.00296334
-0.0131716
0.00386967
-0.0107341
0.00457246
-0.0085139
0.00512978
-0.00662648
0.00557228
-0.00503165
0.00592168
-0.00369296
0.00618914
-0.00257417
0.00638571
-0.00166262
0.00653264
-0.000966096
0.00665959
-0.000480641
0.00680109
-0.000148823
0.00691875
0.000122445
0.0069862
0.000321825
0.00701337
0.000421358
0.00700127
0.000449534
0.00695199
0.000426672
0.00686659
0.000374584
0.00675135
0.000304202
0.00661642
0.00022566
0.00646676
0.000153487
0.00630742
0.000106756
0.00612267
9.15506e-05
0.00590187
0.000112056
0.00563253
0.000172886
0.00531796
0.000252043
0.00497691
0.000320975
0.00463735
0.000357909
0.00432804
0.000364496
0.000321699
0.000905002
-0.0153658
0.00127128
-0.0135379
0.00138004
-0.0108429
0.00141481
-0.00854866
0.00140611
-0.00661778
0.00138306
-0.0050086
0.00135871
-0.00366861
0.00133556
-0.00255102
0.00131206
-0.00163912
0.00130386
-0.000957894
0.00131158
-0.000488356
0.00126255
-9.97927e-05
0.00115934
0.000225654
0.000997794
0.000483369
0.000777646
0.000641506
0.000494418
0.000732762
0.000139943
0.000781148
-0.000277082
0.000791609
-0.000742436
0.000769557
-0.00123931
0.000722534
-0.00174731
0.000661483
-0.00224126
0.000600711
-0.00269778
0.000548066
-0.00309582
0.000510099
-0.0034242
0.00050127
-0.00369595
0.000523791
-0.00393854
0.000563566
-0.00417188
0.000591242
-0.0043842
0.000576821
0.00050438
-6.8291e-05
-0.0152975
-0.00061145
-0.0129947
-0.0013268
-0.0101275
-0.00203606
-0.00783939
-0.00270319
-0.00595065
-0.00329952
-0.00441228
-0.00381274
-0.00315538
-0.00424822
-0.00211555
-0.00464582
-0.00124152
-0.00509712
-0.000506587
-0.00565055
6.50722e-05
-0.00618199
0.000431648
-0.00660646
0.000650122
-0.00695671
0.000833623
-0.00730104
0.000985833
-0.00766125
0.00109297
-0.00803818
0.00115808
-0.00843108
0.00118451
-0.00883827
0.00117675
-0.00925732
0.00114158
-0.00968266
0.00108683
-0.0101019
0.00101996
-0.0104987
0.000944895
-0.0108561
0.000867477
-0.0111575
0.000802637
-0.0113989
0.000765207
-0.0115908
0.000755447
-0.0117504
0.000750905
-0.0118916
0.000717944
0.000659455
-0.00105824
-0.0142393
-0.00263593
-0.0114171
-0.00424618
-0.00851726
-0.00579426
-0.00629131
-0.0072136
-0.00453131
-0.00848991
-0.00313596
-0.00962143
-0.00202386
-0.0106169
-0.00112006
-0.0114904
-0.000368075
-0.0122084
0.000211427
-0.0127465
0.000603178
-0.0131778
0.000862959
-0.0135876
0.00105988
-0.0139743
0.00122035
-0.0143399
0.00135148
-0.0146957
0.00144872
-0.015046
0.00150841
-0.0153925
0.00153097
-0.0157379
0.00152212
-0.0160867
0.00149041
-0.0164419
0.00144203
-0.0167992
0.00137724
-0.0171458
0.00129154
-0.0174637
0.00118535
-0.0177344
0.00107333
-0.017948
0.000978884
-0.0181086
0.000915988
-0.0182321
0.000874376
-0.0183434
0.000829292
0.000788249
-0.00219839
-0.0120409
-0.00483064
-0.00878481
-0.00742278
-0.00592511
-0.00980665
-0.00390744
-0.011905
-0.00243301
-0.0137072
-0.00133371
-0.0152256
-0.000505453
-0.0164633
0.000117611
-0.0174044
0.000573008
-0.0180962
0.000903291
-0.0186505
0.00115742
-0.0191367
0.00134916
-0.0195716
0.00149481
-0.0199661
0.00161483
-0.0203312
0.00171664
-0.020677
0.00179449
-0.0210077
0.00183915
-0.0213247
0.00184792
-0.0216314
0.00182883
-0.0219357
0.00179469
-0.0222454
0.00175181
-0.0225614
0.00169322
-0.0228731
0.00160319
-0.0231608
0.00147304
-0.0234038
0.00131636
-0.0235911
0.00116623
-0.0237272
0.00105205
-0.0238294
0.000976558
-0.0239239
0.000923758
0.000897744
-0.00354797
-0.00849291
-0.00734409
-0.00498868
-0.0109476
-0.00232156
-0.0141073
-0.000747747
-0.0167346
0.000194252
-0.0188055
0.000737238
-0.020376
0.00106503
-0.0215523
0.00129389
-0.022456
0.00147668
-0.0231869
0.0016342
-0.0237925
0.00176301
-0.024305
0.00186165
-0.0247474
0.00193726
-0.0251379
0.00200529
-0.0254938
0.00207252
-0.0258276
0.00212833
-0.0261429
0.0021545
-0.0264385
0.00214344
-0.0267165
0.00210691
-0.0269875
0.00206569
-0.0272645
0.00202876
-0.0275528
0.00198147
-0.0278427
0.00189311
-0.0281113
0.00174163
-0.0283334
0.00153846
-0.0284968
0.00132967
-0.0286094
0.00116469
-0.028693
0.00106009
-0.0287724
0.00100323
0.000988728
-0.00547126
-0.00302165
-0.0109905
0.000530589
-0.0153915
0.00207936
-0.0187676
0.00262842
-0.0213045
0.0027311
-0.0232409
0.0026737
-0.0247609
0.00258503
-0.0259631
0.00249609
-0.0269153
0.00242885
-0.0276767
0.00239562
-0.0282998
0.00238607
-0.0288181
0.00237992
-0.0292534
0.00237257
-0.0296279
0.0023798
-0.0299664
0.00241108
-0.0302862
0.00244808
-0.0305888
0.0024571
-0.030867
0.00242162
-0.0311197
0.00235965
-0.0313605
0.00230647
-0.0316098
0.0022781
-0.031879
0.00225063
-0.0321583
0.00217244
-0.0324185
0.00200178
-0.0326262
0.0017462
-0.0327667
0.00147015
-0.0328538
0.00125177
-0.032917
0.00112332
-0.0329807
0.00106697
0.00106148
-0.00789225
0.0048706
-0.014337
0.0069753
-0.0190374
0.00677976
-0.0225652
0.00615624
-0.025232
0.00539794
-0.0272491
0.00469075
-0.028792
0.00412796
-0.029989
0.00369305
-0.0309206
0.00336051
-0.0316579
0.00313293
-0.0322616
0.00298975
-0.0327631
0.0028814
-0.033175
0.00278447
-0.0335188
0.00272364
-0.0338296
0.00272184
-0.0341325
0.00275098
-0.0344255
0.0027501
-0.0346898
0.00268589
-0.0349169
0.00258682
-0.0351251
0.0025146
-0.0353468
0.00249985
-0.0356025
0.00250631
-0.0358817
0.00245161
-0.0361445
0.00226465
-0.0363443
0.00194595
-0.0364605
0.00158633
-0.0365161
0.00130744
-0.0365547
0.0011619
-0.0366018
0.00111403
0.00111671
-0.0098383
0.0147089
-0.0175584
0.0146954
-0.0229183
0.0121397
-0.0266171
0.00985508
-0.0292588
0.00803962
-0.0311601
0.00659207
-0.0325817
0.00554957
-0.0336817
0.00479305
-0.0345226
0.00420144
-0.0351774
0.00378768
-0.0357243
0.00353662
-0.0361907
0.00334787
-0.0365649
0.00315861
-0.0368596
0.00301839
-0.0371275
0.00298968
-0.0374099
0.00303344
-0.0376989
0.0030391
-0.0379542
0.00294114
-0.0381527
0.00278532
-0.0383196
0.00268151
-0.0385084
0.00268862
-0.038754
0.00275192
-0.0390442
0.00274186
-0.0393231
0.00254352
-0.039522
0.00214487
-0.0396099
0.00167424
-0.0396234
0.0013209
-0.0396301
0.00116864
-0.0396609
0.00114482
0.00115681
-0.013066
0.0277749
-0.0225589
0.0241883
-0.0279311
0.0175119
-0.0311813
0.0131053
-0.0334952
0.0103535
-0.0350309
0.00812771
-0.0361392
0.00665795
-0.0370477
0.0057015
-0.0377358
0.0048895
-0.0382461
0.00429799
-0.0386992
0.00398974
-0.0391242
0.00377288
-0.0394524
0.00348688
-0.0396724
0.0032383
-0.039872
0.0031893
-0.0401289
0.00329037
-0.0404256
0.00333577
-0.0406818
0.00319737
-0.0408462
0.00294969
-0.0409549
0.00279019
-0.0410981
0.00283189
-0.0413354
0.00298916
-0.0416504
0.00305688
-0.0419625
0.00285566
-0.0421699
0.00235227
-0.0422222
0.00172647
-0.0421749
0.00127368
-0.0421382
0.00113191
-0.0421564
0.00116303
0.00118929
-0.0186061
0.046381
-0.0301146
0.0356968
-0.0347883
0.0221856
-0.0363446
0.0146616
-0.0380034
0.0120123
-0.0388062
0.0089305
-0.0393268
0.00717858
-0.040029
0.00640364
-0.0405784
0.00543895
-0.0408647
0.00458425
-0.0411632
0.00428826
-0.0415504
0.0041601
-0.041836
0.00377247
-0.0419467
0.00334898
-0.0420361
0.00327869
-0.0422637
0.00351802
-0.042594
0.00366601
-0.0428725
0.00347584
-0.0429934
0.00307065
-0.0430114
0.00280815
-0.0430841
0.00290458
-0.0433121
0.0032172
-0.0436692
0.00341396
-0.0440376
0.00322407
-0.0442663
0.00258096
-0.0442709
0.00173108
-0.044132
0.00113481
-0.0440321
0.00103198
-0.0440474
0.00117835
0.00123387
0.207447
0.00576016
0.207034
0.011175
0.206432
0.0163498
0.205647
0.0213678
0.204688
0.0262937
0.203561
0.0311819
0.202271
0.0360799
0.200826
0.0410294
0.19923
0.0460674
0.197489
0.051227
0.195608
0.0565385
0.193593
0.0620302
0.19145
0.0677294
0.189183
0.0736637
0.186797
0.0798614
0.184297
0.0863541
0.181686
0.0931774
0.178965
0.100375
0.176133
0.107999
0.173191
0.116121
0.170133
0.124831
0.166954
0.134253
0.163649
0.144559
0.16022
0.155993
0.156689
0.168907
0.153147
0.18383
0.149959
0.201559
0.148796
0.223008
0.160431
0.245666
0.258878
0.235795
0.21249
0.00595257
0.212118
0.0115478
0.211574
0.0168933
0.210868
0.0220736
0.210008
0.0271541
0.209
0.0321893
0.207854
0.0372269
0.206574
0.0423084
0.205171
0.0474709
0.203651
0.0527469
0.202023
0.0581663
0.200296
0.0637569
0.198481
0.0695453
0.196586
0.0755581
0.194625
0.081823
0.192609
0.0883698
0.190554
0.0952327
0.188476
0.102452
0.186397
0.110078
0.184346
0.118172
0.182363
0.126814
0.180508
0.136108
0.178881
0.146187
0.177651
0.157222
0.177142
0.169416
0.178004
0.182968
0.181651
0.197911
0.190682
0.213977
0.206101
0.230246
0.245802
0.219177
0.217658
0.00612248
0.217329
0.0118768
0.21685
0.0173719
0.21623
0.0226932
0.215478
0.0279064
0.214602
0.0330659
0.21361
0.0382189
0.212511
0.0434069
0.211316
0.0486661
0.210034
0.0540283
0.208678
0.0595223
0.207261
0.0651748
0.205795
0.0710108
0.204298
0.077055
0.202789
0.0833326
0.201288
0.0898704
0.199823
0.0966981
0.198425
0.10385
0.197137
0.111366
0.196015
0.119294
0.195136
0.127693
0.194614
0.13663
0.194619
0.146182
0.195414
0.156427
0.197409
0.167422
0.201213
0.179163
0.207598
0.191527
0.217225
0.20435
0.229819
0.217652
0.228855
0.246766
0.222951
0.00626792
0.22267
0.012158
0.222262
0.01778
0.221736
0.0232195
0.2211
0.0285419
0.220365
0.0338013
0.219539
0.0390444
0.218634
0.0443118
0.217662
0.0496386
0.216635
0.0550554
0.215568
0.0605896
0.214477
0.0662657
0.213381
0.0721066
0.212302
0.0781341
0.211265
0.0843696
0.2103
0.0908352
0.209444
0.0975539
0.208743
0.104551
0.208255
0.111854
0.208057
0.119493
0.208251
0.127499
0.208977
0.135903
0.210429
0.14473
0.21287
0.153986
0.216647
0.163645
0.222179
0.173631
0.229917
0.183789
0.240433
0.193834
0.254647
0.203438
0.210349
0.273153
0.228374
0.00638702
0.228144
0.012388
0.227812
0.0181125
0.227386
0.0236457
0.226875
0.0290525
0.22629
0.0343863
0.225641
0.0396928
0.224942
0.0450114
0.224205
0.0503757
0.223445
0.0558148
0.222681
0.0613538
0.221932
0.067015
0.22122
0.0728183
0.220573
0.0787815
0.220021
0.0849216
0.219601
0.0912545
0.21936
0.0977955
0.219351
0.104559
0.219646
0.111559
0.220331
0.118807
0.221519
0.12631
0.223357
0.134066
0.226028
0.142059
0.229763
0.150251
0.234843
0.158565
0.241596
0.166878
0.250403
0.174983
0.26171
0.182527
0.275991
0.189156
0.193784
0.292555
0.233929
0.00647809
0.233754
0.0125634
0.233502
0.0183647
0.233182
0.0239659
0.232803
0.0294312
0.232376
0.0348128
0.231914
0.040155
0.23143
0.0454958
0.230939
0.050867
0.230458
0.0562956
0.230007
0.0618044
0.22961
0.0674126
0.229291
0.0731366
0.229083
0.0789902
0.229019
0.0849848
0.229144
0.0911299
0.229507
0.0974323
0.23017
0.103896
0.231207
0.110522
0.23271
0.117305
0.23479
0.12423
0.237584
0.131273
0.241254
0.138389
0.245995
0.14551
0.252026
0.152534
0.259591
0.159313
0.268931
0.165642
0.280227
0.171232
0.293574
0.175809
0.178859
0.3085
0.23962
0.00653965
0.239502
0.0126815
0.239334
0.0185324
0.239125
0.0241749
0.238884
0.0296718
0.238623
0.0350737
0.238355
0.0404235
0.238094
0.0457571
0.237856
0.0511045
0.237662
0.0564902
0.237532
0.0619342
0.237492
0.0674527
0.23757
0.0730582
0.2378
0.0787599
0.238221
0.0845639
0.238878
0.0904731
0.239824
0.0964864
0.241122
0.102598
0.242847
0.108798
0.245086
0.115066
0.247942
0.121374
0.251535
0.127679
0.256001
0.133923
0.261489
0.140022
0.268156
0.145867
0.276152
0.151317
0.285598
0.156197
0.29654
0.16029
0.308966
0.163382
0.165204
0.322621
0.245448
0.00657043
0.24539
0.0127397
0.24531
0.0186122
0.245217
0.0242684
0.245119
0.0297693
0.245029
0.0351637
0.24496
0.0404925
0.244928
0.0457897
0.244949
0.0510829
0.245045
0.0563941
0.245239
0.0617404
0.245557
0.0671345
0.24603
0.0725853
0.246693
0.0780975
0.247585
0.0836719
0.248752
0.0893054
0.250249
0.0949899
0.252135
0.100712
0.254482
0.106451
0.257368
0.11218
0.260882
0.117859
0.265125
0.123437
0.270199
0.128848
0.276213
0.134009
0.283265
0.138815
0.291438
0.143144
0.300778
0.146856
0.311275
0.149793
0.322862
0.151795
0.15273
0.335336
0.251418
0.00656942
0.251422
0.0127362
0.251432
0.0186015
0.251458
0.0242431
0.251507
0.0297199
0.251592
0.0350787
0.251726
0.0403583
0.251926
0.0455903
0.252209
0.0507998
0.252597
0.0560063
0.253113
0.0612238
0.253786
0.066462
0.254645
0.0717258
0.255727
0.0770159
0.25707
0.0823286
0.25872
0.0876555
0.260727
0.0929829
0.263148
0.0982914
0.266044
0.103555
0.269486
0.108738
0.273545
0.113799
0.278299
0.118683
0.283822
0.123325
0.290185
0.127646
0.297443
0.131557
0.305632
0.134956
0.314752
0.137736
0.324759
0.139786
0.335553
0.141001
0.14132
0.346963
0.257532
0.00653586
0.257599
0.0126695
0.257702
0.0184981
0.257849
0.0240966
0.258047
0.0295213
0.25831
0.0348167
0.258649
0.0400191
0.259081
0.0451579
0.259625
0.0502557
0.260302
0.0553291
0.261137
0.0603896
0.262155
0.0654435
0.263388
0.0704925
0.264871
0.0755338
0.266639
0.0805598
0.268737
0.085558
0.271209
0.0905107
0.274106
0.0953946
0.27748
0.10018
0.281389
0.10483
0.285888
0.1093
0.291033
0.113539
0.296873
0.117485
0.303449
0.12107
0.310785
0.124221
0.318883
0.126858
0.327716
0.128903
0.33722
0.130283
0.34729
0.130931
0.130826
0.357784
0.263794
0.00646929
0.263925
0.0125387
0.264122
0.0183011
0.264391
0.0238279
0.26474
0.0291725
0.265179
0.034377
0.265723
0.0394753
0.266387
0.0444941
0.267189
0.0494537
0.26815
0.0543682
0.269293
0.0592462
0.270645
0.0640914
0.272235
0.0689026
0.274095
0.0736742
0.276259
0.0783955
0.278766
0.0830514
0.281655
0.0876217
0.284968
0.0920809
0.28875
0.0963981
0.293043
0.100537
0.297888
0.104455
0.303322
0.108105
0.309374
0.111433
0.31606
0.114384
0.323382
0.116898
0.331322
0.118918
0.339837
0.120389
0.348856
0.121264
0.358281
0.121506
0.121115
0.367992
0.270207
0.00636953
0.270402
0.0123436
0.270693
0.0180102
0.271084
0.0234367
0.271583
0.0286738
0.272199
0.0337607
0.272945
0.038729
0.273837
0.0436028
0.27489
0.0483999
0.276127
0.053132
0.277567
0.0578054
0.279237
0.0624215
0.281163
0.0669769
0.283374
0.0714636
0.2859
0.0758691
0.288775
0.0801766
0.292032
0.0843648
0.295705
0.088408
0.299827
0.092276
0.304429
0.0959344
0.309539
0.099345
0.315177
0.102466
0.321356
0.105254
0.328076
0.107664
0.335322
0.109651
0.343065
0.111175
0.351254
0.112199
0.359821
0.112697
0.368675
0.112652
0.112074
0.377716
0.276774
0.00623669
0.277033
0.0120844
0.277417
0.0176258
0.27793
0.0229242
0.278577
0.028027
0.279367
0.0329708
0.280311
0.0377845
0.281424
0.0424899
0.282721
0.0471024
0.284222
0.0516316
0.285945
0.0560819
0.287914
0.0604526
0.290152
0.0647387
0.292685
0.0689307
0.295539
0.0730153
0.298741
0.0769749
0.302317
0.0807884
0.306294
0.084431
0.310695
0.0878747
0.315541
0.0910887
0.320847
0.0940396
0.32662
0.0966928
0.332861
0.0990132
0.339559
0.100966
0.34669
0.102521
0.354216
0.103649
0.362087
0.104329
0.370236
0.104548
0.378587
0.104301
0.103607
0.387054
0.283498
0.00607114
0.283821
0.0117619
0.284297
0.0171493
0.284929
0.0222923
0.285721
0.0272351
0.28668
0.0320115
0.287817
0.0366477
0.289144
0.0411633
0.290675
0.0455717
0.292426
0.0498804
0.294415
0.0540922
0.296663
0.0582052
0.299188
0.062213
0.302013
0.0661057
0.305159
0.0698694
0.308647
0.073487
0.312497
0.0769385
0.316727
0.0802009
0.321353
0.0832494
0.326384
0.086057
0.331828
0.0885962
0.337681
0.0908391
0.343936
0.0927585
0.350573
0.0943298
0.357562
0.0955311
0.364866
0.0963456
0.372432
0.0967622
0.380203
0.0967774
0.388109
0.0963944
0.0956337
0.396082
0.290384
0.00587353
0.290768
0.0113774
0.291335
0.0165826
0.292083
0.021544
0.293016
0.0263022
0.294139
0.0308883
0.295461
0.035326
0.296992
0.0396326
0.298744
0.0438197
0.300731
0.0478933
0.302968
0.0518548
0.305472
0.0557013
0.308259
0.059426
0.311346
0.0630187
0.31475
0.066466
0.318485
0.0697518
0.322565
0.0728578
0.327003
0.0757637
0.331804
0.078448
0.336973
0.0808882
0.342507
0.0830621
0.348398
0.0849482
0.35463
0.0865267
0.361179
0.0877804
0.368014
0.0886958
0.375096
0.089264
0.382377
0.0894812
0.389804
0.08935
0.39732
0.0888787
0.0880884
0.404865
0.297435
0.00564472
0.297879
0.0109326
0.298533
0.0159286
0.299394
0.0206832
0.300463
0.0252335
0.301743
0.029608
0.303241
0.0338279
0.304965
0.0379086
0.306925
0.0418598
0.309132
0.0456863
0.311598
0.0493887
0.314336
0.0529634
0.317359
0.0564036
0.320678
0.0596993
0.324306
0.0628382
0.328252
0.0658057
0.332524
0.0685854
0.337128
0.0711601
0.342064
0.0735118
0.34733
0.0756225
0.352917
0.077475
0.358812
0.0790533
0.364995
0.0803437
0.37144
0.0813353
0.378115
0.0820208
0.384982
0.082397
0.391998
0.0824653
0.399116
0.0822322
0.406286
0.0817084
0.0809149
0.41346
0.304654
0.00538578
0.305157
0.0104296
0.305895
0.0151905
0.306864
0.0197143
0.308063
0.0240351
0.309492
0.0281783
0.311157
0.032163
0.313063
0.0360028
0.315217
0.039706
0.317627
0.0432763
0.320302
0.0467135
0.323251
0.050014
0.326484
0.0531712
0.330007
0.0561759
0.333829
0.0590169
0.337953
0.0616815
0.342382
0.0641558
0.347117
0.0664253
0.352153
0.0684757
0.357483
0.0702929
0.363094
0.0718642
0.368969
0.0731785
0.375085
0.074227
0.381417
0.0750036
0.387932
0.0755057
0.394595
0.0757341
0.401367
0.0756936
0.408206
0.0753928
0.415071
0.0748437
0.0740662
0.421919
0.312046
0.00509791
0.312605
0.00987075
0.313424
0.0143718
0.314496
0.0186424
0.315817
0.0227133
0.317388
0.0266074
0.31921
0.0303415
0.321285
0.0339276
0.323618
0.0373727
0.326215
0.0406798
0.32908
0.0438483
0.332219
0.0468747
0.335637
0.0497528
0.339339
0.0524745
0.343326
0.0550301
0.347598
0.0574086
0.352155
0.0595988
0.356992
0.0615889
0.3621
0.0633678
0.367467
0.0649251
0.37308
0.0662519
0.378917
0.067341
0.384957
0.0681874
0.391172
0.0687889
0.397531
0.0691461
0.404003
0.0692625
0.410551
0.0691449
0.417141
0.0688031
0.423735
0.0682494
0.067502
0.4303
0.319615
0.00478245
0.320227
0.00925876
0.321122
0.0134765
0.322292
0.0174728
0.32373
0.0212752
0.325433
0.0249038
0.327401
0.0283738
0.329634
0.0316953
0.332132
0.0348744
0.334898
0.0379135
0.337935
0.0408117
0.341244
0.043566
0.344826
0.0461707
0.348681
0.048619
0.352809
0.0509025
0.357205
0.0530125
0.361864
0.0549396
0.366778
0.0566751
0.371935
0.0582106
0.377321
0.0595387
0.38292
0.0606537
0.388709
0.0615516
0.394666
0.0622303
0.400765
0.0626903
0.406976
0.0629344
0.413271
0.0629678
0.419618
0.0627984
0.425984
0.0624364
0.43234
0.0618937
0.0611868
0.438655
0.327365
0.00444075
0.328027
0.00859627
0.328995
0.0125087
0.330257
0.0162111
0.331804
0.0197277
0.333632
0.0230764
0.335735
0.0262703
0.338113
0.029318
0.340762
0.0322249
0.343683
0.0349928
0.346874
0.0376209
0.350333
0.0401065
0.354059
0.0424448
0.358048
0.0446301
0.362295
0.0466555
0.366793
0.0485142
0.371534
0.0501989
0.376506
0.0517031
0.381696
0.0530209
0.387087
0.0541476
0.392661
0.0550798
0.398396
0.055816
0.404271
0.0563562
0.410258
0.0567028
0.416332
0.05686
0.422466
0.056834
0.428631
0.0566331
0.434801
0.0562672
0.440947
0.0557476
0.0550891
0.447044
0.3353
0.00407418
0.336011
0.00788594
0.337047
0.0114725
0.338395
0.0148627
0.340045
0.0180779
0.341988
0.0211336
0.344217
0.0240409
0.346728
0.0268073
0.349516
0.0294372
0.352577
0.0319322
0.355906
0.0342916
0.359499
0.036513
0.363352
0.0385925
0.367456
0.0405256
0.371805
0.0423068
0.376388
0.0439308
0.381195
0.0453924
0.386211
0.0466869
0.391421
0.0478104
0.396809
0.0487603
0.402353
0.0495352
0.408034
0.0501351
0.413829
0.0505617
0.419713
0.0508185
0.425663
0.0509104
0.431653
0.0508442
0.437658
0.0506279
0.443654
0.050271
0.449618
0.0497839
0.0491795
0.455527
0.343426
0.00368396
0.344182
0.00713025
0.345283
0.0103715
0.346713
0.0134328
0.348458
0.0163324
0.350508
0.0190834
0.352854
0.0216951
0.355488
0.0241738
0.358402
0.0265232
0.361589
0.0287446
0.365043
0.0308374
0.368757
0.0327997
0.372721
0.0346284
0.376926
0.03632
0.381363
0.0378703
0.386018
0.0392754
0.390879
0.0405317
0.39593
0.041636
0.401154
0.0425861
0.406534
0.0433809
0.412048
0.0440204
0.417678
0.0445057
0.4234
0.0448397
0.429192
0.0450263
0.435031
0.0450708
0.440896
0.0449799
0.446762
0.0447613
0.45261
0.0444236
0.458417
0.0439762
0.0434305
0.464166
0.351746
0.00327115
0.352545
0.00633128
0.353708
0.00920907
0.355214
0.0119261
0.35705
0.0144973
0.3592
0.0169332
0.361653
0.0192414
0.3644
0.0214272
0.36743
0.0234934
0.370733
0.0254411
0.374301
0.02727
0.378122
0.0289785
0.382186
0.0305642
0.386482
0.0320244
0.390996
0.0333563
0.395714
0.0345569
0.400622
0.0356239
0.405702
0.0365554
0.410938
0.0373505
0.41631
0.0380091
0.421798
0.038532
0.427383
0.0389213
0.433042
0.0391801
0.438756
0.0393127
0.444502
0.0393245
0.450261
0.0392215
0.456011
0.039011
0.461734
0.0387006
0.467411
0.0382987
0.0378148
0.473027
0.360267
0.00283638
0.361108
0.00549045
0.362329
0.00798794
0.363908
0.0103467
0.365828
0.0125781
0.368071
0.0146897
0.370625
0.0166876
0.373476
0.0185758
0.376613
0.0203568
0.380023
0.0220313
0.383694
0.0235989
0.387614
0.0250586
0.391769
0.0264086
0.396147
0.0276468
0.400732
0.0287714
0.405508
0.0297803
0.41046
0.0306722
0.415569
0.0314462
0.420818
0.032102
0.426187
0.0326404
0.431656
0.0330627
0.437206
0.0333713
0.442816
0.0335697
0.448467
0.0336618
0.454139
0.0336527
0.459813
0.033548
0.46547
0.033354
0.471093
0.0330775
0.476666
0.0327256
0.0323065
0.482174
0.368993
0.00237955
0.369876
0.00460801
0.371154
0.00670967
0.372803
0.00869794
0.374802
0.0105792
0.377133
0.0123583
0.379781
0.0140396
0.38273
0.0156265
0.385967
0.0171205
0.389476
0.0185221
0.393244
0.0198311
0.397256
0.0210465
0.401497
0.0221672
0.405952
0.0231917
0.410605
0.0241188
0.415438
0.0249471
0.420434
0.0256761
0.425575
0.0263053
0.430842
0.0268353
0.436215
0.0272669
0.441676
0.0276018
0.447205
0.0278426
0.452782
0.0279924
0.458389
0.0280549
0.464007
0.0280346
0.469618
0.0279365
0.475207
0.0277658
0.480756
0.0275282
0.486252
0.0272298
0.0268771
0.491681
0.377932
0.00189908
0.378858
0.003682
0.380192
0.00537491
0.381907
0.00698285
0.383982
0.00850513
0.386396
0.00994415
0.389132
0.0113034
0.392173
0.0125851
0.395503
0.0137903
0.399107
0.0149191
0.402966
0.0159712
0.407067
0.0169461
0.411391
0.0178428
0.415923
0.0186604
0.420643
0.0193979
0.425536
0.0200549
0.430581
0.0206309
0.43576
0.0211261
0.441054
0.0215411
0.446444
0.0218769
0.451911
0.0221353
0.457435
0.0223186
0.462998
0.0224295
0.468581
0.0224712
0.474168
0.0224476
0.479742
0.0223626
0.485287
0.0222207
0.490789
0.0220266
0.496234
0.0217849
0.0215013
0.501609
0.387091
0.00138975
0.388068
0.00270519
0.389461
0.00398115
0.391243
0.00520172
0.39339
0.0063574
0.395884
0.00744997
0.398705
0.00848239
0.401835
0.00945577
0.405255
0.0103703
0.408948
0.011226
0.412897
0.0120225
0.417083
0.0127593
0.42149
0.0134359
0.426099
0.0140516
0.430891
0.014606
0.435847
0.0150985
0.440949
0.0155293
0.446176
0.0158986
0.45151
0.016207
0.456932
0.0164556
0.462421
0.0166458
0.46796
0.0167795
0.473531
0.016859
0.479115
0.0168867
0.484697
0.0168657
0.490261
0.0167991
0.495791
0.0166902
0.501275
0.0165424
0.506701
0.0163593
0.0161448
0.512058
0.396484
0.000838538
0.397517
0.00167201
0.398966
0.00253256
0.400809
0.00335837
0.403028
0.00413892
0.405599
0.00487865
0.408502
0.00557934
0.411717
0.00624062
0.415225
0.00686202
0.419008
0.0074433
0.423046
0.00798417
0.427321
0.00848427
0.431814
0.00894314
0.436505
0.00936039
0.441376
0.0097357
0.446405
0.0100689
0.451575
0.0103601
0.456864
0.0106094
0.462253
0.0108175
0.467724
0.0109851
0.473257
0.0111132
0.478833
0.0112033
0.484435
0.011257
0.490045
0.011276
0.495649
0.0112623
0.50123
0.0112182
0.506774
0.011146
0.512268
0.011048
0.517701
0.0109268
0.0107856
0.52306
0.406193
0.000155531
0.40729
0.00057533
0.408789
0.00103328
0.410691
0.00145615
0.412974
0.00185608
0.415614
0.00223854
0.418591
0.00260279
0.421884
0.00294748
0.425474
0.00327202
0.429341
0.00357609
0.433466
0.00385946
0.437828
0.00412181
0.442409
0.00436287
0.447187
0.00458236
0.452142
0.00478011
0.457255
0.00495603
0.462505
0.00511012
0.467872
0.00524255
0.473336
0.0053536
0.478877
0.00544371
0.484477
0.00551345
0.490117
0.00556355
0.495779
0.00559485
0.501447
0.00560831
0.507104
0.00560498
0.512736
0.00558601
0.518329
0.0055526
0.523871
0.00550597
0.529351
0.00544736
0.00537861
0.534758
0.415475
0.41605
0.417083
0.41854
0.420396
0.422634
0.425237
0.428184
0.431456
0.435033
0.438892
0.443014
0.447377
0.451959
0.456739
0.461695
0.466805
0.472048
0.477401
0.482845
0.488359
0.493922
0.499517
0.505125
0.51073
0.516316
0.521869
0.527375
0.532822
0.538201
0.127957
0.107838
0.037925
0.0900316
0.057267
-0.019342
0.210669
0.116347
0.19468
0.10602
0.0899369
0.16201
0.252528
0.110585
0.251976
0.106572
0.0996025
0.242311
0.280166
0.103572
0.284114
0.102624
0.09992
0.283796
0.300001
0.0961261
0.306222
0.0964034
0.095675
0.310467
0.315871
0.0887547
0.32286
0.0894143
0.0895311
0.329004
0.329497
0.0818786
0.336336
0.0825755
0.0829725
0.342894
0.341616
0.0755983
0.347976
0.0762159
0.0766489
0.354299
0.352694
0.069867
0.358523
0.070387
0.0707781
0.364394
0.363038
0.0646132
0.368377
0.0650484
0.0653858
0.373769
0.372837
0.0597682
0.377749
0.0601358
0.0604258
0.382709
0.382213
0.0552709
0.386764
0.0555851
0.0558364
0.391353
0.391256
0.0510692
0.3955
0.0513406
0.0515606
0.399776
0.400032
0.0471199
0.404016
0.0473567
0.0475508
0.408025
0.408597
0.0433879
0.412358
0.0435957
0.0437681
0.416141
0.417004
0.0398438
0.420572
0.0400272
0.0401808
0.424159
0.4253
0.0364633
0.428702
0.0366255
0.0367627
0.43212
0.433537
0.0332256
0.436794
0.0333692
0.0334917
0.440065
0.441768
0.0301126
0.444898
0.0302396
0.0303488
0.448041
0.450049
0.0271082
0.453068
0.0272202
0.0273173
0.4561
0.458438
0.0241977
0.461362
0.024296
0.0243817
0.464298
0.466997
0.0213671
0.46984
0.0214527
0.0215277
0.472694
0.475791
0.0186031
0.478567
0.0186768
0.0187418
0.481353
0.484885
0.0158921
0.487607
0.0159545
0.0160097
0.490339
0.494352
0.0132213
0.497034
0.0132729
0.0133188
0.499725
0.504255
0.0105755
0.506912
0.0106165
0.0106529
0.509577
0.51469
0.00794266
0.517333
0.00797349
0.00800114
0.519985
0.5257
0.00530304
0.52835
0.00532333
0.00534094
0.53101
0.537412
0.00264856
0.540078
0.0026576
0.00266606
0.542753
0.540849
0.543507
0.546173
-0.0386919
0.0657309
-0.0487701
0.0457751
-0.0492091
0.0226245
-0.0426636
0.00811614
-0.0436984
0.0130471
-0.0438967
0.0091288
-0.0437167
0.00699856
-0.0444239
0.00711093
-0.0448738
0.00588883
-0.0446136
0.00432399
-0.044611
0.00428565
-0.045062
0.00461111
-0.0454084
0.00411892
-0.0453899
0.00333048
-0.0452682
0.00315696
-0.0454563
0.00370608
-0.0458744
0.00408418
-0.0462206
0.00382203
-0.0462805
0.0031305
-0.0461408
0.00266852
-0.0460935
0.00285727
-0.04632
0.0034437
-0.0467625
0.00385644
-0.0472383
0.00369983
-0.0475177
0.00286039
-0.0474531
0.0016665
-0.0471568
0.000838462
-0.0469493
0.000824543
-0.046982
0.00121104
0.0013443
0.0973943
0.130347
0.0472023
0.095967
-0.00135572
0.0711826
-0.0364573
0.0432177
-0.0505615
0.0271513
-0.0523722
0.0109395
-0.0472172
0.00184358
-0.0470668
0.00696046
-0.0475449
0.00636695
-0.0466908
0.00346989
-0.0466881
0.00428299
-0.0475929
0.0055159
-0.0481711
0.00469707
-0.0477694
0.00292887
-0.0470143
0.00240185
-0.0471403
0.00383203
-0.0477694
0.00471323
-0.0482908
0.0043435
-0.048296
0.0031357
-0.0478821
0.00225459
-0.0476108
0.00258601
-0.0478343
0.00366712
-0.0484046
0.00442682
-0.0490353
0.00433046
-0.0493903
0.00321538
-0.0492188
0.00149507
-0.0486522
0.000271799
-0.0482589
0.000431252
-0.0483437
0.00129587
0.00162604
0.20501
0.167647
0.164168
0.13681
0.125128
0.110222
0.0829701
0.0853758
0.0443537
0.0657677
0.00312054
0.0521727
-0.0299196
0.0348838
-0.0471466
0.0241874
-0.0527831
0.0120035
-0.0514585
0.00214529
-0.0478321
0.000656555
-0.0485384
0.00622218
-0.0494563
0.005615
-0.0482802
0.00175281
-0.0470847
0.00120635
-0.0475597
0.00430699
-0.0487166
0.00587019
-0.0496031
0.00522994
-0.0494859
0.00301849
-0.0484248
0.00119352
-0.0476236
0.0017848
-0.0478732
0.00391674
-0.0486528
0.00520638
-0.0495141
0.00519182
-0.0499925
0.0036938
-0.0496866
0.00118918
-0.0486946
-0.000720212
-0.0480014
-0.000261993
-0.0482017
0.00149614
0.00225356
0.268921
0.182522
0.244858
0.160873
0.216035
0.139045
0.183232
0.118179
0.149636
0.0993633
0.118585
0.083224
0.0858978
0.0675707
0.0558862
0.0541991
0.0247152
0.0431744
-0.00728995
0.0341504
-0.0320969
0.0254635
-0.0448484
0.0189737
-0.0497764
0.010543
-0.0497537
0.00173008
-0.0457946
-0.00275271
-0.0455495
0.00406193
-0.0474402
0.00776082
-0.0488782
0.00666799
-0.0485079
0.00264817
-0.0463848
-0.000929626
-0.0452437
0.000643715
-0.0458456
0.00451868
-0.047047
0.0064078
-0.0482989
0.00644366
-0.0489752
0.00437018
-0.0485758
0.000789755
-0.0467054
-0.00259058
-0.0455758
-0.00139165
-0.0460281
0.00194841
0.00348025
0.308931
0.184058
0.298502
0.171302
0.281544
0.156003
0.259884
0.139839
0.235415
0.123832
0.209855
0.108784
0.182811
0.0946144
0.15548
0.0815307
0.128698
0.069956
0.103077
0.0597718
0.0780018
0.0505385
0.0551298
0.0418456
0.0321832
0.0334896
0.00586417
0.0280491
-0.0184187
0.0215302
-0.0328953
0.0185385
-0.0400235
0.014889
-0.0434154
0.0100598
-0.0440613
0.00329415
-0.0418404
-0.00315053
-0.0401337
-0.00106306
-0.0410383
0.00542337
-0.042891
0.00826045
-0.0445672
0.00811988
-0.0456933
0.00549624
-0.0443857
-0.000517783
-0.0422254
-0.00475093
-0.0407406
-0.00287645
-0.0416785
0.00288628
0.00564942
0.335149
0.177913
0.334397
0.172055
0.327558
0.162841
0.315754
0.151643
0.300137
0.139449
0.28186
0.127061
0.261644
0.114831
0.240164
0.103011
0.218173
0.0919463
0.196113
0.081832
0.174141
0.0725106
0.152369
0.0636181
0.130504
0.0553542
0.110074
0.0484794
0.0891762
0.0424278
0.0703205
0.0373941
0.0532104
0.0319991
0.0369809
0.0262894
0.0187894
0.0214856
-0.00228465
0.0179235
-0.018768
0.0154203
-0.0271936
0.013849
-0.031337
0.0124039
-0.0339524
0.0107352
-0.0354232
0.00696711
-0.0360531
0.000112089
-0.0337661
-0.00703795
-0.0335059
-0.0031367
-0.0354002
0.00478058
0.00922585
0.35288
0.167927
0.358284
0.16665
0.358886
0.162239
0.355024
0.155506
0.34729
0.147183
0.336436
0.137915
0.323119
0.128149
0.30789
0.11824
0.291313
0.108524
0.273906
0.0992382
0.256025
0.0903916
0.23775
0.0818936
0.219222
0.073882
0.200981
0.0667203
0.182999
0.0604097
0.165806
0.0545878
0.149034
0.0487704
0.132297
0.0430264
0.115829
0.0379538
0.0997507
0.0340019
0.084165
0.031006
0.0697441
0.0282698
0.0567135
0.0254345
0.0451017
0.0223471
0.0336486
0.0184202
0.0186883
0.0150724
-0.00151599
0.0131663
-0.0172981
0.0126454
-0.023863
0.0113455
0.0152654
0.365661
0.156566
0.37441
0.157901
0.379865
0.156785
0.381839
0.153532
0.38046
0.148561
0.376067
0.142308
0.369057
0.135159
0.359841
0.127456
0.348861
0.119504
0.336559
0.11154
0.323269
0.103682
0.309175
0.0959879
0.294472
0.0885855
0.279504
0.0816876
0.264579
0.0753346
0.249827
0.0693401
0.235093
0.0635048
0.220254
0.0578649
0.205468
0.0527404
0.191006
0.048463
0.177089
0.0449231
0.163731
0.0416281
0.150853
0.0383127
0.138346
0.0348536
0.125557
0.031209
0.112515
0.0281146
0.0992959
0.0263856
0.086278
0.0256633
0.0724131
0.0252104
0.0270899
0.375797
0.145163
0.385944
0.147753
0.394118
0.148611
0.399896
0.147754
0.403103
0.145354
0.403762
0.14165
0.402021
0.136899
0.398114
0.131363
0.392328
0.12529
0.384973
0.118895
0.37632
0.112335
0.366579
0.105728
0.355962
0.0992028
0.344745
0.0929047
0.333182
0.0868978
0.321387
0.0811342
0.30935
0.0755421
0.297054
0.0701608
0.284615
0.0651798
0.272288
0.0607897
0.26027
0.0569409
0.248526
0.0533727
0.236948
0.0498901
0.225384
0.0464185
0.213555
0.0430377
0.201484
0.0401854
0.189484
0.0383856
0.177634
0.0375134
0.16558
0.0372643
0.0379577
0.384627
0.134305
0.395019
0.137362
0.404385
0.139245
0.412284
0.139854
0.418418
0.139221
0.422629
0.137438
0.424884
0.134644
0.425246
0.131001
0.42385
0.126687
0.420872
0.121872
0.416501
0.116706
0.410913
0.111316
0.404293
0.105823
0.396848
0.100349
0.388774
0.094972
0.380196
0.0897127
0.371167
0.0845709
0.361731
0.0795962
0.352001
0.07491
0.342163
0.0706282
0.332358
0.0667461
0.322591
0.0631389
0.312794
0.0596874
0.302852
0.0563608
0.292631
0.0532583
0.282153
0.0506633
0.271652
0.0488865
0.261245
0.0479209
0.250929
0.0475799
0.0476874
0.392847
0.124168
0.402914
0.127295
0.412535
0.129623
0.421358
0.131032
0.429087
0.131492
0.435504
0.131021
0.440477
0.129671
0.443952
0.127526
0.445944
0.124695
0.44652
0.121296
0.445778
0.117448
0.443834
0.11326
0.440817
0.10884
0.436875
0.104291
0.432152
0.0996952
0.426761
0.0951034
0.420779
0.0905531
0.414274
0.0861015
0.407347
0.0818368
0.400133
0.077842
0.392741
0.0741385
0.385201
0.0706786
0.377481
0.0674074
0.369515
0.0643269
0.361244
0.0615291
0.352704
0.0592032
0.344048
0.0575429
0.335394
0.0565746
0.326812
0.0561619
0.0560234
0.400782
0.114739
0.410311
0.117765
0.419708
0.120226
0.428723
0.122017
0.437121
0.123094
0.444698
0.123444
0.451295
0.123073
0.456805
0.122016
0.46117
0.12033
0.46438
0.118087
0.466459
0.115369
0.467459
0.11226
0.467452
0.108847
0.466529
0.105214
0.464787
0.101437
0.462313
0.097577
0.45918
0.0936866
0.455455
0.0898258
0.451225
0.0860668
0.446589
0.0824778
0.441633
0.0790949
0.436396
0.0759159
0.430872
0.0729313
0.425034
0.070165
0.418865
0.0676975
0.412407
0.0656617
0.405763
0.0641868
0.399033
0.0633044
0.392277
0.0629181
0.0627669
0.408571
0.105944
0.417531
0.108805
0.42651
0.111247
0.435341
0.113186
0.443854
0.114581
0.451889
0.115409
0.459302
0.11566
0.465978
0.115341
0.47183
0.114477
0.476808
0.113109
0.480888
0.111289
0.484073
0.109075
0.486389
0.106532
0.487878
0.103725
0.488595
0.10072
0.488598
0.0975741
0.487941
0.0943439
0.486679
0.0910871
0.484879
0.0878668
0.482614
0.084743
0.479949
0.0817599
0.476924
0.0789413
0.473549
0.0763062
0.469822
0.0738923
0.465748
0.0717709
0.461368
0.0700418
0.456756
0.0687987
0.451986
0.0680745
0.447092
0.0678119
0.0678105
0.416273
0.0976966
0.424705
0.100373
0.433225
0.102728
0.441719
0.104692
0.450068
0.106232
0.458154
0.107323
0.465863
0.107951
0.473094
0.10811
0.479763
0.107808
0.485803
0.107069
0.491171
0.105921
0.49584
0.104405
0.499806
0.102566
0.503077
0.100454
0.505676
0.0981209
0.507632
0.0956179
0.50898
0.0929965
0.509757
0.0903101
0.510009
0.0876144
0.509788
0.0849641
0.509141
0.0824065
0.508104
0.0799788
0.506694
0.0777162
0.504922
0.0756645
0.502804
0.0738888
0.500376
0.0724697
0.497692
0.0714824
0.494803
0.070964
0.491721
0.0708939
0.07114
0.423919
0.0899186
0.431884
0.0924079
0.439968
0.0946445
0.448089
0.0965712
0.456162
0.0981586
0.4641
0.0993853
0.471816
0.100234
0.47923
0.100695
0.486269
0.10077
0.492869
0.100468
0.498983
0.0998076
0.504573
0.0988147
0.509618
0.0975213
0.514108
0.0959647
0.518043
0.0941857
0.521433
0.0922272
0.524295
0.0901344
0.526651
0.0879543
0.528529
0.0857363
0.529963
0.0835302
0.530987
0.0813832
0.531627
0.0793386
0.531903
0.0774395
0.531832
0.0757355
0.531434
0.0742876
0.530738
0.0731657
0.529784
0.0724361
0.528605
0.0721431
0.527201
0.0722978
0.072832
0.431533
0.0825448
0.439092
0.0848494
0.446783
0.0869531
0.454546
0.0888077
0.462318
0.0903875
0.47003
0.0916727
0.477618
0.0926464
0.485016
0.093297
0.492166
0.0936208
0.499012
0.0936216
0.50551
0.0933099
0.511622
0.0927029
0.51732
0.0918233
0.522585
0.0906992
0.527408
0.0893625
0.531787
0.0878489
0.535724
0.0861968
0.539231
0.0844472
0.542324
0.0826438
0.545022
0.0808318
0.547349
0.0790565
0.549325
0.0773626
0.550968
0.0757963
0.552295
0.0744082
0.553327
0.0732564
0.554088
0.0724047
0.554608
0.071916
0.554908
0.0718424
0.554985
0.0722207
0.0730366
0.439144
0.0755205
0.446349
0.0776445
0.453694
0.0796078
0.461133
0.0813694
0.468613
0.0829069
0.476084
0.0842022
0.483491
0.0852388
0.490784
0.0860044
0.497912
0.0864927
0.50483
0.0867035
0.511498
0.0866424
0.51788
0.0863204
0.523949
0.0857541
0.529684
0.0849644
0.53507
0.0839771
0.540097
0.0828212
0.544764
0.0815295
0.549074
0.0801377
0.553033
0.0786844
0.556655
0.0772104
0.559953
0.0757583
0.562943
0.074372
0.565642
0.0730975
0.568065
0.0719851
0.570232
0.0710902
0.572163
0.0704732
0.573883
0.0701959
0.575408
0.0703171
0.576737
0.0708923
0.0719493
0.446785
0.0687998
0.453683
0.0707472
0.460725
0.0725658
0.467873
0.0742208
0.475088
0.0756925
0.482325
0.0769645
0.489543
0.0780214
0.496697
0.0788506
0.503745
0.0794443
0.510649
0.0797997
0.517372
0.0799189
0.523884
0.0798088
0.530157
0.079481
0.53617
0.0789515
0.541906
0.0782407
0.547355
0.0773726
0.552509
0.0763749
0.557368
0.0752787
0.561935
0.0741181
0.566215
0.0729299
0.57022
0.0717536
0.573961
0.0706309
0.577452
0.0696064
0.580709
0.0687286
0.583748
0.0680508
0.586591
0.0676305
0.589257
0.0675292
0.591764
0.0678101
0.594116
0.068541
0.0697787
0.454497
0.0623431
0.461127
0.0641177
0.467903
0.0657893
0.474796
0.0673279
0.481772
0.0687167
0.488796
0.069941
0.49583
0.0709866
0.50284
0.0718412
0.509788
0.0724964
0.51664
0.0729478
0.523364
0.0731949
0.529931
0.0732416
0.536316
0.0730957
0.542498
0.0727693
0.54846
0.0722785
0.55419
0.0716431
0.559679
0.0708863
0.564922
0.0700352
0.569921
0.0691196
0.574678
0.0681727
0.579201
0.0672306
0.5835
0.0663323
0.587586
0.0655201
0.591474
0.06484
0.595183
0.0643428
0.598729
0.0640836
0.602136
0.0641228
0.60542
0.0645256
0.608596
0.0653656
0.0667173
0.462327
0.0561155
0.468724
0.057721
0.475269
0.059244
0.481938
0.0606592
0.488703
0.0619521
0.495534
0.06311
0.5024
0.0641197
0.509272
0.0649701
0.516116
0.0656524
0.522902
0.0661613
0.529602
0.0664948
0.536189
0.0666546
0.542639
0.0666456
0.548932
0.0664768
0.55505
0.0661606
0.56098
0.0657133
0.566712
0.0651543
0.57224
0.0645067
0.577563
0.0637968
0.582681
0.063054
0.587601
0.062311
0.592329
0.0616038
0.596878
0.0609715
0.60126
0.0604576
0.605494
0.0601095
0.609597
0.05998
0.613593
0.0601272
0.617503
0.0606158
0.621348
0.0615203
0.0629227
0.470328
0.0500855
0.476524
0.0515249
0.482869
0.0528986
0.489343
0.0541851
0.495923
0.0553722
0.502585
0.0564487
0.509301
0.0574032
0.516046
0.0582253
0.522792
0.0589067
0.529511
0.0594419
0.536178
0.0598278
0.542768
0.0600644
0.549259
0.0601548
0.55563
0.0601054
0.561865
0.0599258
0.56795
0.0596289
0.573873
0.0592311
0.579628
0.0587519
0.585211
0.0582139
0.590621
0.0576433
0.595863
0.0570692
0.600943
0.0565241
0.60587
0.0560441
0.610659
0.055669
0.615325
0.0554432
0.619889
0.0554159
0.624374
0.0556422
0.628806
0.0561841
0.633213
0.0571133
0.0585124
0.478556
0.0442234
0.484582
0.0454994
0.490757
0.0467233
0.497065
0.0478772
0.503487
0.0489505
0.510002
0.0499339
0.516587
0.0508174
0.523221
0.0515917
0.529878
0.0522494
0.536536
0.0527847
0.543169
0.0531942
0.549756
0.0534771
0.556276
0.0536349
0.56271
0.053672
0.56904
0.0535957
0.575252
0.0534165
0.581336
0.0531477
0.587282
0.0528056
0.593086
0.0524098
0.598747
0.0519828
0.604265
0.0515504
0.609648
0.0511416
0.614903
0.0507888
0.620044
0.0505284
0.625086
0.0504007
0.630051
0.0504512
0.634963
0.0507306
0.63985
0.0512969
0.644747
0.0522163
0.0535675
0.487076
0.0385007
0.492959
0.0396156
0.498993
0.0406895
0.505163
0.0417074
0.511453
0.0426607
0.517845
0.0435414
0.524321
0.0443411
0.530861
0.0450517
0.537444
0.0456664
0.544049
0.0461801
0.550654
0.0465891
0.557239
0.0468921
0.563784
0.0470896
0.570272
0.0471846
0.576685
0.0471827
0.583009
0.047092
0.589234
0.0469233
0.595349
0.0466902
0.60135
0.0464093
0.607233
0.0460998
0.612999
0.0457841
0.618653
0.0454876
0.624203
0.045239
0.62966
0.0450707
0.635042
0.0450188
0.640369
0.0451242
0.645667
0.0454331
0.650966
0.0459975
0.656305
0.0468775
0.0481454
0.495951
0.0328893
0.501721
0.0338448
0.507643
0.0347684
0.513702
0.0356478
0.519887
0.0364758
0.526182
0.0372461
0.532572
0.0379514
0.539039
0.038585
0.545564
0.039141
0.55213
0.0396147
0.558716
0.0400028
0.565304
0.0403036
0.571877
0.0405171
0.578416
0.0406452
0.584907
0.0406921
0.591335
0.0406641
0.597688
0.0405698
0.603958
0.0404204
0.610138
0.0402296
0.616224
0.0400136
0.622217
0.0397914
0.628119
0.0395848
0.63394
0.0394187
0.639689
0.0393211
0.645384
0.039324
0.651045
0.039463
0.6567
0.039779
0.662379
0.0403178
0.668125
0.0411319
0.0422854
0.505253
0.0273611
0.510939
0.0281584
0.516777
0.0289311
0.522755
0.0296695
0.528863
0.030368
0.535088
0.0310213
0.541415
0.0316235
0.547831
0.0321692
0.554319
0.0326532
0.560862
0.0330717
0.567443
0.0334217
0.574045
0.0337015
0.580652
0.0339107
0.587246
0.0340506
0.593814
0.0341242
0.600342
0.0341363
0.606818
0.0340938
0.613233
0.0340055
0.61958
0.0338825
0.625856
0.0337382
0.632059
0.0335882
0.638193
0.0334509
0.644264
0.033347
0.650285
0.0333005
0.656271
0.0333382
0.662243
0.0334909
0.668229
0.0337933
0.674262
0.0342847
0.680384
0.0350099
0.0360261
0.515052
0.0218867
0.520684
0.022526
0.526468
0.0231473
0.532395
0.0237427
0.538455
0.0243077
0.544638
0.0248385
0.550931
0.0253303
0.557321
0.0257788
0.563795
0.02618
0.570336
0.0265306
0.576929
0.0268282
0.583559
0.0270712
0.590211
0.0272592
0.596868
0.0273929
0.603518
0.0274744
0.610147
0.0275074
0.616744
0.027497
0.623299
0.0274502
0.629806
0.0273755
0.636261
0.0272837
0.642662
0.0271871
0.649012
0.0271004
0.655319
0.0270406
0.661592
0.0270269
0.667849
0.0270815
0.67411
0.0272294
0.680404
0.0274992
0.686766
0.0279233
0.693238
0.028538
0.0293898
0.525436
0.016436
0.531044
0.0169175
0.536806
0.017386
0.542713
0.0178359
0.548756
0.0182641
0.554927
0.0186675
0.561215
0.0190427
0.567607
0.0193865
0.574091
0.0196957
0.580654
0.0199681
0.587281
0.0202015
0.593957
0.0203949
0.600669
0.0205477
0.607401
0.0206603
0.614141
0.0207343
0.620877
0.0207721
0.627596
0.0207776
0.63429
0.0207558
0.640953
0.0207131
0.647579
0.0206573
0.654168
0.020598
0.660723
0.0205461
0.667249
0.0205144
0.673758
0.0205178
0.680266
0.0205732
0.686796
0.0207
0.693375
0.0209203
0.700038
0.0212598
0.706828
0.0217475
0.0224247
0.53647
0.0109758
0.54209
0.0112977
0.547863
0.0116128
0.553784
0.0119153
0.559845
0.0122032
0.566037
0.012475
0.572352
0.0127283
0.578777
0.012961
0.585302
0.013171
0.591914
0.0133566
0.598598
0.0135166
0.605343
0.0136501
0.612134
0.0137567
0.618958
0.0138366
0.625801
0.0138908
0.632653
0.0139209
0.639501
0.0139294
0.646337
0.0139196
0.653154
0.0138957
0.659949
0.0138631
0.666719
0.013828
0.673467
0.013798
0.680199
0.0137816
0.686928
0.0137891
0.69367
0.0138319
0.700446
0.0139236
0.707286
0.0140798
0.714227
0.0143189
0.721313
0.0146619
0.0151378
0.548259
0.00546958
0.553921
0.00563561
0.55974
0.00579457
0.565709
0.00594604
0.571822
0.00609034
0.57807
0.00622666
0.584445
0.00635369
0.590935
0.00647019
0.597531
0.00657517
0.60422
0.0066678
0.610989
0.00674743
0.617826
0.00681359
0.624716
0.00686608
0.631648
0.00690501
0.638608
0.00693082
0.645584
0.00694434
0.652567
0.0069468
0.659547
0.0069399
0.666517
0.00692578
0.673472
0.00690715
0.680413
0.00688723
0.687341
0.00686985
0.694264
0.00685948
0.701191
0.00686136
0.708142
0.00688156
0.715138
0.00692727
0.72221
0.00700725
0.729396
0.00713308
0.736736
0.00732244
0.00761968
0.551643
0.557278
0.563073
0.569019
0.575109
0.581336
0.58769
0.59416
0.600735
0.607403
0.61415
0.620964
0.62783
0.634735
0.641666
0.64861
0.655557
0.662497
0.669423
0.67633
0.683217
0.690087
0.696946
0.703808
0.710689
0.717616
0.724624
0.731757
0.739079
)
;

boundaryField
{
    inlet
    {
        type            calculated;
        value           nonuniform List<scalar> 
45
(
-0.2
-0.2
-0.2
-0.2
-0.2
-0.2
-0.2
-0.2
-0.2
-0.2
-0.2
-0.2
-0.2
-0.2
-0.2
-0.20766
-0.212683
-0.217828
-0.223097
-0.228493
-0.23402
-0.239681
-0.245479
-0.251417
-0.257499
-0.263728
-0.270107
-0.276641
-0.283333
-0.290186
-0.297206
-0.304395
-0.311758
-0.3193
-0.327023
-0.334934
-0.343036
-0.351334
-0.359832
-0.368536
-0.377451
-0.386582
-0.395933
-0.40551
-0.415319
)
;
    }
    outlet
    {
        type            calculated;
        value           nonuniform List<scalar> 
45
(
0.0109278
0.0187152
0.0173797
0.0120374
0.00410363
-0.00456688
-0.0120466
-0.0184722
-0.0240333
-0.0288634
-0.0330535
-0.036657
-0.039701
-0.0421889
-0.044092
-0.0470924
-0.0486255
-0.0488292
-0.0472548
-0.0438476
-0.0389766
-0.0299025
0.0605887
0.154712
0.2412
0.318476
0.385533
0.442049
0.488391
0.525509
0.554781
0.577824
0.596286
0.611657
0.625143
0.637623
0.649692
0.661727
0.673985
0.686643
0.699874
0.713794
0.7286
0.744254
0.746699
)
;
    }
    flap
    {
        type            calculated;
        value           uniform 0;
    }
    upperWall
    {
        type            calculated;
        value           uniform 0;
    }
    lowerWall
    {
        type            calculated;
        value           uniform 0;
    }
    frontAndBack
    {
        type            empty;
        value           nonuniform 0();
    }
}


// ************************************************************************* //
