/*--------------------------------*- C++ -*----------------------------------*\
  =========                 |
  \\      /  F ield         | OpenFOAM: The Open Source CFD Toolbox
   \\    /   O peration     | Website:  https://openfoam.org
    \\  /    A nd           | Version:  dev
     \\/     M anipulation  |
\*---------------------------------------------------------------------------*/
FoamFile
{
    version     2.0;
    format      ascii;
    class       volVectorField;
    location    "7.5";
    object      U;
}
// * * * * * * * * * * * * * * * * * * * * * * * * * * * * * * * * * * * * * //

dimensions      [0 1 -1 0 0 0 0];

internalField   nonuniform List<vector> 
2790
(
(9.94399 0 0.0205232)
(9.87572 0 0.0295877)
(9.77521 0 0.0359895)
(9.64944 0 0.0425562)
(9.50409 0 0.0493855)
(9.34007 0 0.0564286)
(9.15655 0 0.0638163)
(8.95262 0 0.0717122)
(8.72746 0 0.0802562)
(8.48008 0 0.0895749)
(8.20927 0 0.0997953)
(7.91364 0 0.111048)
(7.59167 0 0.123464)
(7.24176 0 0.137169)
(6.8623 0 0.152278)
(6.45175 0 0.168876)
(6.00883 0 0.187004)
(5.53262 0 0.206627)
(5.0229 0 0.227599)
(4.48037 0 0.24962)
(3.90707 0 0.272185)
(3.30674 0 0.294533)
(2.68519 0 0.315626)
(2.05053 0 0.334293)
(1.41171 0 0.350609)
(0.797961 0 0.372888)
(0.110603 0 0.32502)
(-0.469569 0 -0.11488)
(-0.45379 0 -0.297138)
(-0.231164 0 -0.423853)
(9.9985 0 0.040703)
(9.98145 0 0.0623827)
(9.93574 0 0.0791401)
(9.86416 0 0.0966248)
(9.77097 0 0.115124)
(9.65715 0 0.134489)
(9.52206 0 0.154976)
(9.36485 0 0.176945)
(9.18472 0 0.20071)
(8.98067 0 0.226553)
(8.75152 0 0.254749)
(8.49588 0 0.285567)
(8.21219 0 0.319257)
(7.8988 0 0.356033)
(7.55401 0 0.396032)
(7.17616 0 0.439277)
(6.76374 0 0.485608)
(6.31561 0 0.534603)
(5.83119 0 0.585479)
(5.31081 0 0.63697)
(4.75608 0 0.687219)
(4.17033 0 0.733659)
(3.55921 0 0.772961)
(2.93147 0 0.801097)
(2.29987 0 0.813748)
(1.69288 0 0.807249)
(1.10709 0 0.747234)
(0.658854 0 0.547906)
(0.18638 0 0.224575)
(-0.00819874 0 -0.453748)
(9.99559 0 0.0432069)
(9.97556 0 0.0752716)
(9.9318 0 0.103346)
(9.8649 0 0.132371)
(9.77778 0 0.16306)
(9.67155 0 0.195399)
(9.54588 0 0.229744)
(9.40014 0 0.266605)
(9.23365 0 0.306473)
(9.04563 0 0.349812)
(8.83508 0 0.397078)
(8.6008 0 0.44873)
(8.34144 0 0.505203)
(8.05548 0 0.566877)
(7.74135 0 0.634027)
(7.39741 0 0.706749)
(7.02207 0 0.784857)
(6.61391 0 0.867745)
(6.17188 0 0.954216)
(5.69557 0 1.04227)
(5.18556 0 1.1289)
(4.64388 0 1.2098)
(4.07471 0 1.27917)
(3.48529 0 1.32933)
(2.88677 0 1.35008)
(2.2994 0 1.32642)
(1.73179 0 1.22075)
(1.21621 0 0.972975)
(0.701114 0 0.570111)
(0.358021 0 -0.156611)
(9.99403 0 0.0494992)
(9.97181 0 0.0932061)
(9.92788 0 0.133572)
(9.86225 0 0.174209)
(9.77693 0 0.216434)
(9.67298 0 0.260662)
(9.55032 0 0.307431)
(9.40849 0 0.357418)
(9.24702 0 0.411295)
(9.06533 0 0.469711)
(8.86268 0 0.53331)
(8.63819 0 0.602734)
(8.39084 0 0.678606)
(8.1195 0 0.761491)
(7.82298 0 0.85184)
(7.49998 0 0.949897)
(7.14921 0 1.05557)
(6.7694 0 1.16826)
(6.35944 0 1.28663)
(5.91854 0 1.40829)
(5.44646 0 1.52949)
(4.94393 0 1.6447)
(4.41309 0 1.74615)
(3.85819 0 1.82322)
(3.28574 0 1.86136)
(2.70633 0 1.8403)
(2.12559 0 1.72597)
(1.55421 0 1.47782)
(0.95792 0 1.08364)
(0.509415 0 0.50227)
(9.99331 0 0.0572135)
(9.96994 0 0.110959)
(9.92593 0 0.162104)
(9.86146 0 0.213348)
(9.77799 0 0.266357)
(9.67635 0 0.321915)
(9.55654 0 0.380704)
(9.41822 0 0.443491)
(9.26097 0 0.511061)
(9.08433 0 0.584177)
(8.8877 0 0.663597)
(8.67038 0 0.750076)
(8.43158 0 0.84435)
(8.17044 0 0.947103)
(7.88605 0 1.0589)
(7.57745 0 1.1801)
(7.24363 0 1.31071)
(6.88356 0 1.45021)
(6.49623 0 1.59725)
(6.08067 0 1.74935)
(5.63609 0 1.90244)
(5.16204 0 2.05033)
(4.65869 0 2.18418)
(4.12713 0 2.29174)
(3.56932 0 2.35655)
(2.98881 0 2.35729)
(2.38677 0 2.26491)
(1.76634 0 2.04759)
(1.08996 0 1.69133)
(0.536637 0 1.15407)
(9.99302 0 0.0655385)
(9.96923 0 0.128701)
(9.92556 0 0.190113)
(9.86253 0 0.251843)
(9.78129 0 0.315579)
(9.68244 0 0.38232)
(9.56601 0 0.452877)
(9.43171 0 0.528105)
(9.2792 0 0.608886)
(9.10806 0 0.696092)
(8.91777 0 0.79059)
(8.70773 0 0.893238)
(8.47727 0 1.00487)
(8.22566 0 1.12628)
(7.95213 0 1.25811)
(7.65586 0 1.40084)
(7.33599 0 1.55457)
(6.99159 0 1.7189)
(6.62163 0 1.89259)
(6.22494 0 2.07326)
(5.80021 0 2.25688)
(5.34596 0 2.43722)
(4.86062 0 2.60521)
(4.34261 0 2.74822)
(3.7903 0 2.84953)
(3.20248 0 2.88816)
(2.57649 0 2.83817)
(1.9134 0 2.67154)
(1.17271 0 2.37391)
(0.549948 0 1.8943)
(9.99297 0 0.0740746)
(9.96927 0 0.146313)
(9.92637 0 0.217483)
(9.86509 0 0.289292)
(9.78643 0 0.363355)
(9.69085 0 0.440828)
(9.57835 0 0.522662)
(9.44872 0 0.609815)
(9.30165 0 0.703261)
(9.13678 0 0.803974)
(8.95364 0 0.912912)
(8.7517 0 1.03103)
(8.53033 0 1.15924)
(8.28886 0 1.29842)
(8.02657 0 1.44933)
(7.74266 0 1.61251)
(7.43626 0 1.78822)
(7.10636 0 1.9762)
(6.75175 0 2.17545)
(6.37094 0 2.38386)
(5.96202 0 2.59778)
(5.52255 0 2.81141)
(5.04943 0 3.01617)
(4.5389 0 3.19997)
(3.98655 0 3.34666)
(3.3878 0 3.43592)
(2.73715 0 3.44324)
(2.03616 0 3.3414)
(1.24169 0 3.11345)
(0.563489 0 2.69302)
(9.99306 0 0.0825877)
(9.96981 0 0.163605)
(9.92807 0 0.244049)
(9.86885 0 0.325479)
(9.79313 0 0.409446)
(9.70126 0 0.497207)
(9.59323 0 0.589841)
(9.46888 0 0.6884)
(9.32796 0 0.793946)
(9.17015 0 0.907539)
(8.99502 0 1.03023)
(8.8021 0 1.16305)
(8.59081 0 1.30703)
(8.3605 0 1.46312)
(8.11043 0 1.63218)
(7.83978 0 1.81491)
(7.54758 0 2.01171)
(7.23263 0 2.22256)
(6.89345 0 2.44678)
(6.5281 0 2.68274)
(6.13401 0 2.9274)
(5.70775 0 3.17581)
(5.24486 0 3.42039)
(4.73966 0 3.6502)
(4.18535 0 3.85022)
(3.57462 0 4.00084)
(2.89939 0 4.07782)
(2.162 0 4.05226)
(1.31605 0 3.90154)
(0.583185 0 3.53998)
(9.99326 0 0.0909278)
(9.97072 0 0.180408)
(9.93046 0 0.269666)
(9.87362 0 0.36024)
(9.80118 0 0.453646)
(9.71344 0 0.55121)
(9.61038 0 0.654113)
(9.49189 0 0.763499)
(9.35776 0 0.880511)
(9.20774 0 1.00629)
(9.04146 0 1.14197)
(8.85848 0 1.28869)
(8.65827 0 1.44754)
(8.44021 0 1.61962)
(8.20356 0 1.8059)
(7.94744 0 2.00725)
(7.67076 0 2.2243)
(7.37212 0 2.45733)
(7.04974 0 2.70611)
(6.7012 0 2.96963)
(6.32326 0 3.24572)
(5.91154 0 3.53059)
(5.46024 0 3.81811)
(4.96186 0 4.099)
(4.40725 0 4.35985)
(3.78623 0 4.58205)
(3.0874 0 4.74097)
(2.31256 0 4.8043)
(1.41054 0 4.74088)
(0.614259 0 4.44169)
(9.99352 0 0.0989915)
(9.97191 0 0.196578)
(9.93341 0 0.294193)
(9.87924 0 0.393415)
(9.81041 0 0.495754)
(9.72717 0 0.602588)
(9.62954 0 0.715183)
(9.51742 0 0.834764)
(9.39069 0 0.96255)
(9.24914 0 1.09976)
(9.09246 0 1.2476)
(8.92029 0 1.40731)
(8.73213 0 1.58009)
(8.52742 0 1.76714)
(8.30543 0 1.9696)
(8.06525 0 2.18853)
(7.8057 0 2.42485)
(7.52526 0 2.67923)
(7.22186 0 2.95199)
(6.8927 0 3.2429)
(6.53394 0 3.55087)
(6.14036 0 3.87356)
(5.70491 0 4.20676)
(5.21831 0 4.54342)
(4.66879 0 4.87243)
(4.04264 0 5.17692)
(3.32346 0 5.43219)
(2.50955 0 5.60177)
(1.54171 0 5.64323)
(0.663982 0 5.41772)
(9.99384 0 0.106703)
(9.9733 0 0.211998)
(9.9368 0 0.3175)
(9.88558 0 0.424853)
(9.82064 0 0.535586)
(9.74226 0 0.651119)
(9.65045 0 0.772787)
(9.54519 0 0.901887)
(9.42639 0 1.0397)
(9.29391 0 1.18753)
(9.14754 0 1.34665)
(8.98695 0 1.51837)
(8.81176 0 1.70402)
(8.62144 0 1.90491)
(8.41532 0 2.12235)
(8.19252 0 2.35765)
(7.95186 0 2.61203)
(7.69176 0 2.88662)
(7.41 0 3.18237)
(7.10357 0 3.49996)
(6.76825 0 3.83957)
(6.3982 0 4.20064)
(5.98539 0 4.58127)
(5.51887 0 4.97739)
(4.98412 0 5.38134)
(4.36296 0 5.77952)
(3.63158 0 6.14901)
(2.77981 0 6.45043)
(1.73321 0 6.62815)
(0.744715 0 6.50265)
(9.9942 0 0.114005)
(9.97487 0 0.226573)
(9.94056 0 0.33947)
(9.89252 0 0.45442)
(9.83174 0 0.57298)
(9.75852 0 0.696606)
(9.67289 0 0.826692)
(9.57489 0 0.964593)
(9.4645 0 1.11165)
(9.34164 0 1.26922)
(9.20617 0 1.43866)
(9.05788 0 1.62135)
(8.89646 0 1.81872)
(8.72148 0 2.0322)
(8.53238 0 2.26328)
(8.32836 0 2.5135)
(8.10834 0 2.78442)
(7.87079 0 3.07765)
(7.61357 0 3.39483)
(7.33366 0 3.7376)
(7.02682 0 4.10758)
(6.687 0 4.50616)
(6.30569 0 4.93424)
(5.87082 0 5.39156)
(5.36545 0 5.87542)
(4.76649 0 6.37824)
(4.04026 0 6.88311)
(3.16099 0 7.35323)
(2.02436 0 7.72273)
(0.880534 0 7.75644)
(9.99459 0 0.120852)
(9.97657 0 0.240222)
(9.94461 0 0.360004)
(9.89996 0 0.481996)
(9.84357 0 0.607791)
(9.77576 0 0.738878)
(9.69663 0 0.876694)
(9.60624 0 1.02264)
(9.50465 0 1.17812)
(9.39187 0 1.34452)
(9.26784 0 1.52326)
(9.13244 0 1.7158)
(8.9855 0 1.92363)
(8.82671 0 2.14833)
(8.65564 0 2.39153)
(8.47168 0 2.655)
(8.27392 0 2.94061)
(8.06106 0 3.25044)
(7.83123 0 3.5868)
(7.58172 0 3.95232)
(7.30868 0 4.35)
(7.00649 0 4.78333)
(6.66698 0 5.25628)
(6.27816 0 5.77312)
(5.82204 0 6.33783)
(5.27195 0 6.95248)
(4.58388 0 7.61357)
(3.70925 0 8.30063)
(2.48754 0 8.9576)
(1.12411 0 9.29222)
(9.99501 0 0.127209)
(9.97838 0 0.252881)
(9.94891 0 0.379016)
(9.9078 0 0.507481)
(9.85599 0 0.639902)
(9.79383 0 0.777795)
(9.72144 0 0.922633)
(9.63895 0 1.07586)
(9.54649 0 1.23889)
(9.44415 0 1.41317)
(9.33198 0 1.60017)
(9.20998 0 1.80137)
(9.07808 0 2.01836)
(8.93617 0 2.25279)
(8.78401 0 2.50644)
(8.62119 0 2.78125)
(8.4471 0 3.07938)
(8.26081 0 3.4033)
(8.06092 0 3.75591)
(7.84539 0 4.14067)
(7.6112 0 4.56188)
(7.35391 0 5.02494)
(7.06688 0 5.53679)
(6.74004 0 6.10641)
(6.35741 0 6.74551)
(5.89338 0 7.46912)
(5.29989 0 8.29638)
(4.50778 0 9.24774)
(3.26772 0 10.3411)
(1.60429 0 11.3575)
(9.99545 0 0.133049)
(9.98027 0 0.2645)
(9.95339 0 0.396436)
(9.91596 0 0.530782)
(9.86889 0 0.669191)
(9.81254 0 0.813204)
(9.74709 0 0.964314)
(9.67273 0 1.12399)
(9.58965 0 1.29368)
(9.49804 0 1.47484)
(9.39805 0 1.66896)
(9.28981 0 1.87758)
(9.17341 0 2.10232)
(9.0489 0 2.34488)
(8.91627 0 2.60715)
(8.77542 0 2.89119)
(8.62609 0 3.19937)
(8.46784 0 3.53444)
(8.29994 0 3.8997)
(8.12124 0 4.29926)
(7.93005 0 4.73833)
(7.72379 0 5.22375)
(7.49862 0 5.76475)
(7.24865 0 6.37413)
(6.96436 0 7.07033)
(6.63021 0 7.88116)
(6.21337 0 8.852)
(5.66439 0 10.0658)
(4.6883 0 11.7302)
(2.68596 0 14.589)
(0.120396 0 -0.11951)
(0.282361 0 -0.108222)
(0.446937 0 -0.0843889)
(0.583049 0 -0.0612787)
(0.685035 0 -0.0416399)
(0.756696 0 -0.0255822)
(0.803298 0 -0.012701)
(0.829454 0 -0.00258933)
(0.839157 0 0.00500733)
(0.836084 0 0.00990228)
(0.823582 0 0.0126817)
(0.804792 0 0.0140122)
(0.78234 0 0.0142938)
(0.758245 0 0.0138169)
(0.734073 0 0.0128169)
(0.711012 0 0.0115014)
(0.689905 0 0.010049)
(0.671272 0 0.00860303)
(0.655366 0 0.00725961)
(0.642228 0 0.00607111)
(0.631712 0 0.00507142)
(0.623482 0 0.00426659)
(0.617067 0 0.00362954)
(0.611866 0 0.00322887)
(0.607147 0 0.00309401)
(0.602217 0 0.00315284)
(0.596553 0 0.00328633)
(0.589911 0 0.00336768)
(0.582463 0 0.00326285)
(0.573591 0 0.00254949)
(0.10397 0 -0.281195)
(0.262923 0 -0.262739)
(0.41792 0 -0.212118)
(0.549499 0 -0.161613)
(0.653568 0 -0.118208)
(0.733646 0 -0.0823703)
(0.794181 0 -0.053306)
(0.838947 0 -0.0301528)
(0.870951 0 -0.0121947)
(0.892663 0 0.00113935)
(0.905912 0 0.0104982)
(0.91218 0 0.0164078)
(0.913875 0 0.0195605)
(0.912941 0 0.0206029)
(0.910902 0 0.0200874)
(0.908918 0 0.0184808)
(0.907798 0 0.0161869)
(0.908032 0 0.0135447)
(0.909849 0 0.0108045)
(0.913284 0 0.00814905)
(0.91819 0 0.00579407)
(0.924225 0 0.0039402)
(0.930899 0 0.00272736)
(0.937849 0 0.00215636)
(0.944589 0 0.0021647)
(0.950621 0 0.00268015)
(0.955406 0 0.00345297)
(0.958824 0 0.00414948)
(0.961087 0 0.00447529)
(0.962983 0 0.00393791)
(0.0833307 0 -0.445732)
(0.22152 0 -0.416127)
(0.346753 0 -0.338893)
(0.453147 0 -0.262429)
(0.53746 0 -0.196984)
(0.603215 0 -0.143019)
(0.653876 0 -0.099362)
(0.692298 0 -0.0647312)
(0.72097 0 -0.0379415)
(0.742196 0 -0.0177459)
(0.758528 0 -0.00311872)
(0.772011 0 0.00685729)
(0.782046 0 0.0128511)
(0.789948 0 0.0155351)
(0.79659 0 0.0157181)
(0.802585 0 0.014156)
(0.808335 0 0.0115171)
(0.814029 0 0.00837065)
(0.819701 0 0.0051289)
(0.82533 0 0.00207286)
(0.830624 0 -0.000510292)
(0.835838 0 -0.00249678)
(0.841437 0 -0.00371848)
(0.847449 0 -0.00413901)
(0.85374 0 -0.0037881)
(0.860077 0 -0.00276022)
(0.866424 0 -0.00131942)
(0.872652 0 0.000152897)
(0.878603 0 0.00126895)
(0.884257 0 0.00185921)
(0.0632617 0 -0.577572)
(0.174621 0 -0.531811)
(0.263034 0 -0.430837)
(0.339236 0 -0.334081)
(0.398619 0 -0.252353)
(0.445451 0 -0.185188)
(0.481985 0 -0.130879)
(0.509962 0 -0.0877196)
(0.530954 0 -0.054308)
(0.546553 0 -0.0295729)
(0.558371 0 -0.0124702)
(0.568246 0 -0.00119548)
(0.578061 0 0.00579473)
(0.585946 0 0.00952242)
(0.592537 0 0.0105818)
(0.59802 0 0.00975075)
(0.602469 0 0.00780778)
(0.605897 0 0.00540143)
(0.608314 0 0.00296408)
(0.609888 0 0.000777658)
(0.610882 0 -0.00122916)
(0.611568 0 -0.00299457)
(0.611959 0 -0.00435015)
(0.612097 0 -0.00504192)
(0.612013 0 -0.00489521)
(0.611688 0 -0.00411423)
(0.611069 0 -0.00319003)
(0.610128 0 -0.00234053)
(0.608388 0 -0.00139035)
(0.606331 0 -7.26374e-06)
(0.0424174 0 -0.678239)
(0.121386 0 -0.611622)
(0.167215 0 -0.490492)
(0.210604 0 -0.3801)
(0.24163 0 -0.288278)
(0.266708 0 -0.213174)
(0.286553 0 -0.15255)
(0.301901 0 -0.104261)
(0.31339 0 -0.0667722)
(0.321759 0 -0.0391143)
(0.327841 0 -0.0199812)
(0.332807 0 -0.00681678)
(0.338159 0 0.00133719)
(0.342789 0 0.00551151)
(0.345084 0 0.00716932)
(0.345356 0 0.00702815)
(0.343767 0 0.00582449)
(0.340388 0 0.00414479)
(0.335273 0 0.0021669)
(0.328698 0 3.90286e-05)
(0.321329 0 -0.00207766)
(0.312953 0 -0.00375403)
(0.30351 0 -0.00470158)
(0.292883 0 -0.00472549)
(0.280963 0 -0.0036778)
(0.267465 0 -0.00162003)
(0.252175 0 0.000597082)
(0.235398 0 0.00224134)
(0.218506 0 0.0035685)
(0.202027 0 0.00432353)
(0.0201836 0 -0.742183)
(0.0612382 0 -0.650946)
(0.0602698 0 -0.513435)
(0.0685867 0 -0.395839)
(0.0679107 0 -0.2992)
(0.0678967 0 -0.220898)
(0.0674381 0 -0.158161)
(0.0668145 0 -0.108266)
(0.0659713 0 -0.069307)
(0.0650523 0 -0.040852)
(0.0635109 0 -0.0234673)
(0.0614993 0 -0.0130559)
(0.0584159 0 -0.0034886)
(0.048943 0 0.00416931)
(0.0384768 0 0.00865182)
(0.0252413 0 0.0108049)
(0.00905616 0 0.0117042)
(-0.0102093 0 0.011952)
(-0.0319382 0 0.0116815)
(-0.0560737 0 0.0109138)
(-0.0817254 0 0.0099408)
(-0.107759 0 0.0089742)
(-0.132871 0 0.00824799)
(-0.156082 0 0.00805967)
(-0.176416 0 0.00876526)
(-0.192257 0 0.0104335)
(-0.203782 0 0.0124085)
(-0.214447 0 0.0135535)
(-0.22625 0 0.0128932)
(-0.23611 0 0.010387)
(-0.00500559 0 -0.762341)
(-0.00745235 0 -0.643894)
(-0.056452 0 -0.49523)
(-0.0873697 0 -0.376928)
(-0.122711 0 -0.281326)
(-0.153006 0 -0.205775)
(-0.179653 0 -0.146749)
(-0.202499 0 -0.100661)
(-0.222182 0 -0.0642001)
(-0.240519 0 -0.0347764)
(-0.263897 0 -0.0120505)
(-0.29971 0 0.00291189)
(-0.327444 0 0.0126354)
(-0.348168 0 0.0195225)
(-0.36796 0 0.0236156)
(-0.387608 0 0.0261956)
(-0.407238 0 0.0278639)
(-0.426802 0 0.0287835)
(-0.446392 0 0.0289716)
(-0.466322 0 0.0283084)
(-0.486789 0 0.0268084)
(-0.50757 0 0.0246569)
(-0.527998 0 0.0221009)
(-0.547249 0 0.019447)
(-0.564387 0 0.0171699)
(-0.578359 0 0.0158732)
(-0.589014 0 0.0158019)
(-0.597728 0 0.0160665)
(-0.605634 0 0.0153227)
(-0.611058 0 0.0135218)
(-0.0362826 0 -0.731065)
(-0.0864174 0 -0.588252)
(-0.181918 0 -0.437982)
(-0.257679 0 -0.323367)
(-0.33137 0 -0.233565)
(-0.397482 0 -0.163698)
(-0.456935 0 -0.109157)
(-0.510019 0 -0.065692)
(-0.557134 0 -0.0303418)
(-0.599451 0 -0.0026039)
(-0.632449 0 0.0160945)
(-0.654559 0 0.0258848)
(-0.677032 0 0.030754)
(-0.698202 0 0.0342877)
(-0.718415 0 0.0370189)
(-0.737925 0 0.0387586)
(-0.756826 0 0.0396174)
(-0.775038 0 0.0397732)
(-0.792581 0 0.0393747)
(-0.809754 0 0.0384639)
(-0.826976 0 0.036995)
(-0.844441 0 0.0348829)
(-0.861878 0 0.0320841)
(-0.878591 0 0.0287566)
(-0.893606 0 0.025423)
(-0.905984 0 0.0227958)
(-0.915478 0 0.0212012)
(-0.922888 0 0.020146)
(-0.928948 0 0.0187493)
(-0.932446 0 0.0171422)
(-0.0739803 0 -0.646241)
(-0.172834 0 -0.483575)
(-0.318956 0 -0.337079)
(-0.44142 0 -0.231442)
(-0.553071 0 -0.153612)
(-0.649707 0 -0.0952183)
(-0.732088 0 -0.0510016)
(-0.801331 0 -0.0178873)
(-0.856333 0 0.00610955)
(-0.895391 0 0.0226847)
(-0.925285 0 0.0339911)
(-0.951289 0 0.0415314)
(-0.974607 0 0.0462094)
(-0.995972 0 0.0490126)
(-1.01593 0 0.0508237)
(-1.03491 0 0.051814)
(-1.05303 0 0.0519684)
(-1.07021 0 0.0513631)
(-1.08639 0 0.0502179)
(-1.10187 0 0.0487423)
(-1.11719 0 0.0469455)
(-1.13274 0 0.0445793)
(-1.14841 0 0.0413092)
(-1.16349 0 0.0370694)
(-1.17693 0 0.0323699)
(-1.18784 0 0.0281499)
(-1.1961 0 0.0250899)
(-1.20245 0 0.0230362)
(-1.20743 0 0.02136)
(-1.21001 0 0.0200939)
(-0.122149 0 -0.503627)
(-0.274808 0 -0.329682)
(-0.473417 0 -0.197383)
(-0.639792 0 -0.107857)
(-0.784419 0 -0.0466442)
(-0.900874 0 -0.00751647)
(-0.989495 0 0.0168944)
(-1.05593 0 0.032796)
(-1.10629 0 0.0436082)
(-1.14693 0 0.0515622)
(-1.18011 0 0.0572697)
(-1.20794 0 0.0608375)
(-1.23189 0 0.0627053)
(-1.25309 0 0.0636131)
(-1.27249 0 0.0640825)
(-1.29076 0 0.0640927)
(-1.3081 0 0.0633694)
(-1.32433 0 0.061845)
(-1.33933 0 0.0598376)
(-1.35342 0 0.0577796)
(-1.36729 0 0.0557678)
(-1.38156 0 0.0533653)
(-1.39618 0 0.0498631)
(-1.41033 0 0.0448748)
(-1.42271 0 0.0388574)
(-1.4324 0 0.0330215)
(-1.43944 0 0.0284988)
(-1.44472 0 0.0255191)
(-1.44878 0 0.0236122)
(-1.45075 0 0.0225839)
(-0.192069 0 -0.304715)
(-0.422576 0 -0.122005)
(-0.683512 0 0.0028711)
(-0.870215 0 0.0538479)
(-1.01232 0 0.0729076)
(-1.12084 0 0.0789476)
(-1.20625 0 0.0807927)
(-1.27354 0 0.0811689)
(-1.32676 0 0.0811966)
(-1.3692 0 0.0812459)
(-1.40359 0 0.0811569)
(-1.43201 0 0.0804845)
(-1.45585 0 0.0791917)
(-1.47634 0 0.0778418)
(-1.49478 0 0.0768575)
(-1.51216 0 0.0759315)
(-1.52875 0 0.0743473)
(-1.54414 0 0.0717885)
(-1.558 0 0.0687268)
(-1.5707 0 0.0659657)
(-1.58322 0 0.0637863)
(-1.5965 0 0.0615258)
(-1.61059 0 0.0579694)
(-1.62437 0 0.0522782)
(-1.63616 0 0.0448314)
(-1.64481 0 0.0372417)
(-1.65055 0 0.0312618)
(-1.65464 0 0.0275124)
(-1.65778 0 0.0254928)
(-1.65927 0 0.0246524)
(-0.296812 0 0.0528995)
(-0.579372 0 0.198722)
(-0.853948 0 0.215787)
(-1.05272 0 0.206006)
(-1.2039 0 0.186119)
(-1.31852 0 0.164971)
(-1.40599 0 0.146592)
(-1.47345 0 0.131637)
(-1.52588 0 0.119852)
(-1.56714 0 0.111232)
(-1.60049 0 0.105088)
(-1.62805 0 0.0999933)
(-1.65081 0 0.0952004)
(-1.66982 0 0.0912712)
(-1.68669 0 0.0888086)
(-1.70294 0 0.0871657)
(-1.71884 0 0.0848893)
(-1.73354 0 0.0812152)
(-1.74626 0 0.076859)
(-1.75739 0 0.0732637)
(-1.76842 0 0.0710618)
(-1.78084 0 0.0692842)
(-1.79481 0 0.0659774)
(-1.80881 0 0.0596376)
(-1.82044 0 0.0505192)
(-1.82814 0 0.0408364)
(-1.83237 0 0.0332719)
(-1.835 0 0.0289125)
(-1.83714 0 0.0269545)
(-1.83821 0 0.0262842)
(-0.37244 0 0.497047)
(-0.711808 0 0.528348)
(-1.03622 0 0.452349)
(-1.25184 0 0.373529)
(-1.40521 0 0.306834)
(-1.51559 0 0.251533)
(-1.59689 0 0.209937)
(-1.65879 0 0.179426)
(-1.70631 0 0.156088)
(-1.74314 0 0.139114)
(-1.77315 0 0.127554)
(-1.79854 0 0.118505)
(-1.81939 0 0.110033)
(-1.836 0 0.103147)
(-1.85049 0 0.0992965)
(-1.86522 0 0.0974866)
(-1.8806 0 0.0949681)
(-1.8949 0 0.090132)
(-1.90643 0 0.0840914)
(-1.91558 0 0.0794289)
(-1.92471 0 0.077446)
(-1.93622 0 0.0767178)
(-1.95051 0 0.0741598)
(-1.9654 0 0.0672765)
(-1.97737 0 0.05611)
(-1.98412 0 0.0437541)
(-1.98641 0 0.034325)
(-1.98716 0 0.0295689)
(-1.98818 0 0.0279791)
(-1.98888 0 0.0274996)
(-0.496778 0 1.01862)
(-0.928929 0 0.935284)
(-1.29042 0 0.715395)
(-1.49105 0 0.537776)
(-1.62411 0 0.418771)
(-1.71606 0 0.326026)
(-1.78031 0 0.263343)
(-1.8299 0 0.222025)
(-1.8686 0 0.188933)
(-1.89778 0 0.16339)
(-1.92215 0 0.147109)
(-1.94451 0 0.135182)
(-1.96301 0 0.12315)
(-1.97619 0 0.112971)
(-1.98696 0 0.108125)
(-1.9996 0 0.107338)
(-2.01481 0 0.105444)
(-2.02928 0 0.0992738)
(-2.03961 0 0.0906623)
(-2.04607 0 0.084304)
(-2.05249 0 0.0827813)
(-2.06288 0 0.0839318)
(-2.078 0 0.082866)
(-2.09465 0 0.0756072)
(-2.10761 0 0.0618276)
(-2.11329 0 0.0458631)
(-2.11289 0 0.0340581)
(-2.11107 0 0.0292392)
(-2.11086 0 0.0285918)
(-2.1113 0 0.0283964)
(-0.733994 0 2.04773)
(-1.27139 0 1.61377)
(-1.65782 0 1.01152)
(-1.78865 0 0.623111)
(-1.8633 0 0.489323)
(-1.91914 0 0.380477)
(-1.95096 0 0.30754)
(-1.98246 0 0.260481)
(-2.0122 0 0.21367)
(-2.03144 0 0.175496)
(-2.04686 0 0.158243)
(-2.06526 0 0.149232)
(-2.08154 0 0.135635)
(-2.09011 0 0.120994)
(-2.09514 0 0.114301)
(-2.10483 0 0.115704)
(-2.12078 0 0.115446)
(-2.13667 0 0.107528)
(-2.14587 0 0.0949595)
(-2.14832 0 0.0860854)
(-2.15054 0 0.0857538)
(-2.15927 0 0.0904806)
(-2.17581 0 0.0923128)
(-2.19542 0 0.0851057)
(-2.21023 0 0.0679668)
(-2.21463 0 0.0469447)
(-2.21027 0 0.031863)
(-2.20475 0 0.0275226)
(-2.20317 0 0.0288953)
(-2.2036 0 0.0292575)
(9.9959 0 0.138443)
(9.98225 0 0.275233)
(9.95811 0 0.412518)
(9.92454 0 0.552264)
(9.88243 0 0.69615)
(9.83217 0 0.845729)
(9.774 0 1.00251)
(9.70817 0 1.16796)
(9.63494 0 1.34355)
(9.55461 0 1.53074)
(9.46743 0 1.73103)
(9.37367 0 1.94596)
(9.2736 0 2.17717)
(9.16747 0 2.42639)
(9.05553 0 2.69554)
(8.93801 0 2.98675)
(8.81508 0 3.30248)
(8.6869 0 3.64562)
(8.55352 0 4.01969)
(8.41494 0 4.42906)
(8.27109 0 4.87937)
(8.12185 0 5.37809)
(7.96716 0 5.93539)
(7.80726 0 6.56563)
(7.64336 0 7.28987)
(7.48038 0 8.14069)
(7.33152 0 9.17204)
(7.28666 0 10.4774)
(7.743 0 12.2016)
(7.9212 0 14.9193)
(9.99638 0 0.143403)
(9.98434 0 0.285088)
(9.96306 0 0.427245)
(9.93352 0 0.571873)
(9.89657 0 0.720663)
(9.85263 0 0.875175)
(9.80198 0 1.03691)
(9.74494 0 1.20736)
(9.68186 0 1.38797)
(9.61312 0 1.58019)
(9.5391 0 1.78551)
(9.46023 0 2.00546)
(9.37693 0 2.24165)
(9.28968 0 2.4958)
(9.19902 0 2.76981)
(9.10551 0 3.06579)
(9.00981 0 3.38616)
(8.91266 0 3.73377)
(8.81498 0 4.11208)
(8.71795 0 4.52536)
(8.62317 0 4.97901)
(8.53299 0 5.48008)
(8.45114 0 6.03789)
(8.38385 0 6.66503)
(8.34227 0 7.37873)
(8.34845 0 8.20242)
(8.44117 0 9.16627)
(8.67623 0 10.3036)
(9.32227 0 11.5594)
(9.81085 0 12.6501)
(9.99688 0 0.147839)
(9.98651 0 0.293899)
(9.96819 0 0.440394)
(9.94283 0 0.589341)
(9.91122 0 0.742434)
(9.87378 0 0.901226)
(9.83087 0 1.06721)
(9.78285 0 1.24185)
(9.73016 0 1.42658)
(9.67326 0 1.62282)
(9.61266 0 1.83202)
(9.54892 0 2.05566)
(9.48266 0 2.2953)
(9.41458 0 2.5526)
(9.34546 0 2.82935)
(9.27624 0 3.12756)
(9.20801 0 3.4495)
(9.1421 0 3.79781)
(9.08021 0 4.17561)
(9.02455 0 4.58666)
(8.97812 0 5.03557)
(8.94522 0 5.52802)
(8.93212 0 6.07099)
(8.94833 0 6.67289)
(9.00835 0 7.34318)
(9.13428 0 8.09053)
(9.35715 0 8.91687)
(9.68646 0 9.81121)
(10.2522 0 10.7223)
(10.9399 0 11.4407)
(9.9974 0 0.1517)
(9.98874 0 0.301559)
(9.97347 0 0.451799)
(9.95239 0 0.604438)
(9.92624 0 0.761163)
(9.89545 0 0.923508)
(9.86043 0 1.09295)
(9.82159 0 1.27091)
(9.77944 0 1.45878)
(9.73454 0 1.65794)
(9.68751 0 1.86978)
(9.63902 0 2.09571)
(9.58988 0 2.33717)
(9.54097 0 2.59573)
(9.49335 0 2.87302)
(9.44825 0 3.17086)
(9.40715 0 3.49124)
(9.37188 0 3.83644)
(9.34474 0 4.20903)
(9.3287 0 4.61199)
(9.32769 0 5.04873)
(9.34701 0 5.52309)
(9.3939 0 6.03921)
(9.47828 0 6.60107)
(9.61333 0 7.21145)
(9.81592 0 7.87004)
(10.1088 0 8.56981)
(10.5007 0 9.29612)
(11.0587 0 10.0389)
(11.8524 0 10.6849)
(9.99792 0 0.154939)
(9.99101 0 0.307977)
(9.97884 0 0.461325)
(9.96212 0 0.616988)
(9.94151 0 0.77663)
(9.91746 0 0.94176)
(9.89041 0 1.11381)
(9.86083 0 1.29417)
(9.8293 0 1.48417)
(9.79643 0 1.68511)
(9.76295 0 1.89831)
(9.72967 0 2.12506)
(9.69751 0 2.3667)
(9.66754 0 2.6246)
(9.64102 0 2.90022)
(9.61943 0 3.19509)
(9.60455 0 3.51087)
(9.59856 0 3.84934)
(9.60416 0 4.21241)
(9.62473 0 4.60213)
(9.66458 0 5.02062)
(9.72926 0 5.46989)
(9.82583 0 5.95156)
(9.96326 0 6.46634)
(10.1526 0 7.01315)
(10.407 0 7.58814)
(10.7437 0 8.1832)
(11.1744 0 8.78364)
(11.7222 0 9.3779)
(12.4761 0 9.89105)
(9.99845 0 0.157513)
(9.9933 0 0.313067)
(9.98427 0 0.468845)
(9.97194 0 0.626823)
(9.9569 0 0.788633)
(9.93962 0 0.955742)
(9.92055 0 1.12954)
(9.90023 0 1.31134)
(9.87926 0 1.50241)
(9.85835 0 1.70397)
(9.83828 0 1.91722)
(9.81996 0 2.14334)
(9.80442 0 2.3835)
(9.79288 0 2.63888)
(9.78674 0 2.91069)
(9.78764 0 3.20015)
(9.79757 0 3.50851)
(9.81887 0 3.83701)
(9.85443 0 4.18689)
(9.90773 0 4.55925)
(9.98306 0 4.95501)
(10.0856 0 5.37465)
(10.2218 0 5.81791)
(10.3992 0 6.28332)
(10.6265 0 6.76765)
(10.9134 0 7.26513)
(11.2713 0 7.76653)
(11.7082 0 8.2563)
(12.2248 0 8.71773)
(12.9015 0 9.10927)
(9.99898 0 0.159382)
(9.9956 0 0.316752)
(9.98971 0 0.474246)
(9.98177 0 0.633796)
(9.97229 0 0.796991)
(9.96174 0 0.965243)
(9.9506 0 1.13988)
(9.93943 0 1.32215)
(9.92888 0 1.51322)
(9.9197 0 1.71423)
(9.91274 0 1.92625)
(9.90896 0 2.15029)
(9.90948 0 2.38737)
(9.9156 0 2.63845)
(9.9288 0 2.90446)
(9.95082 0 3.18628)
(9.98371 0 3.48474)
(10.0299 0 3.80057)
(10.0921 0 4.13431)
(10.1738 0 4.48628)
(10.279 0 4.85638)
(10.4121 0 5.24389)
(10.5785 0 5.64726)
(10.7842 0 6.06368)
(11.0356 0 6.48865)
(11.3391 0 6.9155)
(11.7009 0 7.33485)
(12.125 0 7.73328)
(12.6055 0 8.09622)
(13.2117 0 8.40309)
(9.99951 0 0.160512)
(9.99789 0 0.318965)
(9.9951 0 0.477431)
(9.99151 0 0.637783)
(9.98753 0 0.801553)
(9.98362 0 0.970093)
(9.98028 0 1.14465)
(9.97807 0 1.3264)
(9.97769 0 1.51642)
(9.9799 0 1.71571)
(9.98559 0 1.92522)
(9.99576 0 2.14581)
(10.0116 0 2.3783)
(10.0344 0 2.62342)
(10.0656 0 2.88182)
(10.1071 0 3.15406)
(10.1608 0 3.44056)
(10.229 0 3.74155)
(10.3145 0 4.05702)
(10.4201 0 4.38658)
(10.5494 0 4.72939)
(10.7062 0 5.08392)
(10.8946 0 5.44777)
(11.119 0 5.81744)
(11.3836 0 6.18801)
(11.6923 0 6.55292)
(12.0479 0 6.90389)
(12.4518 0 7.23058)
(12.8966 0 7.52183)
(13.4403 0 7.76629)
(10 0 0.160877)
(10.0001 0 0.319652)
(10.0004 0 0.478319)
(10.0011 0 0.638681)
(10.0025 0 0.802202)
(10.0051 0 0.97016)
(10.0093 0 1.14373)
(10.0158 0 1.32397)
(10.0252 0 1.51188)
(10.0384 0 1.70833)
(10.0561 0 1.91412)
(10.0795 0 2.12995)
(10.1097 0 2.35645)
(10.1479 0 2.59412)
(10.1957 0 2.84335)
(10.2548 0 3.10438)
(10.3269 0 3.37727)
(10.4144 0 3.66184)
(10.5194 0 3.95761)
(10.6446 0 4.26369)
(10.7929 0 4.57869)
(10.9672 0 4.90061)
(11.1706 0 5.22663)
(11.4059 0 5.55306)
(11.6758 0 5.87514)
(11.9822 0 6.187)
(12.3259 0 6.48177)
(12.7067 0 6.75161)
(13.1168 0 6.98815)
(13.6051 0 7.18451)
(10.0005 0 0.160453)
(10.0023 0 0.31877)
(10.0056 0 0.476852)
(10.0104 0 0.636418)
(10.0171 0 0.798854)
(10.0259 0 0.96536)
(10.0375 0 1.13702)
(10.0523 0 1.3148)
(10.0711 0 1.49958)
(10.0946 0 1.6921)
(10.1237 0 1.89303)
(10.1594 0 2.10291)
(10.2028 0 2.32216)
(10.2552 0 2.55109)
(10.3179 0 2.78983)
(10.3925 0 3.03836)
(10.4807 0 3.29644)
(10.5844 0 3.56354)
(10.7056 0 3.83884)
(10.8463 0 4.12111)
(11.0088 0 4.40865)
(11.1954 0 4.69921)
(11.4079 0 4.98991)
(11.6483 0 5.27716)
(11.9179 0 5.55667)
(12.2172 0 5.82346)
(12.5458 0 6.07197)
(12.9025 0 6.29631)
(13.2801 0 6.49042)
(13.7204 0 6.65012)
(10.001 0 0.159227)
(10.0044 0 0.316291)
(10.0106 0 0.472989)
(10.0194 0 0.630946)
(10.0311 0 0.791464)
(10.0459 0 0.955656)
(10.0645 0 1.12451)
(10.0872 0 1.29889)
(10.1148 0 1.47956)
(10.148 0 1.66715)
(10.1877 0 1.86217)
(10.2347 0 2.06501)
(10.2902 0 2.27593)
(10.3553 0 2.49503)
(10.4312 0 2.72224)
(10.5193 0 2.95731)
(10.6211 0 3.19976)
(10.7382 0 3.44882)
(10.8722 0 3.70343)
(11.0248 0 3.96217)
(11.1975 0 4.2232)
(11.3918 0 4.48424)
(11.6091 0 4.74251)
(11.8501 0 4.99475)
(12.1154 0 5.23724)
(12.4047 0 5.46587)
(12.7168 0 5.67632)
(13.0499 0 5.86421)
(13.3977 0 6.0253)
(13.7968 0 6.15706)
(10.0015 0 0.157191)
(10.0065 0 0.3122)
(10.0154 0 0.466713)
(10.028 0 0.62225)
(10.0445 0 0.780024)
(10.065 0 0.941055)
(10.0901 0 1.10623)
(10.1203 0 1.27633)
(10.1561 0 1.45198)
(10.1983 0 1.6337)
(10.2476 0 1.82186)
(10.3049 0 2.01673)
(10.3712 0 2.21838)
(10.4475 0 2.42678)
(10.5348 0 2.64167)
(10.6344 0 2.86263)
(10.7475 0 3.08899)
(10.8754 0 3.31984)
(11.0193 0 3.55399)
(11.1803 0 3.78993)
(11.3597 0 4.02582)
(11.5583 0 4.25946)
(11.7767 0 4.48833)
(12.0153 0 4.70956)
(12.2737 0 4.92004)
(12.5513 0 5.11649)
(12.8465 0 5.29557)
(13.1573 0 5.45414)
(13.4783 0 5.58925)
(13.8421 0 5.6994)
(10.0019 0 0.154342)
(10.0084 0 0.306497)
(10.0199 0 0.458026)
(10.0362 0 0.610343)
(10.0571 0 0.764563)
(10.083 0 0.921613)
(10.1142 0 1.08229)
(10.1513 0 1.24725)
(10.1947 0 1.41703)
(10.245 0 1.59203)
(10.3031 0 1.77252)
(10.3696 0 1.9586)
(10.4454 0 2.15024)
(10.5313 0 2.34727)
(10.6284 0 2.54929)
(10.7375 0 2.75576)
(10.8597 0 2.9659)
(10.9959 0 3.17871)
(11.147 0 3.39295)
(11.3138 0 3.60712)
(11.497 0 3.81947)
(11.697 0 4.02797)
(11.914 0 4.23041)
(12.1477 0 4.42435)
(12.3977 0 4.60724)
(12.6628 0 4.77651)
(12.9414 0 4.92966)
(13.2315 0 5.06443)
(13.5287 0 5.17882)
(13.8619 0 5.27197)
(10.0024 0 0.150689)
(10.0102 0 0.299194)
(10.0241 0 0.446953)
(10.0438 0 0.595264)
(10.0689 0 0.745145)
(10.0997 0 0.897429)
(10.1366 0 1.05281)
(10.18 0 1.21186)
(10.2302 0 1.37501)
(10.288 0 1.54254)
(10.3538 0 1.71462)
(10.4283 0 1.89126)
(10.5123 0 2.07231)
(10.6065 0 2.25749)
(10.7116 0 2.44632)
(10.8284 0 2.63816)
(10.9577 0 2.83219)
(11.1 0 3.02738)
(11.256 0 3.2225)
(11.4262 0 3.41613)
(11.6109 0 3.60664)
(11.8101 0 3.79227)
(12.0238 0 3.97108)
(12.2513 0 4.14107)
(12.4919 0 4.30019)
(12.7443 0 4.44646)
(13.0071 0 4.57803)
(13.2782 0 4.6933)
(13.554 0 4.79093)
(13.8608 0 4.87049)
(10.0027 0 0.146242)
(10.0119 0 0.290319)
(10.0281 0 0.433536)
(10.0508 0 0.57708)
(10.0798 0 0.721868)
(10.1152 0 0.868639)
(10.1572 0 1.018)
(10.2062 0 1.17042)
(10.2627 0 1.32623)
(10.3269 0 1.48565)
(10.3996 0 1.64873)
(10.4811 0 1.81539)
(10.572 0 1.98542)
(10.673 0 2.15845)
(10.7847 0 2.33395)
(10.9074 0 2.51124)
(11.0419 0 2.68947)
(11.1885 0 2.86764)
(11.3475 0 3.04458)
(11.5192 0 3.21899)
(11.7035 0 3.38941)
(11.9003 0 3.55431)
(12.1092 0 3.71208)
(12.3295 0 3.86107)
(12.5603 0 3.99968)
(12.8003 0 4.1264)
(13.0481 0 4.23988)
(13.302 0 4.339)
(13.5588 0 4.4229)
(13.8426 0 4.49141)
(10.0031 0 0.141021)
(10.0134 0 0.279908)
(10.0317 0 0.417838)
(10.0573 0 0.555881)
(10.0898 0 0.694858)
(10.1293 0 0.835417)
(10.1759 0 0.978073)
(10.23 0 1.12321)
(10.2919 0 1.27109)
(10.3619 0 1.42183)
(10.4403 0 1.57542)
(10.5277 0 1.73172)
(10.6245 0 1.89044)
(10.731 0 2.05117)
(10.8477 0 2.21335)
(10.975 0 2.37631)
(11.1131 0 2.5392)
(11.2623 0 2.70108)
(11.4226 0 2.86088)
(11.5942 0 3.01741)
(11.7768 0 3.16943)
(11.9699 0 3.31563)
(12.1732 0 3.45466)
(12.3858 0 3.58523)
(12.6067 0 3.70609)
(12.8348 0 3.8161)
(13.0686 0 3.9143)
(13.3068 0 3.99991)
(13.5466 0 4.0724)
(13.8102 0 4.13177)
(10.0034 0 0.135049)
(10.0148 0 0.26801)
(10.035 0 0.399935)
(10.0632 0 0.531778)
(10.0988 0 0.664266)
(10.142 0 0.79796)
(10.1927 0 0.933295)
(10.2513 0 1.07058)
(10.3179 0 1.20999)
(10.3927 0 1.35159)
(10.4761 0 1.49531)
(10.5684 0 1.64095)
(10.6698 0 1.7882)
(10.7807 0 1.93661)
(10.9012 0 2.08563)
(11.0316 0 2.23459)
(11.172 0 2.38271)
(11.3224 0 2.52911)
(11.4829 0 2.67282)
(11.6531 0 2.81282)
(11.8329 0 2.94802)
(12.0216 0 3.07735)
(12.2187 0 3.19972)
(12.4233 0 3.31409)
(12.6345 0 3.41952)
(12.8512 0 3.51516)
(13.0721 0 3.60033)
(13.2961 0 3.67452)
(13.5207 0 3.7374)
(13.7666 0 3.78907)
(10.0037 0 0.128354)
(10.0161 0 0.254683)
(10.0379 0 0.379916)
(10.0684 0 0.504897)
(10.1069 0 0.630262)
(10.1533 0 0.756492)
(10.2076 0 0.883945)
(10.27 0 1.01286)
(10.3407 0 1.14336)
(10.4196 0 1.27544)
(10.5071 0 1.409)
(10.6033 0 1.5438)
(10.7084 0 1.67951)
(10.8225 0 1.81569)
(10.9457 0 1.95179)
(11.0781 0 2.08719)
(11.2197 0 2.22116)
(11.3703 0 2.3529)
(11.5298 0 2.48159)
(11.6978 0 2.60632)
(11.874 0 2.72619)
(12.0577 0 2.84032)
(12.2483 0 2.94782)
(12.445 0 3.04791)
(12.6468 0 3.13985)
(12.8528 0 3.22305)
(13.0619 0 3.29702)
(13.2729 0 3.36143)
(13.484 0 3.4161)
(13.7142 0 3.4612)
(10.004 0 0.120967)
(10.0172 0 0.239989)
(10.0405 0 0.357879)
(10.0731 0 0.475376)
(10.114 0 0.593029)
(10.1632 0 0.711245)
(10.2207 0 0.830314)
(10.2864 0 0.950417)
(10.3604 0 1.07162)
(10.4428 0 1.19389)
(10.5336 0 1.31708)
(10.6329 0 1.44094)
(10.7407 0 1.56514)
(10.8571 0 1.68924)
(10.9821 0 1.81274)
(11.1155 0 1.93505)
(11.2573 0 2.05553)
(11.4072 0 2.17346)
(11.5649 0 2.28813)
(11.7301 0 2.39879)
(11.9022 0 2.50467)
(12.0806 0 2.60507)
(12.2647 0 2.69929)
(12.4536 0 2.78672)
(12.6465 0 2.86682)
(12.8426 0 2.93915)
(13.0408 0 3.00339)
(13.2401 0 3.05934)
(13.439 0 3.10693)
(13.6553 0 3.14633)
(10.0042 0 0.112921)
(10.0182 0 0.223995)
(10.0428 0 0.333927)
(10.0771 0 0.443357)
(10.1202 0 0.552756)
(10.1718 0 0.66246)
(10.2319 0 0.7727)
(10.3004 0 0.883604)
(10.3772 0 0.9952)
(10.4623 0 1.10742)
(10.5557 0 1.2201)
(10.6574 0 1.33299)
(10.7672 0 1.44577)
(10.8851 0 1.55802)
(11.011 0 1.66928)
(11.1447 0 1.77901)
(11.286 0 1.88665)
(11.4345 0 1.99158)
(11.5899 0 2.0932)
(11.7518 0 2.19086)
(11.9195 0 2.28397)
(12.0925 0 2.37194)
(12.2702 0 2.45423)
(12.4517 0 2.53039)
(12.6363 0 2.6)
(12.8231 0 2.66278)
(13.0114 0 2.7185)
(13.2002 0 2.76706)
(13.3882 0 2.80844)
(13.5922 0 2.84284)
(10.0044 0 0.104249)
(10.019 0 0.206769)
(10.0448 0 0.308165)
(10.0807 0 0.408988)
(10.1256 0 0.509634)
(10.1792 0 0.610377)
(10.2415 0 0.711392)
(10.3123 0 0.812767)
(10.3913 0 0.914497)
(10.4786 0 1.01649)
(10.574 0 1.11859)
(10.6773 0 1.22053)
(10.7885 0 1.32201)
(10.9073 0 1.42266)
(11.0335 0 1.52205)
(11.1668 0 1.61972)
(11.307 0 1.71516)
(11.4537 0 1.80786)
(11.6064 0 1.8973)
(11.7647 0 1.98297)
(11.928 0 2.06436)
(12.0957 0 2.14104)
(12.2672 0 2.21258)
(12.4416 0 2.27863)
(12.6185 0 2.3389)
(12.7969 0 2.3932)
(12.9761 0 2.44138)
(13.1555 0 2.4834)
(13.3338 0 2.51929)
(13.5269 0 2.54923)
(10.0046 0 0.094983)
(10.0198 0 0.188375)
(10.0466 0 0.280694)
(10.0837 0 0.37241)
(10.1302 0 0.463847)
(10.1855 0 0.555223)
(10.2496 0 0.646667)
(10.3222 0 0.738229)
(10.4031 0 0.829884)
(10.492 0 0.92153)
(10.5888 0 1.013)
(10.6933 0 1.10405)
(10.8052 0 1.19441)
(10.9243 0 1.28372)
(11.0503 0 1.37163)
(11.1828 0 1.45772)
(11.3216 0 1.54157)
(11.4661 0 1.62274)
(11.616 0 1.70081)
(11.7706 0 1.77536)
(11.9295 0 1.84599)
(12.0921 0 1.91235)
(12.2576 0 1.97413)
(12.4256 0 2.03106)
(12.5953 0 2.08295)
(12.7661 0 2.12965)
(12.9372 0 2.1711)
(13.1081 0 2.20727)
(13.2778 0 2.23823)
(13.4612 0 2.26416)
(10.0047 0 0.0851511)
(10.0204 0 0.168872)
(10.0481 0 0.251608)
(10.0863 0 0.333754)
(10.1341 0 0.415569)
(10.1908 0 0.497214)
(10.2564 0 0.578778)
(10.3304 0 0.660284)
(10.4126 0 0.741688)
(10.5028 0 0.822883)
(10.6006 0 0.903708)
(10.7058 0 0.983946)
(10.818 0 1.06334)
(10.937 0 1.14159)
(11.0624 0 1.21838)
(11.1939 0 1.29335)
(11.3309 0 1.36616)
(11.4732 0 1.43644)
(11.6201 0 1.50384)
(11.7711 0 1.56804)
(11.9258 0 1.62871)
(12.0835 0 1.6856)
(12.2436 0 1.73845)
(12.4056 0 1.78709)
(12.5689 0 1.83137)
(12.7327 0 1.87121)
(12.8966 0 1.90657)
(13.0601 0 1.93746)
(13.2222 0 1.96395)
(13.3971 0 1.98621)
(10.0049 0 0.0747739)
(10.021 0 0.148305)
(10.0494 0 0.220985)
(10.0886 0 0.293138)
(10.1374 0 0.364956)
(10.1953 0 0.436548)
(10.262 0 0.507967)
(10.3371 0 0.579214)
(10.4204 0 0.650234)
(10.5114 0 0.72092)
(10.6098 0 0.791121)
(10.7153 0 0.860641)
(10.8276 0 0.929255)
(10.9462 0 0.996705)
(11.0708 0 1.06272)
(11.201 0 1.127)
(11.3362 0 1.18927)
(11.4761 0 1.24922)
(11.6201 0 1.30658)
(11.7677 0 1.36109)
(11.9184 0 1.4125)
(12.0717 0 1.46061)
(12.2269 0 1.50525)
(12.3835 0 1.54627)
(12.5409 0 1.58359)
(12.6987 0 1.61716)
(12.8563 0 1.64696)
(13.0132 0 1.67302)
(13.1686 0 1.69542)
(13.3362 0 1.71429)
(10.005 0 0.0638579)
(10.0215 0 0.126698)
(10.0506 0 0.188882)
(10.0906 0 0.250657)
(10.1403 0 0.312131)
(10.1992 0 0.373356)
(10.2668 0 0.434361)
(10.3427 0 0.49513)
(10.4267 0 0.555608)
(10.5183 0 0.615692)
(10.617 0 0.675247)
(10.7227 0 0.734103)
(10.8347 0 0.792067)
(10.9527 0 0.848925)
(11.0764 0 0.904447)
(11.2051 0 0.958398)
(11.3386 0 1.01054)
(11.4762 0 1.06064)
(11.6175 0 1.10848)
(11.762 0 1.15385)
(11.9091 0 1.19657)
(12.0583 0 1.23649)
(12.2091 0 1.27348)
(12.3609 0 1.30745)
(12.5133 0 1.33833)
(12.6658 0 1.3661)
(12.8178 0 1.39076)
(12.9691 0 1.41234)
(13.1189 0 1.43092)
(13.2801 0 1.44662)
(10.0051 0 0.0523826)
(10.0221 0 0.104038)
(10.0518 0 0.155344)
(10.0925 0 0.20644)
(10.143 0 0.257324)
(10.2025 0 0.30799)
(10.2708 0 0.358436)
(10.3474 0 0.408636)
(10.4318 0 0.458526)
(10.5237 0 0.50801)
(10.6227 0 0.55697)
(10.7282 0 0.605265)
(10.8398 0 0.652734)
(10.9572 0 0.699205)
(11.0799 0 0.744494)
(11.2073 0 0.788416)
(11.339 0 0.830784)
(11.4745 0 0.87142)
(11.6134 0 0.910156)
(11.755 0 0.946838)
(11.8989 0 0.981331)
(12.0446 0 1.01352)
(12.1916 0 1.04332)
(12.3394 0 1.07067)
(12.4875 0 1.09552)
(12.6354 0 1.11787)
(12.7828 0 1.13773)
(12.9292 0 1.15513)
(13.0742 0 1.17014)
(13.2301 0 1.18286)
(10.0053 0 0.0402652)
(10.0228 0 0.0802189)
(10.0532 0 0.120212)
(10.0947 0 0.160181)
(10.1458 0 0.200018)
(10.2059 0 0.239703)
(10.2747 0 0.279232)
(10.3517 0 0.31857)
(10.4365 0 0.357652)
(10.5286 0 0.39639)
(10.6275 0 0.434685)
(10.7328 0 0.472419)
(10.844 0 0.509465)
(10.9607 0 0.545683)
(11.0824 0 0.580932)
(11.2085 0 0.615068)
(11.3387 0 0.647949)
(11.4724 0 0.679441)
(11.6091 0 0.709418)
(11.7483 0 0.737769)
(11.8895 0 0.764396)
(12.0323 0 0.789219)
(12.1761 0 0.812177)
(12.3205 0 0.833228)
(12.465 0 0.852349)
(12.6092 0 0.869537)
(12.7528 0 0.884808)
(12.8954 0 0.898191)
(13.0365 0 0.909734)
(13.1882 0 0.919526)
(10.0056 0 0.0273233)
(10.0239 0 0.0555838)
(10.0551 0 0.0845742)
(10.0971 0 0.113629)
(10.1486 0 0.142518)
(10.2092 0 0.171262)
(10.2784 0 0.199874)
(10.3557 0 0.22832)
(10.4407 0 0.256543)
(10.5328 0 0.28448)
(10.6317 0 0.312062)
(10.7367 0 0.339206)
(10.8475 0 0.365824)
(10.9636 0 0.391819)
(11.0844 0 0.417092)
(11.2096 0 0.441543)
(11.3384 0 0.465075)
(11.4706 0 0.487596)
(11.6056 0 0.50902)
(11.7428 0 0.52927)
(11.8819 0 0.548283)
(12.0223 0 0.566004)
(12.1635 0 0.582394)
(12.3052 0 0.597426)
(12.447 0 0.611087)
(12.5883 0 0.623379)
(12.7289 0 0.634315)
(12.8684 0 0.643918)
(13.0064 0 0.652223)
(13.1546 0 0.659301)
(10.0068 0 0.0112437)
(10.0271 0 0.026576)
(10.0593 0 0.0437996)
(10.1017 0 0.0613081)
(10.1534 0 0.0787823)
(10.2142 0 0.0962645)
(10.2835 0 0.113749)
(10.3609 0 0.131177)
(10.4458 0 0.148486)
(10.5378 0 0.165623)
(10.6364 0 0.182535)
(10.7412 0 0.199165)
(10.8515 0 0.215452)
(10.967 0 0.231336)
(11.0871 0 0.246755)
(11.2113 0 0.261646)
(11.3392 0 0.275951)
(11.4702 0 0.289615)
(11.6039 0 0.302589)
(11.7397 0 0.314829)
(11.8771 0 0.326298)
(12.0158 0 0.336968)
(12.1553 0 0.346817)
(12.2951 0 0.355834)
(12.4348 0 0.364015)
(12.5741 0 0.371363)
(12.7126 0 0.377892)
(12.85 0 0.383619)
(12.9859 0 0.388574)
(13.1319 0 0.392817)
(9.99589 0 0.000921745)
(10.007 0 0.00495259)
(10.0276 0 0.0102597)
(10.0576 0 0.0158004)
(10.0974 0 0.0214128)
(10.1466 0 0.0271239)
(10.205 0 0.032924)
(10.2719 0 0.0387786)
(10.3468 0 0.0446552)
(10.4294 0 0.0505277)
(10.519 0 0.0563716)
(10.6151 0 0.0621621)
(10.7174 0 0.0678731)
(10.8251 0 0.0734784)
(10.9379 0 0.0789515)
(11.0553 0 0.0842667)
(11.1765 0 0.0893989)
(11.3013 0 0.0943249)
(11.429 0 0.0990235)
(11.5591 0 0.103476)
(11.6911 0 0.107665)
(11.8245 0 0.111579)
(11.959 0 0.115207)
(12.0939 0 0.118543)
(12.229 0 0.121584)
(12.3639 0 0.124327)
(12.498 0 0.126777)
(12.6313 0 0.128939)
(12.7632 0 0.130815)
(12.9049 0 0.132439)
(9.42454 0 13.0937)
(6.20453 0 10.7853)
(-1.10612 0 5.28839)
(10.3602 0 11.2314)
(9.80451 0 9.93881)
(8.21397 0 8.10857)
(11.4626 0 11.1383)
(11.68 0 10.5876)
(11.4235 0 9.67102)
(12.3546 0 10.7403)
(12.7013 0 10.5742)
(12.8088 0 10.1557)
(12.9219 0 10.0027)
(13.2928 0 9.99585)
(13.5367 0 9.85696)
(13.2974 0 9.22659)
(13.6598 0 9.28393)
(13.9436 0 9.27347)
(13.564 0 8.50924)
(13.8973 0 8.58174)
(14.172 0 8.61706)
(13.7528 0 7.85463)
(14.0511 0 7.92128)
(14.3008 0 7.96588)
(13.8828 0 7.25653)
(14.1484 0 7.31289)
(14.3715 0 7.35454)
(13.9686 0 6.70933)
(14.2059 0 6.7564)
(14.4052 0 6.79256)
(14.0203 0 6.20638)
(14.2336 0 6.24594)
(14.4125 0 6.27695)
(14.0446 0 5.741)
(14.2376 0 5.77464)
(14.3995 0 5.80139)
(14.0466 0 5.30747)
(14.2225 0 5.33643)
(14.3699 0 5.35975)
(14.0303 0 4.9011)
(14.1915 0 4.92626)
(14.3267 0 4.94679)
(13.9989 0 4.51801)
(14.1475 0 4.54005)
(14.2722 0 4.55825)
(13.9552 0 4.15501)
(14.0929 0 4.17443)
(14.2084 0 4.19063)
(13.9015 0 3.80947)
(14.0297 0 3.82663)
(14.1373 0 3.8411)
(13.8403 0 3.47914)
(13.9602 0 3.49435)
(14.0608 0 3.50727)
(13.7737 0 3.16212)
(13.8862 0 3.17558)
(13.9806 0 3.18712)
(13.7037 0 2.85671)
(13.8097 0 2.86861)
(13.8987 0 2.87888)
(13.6323 0 2.56138)
(13.7325 0 2.57185)
(13.8167 0 2.58096)
(13.5614 0 2.27474)
(13.6564 0 2.2839)
(13.7364 0 2.29191)
(13.4926 0 1.99533)
(13.5832 0 2.00327)
(13.6595 0 2.01024)
(13.4276 0 1.72207)
(13.5143 0 1.72885)
(13.5874 0 1.73484)
(13.368 0 1.4531)
(13.4515 0 1.45877)
(13.5217 0 1.4638)
(13.3151 0 1.18814)
(13.3958 0 1.19277)
(13.4638 0 1.19688)
(13.2707 0 0.923578)
(13.3491 0 0.927139)
(13.4152 0 0.930314)
(13.2352 0 0.662242)
(13.312 0 0.664825)
(13.3767 0 0.667127)
(13.2112 0 0.394512)
(13.2866 0 0.395937)
(13.3502 0 0.397184)
(12.982 0 0.133041)
(13.0554 0 0.133514)
(13.1174 0 0.133933)
(-2.65421 0 1.43978)
(-2.08857 0 1.11752)
(-2.39621 0 0.604002)
(-2.21145 0 0.60684)
(-2.07524 0 0.68696)
(-2.10344 0 0.485559)
(-2.10379 0 0.298988)
(-2.1212 0 0.248335)
(-2.14529 0 0.209897)
(-2.1453 0 0.180215)
(-2.14139 0 0.178977)
(-2.15599 0 0.176773)
(-2.17456 0 0.153061)
(-2.1792 0 0.122163)
(-2.17508 0 0.110204)
(-2.17957 0 0.119891)
(-2.19745 0 0.126789)
(-2.21665 0 0.118892)
(-2.22458 0 0.10092)
(-2.22054 0 0.0875119)
(-2.21576 0 0.0886286)
(-2.22186 0 0.0988476)
(-2.24082 0 0.104868)
(-2.2652 0 0.0975776)
(-2.28318 0 0.0753926)
(-2.28582 0 0.0466731)
(-2.27529 0 0.0265848)
(-2.26405 0 0.0236518)
(-2.26092 0 0.029165)
(-2.26186 0 0.0308674)
(6.06935 0 5.45753)
(3.55973 0 3.50289)
(1.40965 0 1.99444)
(-1.64191 0 0.362761)
(-2.13226 0 0.25614)
(-2.41926 0 0.0350441)
(-2.32389 0 0.152323)
(-2.21256 0 0.397095)
(-2.21723 0 0.363812)
(-2.20037 0 0.227283)
(-2.18673 0 0.147936)
(-2.21659 0 0.148048)
(-2.24938 0 0.127366)
(-2.24455 0 0.0984806)
(-2.21521 0 0.106268)
(-2.20648 0 0.138622)
(-2.23017 0 0.154357)
(-2.25848 0 0.139102)
(-2.26712 0 0.103298)
(-2.25326 0 0.0755668)
(-2.23658 0 0.078007)
(-2.23834 0 0.0996932)
(-2.26129 0 0.114301)
(-2.29307 0 0.109142)
(-2.31599 0 0.0818375)
(-2.31589 0 0.043244)
(-2.29513 0 0.0160126)
(-2.27435 0 0.0161967)
(-2.26938 0 0.0299954)
(-2.27191 0 0.0350331)
(10.3504 0 7.62292)
(8.58977 0 5.82501)
(6.65927 0 4.3729)
(4.70433 0 3.13439)
(2.90218 0 2.13346)
(1.51097 0 1.28034)
(-1.19988 0 0.199252)
(-1.92858 0 0.148462)
(-2.32538 0 -0.0245395)
(-2.37251 0 -0.111551)
(-2.25745 0 0.0899318)
(-2.21456 0 0.314567)
(-2.24946 0 0.299152)
(-2.22695 0 0.18347)
(-2.17106 0 0.0892667)
(-2.16557 0 0.107302)
(-2.21279 0 0.141852)
(-2.26171 0 0.126304)
(-2.27139 0 0.079697)
(-2.23542 0 0.0513579)
(-2.19216 0 0.0758104)
(-2.18499 0 0.121424)
(-2.21493 0 0.148297)
(-2.25805 0 0.143824)
(-2.2888 0 0.104805)
(-2.28527 0 0.0445619)
(-2.24848 0 -0.00228819)
(-2.21394 0 0.0031314)
(-2.20777 0 0.0327633)
(-2.21422 0 0.0452959)
(12.4936 0 8.78577)
(11.6111 0 7.33486)
(10.3767 0 6.02259)
(8.97225 0 4.83382)
(7.46851 0 3.81045)
(6.02359 0 2.98998)
(4.51507 0 2.28726)
(3.12566 0 1.68055)
(1.90308 0 1.13031)
(0.615172 0 0.472466)
(-1.35203 0 0.0922943)
(-1.81413 0 0.132068)
(-2.16227 0 -0.0119449)
(-2.22081 0 -0.165006)
(-2.08667 0 -0.0703361)
(-2.05268 0 0.180804)
(-2.0945 0 0.290017)
(-2.17213 0 0.267521)
(-2.17896 0 0.165227)
(-2.10628 0 0.0517847)
(-2.03836 0 0.039406)
(-2.03464 0 0.101034)
(-2.08338 0 0.141204)
(-2.14661 0 0.135095)
(-2.19165 0 0.0824449)
(-2.18445 0 0.00306421)
(-2.11708 0 -0.0411425)
(-2.06045 0 -0.0197949)
(-2.05783 0 0.0397871)
(-2.07339 0 0.0668469)
(13.6649 0 9.10425)
(13.3775 0 8.09454)
(12.7531 0 7.04153)
(11.8898 0 6.01974)
(10.8601 0 5.08861)
(9.75148 0 4.2835)
(8.59278 0 3.55625)
(7.4016 0 2.89938)
(6.22131 0 2.33961)
(5.08027 0 1.89045)
(3.90139 0 1.52457)
(2.85754 0 1.17104)
(1.89222 0 0.822268)
(1.16879 0 0.42612)
(-0.554616 0 0.0379967)
(-1.27182 0 0.165319)
(-1.64871 0 0.176316)
(-1.86502 0 0.0775762)
(-1.92391 0 -0.0806681)
(-1.80689 0 -0.16333)
(-1.79735 0 -0.0281128)
(-1.77455 0 0.181017)
(-1.84233 0 0.251906)
(-1.93251 0 0.254728)
(-1.99294 0 0.195653)
(-1.96685 0 0.0700133)
(-1.86115 0 -0.0747074)
(-1.80718 0 -0.0515878)
(-1.8178 0 0.0567818)
(-1.85407 0 0.107929)
(14.2897 0 8.92352)
(14.3698 0 8.30251)
(14.1972 0 7.55131)
(13.791 0 6.7548)
(13.193 0 5.96826)
(12.4574 0 5.22694)
(11.6268 0 4.53264)
(10.7295 0 3.89818)
(9.79397 0 3.34055)
(8.84984 0 2.86419)
(7.89899 0 2.43664)
(6.96377 0 2.0343)
(6.04275 0 1.67041)
(5.15701 0 1.38796)
(4.24186 0 1.17503)
(3.36854 0 0.973559)
(2.59445 0 0.777955)
(1.89159 0 0.583129)
(1.27267 0 0.370157)
(0.548963 0 0.0955467)
(-0.751874 0 0.0251409)
(-1.01766 0 0.155747)
(-1.27212 0 0.191313)
(-1.41882 0 0.158511)
(-1.52695 0 0.0431527)
(-1.5432 0 -0.145678)
(-1.36584 0 -0.247716)
(-1.47301 0 -0.119684)
(-1.50187 0 0.0925033)
(-1.58023 0 0.175695)
(14.5948 0 8.48941)
(14.8768 0 8.14825)
(15.0019 0 7.66013)
(14.936 0 7.08466)
(14.6886 0 6.4676)
(14.2921 0 5.84436)
(13.78 0 5.23589)
(13.1784 0 4.65837)
(12.5094 0 4.12429)
(11.7958 0 3.63856)
(11.0545 0 3.19401)
(10.2987 0 2.78423)
(9.53222 0 2.41514)
(8.7644 0 2.10692)
(8.00469 0 1.84268)
(7.26084 0 1.60209)
(6.5511 0 1.3718)
(5.86344 0 1.15117)
(5.18364 0 0.960684)
(4.51568 0 0.835323)
(3.81174 0 0.739235)
(3.18868 0 0.627818)
(2.61625 0 0.531089)
(2.08718 0 0.446073)
(1.60149 0 0.345372)
(1.21852 0 0.189967)
(0.537325 0 0.0149076)
(-0.686108 0 0.028281)
(-0.902074 0 0.144767)
(-1.15058 0 0.295217)
(14.7261 0 7.94541)
(15.0958 0 7.78001)
(15.3898 0 7.48743)
(15.5495 0 7.09881)
(15.5611 0 6.64587)
(15.4383 0 6.15741)
(15.2006 0 5.65568)
(14.8654 0 5.15771)
(14.4496 0 4.67686)
(13.9709 0 4.22201)
(13.4456 0 3.79574)
(12.8856 0 3.39777)
(12.298 0 3.03162)
(11.6916 0 2.70481)
(11.079 0 2.41359)
(10.4705 0 2.1498)
(9.87022 0 1.90187)
(9.27218 0 1.66952)
(8.6715 0 1.46651)
(8.0752 0 1.3052)
(7.48897 0 1.17144)
(6.92956 0 1.0477)
(6.39561 0 0.931724)
(5.87806 0 0.816518)
(5.37244 0 0.694968)
(4.86619 0 0.590578)
(4.34106 0 0.548871)
(3.75278 0 0.518488)
(3.26559 0 0.463921)
(2.53245 0 0.499521)
(14.7686 0 7.37772)
(15.1574 0 7.30967)
(15.5271 0 7.14582)
(15.8156 0 6.89729)
(15.9971 0 6.58182)
(16.072 0 6.21851)
(16.0475 0 5.82492)
(15.9323 0 5.4164)
(15.7363 0 5.00605)
(15.4716 0 4.60391)
(15.1501 0 4.21595)
(14.782 0 3.84558)
(14.3753 0 3.4969)
(13.9387 0 3.17486)
(13.4828 0 2.88001)
(13.0161 0 2.60802)
(12.5419 0 2.35321)
(12.0592 0 2.1161)
(11.5679 0 1.90365)
(11.0736 0 1.72141)
(10.5857 0 1.56517)
(10.1111 0 1.42462)
(9.64801 0 1.29198)
(9.18963 0 1.16271)
(8.72917 0 1.03745)
(8.25913 0 0.932681)
(7.77998 0 0.864551)
(7.29654 0 0.820076)
(6.8368 0 0.788628)
(6.22847 0 0.796018)
(14.7656 0 6.82941)
(15.1396 0 6.80933)
(15.5271 0 6.72172)
(15.8735 0 6.56759)
(16.1504 0 6.35485)
(16.3514 0 6.09412)
(16.476 0 5.79696)
(16.5255 0 5.47497)
(16.5037 0 5.13899)
(16.4166 0 4.79823)
(16.2717 0 4.45964)
(16.0763 0 4.12846)
(15.8374 0 3.8095)
(15.5623 0 3.50714)
(15.2588 0 3.22327)
(14.9338 0 2.95676)
(14.5912 0 2.70589)
(14.2326 0 2.47166)
(13.86 0 2.25802)
(13.4786 0 2.06816)
(13.095 0 1.90008)
(12.7138 0 1.7473)
(12.3343 0 1.60435)
(11.9525 0 1.46919)
(11.5633 0 1.34421)
(11.1633 0 1.23857)
(10.7549 0 1.16078)
(10.3455 0 1.10786)
(9.94724 0 1.07402)
(9.44293 0 1.05805)
(14.7376 0 6.31551)
(15.0839 0 6.31679)
(15.4592 0 6.27086)
(15.8187 0 6.17526)
(16.1372 0 6.03274)
(16.4065 0 5.84838)
(16.6226 0 5.62876)
(16.7827 0 5.38141)
(16.8858 0 5.11416)
(16.9335 0 4.83442)
(16.929 0 4.54864)
(16.8767 0 4.26226)
(16.7812 0 3.98013)
(16.6477 0 3.70637)
(16.4819 0 3.44367)
(16.2888 0 3.19299)
(16.0723 0 2.95477)
(15.835 0 2.73043)
(15.5796 0 2.52258)
(15.3103 0 2.33329)
(15.032 0 2.16176)
(14.7481 0 2.00461)
(14.4589 0 1.85875)
(14.1622 0 1.72339)
(13.8555 0 1.60071)
(13.5375 0 1.49622)
(13.2105 0 1.41498)
(12.8803 0 1.35589)
(12.5553 0 1.31391)
(12.1439 0 1.28164)
(14.6935 0 5.83776)
(15.01 0 5.84784)
(15.3609 0 5.82384)
(15.71 0 5.76282)
(16.0366 0 5.6655)
(16.3336 0 5.5341)
(16.5966 0 5.372)
(16.8213 0 5.18362)
(17.0044 0 4.9741)
(17.1444 0 4.74882)
(17.2417 0 4.51294)
(17.298 0 4.2712)
(17.3154 0 4.02795)
(17.2972 0 3.78702)
(17.2467 0 3.55136)
(17.1677 0 3.32299)
(17.0631 0 3.1034)
(16.9354 0 2.89433)
(16.7875 0 2.69787)
(16.6224 0 2.5157)
(16.4439 0 2.34793)
(16.2545 0 2.19319)
(16.0552 0 2.05007)
(15.8452 0 1.91845)
(15.6233 0 1.80012)
(15.3897 0 1.69858)
(15.1464 0 1.61684)
(14.8975 0 1.5543)
(14.649 0 1.50691)
(14.3293 0 1.4669)
(14.6375 0 5.39307)
(14.9265 0 5.40656)
(15.2503 0 5.39427)
(15.5791 0 5.35368)
(15.8962 0 5.28486)
(16.1963 0 5.18883)
(16.4762 0 5.0673)
(16.7317 0 4.92277)
(16.9587 0 4.75847)
(17.1547 0 4.57805)
(17.3184 0 4.38531)
(17.4495 0 4.18399)
(17.5484 0 3.9777)
(17.6166 0 3.76974)
(17.6558 0 3.56298)
(17.6681 0 3.35973)
(17.6557 0 3.16193)
(17.6204 0 2.97148)
(17.5644 0 2.79029)
(17.4902 0 2.61994)
(17.4004 0 2.46114)
(17.297 0 2.31372)
(17.1811 0 2.17736)
(17.0528 0 2.05245)
(16.9119 0 1.94049)
(16.7589 0 1.84381)
(16.5958 0 1.7643)
(16.4253 0 1.70162)
(16.2517 0 1.65279)
(16.0216 0 1.61127)
(14.5717 0 4.97713)
(14.8365 0 4.99184)
(15.1347 0 4.98626)
(15.4409 0 4.9583)
(15.7412 0 4.9079)
(16.032 0 4.83557)
(16.3112 0 4.74224)
(16.5756 0 4.62941)
(16.8216 0 4.49911)
(17.0464 0 4.35381)
(17.2479 0 4.1962)
(17.4251 0 4.02911)
(17.5774 0 3.85538)
(17.7048 0 3.67774)
(17.8081 0 3.49871)
(17.8881 0 3.32054)
(17.946 0 3.14524)
(17.983 0 2.97469)
(18.0007 0 2.81071)
(18.0007 0 2.65484)
(17.9849 0 2.50814)
(17.9547 0 2.37114)
(17.9113 0 2.24421)
(17.855 0 2.12809)
(17.7863 0 2.02409)
(17.7058 0 1.93391)
(17.6151 0 1.85885)
(17.5162 0 1.79883)
(17.4116 0 1.75189)
(17.2659 0 1.71315)
(14.4979 0 4.58588)
(14.7418 0 4.60089)
(15.017 0 4.59948)
(15.3015 0 4.57994)
(15.5831 0 4.54209)
(15.8596 0 4.48626)
(16.1296 0 4.41298)
(16.3909 0 4.32319)
(16.6406 0 4.21826)
(16.8761 0 4.0999)
(17.0955 0 3.97006)
(17.2973 0 3.83085)
(17.4807 0 3.68448)
(17.6449 0 3.53314)
(17.79 0 3.37899)
(17.916 0 3.22402)
(18.0235 0 3.07012)
(18.1131 0 2.91907)
(18.1858 0 2.77256)
(18.2425 0 2.63209)
(18.2845 0 2.49888)
(18.3128 0 2.37384)
(18.3284 0 2.25775)
(18.3317 0 2.15155)
(18.3235 0 2.05645)
(18.3043 0 1.97383)
(18.2756 0 1.90474)
(18.2384 0 1.84934)
(18.1945 0 1.80665)
(18.1247 0 1.77343)
(14.4174 0 4.21583)
(14.6432 0 4.23069)
(14.8983 0 4.23207)
(15.163 0 4.21849)
(15.4267 0 4.18975)
(15.6876 0 4.146)
(15.9452 0 4.08757)
(16.1977 0 4.01507)
(16.443 0 3.92945)
(16.6789 0 3.83195)
(16.9037 0 3.72401)
(17.1161 0 3.60726)
(17.315 0 3.48342)
(17.4995 0 3.35427)
(17.6693 0 3.2216)
(17.824 0 3.08715)
(17.9638 0 2.95262)
(18.0889 0 2.81962)
(18.1997 0 2.6897)
(18.2969 0 2.56431)
(18.3812 0 2.44469)
(18.4534 0 2.33195)
(18.5141 0 2.22707)
(18.5639 0 2.1311)
(18.6034 0 2.0452)
(18.6333 0 1.97058)
(18.6546 0 1.90823)
(18.6681 0 1.85861)
(18.6748 0 1.82149)
(18.6699 0 1.79509)
(14.3318 0 3.86407)
(14.5418 0 3.87852)
(14.7793 0 3.8818)
(15.0264 0 3.87263)
(15.2736 0 3.85078)
(15.5195 0 3.8163)
(15.7639 0 3.76935)
(16.0057 0 3.71032)
(16.2431 0 3.63989)
(16.4742 0 3.55895)
(16.6976 0 3.46863)
(16.9123 0 3.37016)
(17.117 0 3.26494)
(17.311 0 3.15442)
(17.4938 0 3.0401)
(17.6648 0 2.92348)
(17.8241 0 2.80604)
(17.9714 0 2.68926)
(18.1072 0 2.57453)
(18.2315 0 2.46321)
(18.345 0 2.35654)
(18.4482 0 2.25567)
(18.5415 0 2.16167)
(18.6255 0 2.07565)
(18.7007 0 1.99873)
(18.7678 0 1.93205)
(18.8276 0 1.87662)
(18.8807 0 1.83314)
(18.9276 0 1.80201)
(18.9759 0 1.78262)
(14.2425 0 3.52818)
(14.4387 0 3.54204)
(14.6607 0 3.5466)
(14.8922 0 3.54075)
(15.1245 0 3.52424)
(15.3565 0 3.49706)
(15.5884 0 3.45925)
(15.8191 0 3.41104)
(16.0473 0 3.35291)
(16.2714 0 3.28551)
(16.4903 0 3.2097)
(16.7028 0 3.12645)
(16.908 0 3.03688)
(17.1052 0 2.94218)
(17.2937 0 2.84363)
(17.4732 0 2.74251)
(17.6433 0 2.64012)
(17.8039 0 2.53778)
(17.955 0 2.43676)
(18.0968 0 2.33832)
(18.2296 0 2.24364)
(18.3537 0 2.15386)
(18.4695 0 2.0701)
(18.5776 0 1.99343)
(18.6784 0 1.92498)
(18.7726 0 1.86585)
(18.8608 0 1.81708)
(18.9436 0 1.77959)
(19.0213 0 1.75421)
(19.1114 0 1.74119)
(14.1512 0 3.20609)
(14.3352 0 3.21922)
(14.5435 0 3.22459)
(14.7612 0 3.22123)
(14.9802 0 3.20891)
(15.1996 0 3.18755)
(15.4197 0 3.15714)
(15.6399 0 3.1178)
(15.8587 0 3.06983)
(16.0751 0 3.01372)
(16.288 0 2.9501)
(16.4963 0 2.87976)
(16.6994 0 2.80359)
(16.8963 0 2.72256)
(17.0866 0 2.63774)
(17.2698 0 2.55025)
(17.4455 0 2.46121)
(17.6136 0 2.3718)
(17.774 0 2.28317)
(17.9267 0 2.19646)
(18.0719 0 2.11281)
(18.21 0 2.0333)
(18.3412 0 1.95902)
(18.466 0 1.89105)
(18.5848 0 1.83046)
(18.6982 0 1.77835)
(18.807 0 1.73579)
(18.9116 0 1.70383)
(19.0123 0 1.68356)
(19.1344 0 1.67583)
(14.0594 0 2.89602)
(14.2327 0 2.90831)
(14.4289 0 2.91412)
(14.6343 0 2.91261)
(14.8414 0 2.90357)
(15.0494 0 2.88688)
(15.2588 0 2.86251)
(15.469 0 2.83048)
(15.679 0 2.791)
(15.8877 0 2.7444)
(16.0941 0 2.69118)
(16.2975 0 2.63193)
(16.497 0 2.56736)
(16.692 0 2.49828)
(16.8819 0 2.42558)
(17.0662 0 2.3502)
(17.2445 0 2.27313)
(17.4167 0 2.19539)
(17.5827 0 2.11803)
(17.7423 0 2.04208)
(17.8957 0 1.9686)
(18.0432 0 1.89861)
(18.1849 0 1.83314)
(18.3214 0 1.77323)
(18.453 0 1.71994)
(18.5803 0 1.67432)
(18.704 0 1.63746)
(18.8247 0 1.61047)
(18.9427 0 1.59456)
(19.0891 0 1.59093)
(13.9687 0 2.59633)
(14.1325 0 2.60769)
(14.3181 0 2.61365)
(14.5126 0 2.61348)
(14.7091 0 2.60699)
(14.9069 0 2.59406)
(15.1066 0 2.57462)
(15.3076 0 2.54865)
(15.5093 0 2.51629)
(15.7105 0 2.47777)
(15.9106 0 2.43344)
(16.1087 0 2.38378)
(16.3041 0 2.32934)
(16.4963 0 2.27078)
(16.6846 0 2.20883)
(16.8686 0 2.1443)
(17.048 0 2.07803)
(17.2224 0 2.01091)
(17.3916 0 1.94387)
(17.5558 0 1.87784)
(17.7148 0 1.81378)
(17.8688 0 1.75264)
(18.0181 0 1.6954)
(18.1631 0 1.64302)
(18.3041 0 1.59652)
(18.4418 0 1.55691)
(18.5767 0 1.52525)
(18.7097 0 1.50267)
(18.8409 0 1.4904)
(19.006 0 1.48976)
(13.8807 0 2.30558)
(14.0363 0 2.31595)
(14.2124 0 2.32182)
(14.3973 0 2.32258)
(14.5844 0 2.31805)
(14.7731 0 2.30813)
(14.964 0 2.29273)
(15.1567 0 2.2718)
(15.3507 0 2.24543)
(15.545 0 2.21377)
(15.7389 0 2.17709)
(15.9318 0 2.13574)
(16.123 0 2.09016)
(16.3119 0 2.04089)
(16.4981 0 1.98853)
(16.681 0 1.93374)
(16.8603 0 1.87724)
(17.0357 0 1.81981)
(17.2071 0 1.76225)
(17.3742 0 1.70539)
(17.5371 0 1.65009)
(17.696 0 1.59722)
(17.851 0 1.54767)
(18.0025 0 1.50235)
(18.1508 0 1.46219)
(18.2965 0 1.42816)
(18.4403 0 1.40127)
(18.583 0 1.38259)
(18.7248 0 1.37332)
(18.9049 0 1.37479)
(13.7971 0 2.02227)
(13.9453 0 2.03158)
(14.1132 0 2.03717)
(14.2897 0 2.03853)
(14.4685 0 2.03549)
(14.6491 0 2.02796)
(14.8321 0 2.01586)
(15.0174 0 1.99913)
(15.2044 0 1.9778)
(15.3923 0 1.95199)
(15.5804 0 1.92188)
(15.7683 0 1.88776)
(15.9553 0 1.84995)
(16.1409 0 1.8089)
(16.3247 0 1.76508)
(16.5061 0 1.71905)
(16.6847 0 1.67141)
(16.8604 0 1.62282)
(17.0329 0 1.57397)
(17.2021 0 1.52559)
(17.3679 0 1.47843)
(17.5304 0 1.43327)
(17.6898 0 1.39092)
(17.8464 0 1.3522)
(18.0006 0 1.31797)
(18.1528 0 1.28911)
(18.3039 0 1.26657)
(18.4545 0 1.25135)
(18.6051 0 1.24454)
(18.7973 0 1.2474)
(13.7192 0 1.74525)
(13.8611 0 1.75345)
(14.0219 0 1.75862)
(14.191 0 1.7603)
(14.3626 0 1.75837)
(14.5361 0 1.75275)
(14.7122 0 1.74335)
(14.8909 0 1.73011)
(15.0716 0 1.71305)
(15.2537 0 1.69225)
(15.4366 0 1.66783)
(15.6198 0 1.64)
(15.8029 0 1.60904)
(15.9852 0 1.57527)
(16.1664 0 1.53909)
(16.346 0 1.50095)
(16.5237 0 1.46136)
(16.6992 0 1.42084)
(16.8722 0 1.38001)
(17.0427 0 1.33947)
(17.2106 0 1.29989)
(17.3759 0 1.26194)
(17.5387 0 1.22633)
(17.6994 0 1.19379)
(17.8584 0 1.1651)
(18.0161 0 1.14104)
(18.1732 0 1.12248)
(18.3305 0 1.1103)
(18.4885 0 1.10549)
(18.6908 0 1.10919)
(13.6485 0 1.47261)
(13.7851 0 1.47966)
(13.9397 0 1.48426)
(14.1026 0 1.48604)
(14.2679 0 1.4849)
(14.4353 0 1.48077)
(14.6055 0 1.47357)
(14.7784 0 1.46326)
(14.9537 0 1.44982)
(15.1306 0 1.43331)
(15.3088 0 1.41382)
(15.4878 0 1.39151)
(15.6671 0 1.36658)
(15.8464 0 1.33929)
(16.0251 0 1.30995)
(16.2028 0 1.27893)
(16.3794 0 1.24663)
(16.5543 0 1.2135)
(16.7276 0 1.18003)
(16.8989 0 1.14674)
(17.0682 0 1.11418)
(17.2356 0 1.08293)
(17.4011 0 1.05361)
(17.5652 0 1.02684)
(17.728 0 1.00329)
(17.8901 0 0.98366)
(18.0522 0 0.968694)
(18.2151 0 0.959179)
(18.3793 0 0.955958)
(18.59 0 0.960077)
(13.5864 0 1.20412)
(13.7184 0 1.20999)
(13.868 0 1.21393)
(14.0255 0 1.21564)
(14.1857 0 1.21506)
(14.3479 0 1.21212)
(14.5131 0 1.20675)
(14.6811 0 1.19891)
(14.8516 0 1.18859)
(15.0242 0 1.17582)
(15.1983 0 1.16066)
(15.3736 0 1.14324)
(15.5497 0 1.1237)
(15.7261 0 1.10224)
(15.9025 0 1.07911)
(16.0785 0 1.05458)
(16.2538 0 1.02898)
(16.4281 0 1.00266)
(16.6012 0 0.976028)
(16.7729 0 0.949492)
(16.9433 0 0.923509)
(17.1122 0 0.898555)
(17.2798 0 0.875136)
(17.4464 0 0.853781)
(17.6124 0 0.83505)
(17.7781 0 0.819531)
(17.9443 0 0.80785)
(18.1117 0 0.800672)
(18.2811 0 0.798703)
(18.4987 0 0.802843)
(13.5344 0 0.935948)
(13.6628 0 0.940562)
(13.8081 0 0.943718)
(13.9614 0 0.945193)
(14.1173 0 0.944929)
(14.2754 0 0.94288)
(14.4364 0 0.938994)
(14.6004 0 0.933229)
(14.767 0 0.925574)
(14.9359 0 0.916046)
(15.1066 0 0.904694)
(15.2788 0 0.891598)
(15.4521 0 0.876871)
(15.6261 0 0.860659)
(15.8004 0 0.84314)
(15.9748 0 0.824528)
(16.1489 0 0.805065)
(16.3225 0 0.785025)
(16.4953 0 0.76471)
(16.6673 0 0.744448)
(16.8382 0 0.72459)
(17.0083 0 0.705511)
(17.1774 0 0.68761)
(17.346 0 0.671308)
(17.5143 0 0.657051)
(17.6828 0 0.645312)
(17.8522 0 0.636597)
(18.0233 0 0.631446)
(18.1968 0 0.630435)
(18.4197 0 0.634341)
(13.4935 0 0.67121)
(13.619 0 0.674612)
(13.7611 0 0.676997)
(13.9111 0 0.678195)
(14.0637 0 0.678168)
(14.2185 0 0.67689)
(14.3763 0 0.674323)
(14.5372 0 0.670433)
(14.7009 0 0.66521)
(14.8669 0 0.658664)
(15.0349 0 0.650827)
(15.2046 0 0.641751)
(15.3756 0 0.631513)
(15.5477 0 0.620213)
(15.7204 0 0.607974)
(15.8934 0 0.594944)
(16.0665 0 0.581294)
(16.2394 0 0.567216)
(16.4119 0 0.552926)
(16.5839 0 0.538656)
(16.7552 0 0.524659)
(16.9259 0 0.511205)
(17.0962 0 0.498585)
(17.2661 0 0.487104)
(17.4362 0 0.47709)
(17.6068 0 0.468896)
(17.7786 0 0.4629)
(17.9525 0 0.45952)
(18.1291 0 0.459199)
(18.3563 0 0.462563)
(13.465 0 0.399483)
(13.5885 0 0.401536)
(13.7284 0 0.402988)
(13.876 0 0.403693)
(14.0262 0 0.40365)
(14.1787 0 0.402855)
(14.3342 0 0.401289)
(14.4929 0 0.39893)
(14.6543 0 0.395772)
(14.8182 0 0.391821)
(14.9843 0 0.387097)
(15.1522 0 0.381632)
(15.3215 0 0.375471)
(15.4921 0 0.368674)
(15.6634 0 0.361315)
(15.8354 0 0.353482)
(16.0076 0 0.345278)
(16.1798 0 0.336819)
(16.3519 0 0.328235)
(16.5237 0 0.319668)
(16.6951 0 0.31127)
(16.8661 0 0.303207)
(17.0369 0 0.295655)
(17.2076 0 0.288805)
(17.3787 0 0.282858)
(17.5505 0 0.278039)
(17.7239 0 0.274597)
(17.8995 0 0.272827)
(18.0782 0 0.273113)
(18.3075 0 0.276214)
(13.2289 0 0.134825)
(13.3488 0 0.135742)
(13.4847 0 0.136446)
(13.6282 0 0.136872)
(13.7744 0 0.137029)
(13.9228 0 0.13692)
(14.0741 0 0.136538)
(14.2285 0 0.135873)
(14.3856 0 0.134921)
(14.5452 0 0.133683)
(14.7068 0 0.132165)
(14.8701 0 0.130377)
(15.0349 0 0.128334)
(15.2008 0 0.126055)
(15.3675 0 0.123567)
(15.5346 0 0.120899)
(15.702 0 0.118087)
(15.8692 0 0.115173)
(16.0362 0 0.112201)
(16.2028 0 0.109222)
(16.3689 0 0.10629)
(16.5346 0 0.103464)
(16.6999 0 0.100809)
(16.865 0 0.0983921)
(17.0304 0 0.0962878)
(17.1965 0 0.0945789)
(17.3642 0 0.0933628)
(17.5342 0 0.0927682)
(17.7078 0 0.0929945)
(17.9324 0 0.0946391)
)
;

boundaryField
{
    inlet
    {
        type            fixedValue;
        value           uniform (10 0 0);
    }
    outlet
    {
        type            zeroGradient;
    }
    flap
    {
        type            movingWallVelocity;
        value           nonuniform List<vector> 
33
(
(0 0 6.93889e-16)
(0 0 0)
(0 0 0)
(0 0 0)
(0 0 0)
(0 0 0)
(0 0 0)
(0 0 0)
(0 0 0)
(0 0 0)
(0 0 0)
(0 0 -1.11022e-14)
(0 0 -1.11022e-14)
(0 0 -1.11022e-14)
(0 0 -2.22045e-14)
(6.93889e-16 -2.77556e-15 0)
(0 -2.77556e-15 0)
(0 0 0)
(0 0 6.93889e-16)
(0 0 0)
(0 0 0)
(0 0 0)
(0 0 0)
(0 0 0)
(0 0 -5.55112e-15)
(0 0 0)
(0 0 -1.11022e-14)
(0 0 0)
(0 0 0)
(0 0 0)
(0 0 0)
(0 -2.77556e-15 -1.11022e-14)
(0 0 -1.11022e-14)
)
;
    }
    upperWall
    {
        type            noSlip;
    }
    lowerWall
    {
        type            noSlip;
    }
    frontAndBack
    {
        type            empty;
    }
}


// ************************************************************************* //
