/*--------------------------------*- C++ -*----------------------------------*\
  =========                 |
  \\      /  F ield         | OpenFOAM: The Open Source CFD Toolbox
   \\    /   O peration     | Website:  https://openfoam.org
    \\  /    A nd           | Version:  dev
     \\/     M anipulation  |
\*---------------------------------------------------------------------------*/
FoamFile
{
    version     2.0;
    format      ascii;
    class       surfaceScalarField;
    location    "9.5";
    object      phi;
}
// * * * * * * * * * * * * * * * * * * * * * * * * * * * * * * * * * * * * * //

dimensions      [0 3 -1 0 0 0 0];

internalField   nonuniform List<scalar> 
5457
(
0.198418
0.0015824
0.19648
0.0019374
0.194192
0.00228814
0.191508
0.00268365
0.188427
0.00308128
0.18495
0.00347687
0.181072
0.0038787
0.176777
0.00429417
0.172049
0.0047284
0.166864
0.00518543
0.161195
0.00566874
0.155014
0.00618129
0.148288
0.00672525
0.140987
0.00730164
0.133077
0.00790981
0.12453
0.00854676
0.115324
0.0092062
0.105446
0.00987746
0.0949021
0.0105443
0.0837184
0.0111837
0.0719536
0.0117647
0.0597053
0.0122483
0.0471167
0.0125886
0.0343767
0.01274
0.021682
0.0126947
0.0090321
0.0126499
-0.00291959
0.0119517
-0.00847339
0.0055538
-0.00804342
-0.000429963
-0.00804342
0.199928
0.00165426
0.199176
0.00268988
0.197965
0.00349913
0.196331
0.0043169
0.194271
0.00514143
0.191781
0.00596706
0.188854
0.00680582
0.185477
0.0076712
0.181632
0.0085735
0.177296
0.00952105
0.172444
0.0105211
0.167045
0.0115799
0.161068
0.0127023
0.154479
0.0138909
0.147244
0.0151452
0.13933
0.0164602
0.130712
0.0178245
0.121371
0.0192179
0.111306
0.0206094
0.100536
0.0219538
0.0891115
0.0231893
0.0771239
0.024236
0.064718
0.0249945
0.0521107
0.0253472
0.0396508
0.0251546
0.0281015
0.0241992
0.0185912
0.021462
0.00879348
0.0153515
0.00118167
0.00718185
-0.00686175
0.199781
0.00187372
0.199087
0.00338376
0.197946
0.00464011
0.196409
0.00585359
0.194483
0.00706765
0.192164
0.00828622
0.189446
0.00952339
0.18632
0.0107968
0.182772
0.0121216
0.178783
0.0135101
0.174331
0.0149735
0.16939
0.0165212
0.163931
0.0181612
0.157923
0.0198984
0.151335
0.0217338
0.144133
0.0236623
0.136287
0.0256703
0.127772
0.0277322
0.118575
0.0298066
0.108697
0.0318319
0.0981651
0.0337214
0.0870427
0.0353584
0.075446
0.0365912
0.0635691
0.0372242
0.0517276
0.0369961
0.040393
0.0355338
0.0297353
0.0321198
0.0191634
0.0259234
0.00959603
0.0167492
0.00273428
0.199703
0.00217067
0.199008
0.0040791
0.197887
0.00576069
0.196376
0.00736457
0.194488
0.00895586
0.192222
0.0105523
0.189574
0.0121712
0.186538
0.013833
0.183103
0.0155562
0.179257
0.0173568
0.174981
0.0192487
0.170258
0.0212441
0.165066
0.0233531
0.159382
0.0255829
0.15318
0.0279358
0.146434
0.0304078
0.13912
0.032985
0.131212
0.0356398
0.122693
0.0383261
0.113551
0.0409731
0.103794
0.0434785
0.0934515
0.0457011
0.0825902
0.0474524
0.0713276
0.0484868
0.059836
0.0484877
0.0483126
0.0470572
0.0368074
0.043625
0.0251853
0.0375454
0.0133343
0.0286003
0.0160686
0.199667
0.00250327
0.198964
0.0047824
0.197863
0.00686206
0.196381
0.00884632
0.194532
0.0108047
0.192317
0.0127671
0.189733
0.0147551
0.186775
0.0167917
0.183433
0.0188981
0.179697
0.0210928
0.175554
0.0233919
0.170988
0.0258095
0.165984
0.0283572
0.160524
0.0310434
0.154588
0.0338717
0.148157
0.0368387
0.141211
0.0399312
0.133729
0.0431217
0.125692
0.0463633
0.117082
0.0495828
0.107888
0.0526723
0.0981091
0.0554803
0.087759
0.0578025
0.0768731
0.0593727
0.0655035
0.0598574
0.0537033
0.0588574
0.0414501
0.0558782
0.028585
0.0504105
0.0148509
0.0423344
0.0309194
0.199653
0.00285049
0.198949
0.0054865
0.197871
0.00794005
0.196426
0.0102906
0.194626
0.0126048
0.192473
0.0149207
0.189963
0.0172649
0.187092
0.0196627
0.183853
0.0221376
0.180235
0.0247102
0.176228
0.0273986
0.171819
0.0302184
0.166994
0.0331823
0.161738
0.0362997
0.156035
0.039575
0.149868
0.0430057
0.143219
0.0465798
0.136069
0.0502715
0.128397
0.054036
0.120177
0.0578029
0.111382
0.061467
0.101983
0.0648794
0.0919485
0.0678368
0.0812478
0.0700735
0.0698482
0.0712569
0.0577114
0.0709942
0.0447561
0.0688335
0.0308458
0.0643208
0.0158714
0.0573088
0.0467908
0.19965
0.00320046
0.198954
0.00618251
0.197904
0.00898973
0.196505
0.0116903
0.194762
0.0143471
0.19268
0.0170028
0.190256
0.0196886
0.187487
0.0224325
0.184364
0.0252598
0.180881
0.0281933
0.177027
0.0312528
0.17279
0.0344552
0.168158
0.0378147
0.163116
0.0413416
0.157649
0.0450416
0.151741
0.0489136
0.145373
0.0529478
0.138523
0.0571215
0.131165
0.0613948
0.123263
0.0657042
0.114776
0.0699542
0.105648
0.0740077
0.0958097
0.077675
0.0851791
0.0807042
0.0736613
0.0827747
0.061155
0.0835004
0.0475498
0.0824387
0.0327546
0.079116
0.0167808
0.0732827
0.0635716
0.199655
0.00354582
0.198974
0.00686266
0.197959
0.0100055
0.19661
0.0130391
0.194934
0.0160232
0.192933
0.0190034
0.190607
0.0220148
0.187952
0.0250878
0.184961
0.0282499
0.181629
0.0315256
0.177946
0.0349364
0.1739
0.0385008
0.16948
0.0422345
0.164672
0.0461494
0.159461
0.0502528
0.153828
0.0545464
0.147753
0.0590235
0.141207
0.0636667
0.134158
0.0684437
0.126561
0.0733016
0.118355
0.07816
0.109462
0.0829011
0.0997785
0.0873582
0.089179
0.0913037
0.0775168
0.0944369
0.0646396
0.0963777
0.0504107
0.0966676
0.0347631
0.0947635
0.0177871
0.0902587
0.0813587
0.199664
0.00388166
0.199006
0.00752049
0.19803
0.0109818
0.196739
0.0143306
0.195136
0.0176253
0.193227
0.0209133
0.191009
0.0242328
0.18848
0.0276165
0.185636
0.031094
0.18247
0.0346915
0.178974
0.038432
0.175139
0.042336
0.170953
0.0464207
0.166402
0.0507001
0.161471
0.0551843
0.156139
0.0598783
0.150382
0.0647804
0.144168
0.0698803
0.137456
0.0751559
0.130189
0.0805689
0.12229
0.0860586
0.113658
0.0915331
0.104159
0.0968575
0.0936242
0.101839
0.0818547
0.106206
0.0686397
0.109593
0.0537934
0.111514
0.03723
0.111327
0.0190798
0.108409
0.100439
0.199677
0.00420445
0.199047
0.00815076
0.198116
0.0119132
0.196887
0.0155589
0.195366
0.0191463
0.193556
0.022724
0.191456
0.0263327
0.189065
0.0300074
0.186379
0.0337794
0.183394
0.0376764
0.180103
0.0417234
0.176497
0.0459424
0.172565
0.0503526
0.168294
0.0549706
0.163669
0.0598095
0.158668
0.064879
0.153265
0.0701836
0.147424
0.0757219
0.141095
0.0814844
0.134213
0.0874506
0.126688
0.093584
0.118396
0.0998252
0.109173
0.10608
0.098808
0.112204
0.0870404
0.117974
0.0735777
0.123055
0.0581373
0.126954
0.0405431
0.128921
0.0208964
0.128056
0.121335
0.199693
0.00451153
0.199095
0.00874916
0.198213
0.0127948
0.197053
0.0167187
0.19562
0.0205797
0.193916
0.0244279
0.191943
0.0283058
0.1897
0.0322504
0.187185
0.0362945
0.184394
0.0404675
0.181321
0.0447958
0.17796
0.0493031
0.174302
0.0540108
0.170335
0.0589382
0.166042
0.064102
0.161404
0.0695169
0.156393
0.0751945
0.150971
0.0811437
0.145087
0.0873693
0.138666
0.0938709
0.13161
0.10064
0.123779
0.107656
0.114984
0.114876
0.104969
0.122219
0.0934041
0.129539
0.0798825
0.136577
0.0639531
0.142884
0.0452225
0.147652
0.0236044
0.149674
0.144939
0.199711
0.00480085
0.199148
0.00931219
0.19832
0.0136224
0.197234
0.017805
0.195894
0.0219199
0.194303
0.0260183
0.192465
0.0301444
0.190378
0.0343366
0.188043
0.0386294
0.185458
0.0430532
0.182618
0.047636
0.179518
0.052403
0.176151
0.0573778
0.172507
0.062582
0.168573
0.0680364
0.164329
0.0737606
0.15975
0.0797737
0.154798
0.086095
0.149423
0.0927442
0.143552
0.0997421
0.137082
0.10711
0.129867
0.114871
0.121702
0.12304
0.112299
0.131622
0.101255
0.140583
0.0880255
0.149806
0.0719028
0.159006
0.0520684
0.167486
0.0278743
0.173868
0.172814
0.19973
0.00507079
0.199205
0.00983698
0.198435
0.0143924
0.197427
0.0188136
0.196184
0.023162
0.194713
0.0274896
0.193016
0.0318418
0.191094
0.0362586
0.188948
0.0407753
0.186577
0.0454237
0.183981
0.0502327
0.181155
0.0552291
0.178094
0.060438
0.174793
0.0658836
0.17124
0.0715899
0.167419
0.0775812
0.163309
0.0838836
0.158878
0.090526
0.15408
0.0975421
0.148849
0.104973
0.143091
0.112869
0.136668
0.121294
0.129378
0.130331
0.120924
0.140076
0.110861
0.150645
0.0985177
0.16215
0.0828734
0.174651
0.0624087
0.187951
0.0351058
0.201171
0.207919
0.199751
0.00532009
0.199266
0.0103212
0.198557
0.0151019
0.197629
0.0197412
0.19649
0.0243019
0.195142
0.0288369
0.193591
0.0333927
0.19184
0.0380101
0.18989
0.0427254
0.187742
0.047571
0.185398
0.0525768
0.182857
0.0577705
0.180116
0.0631787
0.177172
0.0688273
0.174019
0.074743
0.170647
0.0809539
0.167039
0.0874914
0.163172
0.0943925
0.159012
0.101702
0.154508
0.109477
0.149584
0.117793
0.14413
0.126749
0.137976
0.136484
0.130865
0.147188
0.12238
0.15913
0.111828
0.172702
0.0979787
0.1885
0.0784948
0.207435
0.0486286
0.231037
0.256548
0.199772
0.00554779
0.19933
0.0107631
0.198684
0.0157483
0.19784
0.0205848
0.196806
0.0253363
0.195586
0.0300566
0.194186
0.0347928
0.19261
0.0395864
0.190861
0.0444742
0.188943
0.0494891
0.186858
0.0546614
0.184609
0.0600194
0.182198
0.0655904
0.179624
0.0714015
0.176885
0.077481
0.17398
0.0838594
0.1709
0.0905716
0.167633
0.0976594
0.16416
0.105175
0.160452
0.113185
0.156465
0.12178
0.152133
0.131081
0.147355
0.141262
0.141972
0.15257
0.135721
0.165381
0.128131
0.180293
0.118259
0.198372
0.103855
0.221838
0.0776155
0.257277
0.334164
0.00386084
-0.00386084
0.00753958
-0.00367874
0.0105655
-0.00302587
0.0129148
-0.00234931
0.0146606
-0.00174589
0.0158819
-0.00122124
0.016645
-0.000763139
0.0170061
-0.000361107
0.0170283
-2.2138e-05
0.01674
0.000288317
0.0162142
0.000525734
0.0155031
0.000711169
0.0146607
0.000842392
0.0137424
0.000918314
0.0128026
0.000939782
0.0118912
0.000911392
0.0110495
0.000841672
0.010307
0.000742507
0.0096787
0.000628297
0.0091641
0.0005146
0.00874918
0.000414923
0.00841246
0.000336722
0.00813316
0.000279294
0.00789679
0.000236371
0.00769531
0.000201483
0.00752428
0.000171027
0.00737983
0.000144455
0.00725672
0.00012311
0.00714904
0.000107675
8.60418e-05
0.00358756
-0.0074484
0.0070311
-0.00712228
0.00992806
-0.00592283
0.0122671
-0.00468833
0.0141213
-0.00360011
0.0155638
-0.0026637
0.0166545
-0.00185386
0.0174389
-0.00114558
0.0179325
-0.000515672
0.0181732
4.7622e-05
0.0181429
0.000555968
0.0179047
0.000949397
0.0175119
0.00123522
0.0170204
0.00140984
0.0164855
0.00147464
0.0159577
0.00143914
0.0154787
0.00132068
0.0150772
0.00114407
0.0147668
0.000938676
0.0145454
0.000735957
0.0143981
0.000562256
0.014304
0.000430849
0.0142448
0.000338465
0.0142094
0.000271788
0.0141925
0.000218417
0.0141913
0.000172187
0.0142028
0.000132941
0.014222
0.000103907
0.0142416
8.80874e-05
8.79458e-05
0.00305787
-0.0105063
0.00590441
-0.00996882
0.00826304
-0.00828147
0.0101658
-0.00659111
0.0116888
-0.00512305
0.0128927
-0.00386761
0.0138252
-0.00278641
0.0145241
-0.00184443
0.0150227
-0.00101424
0.0153447
-0.000274409
0.0155072
0.000393416
0.0155126
0.000944018
0.0154001
0.00134772
0.0152135
0.00159649
0.0149948
0.0016933
0.0147816
0.00165234
0.0146036
0.00149868
0.014481
0.00126667
0.0144215
0.000998155
0.0144194
0.000738124
0.0144579
0.000523728
0.0145166
0.000372102
0.0145803
0.000274781
0.0146419
0.000210222
0.0146995
0.000160761
0.014753
0.000118718
0.0148011
8.48064e-05
0.0148408
6.43044e-05
0.0148658
6.30311e-05
9.16227e-05
0.00247612
-0.0129824
0.00461912
-0.0121118
0.00632178
-0.00998412
0.00768374
-0.00795307
0.00878036
-0.00621967
0.00965597
-0.00474323
0.0103432
-0.00347359
0.0108661
-0.00236736
0.0112452
-0.00139337
0.0115042
-0.000533366
0.0116595
0.000238098
0.0117052
0.000898276
0.0116766
0.00137641
0.0116128
0.00166026
0.0115449
0.0017612
0.011496
0.00170119
0.0114817
0.00151298
0.0115091
0.00123932
0.0115753
0.000931919
0.0116662
0.000647231
0.0117587
0.000431232
0.0118285
0.000302279
0.0118634
0.000239966
0.0118626
0.000210941
0.0118314
0.000191988
0.0117751
0.000175058
0.0116981
0.000161773
0.011604
0.000158394
0.0114964
0.000170599
0.000196681
0.00180201
-0.0147844
0.00316259
-0.0134724
0.00414021
-0.0109617
0.0049018
-0.00871466
0.00551129
-0.00682917
0.00599741
-0.00522934
0.00638011
-0.00385629
0.00667271
-0.00265997
0.00688394
-0.0016046
0.00702891
-0.000678337
0.00711154
0.000155475
0.00710758
0.000902236
0.00707708
0.00140691
0.00705209
0.00168524
0.00704809
0.00176521
0.0070701
0.00167917
0.00711439
0.00146869
0.00716988
0.00118383
0.00722041
0.000881386
0.00724207
0.000625579
0.00720935
0.000463947
0.0070994
0.00041223
0.00691654
0.000422829
0.00667999
0.000447491
0.00640943
0.000462548
0.00612045
0.000464031
0.00582107
0.000461152
0.00551503
0.000464443
0.0052137
0.00047192
0.000435366
0.00103509
-0.0158195
0.00152825
-0.0139656
0.0017374
-0.0111709
0.00185269
-0.00882995
0.00191165
-0.00688812
0.00193773
-0.00525542
0.00194228
-0.00386084
0.0019339
-0.00265158
0.00192362
-0.00159433
0.00190537
-0.000660084
0.00183106
0.00022978
0.00175063
0.000982667
0.00169006
0.00146748
0.00165589
0.00171942
0.0016334
0.00178769
0.00159395
0.00171862
0.00150333
0.00155932
0.00132867
0.00135849
0.0010528
0.00115726
0.00068956
0.000988816
0.000273227
0.000880279
-0.000145213
0.00083067
-0.000545706
0.000823322
-0.000922056
0.000823842
-0.00127057
0.000811066
-0.00159368
0.000787142
-0.00189761
0.00076508
-0.0021891
0.000755928
-0.00245874
0.000741566
0.000663634
0.000103885
-0.0159234
-0.000293696
-0.013568
-0.000878922
-0.0105857
-0.00146555
-0.00824332
-0.00203412
-0.00631955
-0.00255475
-0.00473479
-0.00301666
-0.00339893
-0.00341858
-0.00224967
-0.00378446
-0.00122845
-0.00415746
-0.00028708
-0.00444169
0.000514005
-0.00459487
0.00113585
-0.00471011
0.00158272
-0.00483857
0.00184788
-0.0050094
0.00195852
-0.00524181
0.00195103
-0.00554238
0.00185989
-0.00590339
0.00171949
-0.00630919
0.00156306
-0.00674056
0.00142019
-0.00717446
0.00131417
-0.00759198
0.00124819
-0.00797457
0.00120591
-0.0083134
0.00116267
-0.00860705
0.00110471
-0.00885876
0.00103885
-0.00907619
0.000982509
-0.00926458
0.000944325
-0.00942575
0.000902734
0.000841112
-0.000864549
-0.0150588
-0.00225644
-0.0121761
-0.00368592
-0.00915619
-0.00507105
-0.00685819
-0.00633816
-0.00505244
-0.00746639
-0.00360656
-0.00845364
-0.00241169
-0.00930665
-0.00139666
-0.0100397
-0.000495369
-0.010605
0.000278152
-0.0109859
0.000894925
-0.0112472
0.00139715
-0.0114551
0.00179068
-0.0116592
0.00205198
-0.0118901
0.00218938
-0.0121601
0.00222101
-0.0124686
0.00216841
-0.0128075
0.00205841
-0.0131675
0.001923
-0.0135403
0.00179306
-0.0139149
0.00168876
-0.0142767
0.00161001
-0.0146091
0.00153829
-0.0148981
0.00145171
-0.0151374
0.00134395
-0.0153293
0.00123075
-0.0154829
0.00113616
-0.0156082
0.0010696
-0.0157213
0.00101579
0.000976395
-0.00197887
-0.0130799
-0.00439027
-0.00976469
-0.00677564
-0.00677081
-0.00898486
-0.00464897
-0.0109347
-0.00310255
-0.0126045
-0.00193681
-0.0140121
-0.0010041
-0.0151767
-0.000232016
-0.0160643
0.000392176
-0.0166848
0.000898704
-0.0171292
0.00133935
-0.0174639
0.00173182
-0.0177228
0.00204962
-0.0179482
0.00227732
-0.0181727
0.00241387
-0.0184144
0.00246277
-0.0186781
0.00243208
-0.0189605
0.00234084
-0.0192574
0.00221988
-0.019566
0.00210165
-0.0198817
0.00200449
-0.0201943
0.00192259
-0.0204872
0.00183112
-0.020742
0.00170657
-0.0209468
0.00154872
-0.0211013
0.00138522
-0.0212161
0.00125096
-0.0213063
0.00115983
-0.0213929
0.00110241
0.00108116
-0.00329791
-0.00978204
-0.00688875
-0.00617384
-0.0102784
-0.00338121
-0.0132628
-0.0016645
-0.0157885
-0.00057692
-0.0178495
0.0001242
-0.0194465
0.000592962
-0.0206174
0.00093883
-0.0214694
0.00124417
-0.0221162
0.00154557
-0.0226164
0.00183951
-0.0229927
0.00210808
-0.023276
0.00233299
-0.0235051
0.00250639
-0.0237158
0.00262452
-0.0239313
0.00267835
-0.0241595
0.0026602
-0.0243979
0.00257925
-0.0246442
0.00246623
-0.0249007
0.00235813
-0.0251698
0.00227359
-0.0254465
0.00219925
-0.0257142
0.00209886
-0.0259493
0.00194168
-0.0261324
0.00173182
-0.02626
0.0015128
-0.0263457
0.00133671
-0.0264109
0.00122505
-0.0264771
0.00116855
0.00116068
-0.00507294
-0.0047091
-0.0104627
-0.000784082
-0.0148962
0.00105228
-0.0183387
0.00177804
-0.0209145
0.00199888
-0.0228261
0.00203572
-0.0242739
0.00204078
-0.0254009
0.00206581
-0.0262794
0.00212273
-0.0269596
0.00222581
-0.0274825
0.0023624
-0.027876
0.00250151
-0.0281667
0.0026237
-0.028391
0.00273072
-0.028589
0.00282252
-0.0287883
0.00287764
-0.0289955
0.00286746
-0.0292044
0.0027881
-0.0294115
0.00267336
-0.0296249
0.00257149
-0.0298565
0.0025052
-0.0301082
0.00245098
-0.0303631
0.00235379
-0.0305898
0.00216829
-0.0307587
0.00190073
-0.0308623
0.00161639
-0.03092
0.00139442
-0.0309618
0.00126691
-0.031009
0.00121572
0.00121793
-0.0079396
0.0032305
-0.0144668
0.00574314
-0.0191599
0.0057454
-0.0226167
0.00523482
-0.025204
0.00458614
-0.027149
0.00398076
-0.0286311
0.00352287
-0.0297665
0.00320121
-0.030633
0.00298927
-0.0312965
0.00288931
-0.0318098
0.00287561
-0.0321992
0.00289093
-0.0324808
0.00290535
-0.0326876
0.00293755
-0.0328679
0.00300272
-0.0330557
0.00306552
-0.0332534
0.00306512
-0.0334434
0.00297816
-0.0336173
0.00284725
-0.0337902
0.00274436
-0.0339882
0.00270318
-0.034223
0.00268575
-0.0344764
0.00260723
-0.0347053
0.00239723
-0.0348657
0.00206105
-0.0349438
0.00169458
-0.0349688
0.00141935
-0.0349847
0.0012828
-0.0350136
0.00124466
0.00125551
-0.0101275
0.013358
-0.0178924
0.0135081
-0.0232486
0.0111016
-0.0269299
0.00891612
-0.0295275
0.00718379
-0.0313756
0.00582885
-0.0327485
0.00489575
-0.0338006
0.00425333
-0.0345883
0.00377698
-0.0351811
0.00348204
-0.0356509
0.0033454
-0.0360194
0.00325947
-0.0362766
0.00316257
-0.0364466
0.00310753
-0.0365954
0.00315155
-0.0367722
0.00324228
-0.0369705
0.00326347
-0.037151
0.00315862
-0.0372924
0.00298865
-0.0374199
0.00287189
-0.0375822
0.00286545
-0.0378057
0.00290926
-0.0380698
0.00287127
-0.0383137
0.00264117
-0.0384712
0.00221856
-0.038519
0.00174233
-0.0385005
0.00140092
-0.0384844
0.00126668
-0.0384969
0.00125715
0.00127744
-0.0134104
0.0267684
-0.0230598
0.0231574
-0.0284866
0.0165285
-0.0317637
0.0121932
-0.0340634
0.00948352
-0.0355593
0.00732469
-0.0366317
0.00596822
-0.0375098
0.00513143
-0.038159
0.00442611
-0.0386224
0.00394547
-0.0390156
0.00373859
-0.039358
0.00360191
-0.0395802
0.00338478
-0.0396839
0.00321117
-0.0397751
0.00324279
-0.0399378
0.003405
-0.0401514
0.00347699
-0.0403342
0.00334146
-0.0404393
0.0030937
-0.0405068
0.00293946
-0.0406237
0.00298235
-0.0408399
0.00312546
-0.0411292
0.00316054
-0.0414047
0.00291664
-0.0415667
0.00238055
-0.0415748
0.00175048
-0.0414943
0.00132043
-0.0414356
0.00120801
-0.0414367
0.00125822
0.00129261
-0.0190809
0.0458493
-0.0307852
0.0348617
-0.0355807
0.0213239
-0.0372351
0.0138476
-0.0388961
0.0111446
-0.0396387
0.00806726
-0.0401248
0.00645433
-0.0408295
0.00583609
-0.041359
0.0049557
-0.0416136
0.00420004
-0.0418729
0.00399784
-0.0421924
0.00392144
-0.042377
0.00356945
-0.0423723
0.00320646
-0.0423613
0.00323179
-0.0425085
0.00355215
-0.0427652
0.00373376
-0.0429716
0.00354781
-0.0430301
0.00315217
-0.0430063
0.00291573
-0.0430555
0.00303151
-0.0432657
0.0033357
-0.0435984
0.00349321
-0.0439273
0.00324556
-0.0441037
0.00255691
-0.0440575
0.00170433
-0.0438835
0.00114643
-0.0437641
0.00108859
-0.043765
0.00125912
0.00132214
0.207447
0.00576055
0.207034
0.0111757
0.206432
0.0163509
0.205647
0.0213692
0.204688
0.0262955
0.203561
0.031184
0.202271
0.0360823
0.200825
0.0410322
0.199229
0.0460705
0.197488
0.0512305
0.195607
0.0565423
0.193592
0.0620344
0.191448
0.067734
0.189181
0.0736687
0.186795
0.0798669
0.184295
0.0863599
0.181683
0.0931838
0.17896
0.100381
0.176129
0.108007
0.173185
0.116129
0.170125
0.124839
0.166945
0.134262
0.163638
0.144569
0.160206
0.156002
0.15667
0.168917
0.153122
0.18384
0.149925
0.201569
0.148746
0.223018
0.160344
0.245679
0.258916
0.235591
0.21249
0.00595297
0.212118
0.0115486
0.211574
0.0168945
0.210868
0.0220751
0.210008
0.027156
0.209
0.0321915
0.207853
0.0372294
0.206574
0.0423113
0.20517
0.0474741
0.20365
0.0527505
0.202022
0.0581703
0.200295
0.0637613
0.198479
0.0695502
0.196584
0.0755635
0.194622
0.0818288
0.192606
0.0883761
0.19055
0.0952396
0.188472
0.10246
0.186393
0.110086
0.184341
0.118181
0.182356
0.126824
0.180499
0.136119
0.178869
0.146199
0.177637
0.157235
0.177122
0.169431
0.177977
0.182985
0.181614
0.197933
0.190626
0.214005
0.206017
0.230287
0.245866
0.219067
0.217658
0.0061229
0.217329
0.0118776
0.21685
0.0173731
0.21623
0.0226948
0.215478
0.0279083
0.214601
0.0330681
0.213609
0.0382215
0.212511
0.0434099
0.211315
0.0486694
0.210034
0.054032
0.208678
0.0595265
0.20726
0.0651794
0.205794
0.0710159
0.204297
0.0770606
0.202787
0.0833387
0.201286
0.0898771
0.19982
0.0967055
0.198422
0.103858
0.197133
0.111375
0.19601
0.119304
0.19513
0.127704
0.194606
0.136642
0.194609
0.146196
0.195401
0.156443
0.197392
0.167441
0.201191
0.179186
0.207568
0.191555
0.217187
0.204387
0.229775
0.217699
0.228918
0.246723
0.222951
0.00626834
0.22267
0.0121588
0.222262
0.0177813
0.221736
0.0232211
0.2211
0.0285438
0.220365
0.0338036
0.219539
0.0390471
0.218634
0.0443149
0.217661
0.049642
0.216634
0.0550593
0.215567
0.0605939
0.214476
0.0662705
0.21338
0.0721119
0.2123
0.0781399
0.211263
0.084376
0.210298
0.0908422
0.209442
0.0975617
0.20874
0.10456
0.208251
0.111863
0.208052
0.119503
0.208245
0.127511
0.20897
0.135917
0.210421
0.144746
0.21286
0.154004
0.216634
0.163666
0.222163
0.173657
0.229898
0.18382
0.240413
0.193872
0.254626
0.203486
0.210409
0.273135
0.228374
0.00638745
0.228144
0.0123888
0.227812
0.0181138
0.227385
0.0236473
0.226875
0.0290545
0.22629
0.0343887
0.225641
0.0396956
0.224942
0.0450145
0.224204
0.0503792
0.223445
0.0558187
0.222681
0.0613582
0.221931
0.0670199
0.221219
0.0728237
0.220572
0.0787875
0.220019
0.0849282
0.2196
0.0912618
0.219358
0.0978036
0.219349
0.104568
0.219643
0.111569
0.220328
0.118819
0.221516
0.126323
0.223352
0.13408
0.226022
0.142076
0.229756
0.15027
0.234835
0.158588
0.241588
0.166904
0.250394
0.175014
0.261702
0.182565
0.275986
0.189202
0.193839
0.292557
0.233929
0.00647853
0.233754
0.0125643
0.233502
0.0183659
0.233182
0.0239675
0.232803
0.0294332
0.232376
0.0348152
0.231914
0.0401578
0.23143
0.0454989
0.230938
0.0508706
0.230457
0.0562996
0.230007
0.0618089
0.229609
0.0674176
0.229291
0.0731421
0.229082
0.0789963
0.229019
0.0849915
0.229143
0.0911373
0.229506
0.0974406
0.230169
0.103906
0.231206
0.110533
0.232708
0.117316
0.234788
0.124243
0.237581
0.131287
0.241252
0.138405
0.245992
0.145529
0.252024
0.152556
0.259589
0.159339
0.268931
0.165672
0.280229
0.171266
0.293582
0.175849
0.178905
0.308516
0.23962
0.00654009
0.239502
0.0126823
0.239334
0.0185336
0.239125
0.0241766
0.238884
0.0296738
0.238623
0.0350761
0.238355
0.0404263
0.238094
0.0457603
0.237856
0.0511081
0.237661
0.0564942
0.237532
0.0619387
0.237491
0.0674577
0.23757
0.0730637
0.2378
0.078766
0.238221
0.0845707
0.238878
0.0904806
0.239824
0.0964947
0.241122
0.102608
0.242846
0.108808
0.245085
0.115077
0.247942
0.121387
0.251535
0.127694
0.256001
0.133939
0.26149
0.14004
0.268158
0.145888
0.276156
0.151341
0.285605
0.156224
0.29655
0.160321
0.308983
0.163416
0.165242
0.322646
0.245448
0.00657087
0.24539
0.0127406
0.24531
0.0186135
0.245217
0.0242701
0.245119
0.0297713
0.245029
0.035166
0.24496
0.0404953
0.244928
0.0457929
0.244949
0.0510865
0.245045
0.0563981
0.245239
0.0617449
0.245558
0.0671395
0.24603
0.0725908
0.246693
0.0781035
0.247585
0.0836786
0.248753
0.0893128
0.250249
0.0949981
0.252136
0.100721
0.254482
0.106461
0.257369
0.112191
0.260884
0.117871
0.265127
0.123451
0.270202
0.128864
0.276217
0.134026
0.283271
0.138834
0.291446
0.143166
0.30079
0.14688
0.311291
0.149819
0.322884
0.151823
0.15276
0.335366
0.251418
0.00656985
0.251422
0.012737
0.251432
0.0186027
0.251458
0.0242447
0.251507
0.0297219
0.251592
0.0350811
0.251726
0.040361
0.251926
0.0455934
0.252209
0.0508034
0.252597
0.0560102
0.253113
0.0612283
0.253786
0.0664669
0.254646
0.0717312
0.255727
0.0770218
0.257071
0.0823352
0.258721
0.0876627
0.260728
0.0929908
0.263149
0.0983001
0.266046
0.103564
0.269488
0.108749
0.273549
0.113811
0.278303
0.118696
0.283828
0.123339
0.290192
0.127662
0.297452
0.131574
0.305644
0.134975
0.314768
0.137756
0.324779
0.139808
0.335579
0.141023
0.141343
0.346996
0.257532
0.00653629
0.257599
0.0126703
0.257702
0.0184994
0.257849
0.0240982
0.258048
0.0295232
0.25831
0.034819
0.258649
0.0400218
0.259081
0.045161
0.259626
0.0502591
0.260303
0.055333
0.261137
0.0603939
0.262156
0.0654482
0.263389
0.0704977
0.264872
0.0755395
0.266641
0.0805661
0.268739
0.0855649
0.271211
0.0905183
0.274108
0.0954029
0.277484
0.100189
0.281393
0.10484
0.285893
0.109311
0.291039
0.11355
0.296881
0.117497
0.303459
0.121084
0.310797
0.124235
0.318898
0.126874
0.327735
0.12892
0.337243
0.1303
0.347318
0.130948
0.130843
0.357818
0.263794
0.00646971
0.263925
0.0125395
0.264122
0.0183023
0.264391
0.0238294
0.26474
0.0291744
0.265179
0.0343792
0.265723
0.0394779
0.266387
0.0444971
0.267189
0.0494571
0.26815
0.0543719
0.269294
0.0592503
0.270646
0.0640959
0.272236
0.0689076
0.274096
0.0736796
0.276261
0.0784015
0.278768
0.0830579
0.281657
0.0876287
0.284972
0.0920885
0.288754
0.0964064
0.293048
0.100546
0.297895
0.104465
0.30333
0.108115
0.309383
0.111444
0.316071
0.114396
0.323396
0.11691
0.331339
0.118931
0.339857
0.120402
0.34888
0.121277
0.358309
0.121518
0.121127
0.368026
0.270207
0.00636994
0.270402
0.0123444
0.270693
0.0180113
0.271084
0.0234382
0.271583
0.0286756
0.272199
0.0337629
0.272946
0.0387315
0.273837
0.0436057
0.274891
0.0484031
0.276127
0.0531355
0.277568
0.0578093
0.279238
0.0624258
0.281164
0.0669816
0.283375
0.0714687
0.285902
0.0758746
0.288778
0.0801826
0.292035
0.0843713
0.295709
0.0884149
0.299832
0.0922834
0.304435
0.0959423
0.309546
0.0993534
0.315186
0.102475
0.321367
0.105264
0.328088
0.107674
0.335337
0.109661
0.343083
0.111185
0.351275
0.112209
0.359845
0.112707
0.368703
0.11266
0.112082
0.377749
0.276774
0.00623708
0.277033
0.0120852
0.277417
0.0176269
0.27793
0.0229256
0.278577
0.0280287
0.279367
0.0329729
0.280311
0.0377869
0.281425
0.0424926
0.282722
0.0471054
0.284223
0.051635
0.285947
0.0560855
0.287916
0.0604566
0.290154
0.064743
0.292688
0.0689354
0.295542
0.0730203
0.298744
0.0769803
0.302321
0.0807942
0.306299
0.0844372
0.310701
0.0878812
0.315548
0.0910955
0.320855
0.0940467
0.32663
0.0967001
0.332873
0.0990207
0.339572
0.100974
0.346705
0.102528
0.354234
0.103656
0.362108
0.104336
0.37026
0.104554
0.378614
0.104307
0.103611
0.387085
0.283498
0.00607151
0.283821
0.0117626
0.284297
0.0171503
0.284929
0.0222936
0.285721
0.0272367
0.286681
0.0320134
0.287818
0.03665
0.289144
0.0411659
0.290675
0.0455745
0.292427
0.0498835
0.294417
0.0540956
0.296664
0.0582089
0.29919
0.062217
0.302016
0.0661099
0.305162
0.0698739
0.308651
0.0734918
0.312502
0.0769435
0.316732
0.0802062
0.321359
0.0832549
0.326392
0.0860627
0.331836
0.088602
0.337691
0.0908449
0.343948
0.0927644
0.350586
0.0943354
0.357578
0.0955365
0.364884
0.0963506
0.372453
0.0967667
0.380226
0.0967811
0.388136
0.0963971
0.0956352
0.396111
0.290384
0.00587388
0.290769
0.0113781
0.291335
0.0165836
0.292084
0.0215453
0.293017
0.0263038
0.29414
0.0308901
0.295462
0.0353281
0.296993
0.039635
0.298745
0.0438223
0.300732
0.0478962
0.30297
0.0518579
0.305474
0.0557046
0.308262
0.0594296
0.311349
0.0630225
0.314753
0.06647
0.318489
0.069756
0.32257
0.0728622
0.327008
0.0757682
0.331811
0.0784525
0.336981
0.0808928
0.342516
0.0830667
0.348408
0.0849527
0.354641
0.086531
0.361192
0.0877844
0.36803
0.0886994
0.375113
0.089267
0.382396
0.0894835
0.389826
0.0893514
0.397344
0.088879
0.0880875
0.404892
0.297435
0.00564505
0.29788
0.0109332
0.298534
0.0159296
0.299394
0.0206844
0.300463
0.025235
0.301744
0.0296097
0.303242
0.0338298
0.304966
0.0379107
0.306926
0.0418621
0.309134
0.0456889
0.3116
0.0493915
0.314338
0.0529664
0.317361
0.0564067
0.320681
0.0597026
0.324309
0.0628416
0.328256
0.0658092
0.332529
0.068589
0.337133
0.0711638
0.342071
0.0735154
0.347337
0.0756261
0.352926
0.0774784
0.358822
0.0790564
0.365006
0.0803465
0.371453
0.0813377
0.37813
0.0820227
0.384998
0.0823982
0.392016
0.0824658
0.399136
0.0822317
0.406308
0.0817069
0.0809122
0.413483
0.304654
0.00538608
0.305157
0.0104301
0.305895
0.0151913
0.306864
0.0197154
0.308063
0.0240364
0.309493
0.0281798
0.311158
0.0321648
0.313064
0.0360048
0.315218
0.0397081
0.317628
0.0432786
0.320304
0.046716
0.323254
0.0500166
0.326486
0.0531739
0.33001
0.0561787
0.333832
0.0590198
0.337957
0.0616844
0.342387
0.0641587
0.347123
0.0664281
0.35216
0.0684784
0.357491
0.0702955
0.363102
0.0718665
0.368978
0.0731805
0.375096
0.0742286
0.381429
0.0750047
0.387946
0.0755062
0.39461
0.0757339
0.401383
0.0756926
0.408224
0.0753908
0.41509
0.0748408
0.0740621
0.42194
0.312046
0.00509819
0.312605
0.00987128
0.313424
0.0143726
0.314496
0.0186434
0.315818
0.0227145
0.317389
0.0266088
0.31921
0.0303431
0.321286
0.0339294
0.323619
0.0373746
0.326216
0.0406818
0.329081
0.0438505
0.332221
0.0468769
0.33564
0.0497551
0.339342
0.0524769
0.343329
0.0550324
0.347603
0.0574109
0.35216
0.059601
0.356997
0.061591
0.362106
0.0633697
0.367475
0.0649268
0.373088
0.0662533
0.378926
0.067342
0.384967
0.068188
0.391183
0.068789
0.397544
0.0691455
0.404016
0.0692612
0.410566
0.0691428
0.417157
0.0688001
0.423752
0.0682454
0.0674969
0.430318
0.319615
0.0047827
0.320227
0.00925924
0.321122
0.0134772
0.322292
0.0174737
0.32373
0.0212762
0.325434
0.0249051
0.327402
0.0283752
0.329634
0.0316969
0.332133
0.0348761
0.3349
0.0379152
0.337937
0.0408136
0.341246
0.0435678
0.344828
0.0461726
0.348684
0.0486208
0.352812
0.0509043
0.357209
0.0530142
0.361869
0.0549413
0.366783
0.0566766
0.371941
0.0582118
0.377328
0.0595397
0.382927
0.0606543
0.388717
0.0615518
0.394675
0.06223
0.400775
0.0626894
0.406988
0.0629328
0.413283
0.0629656
0.419631
0.0627954
0.425998
0.0624325
0.432355
0.0618889
0.0611811
0.43867
0.327365
0.00444098
0.328028
0.0085967
0.328995
0.0125094
0.330257
0.0162119
0.331805
0.0197287
0.333632
0.0230775
0.335736
0.0262715
0.338114
0.0293194
0.340763
0.0322263
0.343684
0.0349942
0.346875
0.0376225
0.350335
0.040108
0.354062
0.0424463
0.358051
0.0446315
0.362298
0.0466569
0.366797
0.0485154
0.371538
0.0502
0.376511
0.051704
0.381701
0.0530215
0.387093
0.0541479
0.392668
0.0550797
0.398404
0.0558155
0.404279
0.0563552
0.410267
0.0567013
0.416342
0.0568578
0.422476
0.0568312
0.428642
0.0566295
0.434812
0.0562628
0.440958
0.0557424
0.055083
0.447057
0.3353
0.00407437
0.336011
0.00788632
0.337047
0.011473
0.338396
0.0148634
0.340046
0.0180787
0.341989
0.0211345
0.344218
0.0240419
0.346729
0.0268084
0.349517
0.0294384
0.352578
0.0319334
0.355908
0.0342928
0.359501
0.0365142
0.363354
0.0385937
0.367459
0.0405267
0.371808
0.0423078
0.376392
0.0439317
0.381199
0.045393
0.386215
0.0466873
0.391426
0.0478106
0.396814
0.0487601
0.402359
0.0495346
0.408041
0.050134
0.413836
0.0505602
0.419721
0.0508164
0.425671
0.0509078
0.431661
0.0508409
0.437667
0.0506239
0.443663
0.0502663
0.449627
0.0497784
0.0491733
0.455537
0.343426
0.00368413
0.344182
0.00713057
0.345283
0.0103719
0.346713
0.0134334
0.348458
0.0163331
0.350509
0.0190842
0.352855
0.021696
0.355488
0.0241747
0.358403
0.0265242
0.36159
0.0287456
0.365045
0.0308384
0.368758
0.0328006
0.372723
0.0346293
0.376929
0.0363208
0.381366
0.0378709
0.386021
0.0392759
0.390882
0.0405319
0.395934
0.041636
0.401158
0.0425859
0.406538
0.0433804
0.412053
0.0440194
0.417683
0.0445044
0.423405
0.0448378
0.429198
0.0450239
0.435038
0.0450679
0.440902
0.0449764
0.446769
0.0447572
0.452616
0.0444188
0.458424
0.0439708
0.0434243
0.464173
0.351746
0.00327129
0.352545
0.00633155
0.353708
0.00920946
0.355215
0.0119266
0.35705
0.0144979
0.3592
0.0169339
0.361654
0.0192422
0.364401
0.0214279
0.367431
0.0234942
0.370734
0.0254419
0.374302
0.0272708
0.378123
0.0289792
0.382188
0.0305648
0.386484
0.032025
0.390998
0.0333567
0.395717
0.0345571
0.400625
0.0356239
0.405706
0.0365552
0.410942
0.03735
0.416314
0.0380082
0.421802
0.0385308
0.427387
0.0389197
0.433047
0.0391781
0.438761
0.0393102
0.444507
0.0393215
0.450265
0.039218
0.456016
0.0390069
0.461738
0.038696
0.467416
0.0382934
0.037809
0.473031
0.360267
0.0028365
0.361108
0.00549068
0.362329
0.00798827
0.363909
0.0103471
0.365828
0.0125786
0.368071
0.0146903
0.370625
0.0166882
0.373477
0.0185764
0.376614
0.0203574
0.380024
0.0220319
0.383695
0.0235995
0.387615
0.0250591
0.391771
0.026409
0.396149
0.0276471
0.400734
0.0287715
0.405511
0.0297803
0.410463
0.030672
0.415572
0.0314458
0.420821
0.0321013
0.42619
0.0326394
0.431659
0.0330614
0.437209
0.0333697
0.442819
0.0335676
0.44847
0.0336593
0.454142
0.0336498
0.459815
0.0335446
0.465472
0.0333502
0.471095
0.0330732
0.476668
0.0327208
0.0323012
0.482176
0.368993
0.00237965
0.369876
0.0046082
0.371154
0.00670994
0.372803
0.00869827
0.374802
0.0105796
0.377133
0.0123587
0.379782
0.0140401
0.382731
0.015627
0.385967
0.0171209
0.389477
0.0185225
0.393245
0.0198315
0.397257
0.0210469
0.401499
0.0221675
0.405954
0.0231919
0.410607
0.0241188
0.41544
0.024947
0.420436
0.0256758
0.425577
0.0263048
0.430844
0.0268345
0.436217
0.0272659
0.441678
0.0276005
0.447207
0.027841
0.452784
0.0279904
0.458391
0.0280526
0.464009
0.028032
0.46962
0.0279334
0.475208
0.0277623
0.480756
0.0275244
0.486252
0.0272255
0.0268724
0.491681
0.377932
0.00189916
0.378858
0.00368214
0.380192
0.00537512
0.381908
0.00698311
0.383982
0.00850543
0.386396
0.00994448
0.389132
0.0113037
0.392174
0.0125855
0.395504
0.0137906
0.399107
0.0149194
0.402967
0.0159715
0.407068
0.0169463
0.411392
0.0178429
0.415924
0.0186604
0.420645
0.0193979
0.425537
0.0200547
0.430582
0.0206306
0.435762
0.0211256
0.441056
0.0215403
0.446446
0.021876
0.451912
0.0221342
0.457436
0.0223172
0.462999
0.0224278
0.468582
0.0224692
0.474169
0.0224453
0.479742
0.02236
0.485287
0.0222178
0.490788
0.0220233
0.496232
0.0217813
0.0214974
0.501607
0.387091
0.00138981
0.388068
0.00270529
0.389462
0.00398131
0.391243
0.00520191
0.393391
0.00635761
0.395885
0.00745021
0.398706
0.00848264
0.401835
0.00945602
0.405255
0.0103706
0.408949
0.0112262
0.412897
0.0120227
0.417084
0.0127595
0.421491
0.013436
0.4261
0.0140516
0.430892
0.0146059
0.435848
0.0150983
0.44095
0.015529
0.446177
0.0158981
0.451511
0.0162064
0.456932
0.0164548
0.462422
0.0166448
0.467961
0.0167783
0.473531
0.0168576
0.479115
0.0168851
0.484696
0.0168639
0.490259
0.016797
0.495789
0.0166879
0.501273
0.0165398
0.506698
0.0163564
0.0161417
0.512053
0.396484
0.000838574
0.397517
0.00167208
0.398966
0.00253266
0.400809
0.0033585
0.403028
0.00413906
0.405599
0.00487881
0.408502
0.0055795
0.411718
0.00624078
0.415226
0.00686217
0.419009
0.00744343
0.423047
0.00798428
0.427322
0.00848434
0.431815
0.00894317
0.436506
0.00936036
0.441377
0.00973561
0.446406
0.0100687
0.451575
0.0103598
0.456865
0.010609
0.462254
0.010817
0.467724
0.0109845
0.473257
0.0111125
0.478832
0.0112025
0.484434
0.011256
0.490044
0.0112748
0.495647
0.011261
0.501227
0.0112167
0.506771
0.0111443
0.512265
0.0110462
0.517696
0.0109249
0.0107834
0.523054
0.406193
0.000155547
0.40729
0.000575365
0.408789
0.00103333
0.410692
0.00145621
0.412974
0.00185615
0.415615
0.00223862
0.418591
0.00260286
0.421884
0.00294756
0.425475
0.00327209
0.429342
0.00357616
0.433467
0.00385951
0.437829
0.00412184
0.442409
0.00436287
0.447187
0.00458234
0.452143
0.00478006
0.457256
0.00495593
0.462506
0.00510998
0.467872
0.00524236
0.473336
0.00535335
0.478877
0.0054434
0.484476
0.00551307
0.490116
0.0055631
0.495778
0.00559433
0.501445
0.00560771
0.507101
0.0056043
0.512733
0.00558525
0.518325
0.00555175
0.523867
0.00550504
0.529345
0.00544634
0.00537751
0.534751
0.415475
0.41605
0.417084
0.41854
0.420396
0.422635
0.425237
0.428185
0.431457
0.435033
0.438893
0.443015
0.447377
0.45196
0.45674
0.461696
0.466806
0.472048
0.477401
0.482845
0.488358
0.493921
0.499515
0.505123
0.510727
0.516313
0.521864
0.527369
0.532816
0.538193
0.127685
0.107906
0.0375059
0.0901793
0.0571961
-0.0196902
0.210577
0.116396
0.194658
0.106098
0.0899645
0.16189
0.252494
0.110625
0.251967
0.106625
0.099649
0.242282
0.280153
0.103607
0.284114
0.102664
0.0999597
0.283803
0.300009
0.0961548
0.306238
0.0964345
0.0957066
0.310492
0.315893
0.0887782
0.322888
0.0894389
0.0895561
0.329039
0.329527
0.0818975
0.336371
0.0825949
0.082992
0.342935
0.34165
0.0756131
0.348014
0.0762308
0.0766637
0.354343
0.352731
0.0698782
0.358563
0.0703981
0.070789
0.364438
0.363075
0.0646213
0.368417
0.0650563
0.0653934
0.373812
0.372873
0.0597739
0.377788
0.0601411
0.0604307
0.382751
0.382248
0.0552745
0.386801
0.0555882
0.0558391
0.391393
0.391288
0.051071
0.395535
0.051342
0.0515616
0.399812
0.400062
0.0471203
0.404047
0.0473566
0.0475503
0.408059
0.408625
0.0433871
0.412387
0.0435946
0.0437665
0.416171
0.417028
0.0398422
0.420598
0.0400251
0.0401784
0.424186
0.425322
0.036461
0.428724
0.0366228
0.0367597
0.432143
0.433556
0.0332228
0.436813
0.0333661
0.0334883
0.440084
0.441784
0.0301095
0.444913
0.0302362
0.0303451
0.448057
0.450061
0.0271049
0.453081
0.0272167
0.0273134
0.456112
0.458447
0.0241944
0.461372
0.0242925
0.0243779
0.464307
0.467003
0.0213639
0.469847
0.0214493
0.0215241
0.472701
0.475795
0.0186001
0.478571
0.0186736
0.0187383
0.481356
0.484886
0.0158894
0.487608
0.0159516
0.0160066
0.49034
0.494351
0.0132188
0.497032
0.0132703
0.0133161
0.499723
0.504252
0.0105735
0.506908
0.0106144
0.0106507
0.509574
0.514686
0.00794107
0.517328
0.00797182
0.00799938
0.51998
0.525693
0.00530195
0.528343
0.00532218
0.00533973
0.531003
0.537405
0.00264799
0.54007
0.002657
0.00266544
0.542745
0.540841
0.543498
0.546164
-0.0394583
0.0656174
-0.0498785
0.0452818
-0.0503996
0.0218451
-0.043923
0.00737093
-0.0449243
0.0121459
-0.0450166
0.00815959
-0.0448173
0.00625507
-0.0456111
0.0066299
-0.0460456
0.00539022
-0.0457437
0.00389809
-0.0457311
0.00398525
-0.0461295
0.00431987
-0.0463724
0.00381236
-0.0462284
0.0030624
-0.0460058
0.00300921
-0.0461286
0.0036749
-0.0464835
0.00408874
-0.046754
0.00381826
-0.0467416
0.00313982
-0.0465578
0.00273187
-0.0464923
0.00296601
-0.0467059
0.00354928
-0.0471248
0.00391215
-0.0475546
0.00367532
-0.0477677
0.00277005
-0.0476386
0.00157521
-0.047303
0.000810886
-0.047081
0.000866597
-0.0471037
0.00128174
0.00142034
0.0971734
0.130334
0.0465239
0.0959314
-0.00253255
0.0709015
-0.0380279
0.0428662
-0.0523114
0.0264294
-0.0540623
0.0099105
-0.0484459
0.000638639
-0.0485713
0.00675529
-0.0490043
0.00582327
-0.0481034
0.0029972
-0.0481829
0.00406471
-0.0490679
0.00520485
-0.0495332
0.00427771
-0.048962
0.00249113
-0.0480677
0.00211496
-0.0481604
0.00376758
-0.0487485
0.0046768
-0.0491893
0.00425915
-0.0491037
0.00305418
-0.0486354
0.0022636
-0.0483587
0.00268926
-0.048578
0.00376864
-0.0491272
0.00446126
-0.0497036
0.00425173
-0.049971
0.00303745
-0.0497114
0.00131566
-0.0491008
0.000200303
-0.0487054
0.000471138
-0.0487878
0.00136411
0.00169469
0.204924
0.167692
0.164029
0.136826
0.124812
0.110119
0.0825099
0.085168
0.0434595
0.0654798
0.00121928
0.0521507
-0.0324746
0.0343325
-0.0493606
0.0236413
-0.0547109
0.0111736
-0.0530276
0.00131393
-0.0495411
0.000578163
-0.0502719
0.0059357
-0.0510392
0.00504503
-0.0495449
0.000996801
-0.0482429
0.000812977
-0.0488008
0.00432549
-0.0499595
0.00583547
-0.0507457
0.00504534
-0.0504819
0.00279035
-0.0493331
0.00111481
-0.0485814
0.00193763
-0.0488428
0.00403003
-0.0496047
0.00522315
-0.050402
0.00504899
-0.0507587
0.00339417
-0.0503229
0.000879917
-0.0492887
-0.000833894
-0.0486225
-0.000195095
-0.0488322
0.00157379
0.002318
0.268918
0.182577
0.244845
0.1609
0.215948
0.139016
0.18302
0.118096
0.149248
0.0992524
0.118263
0.0831354
0.085236
0.0673593
0.0549393
0.0539381
0.0230556
0.0430573
-0.00934901
0.0337185
-0.0340419
0.025271
-0.0466899
0.0185837
-0.0514829
0.00983809
-0.0510437
0.000557586
-0.0467049
-0.00352588
-0.0468445
0.00446512
-0.0487919
0.00778293
-0.0501022
0.00635556
-0.0494564
0.0021446
-0.0473248
-0.0010168
-0.0463152
0.000928063
-0.0469189
0.00463374
-0.0481068
0.00641095
-0.0492944
0.00623667
-0.0497856
0.00388538
-0.0492297
0.000324001
-0.0472896
-0.00277403
-0.0462563
-0.00122842
-0.0467323
0.00204984
0.00353881
0.308959
0.184109
0.298524
0.171335
0.281534
0.156006
0.259822
0.139808
0.2353
0.123774
0.20972
0.108716
0.182555
0.0945239
0.155082
0.0814113
0.128281
0.069858
0.102399
0.0596003
0.0773058
0.0503646
0.0543512
0.0415383
0.0311368
0.0330525
0.0038844
0.02781
-0.0209638
0.0213223
-0.0348482
0.0183496
-0.0416591
0.0145938
-0.0447606
0.00945708
-0.0451808
0.00256478
-0.0425967
-0.00360082
-0.0411766
-0.000492107
-0.0420972
0.0055544
-0.0439385
0.00825224
-0.045564
0.00786211
-0.0464526
0.00477398
-0.0449249
-0.00120369
-0.042775
-0.00492386
-0.0414738
-0.00252968
-0.0424397
0.00301579
0.00568981
0.335191
0.177957
0.334438
0.172088
0.327589
0.162855
0.315763
0.151634
0.300118
0.139419
0.281814
0.127021
0.26156
0.114778
0.240034
0.102936
0.218027
0.0918652
0.195897
0.0817308
0.173887
0.0723746
0.152011
0.0634144
0.12996
0.0551028
0.109468
0.0483019
0.0884637
0.0423269
0.0695529
0.0372604
0.0524035
0.0317432
0.0358974
0.0259632
0.0170919
0.0213702
-0.00409828
0.0175894
-0.0199657
0.0153753
-0.0281916
0.0137803
-0.0322568
0.0123174
-0.0348448
0.0104501
-0.0361442
0.00607337
-0.0365675
-0.000780324
-0.0343511
-0.00714024
-0.0343814
-0.00249942
-0.0362381
0.00487253
0.00922404
0.352929
0.167963
0.358337
0.166679
0.358937
0.162255
0.355065
0.155506
0.347316
0.147168
0.336449
0.137888
0.323117
0.128109
0.307869
0.118185
0.291277
0.108458
0.273851
0.0991565
0.255943
0.0902825
0.23761
0.0817473
0.219002
0.0737107
0.200724
0.0665804
0.182733
0.0603174
0.165521
0.0544724
0.148673
0.0485912
0.131814
0.0428223
0.115371
0.0378139
0.0990882
0.0338716
0.083523
0.0309406
0.0691226
0.0281806
0.0561438
0.0252962
0.044544
0.02205
0.0325406
0.0180767
0.0167872
0.0149731
-0.00336978
0.0130168
-0.0184042
0.012535
-0.024786
0.0112543
0.0151535
0.365713
0.156594
0.374468
0.157923
0.379925
0.156799
0.381896
0.153535
0.380511
0.148552
0.376112
0.142288
0.369095
0.135126
0.359869
0.12741
0.348881
0.119446
0.336571
0.111467
0.323265
0.103588
0.30914
0.0958718
0.294396
0.0884547
0.279408
0.0815691
0.264489
0.0752364
0.24973
0.0692315
0.234956
0.0633651
0.220067
0.057711
0.205267
0.0526144
0.190769
0.0483695
0.176862
0.0448469
0.163508
0.041535
0.150634
0.0381706
0.138053
0.034631
0.125148
0.0309813
0.112113
0.0280085
0.098807
0.0263223
0.0857543
0.0255878
0.07189
0.0251185
0.0270028
0.375848
0.145183
0.386002
0.14777
0.39418
0.148621
0.39996
0.147755
0.403166
0.145346
0.403822
0.141631
0.402078
0.13687
0.398166
0.131322
0.392376
0.125236
0.385015
0.118827
0.376351
0.112252
0.366594
0.105629
0.355955
0.0990932
0.344727
0.092797
0.333167
0.0867965
0.321371
0.0810277
0.309316
0.07542
0.296996
0.0700311
0.284546
0.0650641
0.272222
0.0606935
0.260217
0.0568519
0.248481
0.053271
0.236898
0.0497544
0.225287
0.0462414
0.213408
0.0428609
0.201342
0.0400739
0.189343
0.0383213
0.177485
0.0374467
0.165414
0.0371893
0.0378834
0.384677
0.134319
0.395074
0.137372
0.404445
0.13925
0.412348
0.139853
0.418482
0.139211
0.422694
0.13742
0.424948
0.134616
0.425308
0.130962
0.423908
0.126636
0.420926
0.121809
0.416548
0.11663
0.41095
0.111227
0.404318
0.105726
0.396867
0.100248
0.388793
0.0948706
0.380213
0.0896071
0.371177
0.0844566
0.36173
0.0794773
0.351998
0.0747969
0.342167
0.0705245
0.332373
0.0666454
0.322615
0.0630286
0.312814
0.0595555
0.302849
0.056207
0.292602
0.0531071
0.282127
0.0505491
0.271642
0.0488066
0.261241
0.0478482
0.250924
0.0475054
0.0476123
0.392894
0.124176
0.402966
0.1273
0.412592
0.129624
0.421418
0.131027
0.429149
0.13148
0.435567
0.131002
0.44054
0.129643
0.444014
0.127488
0.446004
0.124647
0.446576
0.121237
0.445829
0.117377
0.443878
0.113178
0.440854
0.10875
0.436907
0.104195
0.432182
0.0995955
0.42679
0.0949991
0.420804
0.0904428
0.414294
0.0859872
0.407367
0.0817236
0.400159
0.0777322
0.392776
0.0740287
0.385243
0.0705616
0.377521
0.0672771
0.369544
0.0641848
0.361261
0.0613896
0.352725
0.0590855
0.344083
0.0574487
0.33544
0.0564906
0.326866
0.0560795
0.0559407
0.400825
0.114743
0.410359
0.117766
0.41976
0.120223
0.428778
0.122009
0.437178
0.12308
0.444756
0.123423
0.451354
0.123045
0.456863
0.121979
0.461226
0.120283
0.464433
0.118031
0.466508
0.115302
0.467502
0.112184
0.467489
0.108763
0.466561
0.105123
0.464816
0.101341
0.46234
0.0974751
0.459204
0.0935792
0.455477
0.0897141
0.451247
0.0859536
0.446615
0.0823643
0.441664
0.0789795
0.436431
0.0757948
0.430906
0.0728017
0.425062
0.0700287
0.418888
0.0675632
0.412434
0.0655403
0.405801
0.0640813
0.399083
0.0632084
0.392338
0.0628251
0.0626744
0.408611
0.105944
0.417575
0.108802
0.426557
0.111241
0.43539
0.113175
0.443905
0.114565
0.451941
0.115387
0.459355
0.115631
0.466029
0.115305
0.47188
0.114432
0.476855
0.113056
0.480931
0.111227
0.484111
0.109004
0.486421
0.106453
0.487905
0.103639
0.488619
0.100627
0.488618
0.0974756
0.487957
0.0942399
0.486693
0.0909784
0.484892
0.0877547
0.482628
0.0846285
0.479965
0.0816423
0.476941
0.0788189
0.473565
0.0761778
0.469834
0.0737596
0.465758
0.0716393
0.46138
0.0699178
0.456777
0.068685
0.452017
0.0679682
0.447133
0.0677088
0.0677083
0.416309
0.0976936
0.424744
0.100367
0.433266
0.102719
0.441762
0.10468
0.450112
0.106215
0.458199
0.107301
0.465908
0.107922
0.473139
0.108074
0.479805
0.107766
0.485843
0.107018
0.491206
0.105863
0.495871
0.104339
0.499832
0.102492
0.503098
0.100373
0.505692
0.0980331
0.507644
0.0955239
0.508987
0.0928969
0.50976
0.0902053
0.510009
0.0875053
0.509786
0.0848513
0.509139
0.0822897
0.5081
0.0798576
0.506688
0.0775903
0.504912
0.0755354
0.502792
0.0737597
0.500365
0.0723448
0.497686
0.0713636
0.494804
0.0708504
0.49173
0.0707828
0.0710297
0.423951
0.0899135
0.431918
0.0924003
0.440003
0.0946339
0.448126
0.0965571
0.4562
0.0981405
0.464138
0.0993624
0.471854
0.100206
0.479267
0.100661
0.486304
0.10073
0.492901
0.100421
0.499011
0.0997531
0.504597
0.0987529
0.509637
0.0974524
0.514121
0.0958889
0.518051
0.0941033
0.521436
0.0921387
0.524293
0.0900401
0.526643
0.0878545
0.528517
0.0856317
0.529947
0.0834212
0.530967
0.0812699
0.531603
0.079221
0.531876
0.0773177
0.531801
0.0756107
0.531398
0.074162
0.530701
0.0730418
0.529749
0.0723155
0.528574
0.0720255
0.527175
0.0721817
0.0727161
0.431561
0.082538
0.439121
0.0848404
0.446814
0.0869414
0.454578
0.0887928
0.46235
0.0903688
0.470062
0.0916499
0.477649
0.0926188
0.485046
0.0932642
0.492194
0.0935824
0.499037
0.0935771
0.505531
0.0932591
0.511638
0.0926456
0.517331
0.0917595
0.522591
0.0906289
0.527409
0.089286
0.531781
0.0877664
0.535712
0.0861085
0.539214
0.0843535
0.5423
0.082545
0.544993
0.0807283
0.547314
0.0789485
0.549285
0.0772504
0.550923
0.0756801
0.552244
0.074289
0.553271
0.0731356
0.554029
0.072284
0.554548
0.0717965
0.554849
0.0717241
0.554928
0.0721027
0.072918
0.439168
0.0755126
0.446374
0.0776345
0.45372
0.0795953
0.461159
0.081354
0.46864
0.0828882
0.47611
0.0841797
0.483516
0.0852122
0.490807
0.0859732
0.497933
0.0864565
0.504848
0.086662
0.511512
0.0865952
0.51789
0.0862675
0.523955
0.0856952
0.529684
0.0848997
0.535063
0.0839066
0.540085
0.082745
0.544745
0.0814478
0.549048
0.0800507
0.553001
0.0785924
0.556616
0.0771136
0.559907
0.075657
0.562891
0.0742665
0.565583
0.0729882
0.567999
0.0718726
0.570159
0.0709756
0.572086
0.0703575
0.573802
0.0700799
0.575326
0.0702008
0.576653
0.0707753
0.0718309
0.446805
0.0687911
0.453703
0.0707366
0.460746
0.072553
0.467894
0.0742053
0.475108
0.075674
0.482345
0.0769428
0.489562
0.0779959
0.496714
0.0788211
0.50376
0.0794104
0.510661
0.0797611
0.517381
0.0798754
0.523888
0.0797602
0.530156
0.0794271
0.536164
0.0788923
0.541894
0.0781761
0.547336
0.0773027
0.552484
0.0762999
0.557336
0.0751987
0.561895
0.0740333
0.566169
0.0728405
0.570166
0.0716598
0.573899
0.070533
0.577383
0.0695048
0.580632
0.0686238
0.583664
0.0679434
0.5865
0.0675213
0.589161
0.0674186
0.591664
0.0676983
0.594012
0.0684275
0.0696631
0.454514
0.0623341
0.461143
0.0641069
0.46792
0.0657764
0.474812
0.0673127
0.481788
0.0686988
0.48881
0.0699202
0.495844
0.0709625
0.502851
0.0718136
0.509797
0.0724649
0.516646
0.0729122
0.523366
0.0731549
0.529929
0.0731971
0.53631
0.0730465
0.542487
0.0727154
0.548443
0.0722197
0.554166
0.0715795
0.559648
0.070818
0.564885
0.0699622
0.569876
0.0690421
0.574625
0.0680909
0.579141
0.0671446
0.583431
0.0662424
0.587509
0.0654266
0.59139
0.0647434
0.59509
0.0642433
0.598629
0.0639819
0.602029
0.064019
0.605307
0.0644199
0.608477
0.0652577
0.0666067
0.46234
0.0561065
0.468737
0.0577103
0.475282
0.0592314
0.48195
0.0606446
0.488713
0.0619351
0.495543
0.0630903
0.502409
0.0640972
0.509278
0.0649444
0.516119
0.0656234
0.522903
0.0661287
0.529599
0.0664584
0.536182
0.0666141
0.542628
0.066601
0.548915
0.066428
0.555027
0.0661075
0.560951
0.0656559
0.566676
0.0650926
0.572198
0.0644408
0.577513
0.0637267
0.582624
0.0629799
0.587536
0.0622331
0.592256
0.0615221
0.596796
0.0608865
0.60117
0.0603694
0.605395
0.0600185
0.60949
0.0598864
0.613478
0.0600312
0.617381
0.0605175
0.621219
0.0614194
0.0628188
0.470337
0.0500766
0.476533
0.0515145
0.482878
0.0528866
0.489351
0.0541713
0.49593
0.0553562
0.50259
0.0564304
0.509304
0.0573824
0.516047
0.0582018
0.52279
0.0588803
0.529506
0.0594123
0.53617
0.0597949
0.542756
0.060028
0.549242
0.0601148
0.555609
0.0600616
0.561838
0.0598782
0.567916
0.0595775
0.573833
0.0591758
0.579581
0.0586928
0.585157
0.0581511
0.59056
0.0575768
0.595794
0.0569992
0.600865
0.0564507
0.605784
0.0559675
0.610564
0.0555894
0.615222
0.0553608
0.619777
0.0553309
0.624254
0.0555547
0.628677
0.056094
0.633076
0.0570205
0.0584163
0.478562
0.0442149
0.484587
0.0454896
0.490762
0.0467121
0.497069
0.0478643
0.503489
0.0489358
0.510002
0.0499172
0.516586
0.0507985
0.523218
0.0515705
0.529872
0.0522256
0.536526
0.0527582
0.543156
0.0531648
0.54974
0.0534447
0.556255
0.0535993
0.562684
0.0536331
0.569008
0.0535536
0.575215
0.053371
0.581292
0.0530987
0.587231
0.0527533
0.593028
0.0523541
0.598681
0.0519239
0.604192
0.0514883
0.609567
0.0510764
0.614813
0.0507207
0.619945
0.0504574
0.624979
0.0503271
0.629935
0.050375
0.634838
0.0506519
0.639716
0.0512156
0.644605
0.0521322
0.0534802
0.487078
0.0384928
0.492961
0.0396066
0.498994
0.0406792
0.505163
0.0416957
0.511451
0.0426474
0.517842
0.0435264
0.524316
0.0443243
0.530854
0.0450328
0.537434
0.0456454
0.544036
0.0461567
0.550637
0.0465633
0.557218
0.0468636
0.563759
0.0470584
0.570242
0.0471506
0.576649
0.0471458
0.582968
0.0470522
0.589186
0.0468805
0.595295
0.0466446
0.601288
0.0463607
0.607164
0.0460483
0.612922
0.0457298
0.618568
0.0454305
0.62411
0.0451793
0.629559
0.0450083
0.634932
0.044954
0.64025
0.045057
0.645538
0.0453634
0.650828
0.0459254
0.656158
0.0468028
0.0480676
0.495951
0.0328822
0.50172
0.0338367
0.50764
0.0347593
0.513699
0.0356374
0.519882
0.0364641
0.526175
0.0372329
0.532563
0.0379367
0.539027
0.0385686
0.54555
0.0391228
0.552112
0.0395945
0.558695
0.0399805
0.565279
0.0402791
0.571847
0.0404903
0.578382
0.040616
0.584867
0.0406605
0.59129
0.04063
0.597637
0.0405332
0.6039
0.0403813
0.610073
0.0401879
0.616152
0.0399694
0.622137
0.0397448
0.628032
0.0395358
0.633844
0.0393673
0.639585
0.0392675
0.64527
0.0392681
0.650923
0.039405
0.656567
0.0397187
0.662238
0.0402552
0.667973
0.0410668
0.0422176
0.50525
0.0273549
0.510936
0.0281514
0.516772
0.0289232
0.522748
0.0296606
0.528854
0.030358
0.535077
0.0310101
0.541403
0.031611
0.547816
0.0321553
0.554301
0.0326378
0.560841
0.0330547
0.567419
0.033403
0.574017
0.0336809
0.580619
0.0338883
0.587209
0.0340262
0.593771
0.0340978
0.600294
0.0341078
0.606764
0.0340632
0.613172
0.0339728
0.619512
0.0338477
0.62578
0.0337013
0.631976
0.0335493
0.638102
0.0334099
0.644165
0.033304
0.650177
0.0332555
0.656154
0.0332913
0.662117
0.0334421
0.668093
0.0337425
0.674116
0.0342319
0.680228
0.0349549
0.0359687
0.515047
0.0218816
0.520678
0.0225202
0.52646
0.0231408
0.532386
0.0237354
0.538444
0.0242996
0.544625
0.0248294
0.550916
0.0253202
0.557303
0.0257676
0.563774
0.0261675
0.570311
0.0265169
0.576901
0.0268131
0.583527
0.0270547
0.590175
0.0272412
0.596827
0.0273733
0.603472
0.0274532
0.610095
0.0274845
0.616686
0.0274725
0.623235
0.0274239
0.629735
0.0273476
0.636182
0.027254
0.642576
0.0271558
0.648918
0.0270675
0.655216
0.027006
0.661481
0.0269907
0.667729
0.0270437
0.673981
0.02719
0.680265
0.0274581
0.686617
0.0278805
0.693078
0.0284934
0.0293431
0.525429
0.0164321
0.531036
0.0169131
0.536796
0.017381
0.542701
0.0178303
0.548743
0.0182578
0.554912
0.0186605
0.561197
0.019035
0.567587
0.0193779
0.574068
0.0196863
0.580627
0.0199576
0.58725
0.0201901
0.593922
0.0203824
0.60063
0.020534
0.607357
0.0206455
0.614092
0.0207183
0.620822
0.0207549
0.627535
0.0207591
0.634223
0.020736
0.640879
0.020692
0.647498
0.020635
0.654079
0.0205743
0.660626
0.0205212
0.667144
0.0204883
0.673644
0.0204904
0.680143
0.0205446
0.686663
0.0206701
0.693232
0.0208891
0.699885
0.0212273
0.706665
0.0217135
0.0223891
0.536462
0.0109731
0.54208
0.0112947
0.547852
0.0116094
0.553771
0.0119115
0.55983
0.012199
0.56602
0.0124702
0.572332
0.0127231
0.578754
0.0129552
0.585276
0.0131645
0.591884
0.0133495
0.598565
0.0135089
0.605306
0.0136416
0.612093
0.0137475
0.618912
0.0138266
0.62575
0.01388
0.632595
0.0139093
0.639438
0.0139169
0.646267
0.0139062
0.653078
0.0138815
0.659865
0.013848
0.666627
0.0138121
0.673367
0.0137812
0.680091
0.013764
0.686811
0.0137705
0.693543
0.0138125
0.70031
0.0139034
0.70714
0.0140587
0.714071
0.0142969
0.721145
0.0146389
0.0151136
0.548249
0.00546818
0.55391
0.00563404
0.559727
0.00579282
0.565694
0.00594408
0.571805
0.00608815
0.578051
0.00622423
0.584423
0.00635099
0.590911
0.00646721
0.597503
0.00657188
0.604189
0.00666419
0.610954
0.00674348
0.617787
0.00680927
0.624673
0.00686138
0.631599
0.00689991
0.638554
0.00692531
0.645525
0.00693841
0.652501
0.00694044
0.659475
0.00693309
0.666438
0.00691854
0.673386
0.00689946
0.680319
0.00687909
0.687239
0.00686127
0.694153
0.00685047
0.701071
0.00685191
0.708012
0.00687167
0.714998
0.00691693
0.722061
0.00699645
0.729236
0.0071218
0.736564
0.00731063
0.00760726
0.551632
0.557266
0.563059
0.569003
0.575091
0.581315
0.587666
0.594133
0.600705
0.607369
0.614113
0.620922
0.627784
0.634683
0.641609
0.648547
0.655488
0.662421
0.669339
0.676239
0.683118
0.689979
0.69683
0.703681
0.710553
0.71747
0.724466
0.731588
0.738899
)
;

boundaryField
{
    inlet
    {
        type            calculated;
        value           nonuniform List<scalar> 
45
(
-0.2
-0.2
-0.2
-0.2
-0.2
-0.2
-0.2
-0.2
-0.2
-0.2
-0.2
-0.2
-0.2
-0.2
-0.2
-0.20766
-0.212683
-0.217828
-0.223097
-0.228493
-0.23402
-0.239681
-0.245479
-0.251417
-0.257499
-0.263728
-0.270107
-0.276641
-0.283333
-0.290186
-0.297206
-0.304395
-0.311758
-0.3193
-0.327023
-0.334934
-0.343036
-0.351334
-0.359832
-0.368536
-0.377451
-0.386582
-0.395933
-0.40551
-0.415319
)
;
    }
    outlet
    {
        type            calculated;
        value           nonuniform List<scalar> 
45
(
0.007063
0.0142397
0.0148621
0.0113914
0.00497502
-0.00268701
-0.00960323
-0.0158565
-0.0214977
-0.0265566
-0.0310662
-0.0350512
-0.0385188
-0.0414519
-0.0437945
-0.0472019
-0.0490621
-0.0494555
-0.0479531
-0.0445907
-0.0397724
-0.0307154
0.0600407
0.154533
0.241196
0.318538
0.385604
0.442099
0.488408
0.525489
0.554726
0.57774
0.596179
0.611533
0.625007
0.637479
0.649541
0.661571
0.673823
0.686477
0.699704
0.713619
0.728421
0.74407
0.746506
)
;
    }
    flap
    {
        type            calculated;
        value           uniform 0;
    }
    upperWall
    {
        type            calculated;
        value           uniform 0;
    }
    lowerWall
    {
        type            calculated;
        value           uniform 0;
    }
    frontAndBack
    {
        type            empty;
        value           nonuniform 0();
    }
}


// ************************************************************************* //
