/*--------------------------------*- C++ -*----------------------------------*\
  =========                 |
  \\      /  F ield         | OpenFOAM: The Open Source CFD Toolbox
   \\    /   O peration     | Website:  https://openfoam.org
    \\  /    A nd           | Version:  dev
     \\/     M anipulation  |
\*---------------------------------------------------------------------------*/
FoamFile
{
    version     2.0;
    format      ascii;
    class       surfaceScalarField;
    location    "9.4";
    object      phi;
}
// * * * * * * * * * * * * * * * * * * * * * * * * * * * * * * * * * * * * * //

dimensions      [0 3 -1 0 0 0 0];

internalField   nonuniform List<scalar> 
5457
(
0.198418
0.0015824
0.19648
0.0019374
0.194192
0.00228813
0.191508
0.00268364
0.188427
0.00308128
0.18495
0.00347687
0.181072
0.00387869
0.176777
0.00429416
0.172049
0.00472839
0.166864
0.00518542
0.161195
0.00566873
0.155014
0.00618128
0.148288
0.00672523
0.140987
0.00730162
0.133077
0.0079098
0.12453
0.00854675
0.115324
0.00920618
0.105447
0.00987745
0.0949023
0.0105443
0.0837186
0.0111837
0.0719539
0.0117647
0.0597055
0.0122483
0.0471169
0.0125886
0.0343769
0.01274
0.0216822
0.0126948
0.00903227
0.0126499
-0.00291949
0.0119518
-0.00847335
0.00555387
-0.00804341
-0.000429938
-0.00804341
0.199928
0.00165426
0.199176
0.00268988
0.197965
0.00349912
0.196331
0.00431689
0.194271
0.00514141
0.191781
0.00596704
0.188854
0.0068058
0.185477
0.00767117
0.181632
0.00857348
0.177296
0.00952102
0.172444
0.0105211
0.167045
0.0115799
0.161068
0.0127023
0.154479
0.0138909
0.147244
0.0151452
0.13933
0.0164602
0.130712
0.0178244
0.121372
0.0192179
0.111306
0.0206094
0.100536
0.0219538
0.0891118
0.0231893
0.0771241
0.024236
0.0647182
0.0249945
0.0521109
0.0253473
0.039651
0.0251547
0.0281017
0.0241992
0.0185913
0.0214621
0.00879362
0.0153515
0.00118174
0.00718194
-0.00686167
0.199781
0.00187371
0.199087
0.00338375
0.197946
0.0046401
0.196409
0.00585357
0.194483
0.00706763
0.192164
0.0082862
0.189446
0.00952336
0.18632
0.0107968
0.182772
0.0121216
0.178783
0.0135101
0.174331
0.0149734
0.16939
0.0165212
0.163931
0.0181611
0.157923
0.0198983
0.151335
0.0217337
0.144133
0.0236623
0.136287
0.0256702
0.127773
0.0277321
0.118576
0.0298066
0.108697
0.0318319
0.0981653
0.0337214
0.087043
0.0353584
0.0754463
0.0365912
0.0635693
0.0372242
0.0517278
0.0369962
0.0403932
0.0355339
0.0297354
0.0321199
0.0191635
0.0259235
0.00959609
0.0167494
0.00273441
0.199703
0.00217066
0.199008
0.00407909
0.197887
0.00576067
0.196376
0.00736455
0.194488
0.00895583
0.192222
0.0105523
0.189574
0.0121712
0.186538
0.0138329
0.183103
0.0155562
0.179257
0.0173568
0.174981
0.0192487
0.170259
0.021244
0.165067
0.0233531
0.159382
0.0255828
0.15318
0.0279358
0.146435
0.0304078
0.13912
0.0329849
0.131212
0.0356397
0.122693
0.0383261
0.113552
0.0409731
0.103794
0.0434785
0.0934517
0.0457011
0.0825905
0.0474525
0.0713278
0.0484869
0.0598362
0.0484878
0.0483127
0.0470573
0.0368075
0.0436251
0.0251854
0.0375455
0.0133343
0.0286005
0.0160687
0.199667
0.00250327
0.198964
0.00478239
0.197863
0.00686204
0.196381
0.00884629
0.194532
0.0108047
0.192317
0.012767
0.189733
0.0147551
0.186775
0.0167917
0.183433
0.018898
0.179697
0.0210927
0.175554
0.0233918
0.170988
0.0258094
0.165984
0.0283571
0.160524
0.0310434
0.154588
0.0338716
0.148157
0.0368386
0.141211
0.0399311
0.133729
0.0431216
0.125692
0.0463633
0.117082
0.0495828
0.107888
0.0526723
0.0981093
0.0554803
0.0877593
0.0578025
0.0768733
0.0593728
0.0655036
0.0598575
0.0537035
0.0588575
0.0414502
0.0558783
0.028585
0.0504107
0.0148509
0.0423346
0.0309197
0.199653
0.00285048
0.198949
0.00548648
0.197871
0.00794003
0.196426
0.0102905
0.194626
0.0126048
0.192473
0.0149206
0.189963
0.0172649
0.187092
0.0196626
0.183853
0.0221375
0.180235
0.0247101
0.176228
0.0273985
0.17182
0.0302183
0.166994
0.0331822
0.161738
0.0362996
0.156035
0.0395749
0.149868
0.0430056
0.143219
0.0465797
0.13607
0.0502714
0.128397
0.054036
0.120177
0.0578028
0.111382
0.061467
0.101983
0.0648794
0.0919488
0.0678368
0.081248
0.0700736
0.0698484
0.071257
0.0577116
0.0709943
0.0447563
0.0688337
0.0308459
0.0643211
0.0158715
0.0573091
0.0467911
0.19965
0.00320045
0.198954
0.00618249
0.197904
0.0089897
0.196505
0.0116903
0.194762
0.0143471
0.19268
0.0170027
0.190256
0.0196886
0.187487
0.0224324
0.184364
0.0252597
0.180881
0.0281932
0.177027
0.0312527
0.17279
0.0344551
0.168158
0.0378146
0.163116
0.0413415
0.157649
0.0450415
0.151742
0.0489135
0.145374
0.0529477
0.138524
0.0571214
0.131165
0.0613947
0.123264
0.0657041
0.114776
0.0699542
0.105648
0.0740077
0.09581
0.077675
0.0851793
0.0807043
0.0736615
0.0827748
0.0611552
0.0835006
0.0475499
0.082439
0.0327548
0.0791163
0.0167808
0.073283
0.0635719
0.199655
0.00354581
0.198974
0.00686263
0.197959
0.0100055
0.19661
0.0130391
0.194934
0.0160232
0.192933
0.0190034
0.190607
0.0220148
0.187952
0.0250877
0.184962
0.0282498
0.181629
0.0315255
0.177946
0.0349363
0.1739
0.0385007
0.16948
0.0422344
0.164672
0.0461492
0.159461
0.0502527
0.153828
0.0545463
0.147753
0.0590234
0.141208
0.0636666
0.134159
0.0684436
0.126561
0.0733015
0.118355
0.07816
0.109462
0.082901
0.0997788
0.0873582
0.0891793
0.0913038
0.0775171
0.094437
0.0646398
0.0963779
0.0504109
0.0966679
0.0347633
0.0947639
0.0177872
0.0902591
0.0813591
0.199664
0.00388165
0.199006
0.00752046
0.19803
0.0109818
0.196739
0.0143306
0.195136
0.0176253
0.193227
0.0209133
0.191009
0.0242327
0.18848
0.0276165
0.185636
0.0310939
0.18247
0.0346914
0.178974
0.0384319
0.175139
0.0423359
0.170953
0.0464205
0.166402
0.0507
0.161471
0.0551842
0.156139
0.0598781
0.150382
0.0647802
0.144169
0.0698801
0.137457
0.0751558
0.130189
0.0805688
0.122291
0.0860585
0.113659
0.091533
0.104159
0.0968575
0.0936245
0.101839
0.081855
0.106206
0.06864
0.109593
0.0537936
0.111514
0.0372302
0.111327
0.0190799
0.108409
0.100439
0.199677
0.00420444
0.199047
0.00815073
0.198116
0.0119131
0.196887
0.0155589
0.195366
0.0191462
0.193556
0.0227239
0.191456
0.0263326
0.189065
0.0300073
0.186379
0.0337793
0.183395
0.0376763
0.180103
0.0417233
0.176497
0.0459422
0.172565
0.0503524
0.168294
0.0549704
0.163669
0.0598094
0.158668
0.0648788
0.153265
0.0701834
0.147424
0.0757217
0.141095
0.0814842
0.134214
0.0874504
0.126688
0.0935839
0.118396
0.0998251
0.109174
0.10608
0.0988083
0.112204
0.0870407
0.117974
0.0735781
0.123056
0.0581376
0.126955
0.0405433
0.128922
0.0208965
0.128056
0.121336
0.199693
0.00451152
0.199095
0.00874913
0.198213
0.0127948
0.197053
0.0167186
0.19562
0.0205796
0.193916
0.0244278
0.191943
0.0283057
0.1897
0.0322503
0.187185
0.0362944
0.184394
0.0404674
0.181321
0.0447957
0.177961
0.0493029
0.174302
0.0540107
0.170335
0.058938
0.166042
0.0641018
0.161404
0.0695167
0.156393
0.0751943
0.150972
0.0811435
0.145087
0.0873691
0.138667
0.0938707
0.13161
0.10064
0.12378
0.107656
0.114984
0.114876
0.10497
0.122219
0.0934046
0.129539
0.079883
0.136577
0.0639535
0.142884
0.0452228
0.147652
0.0236046
0.149674
0.14494
0.199711
0.00480084
0.199148
0.00931215
0.19832
0.0136224
0.197234
0.0178049
0.195894
0.0219198
0.194303
0.0260182
0.192465
0.0301443
0.190378
0.0343365
0.188044
0.0386292
0.185458
0.0430531
0.182618
0.0476358
0.179518
0.0524028
0.176151
0.0573776
0.172507
0.0625819
0.168573
0.0680362
0.164329
0.0737604
0.15975
0.0797735
0.154799
0.0860948
0.149424
0.092744
0.143553
0.0997419
0.137082
0.10711
0.129867
0.114871
0.121703
0.12304
0.112299
0.131622
0.101256
0.140583
0.088026
0.149807
0.0719034
0.159007
0.0520689
0.167487
0.0278746
0.173869
0.172815
0.19973
0.00507077
0.199205
0.00983694
0.198435
0.0143924
0.197427
0.0188136
0.196185
0.0231619
0.194713
0.0274895
0.193016
0.0318417
0.191094
0.0362585
0.188948
0.0407752
0.186577
0.0454235
0.183981
0.0502325
0.181155
0.0552289
0.178095
0.0604377
0.174793
0.0658834
0.17124
0.0715896
0.167419
0.077581
0.163309
0.0838834
0.158878
0.0905258
0.15408
0.0975418
0.14885
0.104972
0.143091
0.112868
0.136668
0.121294
0.129378
0.13033
0.120924
0.140076
0.110862
0.150645
0.0985184
0.16215
0.0828741
0.174651
0.0624094
0.187951
0.0351063
0.201172
0.207921
0.199751
0.00532007
0.199266
0.0103212
0.198557
0.0151018
0.197629
0.0197411
0.19649
0.0243018
0.195142
0.0288368
0.193591
0.0333926
0.19184
0.03801
0.18989
0.0427252
0.187743
0.0475709
0.185398
0.0525766
0.182857
0.0577703
0.180116
0.0631785
0.177172
0.0688271
0.174019
0.0747427
0.170647
0.0809536
0.167039
0.0874912
0.163173
0.0943922
0.159013
0.101702
0.154508
0.109477
0.149585
0.117792
0.14413
0.126749
0.137977
0.136484
0.130865
0.147187
0.122381
0.15913
0.111829
0.172702
0.0979798
0.1885
0.0784959
0.207435
0.0486294
0.231038
0.256551
0.199772
0.00554777
0.19933
0.0107631
0.198684
0.0157483
0.19784
0.0205847
0.196806
0.0253362
0.195586
0.0300565
0.194186
0.0347927
0.19261
0.0395863
0.190861
0.044474
0.188943
0.0494889
0.186858
0.0546612
0.18461
0.0600192
0.182198
0.0655902
0.179624
0.0714013
0.176886
0.0774807
0.17398
0.0838591
0.1709
0.0905713
0.167633
0.0976591
0.16416
0.105174
0.160452
0.113185
0.156465
0.121779
0.152133
0.131081
0.147355
0.141261
0.141973
0.15257
0.135722
0.16538
0.128132
0.180293
0.11826
0.198372
0.103857
0.221839
0.0776173
0.257278
0.334168
0.00385696
-0.00385696
0.0075331
-0.00367614
0.0105584
-0.0030253
0.0129093
-0.00235095
0.014659
-0.00174964
0.0158859
-0.0012269
0.0166563
-0.000770453
0.0170261
-0.000369788
0.0170567
-3.05345e-05
0.0167786
0.000278084
0.0162624
0.000516161
0.0155612
0.000701246
0.0147291
0.000832028
0.0138216
0.000907552
0.0128932
0.000928437
0.0119938
0.000899361
0.0111647
0.000829078
0.010435
0.000729738
0.00981903
0.000615954
0.0093156
0.000503429
0.00890996
0.000405638
0.00858018
0.000329777
0.00830561
0.000274571
0.00807217
0.000233443
0.00787231
0.000199858
0.00770218
0.000170132
0.00755838
0.000143797
0.0074359
0.000122477
0.00732878
0.00010712
8.53309e-05
0.00358384
-0.00744081
0.0070243
-0.00711659
0.0099199
-0.0059209
0.0122596
-0.00469062
0.0141163
-0.00360639
0.015563
-0.00267354
0.0166593
-0.00186675
0.0174505
-0.00116099
0.0179531
-0.000533159
0.0182054
2.58132e-05
0.0181856
0.000535898
0.0179589
0.000927929
0.0175782
0.00121273
0.0170996
0.00138618
0.0165787
0.00144935
0.016066
0.00141206
0.0156029
0.00129216
0.0152177
0.00111497
0.0149234
0.00091029
0.0147169
0.00070985
0.0145827
0.000539914
0.0144992
0.000413239
0.0144484
0.000325326
0.0144196
0.000262312
0.0144078
0.000211664
0.0144109
0.000167046
0.0144261
0.000128507
0.0144488
9.9829e-05
0.0144714
8.45022e-05
8.51295e-05
0.00305391
-0.0104947
0.0058967
-0.00995938
0.00825312
-0.00827732
0.0101556
-0.00659308
0.01168
-0.00513079
0.012887
-0.00388054
0.013824
-0.00280379
0.0145285
-0.00186548
0.0150336
-0.00103824
0.0153611
-0.000301719
0.0155346
0.000362443
0.0155506
0.000911909
0.0154485
0.00131483
0.0152724
0.00156233
0.0150647
0.00165699
0.0148632
0.00161356
0.0146974
0.00145793
0.0145872
0.00122518
0.0145397
0.000957827
0.0145483
0.000701234
0.0145957
0.00049249
0.0146609
0.000348116
0.0147288
0.00025742
0.0147927
0.000198394
0.0148512
0.000153155
0.0149045
0.000113701
0.0149521
8.09875e-05
0.0149909
6.09536e-05
0.0150155
5.9963e-05
8.86386e-05
0.00247155
-0.0129663
0.00460992
-0.0120978
0.00630934
-0.00997674
0.00766973
-0.00795347
0.00876637
-0.00622743
0.00964354
-0.00475772
0.0103338
-0.00349403
0.0108611
-0.00239278
0.0112459
-0.00142304
0.0115114
-0.00056727
0.0116746
0.000199302
0.0117282
0.00085831
0.0117062
0.00133678
0.0116489
0.00161968
0.0115875
0.00171837
0.0115452
0.00165579
0.0115375
0.00146566
0.011571
0.0011917
0.0116425
0.000886345
0.0117372
0.000606513
0.0118314
0.000398241
0.0119
0.000279537
0.011932
0.000225448
0.0119273
0.000203124
0.0118914
0.00018905
0.0118306
0.000174508
0.01175
0.000161554
0.0116536
0.000157383
0.0115449
0.000168605
0.000193547
0.00179662
-0.0147629
0.00315151
-0.0134526
0.00412466
-0.0109499
0.00488309
-0.00871191
0.00549068
-0.00683501
0.00597622
-0.00524326
0.00635989
-0.0038777
0.00665506
-0.00268795
0.00687033
-0.00163831
0.00701879
-0.000715728
0.00710944
0.000108651
0.00711259
0.000855159
0.00708761
0.00136177
0.00706627
0.00164102
0.00706395
0.0017207
0.00708579
0.00163394
0.00712821
0.00142325
0.00718023
0.00113968
0.00722598
0.000840597
0.0072421
0.000590393
0.00720344
0.000436899
0.00708568
0.000397292
0.00689688
0.000414249
0.00665583
0.000444175
0.0063818
0.000463083
0.00609014
0.000466169
0.00578877
0.000462921
0.00548131
0.000464844
0.00517926
0.00047066
0.000432125
0.0010288
-0.0157917
0.00151505
-0.0139389
0.00171825
-0.0111531
0.00182858
-0.00882224
0.00188323
-0.00688966
0.00190597
-0.00526601
0.00190846
-0.00388019
0.00189958
-0.00267907
0.00189165
-0.00163039
0.00188318
-0.000707258
0.00181334
0.000178495
0.00173615
0.000932348
0.00167341
0.00142451
0.00163288
0.00168155
0.00160027
0.00175331
0.00154714
0.00168707
0.00143989
0.0015305
0.00124778
0.00133178
0.000956359
0.00113202
0.00058152
0.000965232
0.000158898
0.000859521
-0.000255241
0.00081143
-0.000652002
0.00081101
-0.00102493
0.000817102
-0.00137025
0.0008084
-0.00169077
0.000786694
-0.00199261
0.000764759
-0.00228192
0.000754151
-0.0025489
0.000737648
0.000658941
9.45548e-05
-0.0158862
-0.000309034
-0.0135353
-0.000901096
-0.010561
-0.00149529
-0.00822805
-0.00207086
-0.00631408
-0.00259797
-0.0047389
-0.00306544
-0.00341272
-0.00347217
-0.00227234
-0.00384312
-0.00125943
-0.00422218
-0.000328203
-0.00451425
0.000470571
-0.00467742
0.00109551
-0.00480029
0.00154738
-0.00493786
0.00181912
-0.00511894
0.00193439
-0.00536149
0.00192963
-0.00567071
0.00183972
-0.00603817
0.00169925
-0.00644812
0.00154197
-0.00688138
0.0013985
-0.00731502
0.00129316
-0.0077324
0.00122881
-0.00811261
0.00119122
-0.00844853
0.00115302
-0.00873938
0.00109925
-0.00898865
0.00103596
-0.00920411
0.000980226
-0.00939103
0.00094107
-0.00955126
0.000897874
0.00083549
-0.00087315
-0.0150131
-0.00227326
-0.0121352
-0.00371183
-0.00912246
-0.00510615
-0.00683373
-0.0063826
-0.00503763
-0.00752041
-0.00360109
-0.00851708
-0.00241604
-0.00937886
-0.00141055
-0.0101204
-0.000517881
-0.0107003
0.000251643
-0.0110949
0.000865161
-0.0113651
0.0013658
-0.0115801
0.00176238
-0.0117893
0.00202825
-0.0120241
0.0021692
-0.0122972
0.00220277
-0.0126081
0.00215064
-0.0129489
0.00204003
-0.0133105
0.00190349
-0.0136847
0.0017727
-0.0140601
0.00166862
-0.0144228
0.00159151
-0.014755
0.00152344
-0.0150433
0.00144124
-0.0152814
0.00133737
-0.0154721
0.0012267
-0.0156248
0.00113293
-0.0157495
0.00106574
-0.0158623
0.0010107
0.000970477
-0.00198885
-0.0130242
-0.00440871
-0.00971532
-0.00680419
-0.00672698
-0.00902306
-0.00461485
-0.0109822
-0.00307845
-0.0126617
-0.0019216
-0.0140792
-0.000998607
-0.0152537
-0.000236077
-0.0161526
0.000381063
-0.0167831
0.000882168
-0.017236
0.00131805
-0.0175788
0.0017086
-0.0178439
0.00202744
-0.0180732
0.00225758
-0.0183003
0.00239632
-0.018544
0.00244646
-0.0188093
0.00241597
-0.0190934
0.00232411
-0.0193921
0.00220214
-0.0197025
0.00208315
-0.02002
0.00198612
-0.0203342
0.00190573
-0.0206281
0.00181733
-0.0208835
0.0016966
-0.0210884
0.00154224
-0.0212427
0.00138105
-0.0213573
0.00124755
-0.0214475
0.00115593
-0.0215343
0.00109745
0.00107532
-0.00331105
-0.00971319
-0.00690886
-0.00611751
-0.0103089
-0.0033269
-0.0133028
-0.00162103
-0.0158371
-0.000544082
-0.0179038
0.000145036
-0.0195059
0.000603568
-0.0206839
0.000941856
-0.0215437
0.00124085
-0.0221981
0.00153658
-0.0227061
0.0018261
-0.0230898
0.0020923
-0.0233793
0.0023169
-0.0236129
0.00249114
-0.0238268
0.00261022
-0.0240448
0.00266454
-0.0242751
0.00264626
-0.0245156
0.00256461
-0.0247641
0.00245062
-0.0250228
0.00234179
-0.025294
0.00225732
-0.0255726
0.00218436
-0.0258419
0.00208668
-0.0260783
0.00193294
-0.0262623
0.00172622
-0.0263904
0.0015092
-0.0264765
0.00133368
-0.0265421
0.00122147
-0.0266086
0.00116394
0.00115519
-0.00509388
-0.00461931
-0.0104984
-0.000712954
-0.0149303
0.00110501
-0.0183699
0.00181848
-0.0209446
0.00203064
-0.0228593
0.0020598
-0.0243138
0.00205807
-0.025448
0.00207602
-0.0263336
0.00212647
-0.027021
0.00222394
-0.0275511
0.00235621
-0.0279514
0.00249266
-0.0282482
0.0026137
-0.0284775
0.00272041
-0.0286794
0.00281208
-0.0288817
0.00286691
-0.0290916
0.00285616
-0.0293029
0.00277591
-0.0295124
0.00266011
-0.029728
0.00255741
-0.0299618
0.00249107
-0.0302155
0.00243809
-0.0304723
0.00234345
-0.0307006
0.00216121
-0.0308709
0.00189658
-0.0309757
0.00161395
-0.0310342
0.00139222
-0.0310767
0.00126394
-0.0311244
0.00121164
0.00121297
-0.00794181
0.00332251
-0.0144664
0.00581164
-0.0191583
0.00579694
-0.0226198
0.0052799
-0.0252129
0.00462382
-0.0271642
0.00401109
-0.0286522
0.00354604
-0.0297936
0.00321746
-0.0306664
0.00299919
-0.0313362
0.00289375
-0.0318558
0.00287582
-0.0322515
0.00288841
-0.0325391
0.00290124
-0.032751
0.00293235
-0.0329354
0.00299647
-0.0331267
0.0030582
-0.0333273
0.00305674
-0.03352
0.00296863
-0.0336963
0.00283645
-0.0338714
0.0027325
-0.0340714
0.00269108
-0.0343081
0.00267476
-0.0345634
0.00259879
-0.0347944
0.00239212
-0.0349566
0.00205885
-0.0350365
0.00169381
-0.0350626
0.00141837
-0.0350793
0.00128064
-0.0351089
0.0012412
0.0012512
-0.0101117
0.0134342
-0.0178742
0.0135741
-0.0232336
0.0111563
-0.0269176
0.00896387
-0.0295193
0.00722557
-0.0313724
0.00586414
-0.0327502
0.00492387
-0.0338073
0.00427457
-0.0346002
0.00379208
-0.0351982
0.00349179
-0.0356735
0.00335109
-0.0360477
0.00326259
-0.0363105
0.00316408
-0.0364857
0.00310748
-0.0366388
0.00314961
-0.0368191
0.00323848
-0.0370204
0.00325811
-0.0372037
0.00315184
-0.0373475
0.00298031
-0.0374771
0.00286212
-0.0376412
0.00285514
-0.0378664
0.00289998
-0.0381323
0.00286472
-0.0383785
0.0026383
-0.0385385
0.00221881
-0.0385884
0.00174375
-0.0385715
0.00140148
-0.0385563
0.00126545
-0.0385695
0.00125435
0.0012738
-0.0133917
0.0268259
-0.0230326
0.0232151
-0.0284581
0.0165818
-0.0317354
0.0122411
-0.0340376
0.00952783
-0.0355376
0.0073641
-0.0366141
0.00600037
-0.0374959
0.0051564
-0.0381491
0.0044453
-0.0386168
0.00395943
-0.0390143
0.00374864
-0.0393617
0.00360992
-0.0395892
0.00339165
-0.0396981
0.00321636
-0.0397937
0.0032452
-0.0399598
0.00340461
-0.0401763
0.00347459
-0.0403619
0.00333747
-0.0404695
0.00308784
-0.040539
0.00293163
-0.0406573
0.00297351
-0.0408749
0.00311758
-0.041166
0.00315578
-0.041444
0.00291627
-0.041609
0.00238382
-0.0416199
0.00175471
-0.0415413
0.00132287
-0.0414836
0.00120776
-0.0414853
0.00125601
0.00128956
-0.0190544
0.0458803
-0.0307485
0.0349091
-0.0355384
0.0213717
-0.0371886
0.0138913
-0.0388511
0.0111903
-0.0395989
0.00811192
-0.0400889
0.00649031
-0.0407952
0.00586269
-0.0413275
0.00497768
-0.0415853
0.00421715
-0.0418476
0.00401099
-0.0421712
0.00393356
-0.0423612
0.00358165
-0.0423622
0.0032173
-0.0423556
0.00323864
-0.0425059
0.00355486
-0.0427654
0.00373409
-0.0429746
0.00354665
-0.0430356
0.00314888
-0.0430136
0.00290964
-0.0430638
0.00302373
-0.0432751
0.00332883
-0.0436094
0.00349008
-0.0439411
0.00324796
-0.0441212
0.00256396
-0.0440787
0.00171215
-0.0439069
0.00115109
-0.0437884
0.00108923
-0.0437896
0.00125729
0.00131947
0.207447
0.00576053
0.207034
0.0111757
0.206432
0.0163508
0.205647
0.0213691
0.204688
0.0262954
0.203561
0.0311839
0.202271
0.0360822
0.200825
0.041032
0.199229
0.0460703
0.197488
0.0512303
0.195607
0.0565421
0.193592
0.0620342
0.191448
0.0677338
0.189181
0.0736684
0.186795
0.0798666
0.184295
0.0863596
0.181683
0.0931834
0.178961
0.100381
0.176129
0.108006
0.173185
0.116128
0.170126
0.124839
0.166945
0.134261
0.163639
0.144568
0.160207
0.156002
0.156671
0.168916
0.153124
0.18384
0.149927
0.201568
0.148748
0.223017
0.160349
0.245678
0.258914
0.235602
0.21249
0.00595295
0.212118
0.0115485
0.211574
0.0168944
0.210868
0.022075
0.210008
0.0271559
0.209
0.0321914
0.207853
0.0372293
0.206574
0.0423112
0.20517
0.047474
0.20365
0.0527503
0.202022
0.0581701
0.200295
0.0637611
0.198479
0.0695499
0.196584
0.0755632
0.194623
0.0818285
0.192606
0.0883758
0.190551
0.0952392
0.188472
0.102459
0.186393
0.110086
0.184341
0.11818
0.182357
0.126823
0.1805
0.136118
0.17887
0.146198
0.177638
0.157234
0.177123
0.16943
0.177979
0.182984
0.181616
0.197931
0.190629
0.214004
0.206022
0.230285
0.245862
0.219073
0.217658
0.00612288
0.217329
0.0118775
0.21685
0.017373
0.21623
0.0226947
0.215478
0.0279082
0.214601
0.033068
0.213609
0.0382214
0.212511
0.0434098
0.211315
0.0486693
0.210034
0.0540318
0.208678
0.0595263
0.20726
0.0651792
0.205794
0.0710156
0.204297
0.0770603
0.202787
0.0833384
0.201286
0.0898767
0.19982
0.0967051
0.198422
0.103857
0.197133
0.111374
0.19601
0.119303
0.19513
0.127703
0.194607
0.136641
0.19461
0.146195
0.195402
0.156442
0.197393
0.16744
0.201192
0.179185
0.20757
0.191554
0.217189
0.204385
0.229777
0.217697
0.228915
0.246725
0.222951
0.00626832
0.22267
0.0121588
0.222262
0.0177812
0.221736
0.023221
0.2211
0.0285437
0.220365
0.0338035
0.219539
0.039047
0.218634
0.0443147
0.217661
0.0496418
0.216634
0.0550591
0.215567
0.0605936
0.214476
0.0662702
0.21338
0.0721116
0.212301
0.0781396
0.211263
0.0843757
0.210298
0.0908419
0.209442
0.0975613
0.20874
0.104559
0.208252
0.111863
0.208053
0.119503
0.208246
0.12751
0.208971
0.135916
0.210421
0.144745
0.21286
0.154003
0.216635
0.163665
0.222164
0.173655
0.229899
0.183819
0.240414
0.19387
0.254627
0.203483
0.210406
0.273136
0.228374
0.00638743
0.228144
0.0123888
0.227812
0.0181137
0.227385
0.0236472
0.226875
0.0290544
0.22629
0.0343886
0.225641
0.0396954
0.224942
0.0450143
0.224204
0.050379
0.223445
0.0558185
0.222681
0.061358
0.221931
0.0670197
0.221219
0.0728234
0.220572
0.0787872
0.22002
0.0849279
0.2196
0.0912614
0.219358
0.0978032
0.219349
0.104568
0.219643
0.111569
0.220328
0.118818
0.221516
0.126322
0.223352
0.13408
0.226022
0.142075
0.229757
0.150269
0.234835
0.158587
0.241588
0.166902
0.250394
0.175012
0.261702
0.182563
0.275986
0.189199
0.193836
0.292556
0.233929
0.00647851
0.233754
0.0125642
0.233502
0.0183659
0.233182
0.0239675
0.232803
0.0294331
0.232376
0.034815
0.231914
0.0401576
0.23143
0.0454988
0.230938
0.0508704
0.230457
0.0562994
0.230007
0.0618086
0.229609
0.0674173
0.229291
0.0731418
0.229082
0.0789959
0.229019
0.0849912
0.229143
0.0911369
0.229506
0.0974402
0.230169
0.103905
0.231206
0.110532
0.232708
0.117316
0.234788
0.124242
0.237581
0.131286
0.241252
0.138404
0.245993
0.145528
0.252024
0.152555
0.259589
0.159337
0.268931
0.165671
0.280229
0.171264
0.293581
0.175847
0.178902
0.308515
0.23962
0.00654007
0.239502
0.0126823
0.239334
0.0185336
0.239125
0.0241765
0.238884
0.0296737
0.238623
0.035076
0.238355
0.0404261
0.238094
0.0457601
0.237856
0.0511079
0.237661
0.056494
0.237532
0.0619385
0.237491
0.0674575
0.23757
0.0730634
0.2378
0.0787657
0.238221
0.0845704
0.238878
0.0904802
0.239824
0.0964942
0.241122
0.102607
0.242846
0.108807
0.245085
0.115077
0.247942
0.121386
0.251535
0.127693
0.256001
0.133938
0.26149
0.140039
0.268158
0.145887
0.276156
0.15134
0.285604
0.156222
0.29655
0.160319
0.308982
0.163414
0.16524
0.322644
0.245448
0.00657085
0.24539
0.0127405
0.24531
0.0186134
0.245217
0.02427
0.245119
0.0297712
0.245029
0.0351659
0.24496
0.0404951
0.244928
0.0457927
0.244949
0.0510863
0.245045
0.0563979
0.245239
0.0617446
0.245558
0.0671393
0.24603
0.0725905
0.246693
0.0781032
0.247585
0.0836783
0.248753
0.0893124
0.250249
0.0949976
0.252136
0.100721
0.254482
0.106461
0.257369
0.11219
0.260884
0.117871
0.265127
0.12345
0.270202
0.128863
0.276217
0.134025
0.283271
0.138833
0.291445
0.143165
0.300789
0.146879
0.31129
0.149818
0.322883
0.151821
0.152758
0.335364
0.251418
0.00656983
0.251422
0.012737
0.251432
0.0186026
0.251458
0.0242446
0.251507
0.0297218
0.251592
0.035081
0.251726
0.0403609
0.251926
0.0455933
0.252209
0.0508032
0.252597
0.05601
0.253113
0.061228
0.253786
0.0664666
0.254646
0.0717309
0.255727
0.0770215
0.257071
0.0823348
0.258721
0.0876623
0.260728
0.0929904
0.263149
0.0982996
0.266046
0.103564
0.269488
0.108748
0.273548
0.11381
0.278303
0.118696
0.283827
0.123338
0.290191
0.127661
0.297452
0.131573
0.305643
0.134974
0.314767
0.137755
0.324778
0.139807
0.335577
0.141022
0.141342
0.346994
0.257532
0.00653626
0.257599
0.0126703
0.257702
0.0184993
0.257849
0.0240982
0.258048
0.0295231
0.25831
0.0348189
0.258649
0.0400217
0.259081
0.0451608
0.259626
0.050259
0.260303
0.0553328
0.261137
0.0603936
0.262156
0.065448
0.263389
0.0704974
0.264872
0.0755392
0.266641
0.0805657
0.268738
0.0855645
0.271211
0.0905179
0.274108
0.0954024
0.277483
0.100188
0.281393
0.104839
0.285893
0.10931
0.291039
0.11355
0.296881
0.117497
0.303458
0.121083
0.310797
0.124235
0.318897
0.126873
0.327734
0.128919
0.337242
0.130299
0.347317
0.130947
0.130842
0.357816
0.263794
0.00646969
0.263925
0.0125395
0.264122
0.0183023
0.264391
0.0238293
0.26474
0.0291743
0.265179
0.0343791
0.265723
0.0394777
0.266387
0.044497
0.267189
0.0494569
0.26815
0.0543717
0.269294
0.0592501
0.270646
0.0640957
0.272236
0.0689073
0.274096
0.0736793
0.276261
0.0784012
0.278768
0.0830576
0.281657
0.0876284
0.284972
0.0920881
0.288754
0.0964059
0.293048
0.100545
0.297894
0.104464
0.303329
0.108114
0.309382
0.111444
0.316071
0.114395
0.323395
0.11691
0.331338
0.11893
0.339856
0.120401
0.348879
0.121276
0.358308
0.121518
0.121127
0.368024
0.270207
0.00636992
0.270402
0.0123444
0.270693
0.0180113
0.271084
0.0234381
0.271583
0.0286755
0.272199
0.0337628
0.272946
0.0387314
0.273837
0.0436055
0.274891
0.0484029
0.276127
0.0531353
0.277568
0.0578091
0.279238
0.0624256
0.281164
0.0669813
0.283375
0.0714684
0.285902
0.0758743
0.288777
0.0801823
0.292035
0.0843709
0.295708
0.0884145
0.299831
0.092283
0.304435
0.0959419
0.309546
0.099353
0.315186
0.102475
0.321366
0.105263
0.328088
0.107673
0.335337
0.109661
0.343082
0.111185
0.351274
0.112209
0.359844
0.112706
0.368701
0.11266
0.112081
0.377747
0.276774
0.00623706
0.277033
0.0120851
0.277417
0.0176268
0.27793
0.0229255
0.278577
0.0280286
0.279367
0.0329728
0.280311
0.0377868
0.281424
0.0424925
0.282722
0.0471053
0.284223
0.0516348
0.285946
0.0560854
0.287916
0.0604564
0.290154
0.0647428
0.292687
0.0689352
0.295542
0.0730201
0.298744
0.07698
0.302321
0.0807939
0.306299
0.0844368
0.310701
0.0878809
0.315548
0.0910951
0.320854
0.0940463
0.326629
0.0966997
0.332872
0.0990203
0.339572
0.100974
0.346704
0.102528
0.354233
0.103656
0.362107
0.104335
0.370259
0.104554
0.378613
0.104306
0.103611
0.387083
0.283498
0.0060715
0.283821
0.0117626
0.284297
0.0171502
0.284929
0.0222936
0.285721
0.0272366
0.286681
0.0320133
0.287818
0.0366498
0.289144
0.0411657
0.290675
0.0455743
0.292427
0.0498834
0.294417
0.0540955
0.296664
0.0582087
0.29919
0.0622168
0.302016
0.0661097
0.305162
0.0698737
0.308651
0.0734915
0.312501
0.0769433
0.316732
0.080206
0.321358
0.0832546
0.326391
0.0860624
0.331836
0.0886017
0.337691
0.0908446
0.343947
0.0927641
0.350586
0.0943352
0.357577
0.0955362
0.364883
0.0963503
0.372452
0.0967665
0.380225
0.0967809
0.388134
0.0963969
0.0956351
0.39611
0.290384
0.00587386
0.290769
0.011378
0.291335
0.0165836
0.292084
0.0215452
0.293016
0.0263037
0.29414
0.03089
0.295462
0.035328
0.296993
0.0396349
0.298745
0.0438222
0.300732
0.047896
0.30297
0.0518578
0.305474
0.0557045
0.308261
0.0594294
0.311349
0.0630223
0.314753
0.0664698
0.318489
0.0697558
0.32257
0.0728619
0.327008
0.075768
0.33181
0.0784523
0.33698
0.0808925
0.342515
0.0830665
0.348408
0.0849525
0.354641
0.0865308
0.361192
0.0877842
0.368029
0.0886992
0.375112
0.0892668
0.382395
0.0894834
0.389825
0.0893514
0.397343
0.088879
0.0880876
0.40489
0.297435
0.00564503
0.29788
0.0109332
0.298534
0.0159295
0.299394
0.0206843
0.300463
0.0252349
0.301744
0.0296096
0.303242
0.0338297
0.304966
0.0379106
0.306926
0.041862
0.309133
0.0456888
0.3116
0.0493914
0.314338
0.0529663
0.317361
0.0564066
0.320681
0.0597025
0.324309
0.0628415
0.328256
0.065809
0.332529
0.0685888
0.337133
0.0711636
0.34207
0.0735153
0.347337
0.0756259
0.352925
0.0774782
0.358821
0.0790563
0.365006
0.0803464
0.371452
0.0813376
0.378129
0.0820226
0.384998
0.0823982
0.392015
0.0824658
0.399135
0.0822318
0.406307
0.081707
0.0809124
0.413482
0.304654
0.00538606
0.305157
0.0104301
0.305895
0.0151913
0.306864
0.0197154
0.308063
0.0240363
0.309493
0.0281797
0.311158
0.0321647
0.313064
0.0360047
0.315218
0.039708
0.317628
0.0432784
0.320304
0.0467158
0.323253
0.0500165
0.326486
0.0531738
0.33001
0.0561786
0.333832
0.0590196
0.337957
0.0616842
0.342387
0.0641585
0.347123
0.066428
0.35216
0.0684783
0.35749
0.0702953
0.363102
0.0718664
0.368978
0.0731804
0.375096
0.0742285
0.381429
0.0750047
0.387945
0.0755062
0.394609
0.0757339
0.401382
0.0756926
0.408223
0.075391
0.415089
0.074841
0.0740624
0.421939
0.312046
0.00509817
0.312605
0.00987126
0.313424
0.0143725
0.314496
0.0186434
0.315818
0.0227144
0.317389
0.0266087
0.31921
0.030343
0.321286
0.0339293
0.323619
0.0373745
0.326216
0.0406817
0.329081
0.0438504
0.332221
0.0468768
0.33564
0.049755
0.339342
0.0524767
0.343329
0.0550323
0.347602
0.0574108
0.35216
0.0596009
0.356997
0.0615909
0.362106
0.0633696
0.367474
0.0649267
0.373088
0.0662532
0.378926
0.0673419
0.384967
0.068188
0.391182
0.068789
0.397543
0.0691455
0.404016
0.0692613
0.410565
0.0691429
0.417156
0.0688002
0.423751
0.0682456
0.0674972
0.430317
0.319615
0.00478268
0.320227
0.00925922
0.321122
0.0134772
0.322292
0.0174737
0.32373
0.0212762
0.325434
0.024905
0.327402
0.0283752
0.329634
0.0316968
0.332133
0.034876
0.3349
0.0379151
0.337936
0.0408135
0.341246
0.0435677
0.344828
0.0461725
0.348684
0.0486208
0.352812
0.0509043
0.357209
0.0530141
0.361868
0.0549412
0.366783
0.0566765
0.371941
0.0582117
0.377328
0.0595396
0.382927
0.0606543
0.388717
0.0615518
0.394675
0.06223
0.400774
0.0626895
0.406987
0.0629329
0.413283
0.0629657
0.41963
0.0627956
0.425997
0.0624327
0.432354
0.0618892
0.0611814
0.43867
0.327365
0.00444096
0.328028
0.00859668
0.328995
0.0125093
0.330257
0.0162119
0.331805
0.0197286
0.333632
0.0230775
0.335736
0.0262714
0.338114
0.0293193
0.340763
0.0322262
0.343684
0.0349942
0.346875
0.0376224
0.350335
0.040108
0.354061
0.0424463
0.358051
0.0446315
0.362298
0.0466568
0.366797
0.0485154
0.371538
0.0501999
0.376511
0.0517039
0.381701
0.0530215
0.387093
0.0541479
0.392667
0.0550798
0.398404
0.0558155
0.404278
0.0563553
0.410266
0.0567013
0.416341
0.0568579
0.422476
0.0568313
0.428642
0.0566297
0.434811
0.056263
0.440958
0.0557427
0.0550833
0.447056
0.3353
0.00407436
0.336011
0.0078863
0.337047
0.011473
0.338396
0.0148634
0.340046
0.0180787
0.341989
0.0211345
0.344218
0.0240419
0.346729
0.0268084
0.349517
0.0294383
0.352578
0.0319333
0.355907
0.0342927
0.359501
0.0365141
0.363354
0.0385936
0.367459
0.0405266
0.371808
0.0423077
0.376392
0.0439316
0.381199
0.045393
0.386215
0.0466873
0.391426
0.0478106
0.396814
0.0487601
0.402359
0.0495346
0.40804
0.0501341
0.413835
0.0505602
0.41972
0.0508165
0.42567
0.0509079
0.431661
0.0508411
0.437666
0.0506241
0.443663
0.0502665
0.449627
0.0497787
0.0491736
0.455536
0.343426
0.00368412
0.344182
0.00713056
0.345283
0.0103719
0.346713
0.0134333
0.348458
0.0163331
0.350509
0.0190841
0.352855
0.0216959
0.355488
0.0241747
0.358403
0.0265241
0.36159
0.0287455
0.365045
0.0308383
0.368758
0.0328006
0.372723
0.0346293
0.376929
0.0363207
0.381365
0.0378709
0.386021
0.0392759
0.390882
0.0405319
0.395934
0.041636
0.401158
0.0425859
0.406538
0.0433804
0.412053
0.0440195
0.417683
0.0445044
0.423405
0.0448379
0.429198
0.045024
0.435037
0.045068
0.440902
0.0449766
0.446769
0.0447574
0.452616
0.0444191
0.458424
0.043971
0.0434247
0.464173
0.351746
0.00327129
0.352545
0.00633154
0.353708
0.00920944
0.355215
0.0119266
0.35705
0.0144979
0.3592
0.0169339
0.361654
0.0192421
0.364401
0.0214279
0.367431
0.0234941
0.370734
0.0254419
0.374302
0.0272707
0.378123
0.0289792
0.382188
0.0305648
0.386484
0.0320249
0.390998
0.0333566
0.395717
0.0345571
0.400625
0.0356239
0.405706
0.0365552
0.410941
0.03735
0.416314
0.0380083
0.421802
0.0385308
0.427387
0.0389197
0.433047
0.0391782
0.43876
0.0393104
0.444507
0.0393216
0.450265
0.0392182
0.456015
0.0390072
0.461738
0.0386962
0.467415
0.0382937
0.0378093
0.473031
0.360267
0.00283649
0.361108
0.00549067
0.362329
0.00798825
0.363909
0.0103471
0.365828
0.0125785
0.368071
0.0146902
0.370625
0.0166881
0.373477
0.0185764
0.376614
0.0203574
0.380024
0.0220318
0.383695
0.0235995
0.387615
0.0250591
0.391771
0.026409
0.396149
0.0276471
0.400734
0.0287715
0.405511
0.0297803
0.410463
0.030672
0.415572
0.0314458
0.420821
0.0321014
0.426189
0.0326394
0.431659
0.0330614
0.437209
0.0333698
0.442819
0.0335677
0.44847
0.0336594
0.454142
0.0336499
0.459815
0.0335448
0.465472
0.0333504
0.471095
0.0330734
0.476668
0.032721
0.0323015
0.482175
0.368993
0.00237964
0.369876
0.00460819
0.371154
0.00670993
0.372803
0.00869826
0.374802
0.0105796
0.377133
0.0123587
0.379782
0.0140401
0.382731
0.0156269
0.385967
0.0171209
0.389477
0.0185225
0.393245
0.0198314
0.397257
0.0210468
0.401499
0.0221675
0.405954
0.0231919
0.410606
0.0241188
0.41544
0.024947
0.420436
0.0256758
0.425577
0.0263049
0.430844
0.0268346
0.436217
0.0272659
0.441678
0.0276006
0.447207
0.0278411
0.452784
0.0279905
0.458391
0.0280527
0.464008
0.0280321
0.46962
0.0279336
0.475208
0.0277625
0.480756
0.0275246
0.486252
0.0272257
0.0268726
0.491681
0.377932
0.00189915
0.378858
0.00368214
0.380192
0.00537511
0.381908
0.0069831
0.383982
0.00850542
0.386396
0.00994446
0.389132
0.0113037
0.392174
0.0125854
0.395504
0.0137906
0.399107
0.0149194
0.402967
0.0159715
0.407068
0.0169463
0.411392
0.0178429
0.415924
0.0186604
0.420645
0.0193979
0.425537
0.0200547
0.430582
0.0206306
0.435761
0.0211256
0.441056
0.0215404
0.446446
0.021876
0.451912
0.0221342
0.457436
0.0223172
0.462999
0.0224278
0.468582
0.0224693
0.474169
0.0224454
0.479742
0.0223601
0.485287
0.0222179
0.490788
0.0220235
0.496232
0.0217815
0.0214976
0.501607
0.387091
0.0013898
0.388068
0.00270529
0.389462
0.0039813
0.391243
0.0052019
0.393391
0.0063576
0.395885
0.0074502
0.398706
0.00848263
0.401835
0.00945601
0.405255
0.0103706
0.408949
0.0112262
0.412897
0.0120227
0.417084
0.0127595
0.421491
0.013436
0.4261
0.0140516
0.430892
0.0146059
0.435848
0.0150983
0.44095
0.015529
0.446177
0.0158982
0.451511
0.0162064
0.456932
0.0164548
0.462422
0.0166449
0.467961
0.0167784
0.473531
0.0168576
0.479115
0.0168852
0.484696
0.016864
0.490259
0.0167971
0.495789
0.016688
0.501273
0.01654
0.506698
0.0163566
0.0161418
0.512053
0.396484
0.000838572
0.397517
0.00167207
0.398966
0.00253265
0.400809
0.00335849
0.403028
0.00413905
0.405599
0.0048788
0.408502
0.00557949
0.411718
0.00624077
0.415226
0.00686217
0.419009
0.00744343
0.423047
0.00798428
0.427322
0.00848434
0.431815
0.00894317
0.436506
0.00936037
0.441377
0.00973562
0.446406
0.0100688
0.451575
0.0103598
0.456864
0.0106091
0.462254
0.010817
0.467724
0.0109845
0.473257
0.0111126
0.478832
0.0112025
0.484434
0.011256
0.490044
0.0112749
0.495647
0.0112611
0.501228
0.0112168
0.506771
0.0111444
0.512265
0.0110463
0.517696
0.010925
0.0107836
0.523055
0.406193
0.000155546
0.40729
0.000575363
0.408789
0.00103332
0.410692
0.00145621
0.412974
0.00185615
0.415615
0.00223862
0.418591
0.00260286
0.421884
0.00294756
0.425475
0.00327209
0.429342
0.00357615
0.433467
0.0038595
0.437829
0.00412184
0.442409
0.00436287
0.447187
0.00458234
0.452143
0.00478006
0.457256
0.00495593
0.462506
0.00510999
0.467872
0.00524237
0.473336
0.00535336
0.478877
0.00544341
0.484477
0.00551309
0.490116
0.00556313
0.495778
0.00559435
0.501445
0.00560774
0.507102
0.00560434
0.512733
0.00558529
0.518326
0.00555179
0.523867
0.00550509
0.529345
0.00544639
0.00537757
0.534751
0.415475
0.41605
0.417084
0.41854
0.420396
0.422635
0.425237
0.428185
0.431457
0.435033
0.438893
0.443015
0.447377
0.45196
0.45674
0.461696
0.466806
0.472048
0.477401
0.482845
0.488358
0.493921
0.499515
0.505123
0.510728
0.516313
0.521865
0.52737
0.532816
0.538194
0.1277
0.107902
0.0375297
0.0901708
0.0572002
-0.0196705
0.210582
0.116393
0.194659
0.106094
0.089963
0.161896
0.252496
0.110623
0.251967
0.106623
0.0996464
0.242284
0.280153
0.103605
0.284114
0.102662
0.0999575
0.283803
0.300008
0.0961532
0.306237
0.0964328
0.0957049
0.31049
0.315891
0.088777
0.322886
0.0894376
0.0895548
0.329037
0.329525
0.0818965
0.336369
0.0825939
0.082991
0.342932
0.341649
0.0756123
0.348012
0.07623
0.0766629
0.35434
0.352729
0.0698776
0.358561
0.0703975
0.0707884
0.364436
0.363073
0.0646209
0.368415
0.0650559
0.0653931
0.37381
0.372871
0.0597736
0.377786
0.0601409
0.0604305
0.382749
0.382246
0.0552743
0.386799
0.0555881
0.055839
0.39139
0.391287
0.0510709
0.395533
0.051342
0.0515615
0.39981
0.40006
0.0471203
0.404046
0.0473566
0.0475504
0.408057
0.408623
0.0433872
0.412385
0.0435946
0.0437666
0.416169
0.417027
0.0398423
0.420596
0.0400253
0.0401785
0.424184
0.42532
0.0364611
0.428723
0.036623
0.0367598
0.432141
0.433555
0.0332229
0.436812
0.0333662
0.0334884
0.440083
0.441783
0.0301096
0.444913
0.0302364
0.0303453
0.448056
0.450061
0.0271051
0.45308
0.0272169
0.0273136
0.456112
0.458447
0.0241945
0.461371
0.0242926
0.0243781
0.464307
0.467003
0.021364
0.469846
0.0214494
0.0215243
0.4727
0.475795
0.0186002
0.47857
0.0186738
0.0187385
0.481356
0.484886
0.0158895
0.487608
0.0159518
0.0160068
0.49034
0.494351
0.013219
0.497032
0.0132705
0.0133162
0.499723
0.504252
0.0105736
0.506908
0.0106145
0.0106508
0.509574
0.514686
0.00794115
0.517328
0.0079719
0.00799947
0.51998
0.525694
0.00530201
0.528343
0.00532224
0.0053398
0.531003
0.537405
0.00264802
0.540071
0.00265703
0.00266547
0.542745
0.540842
0.543499
0.546164
-0.0394146
0.0656244
-0.0498161
0.0453107
-0.0503346
0.0218902
-0.0438549
0.00741163
-0.0448596
0.0121951
-0.04496
0.00821225
-0.0447634
0.00629373
-0.0455539
0.00665315
-0.0459908
0.00541461
-0.0456924
0.00391882
-0.0456812
0.00399972
-0.0460829
0.00433532
-0.0463316
0.00383028
-0.046194
0.00307974
-0.0459763
0.00302098
-0.0461017
0.0036802
-0.0464591
0.00409147
-0.0467326
0.0038202
-0.0467232
0.00313951
-0.046541
0.00272741
-0.046476
0.0029587
-0.0466901
0.00354293
-0.0471105
0.00391051
-0.0475436
0.00368102
-0.0477617
0.00278211
-0.0476375
0.00158796
-0.0473047
0.00081825
-0.0470833
0.000867805
-0.0471059
0.00127994
0.00141771
0.0971858
0.130335
0.046563
0.0959335
-0.00246449
0.0709176
-0.0379397
0.0428868
-0.0522154
0.0264708
-0.0539713
0.0099682
-0.0483832
0.000705622
-0.0484943
0.00676425
-0.0489313
0.00585153
-0.048034
0.00302161
-0.0481095
0.00407517
-0.048996
0.00522181
-0.049468
0.00430231
-0.0489054
0.0025171
-0.0480189
0.0021345
-0.0481127
0.00377396
-0.0487021
0.0046809
-0.0491464
0.00426453
-0.0490646
0.00305769
-0.0485982
0.002261
-0.0483209
0.00268137
-0.04854
0.00376209
-0.0490903
0.00446083
-0.0496706
0.00426126
-0.0499447
0.00305621
-0.0496922
0.00133553
-0.0490849
0.000210863
-0.048689
0.000471988
-0.0487708
0.00136173
0.00169168
0.204929
0.16769
0.164036
0.136826
0.124829
0.110125
0.0825355
0.0851803
0.0435098
0.0654965
0.00132598
0.052152
-0.0323322
0.0343638
-0.0492403
0.0236724
-0.0546085
0.0112197
-0.0529469
0.00135999
-0.0494527
0.000581004
-0.0501819
0.00595101
-0.0509597
0.00508015
-0.0494787
0.00103606
-0.0481867
0.000842509
-0.0487383
0.00432555
-0.0498961
0.00583868
-0.0506869
0.00505535
-0.0504296
0.0028004
-0.049284
0.00111538
-0.0485283
0.00192568
-0.0487885
0.00402227
-0.0495511
0.00522346
-0.0503527
0.00506283
-0.0507182
0.00342176
-0.0502936
0.000910889
-0.0492626
-0.00082013
-0.0485935
-0.000197074
-0.0488016
0.00156987
0.00231437
0.268918
0.182574
0.244846
0.160898
0.215953
0.139018
0.183032
0.118101
0.149269
0.0992591
0.118281
0.0831409
0.0852728
0.0673716
0.0549922
0.0539529
0.0231484
0.0430635
-0.0092339
0.0337423
-0.0339339
0.025281
-0.0465883
0.0186054
-0.0513862
0.00987806
-0.0509769
0.000626796
-0.046656
-0.0034784
-0.0467738
0.00444337
-0.0487177
0.00778254
-0.0500343
0.00637197
-0.0494012
0.00216728
-0.0472684
-0.00101733
-0.04625
0.000907283
-0.0468528
0.00462501
-0.0480404
0.00641111
-0.0492321
0.00625452
-0.049736
0.00392566
-0.0491977
0.000372586
-0.0472605
-0.00275731
-0.046219
-0.00123863
-0.0466925
0.00204335
0.00353484
0.308957
0.184107
0.298522
0.171333
0.281535
0.156006
0.259825
0.13981
0.235307
0.123777
0.209727
0.108721
0.182569
0.0945293
0.155104
0.0814181
0.128304
0.0698634
0.102437
0.0596096
0.077344
0.050374
0.0543937
0.0415557
0.0311933
0.0330785
0.00399702
0.0278231
-0.0208146
0.0213332
-0.0347323
0.0183611
-0.0415607
0.014611
-0.0446782
0.00948947
-0.0451102
0.00259929
-0.0425433
-0.00358429
-0.0411103
-0.000525651
-0.0420307
0.00554537
-0.043872
0.00825246
-0.0454995
0.00788197
-0.0464104
0.00483661
-0.0448899
-0.0011479
-0.0427436
-0.00490364
-0.0414281
-0.00255415
-0.0423913
0.00300654
0.00568658
0.335188
0.177955
0.334436
0.172086
0.327587
0.162855
0.315763
0.151635
0.300119
0.139421
0.281816
0.127023
0.261564
0.114781
0.240042
0.102941
0.218036
0.0918698
0.195909
0.0817363
0.173901
0.0723821
0.15203
0.063426
0.129991
0.0551174
0.109503
0.0483116
0.0885042
0.042332
0.0695976
0.0372676
0.0524516
0.031757
0.0359613
0.0259797
0.0171851
0.0213755
-0.00400465
0.0176054
-0.0199063
0.015376
-0.028142
0.0137811
-0.0322095
0.0123199
-0.0347976
0.0104701
-0.0361022
0.0061412
-0.036554
-0.000696118
-0.0343166
-0.00714101
-0.0343224
-0.00254833
-0.0361811
0.00486526
0.00922344
0.352926
0.167962
0.358334
0.166677
0.358934
0.162255
0.355063
0.155506
0.347315
0.147169
0.336448
0.13789
0.323118
0.128112
0.307871
0.118188
0.291279
0.108461
0.273854
0.0991611
0.255948
0.0902885
0.237618
0.0817556
0.219015
0.0737204
0.200739
0.066588
0.182749
0.060322
0.165538
0.0544782
0.148695
0.0486003
0.131842
0.0428324
0.115398
0.0378203
0.0991256
0.0338774
0.0835587
0.0309429
0.0691557
0.0281841
0.0561718
0.0253038
0.0445707
0.0220712
0.0326103
0.0181016
0.0169316
0.0149826
-0.00323428
0.0130248
-0.0183259
0.0125433
-0.024721
0.0112603
0.0151606
0.36571
0.156592
0.374465
0.157922
0.379921
0.156798
0.381893
0.153535
0.380509
0.148553
0.37611
0.142289
0.369093
0.135128
0.359868
0.127413
0.34888
0.119449
0.336571
0.111471
0.323266
0.103594
0.309143
0.0958782
0.294401
0.0884619
0.279414
0.0815754
0.264495
0.0752413
0.249736
0.0692368
0.234965
0.0633719
0.220079
0.0577184
0.205279
0.0526201
0.190783
0.0483734
0.176876
0.0448501
0.16352
0.0415395
0.150645
0.0381792
0.138069
0.0346465
0.125173
0.0309977
0.11214
0.0280157
0.0988401
0.026325
0.0857913
0.025592
0.0719279
0.0251238
0.0270074
0.375846
0.145182
0.385999
0.147769
0.394177
0.148621
0.399956
0.147755
0.403162
0.145347
0.403819
0.141633
0.402075
0.136872
0.398164
0.131324
0.392373
0.125239
0.385013
0.118831
0.37635
0.112256
0.366594
0.105635
0.355956
0.0990991
0.344729
0.0928026
0.333169
0.0868016
0.321373
0.0810328
0.309319
0.0754259
0.297
0.0700371
0.284551
0.0650693
0.272227
0.0606978
0.260221
0.0568559
0.248484
0.0532762
0.236901
0.0497626
0.225294
0.0462532
0.213419
0.042873
0.201354
0.0400808
0.189354
0.0383242
0.177497
0.0374497
0.165428
0.0371928
0.0378866
0.384674
0.134318
0.395071
0.137371
0.404442
0.13925
0.412344
0.139853
0.418479
0.139212
0.422691
0.137421
0.424945
0.134617
0.425305
0.130964
0.423905
0.126639
0.420924
0.121813
0.416546
0.116634
0.410949
0.111232
0.404317
0.105731
0.396866
0.100253
0.388792
0.0948757
0.380213
0.0896122
0.371177
0.0844621
0.361731
0.0794829
0.351998
0.0748021
0.342167
0.0705293
0.332372
0.0666502
0.322614
0.0630344
0.312814
0.0595632
0.30285
0.0562167
0.292606
0.0531167
0.282131
0.0505558
0.271645
0.0488103
0.261244
0.0478511
0.250928
0.0475084
0.0476152
0.392891
0.124175
0.402963
0.1273
0.412589
0.129624
0.421415
0.131027
0.429146
0.131481
0.435564
0.131003
0.440537
0.129644
0.444011
0.12749
0.446001
0.124649
0.446573
0.12124
0.445827
0.117381
0.443876
0.113183
0.440852
0.108754
0.436905
0.1042
0.432181
0.0996005
0.426789
0.0950042
0.420803
0.0904481
0.414293
0.0859926
0.407366
0.0817289
0.400158
0.0777374
0.392774
0.0740341
0.385241
0.0705677
0.37752
0.0672844
0.369543
0.0641932
0.361262
0.0613979
0.352726
0.059092
0.344083
0.0574532
0.33544
0.0564941
0.326866
0.0560827
0.0559439
0.400823
0.114743
0.410357
0.117766
0.419757
0.120224
0.428775
0.122009
0.437175
0.123081
0.444753
0.123424
0.451351
0.123047
0.45686
0.121981
0.461224
0.120286
0.46443
0.118034
0.466505
0.115306
0.4675
0.112188
0.467487
0.108767
0.46656
0.105128
0.464815
0.101345
0.462339
0.09748
0.459203
0.0935844
0.455476
0.0897195
0.451246
0.085959
0.446613
0.0823698
0.441662
0.0789852
0.436429
0.0758011
0.430905
0.0728087
0.425061
0.0700363
0.418889
0.0675706
0.412434
0.0655467
0.405801
0.0640863
0.399082
0.0632125
0.392336
0.0628288
0.0626779
0.408609
0.105944
0.417572
0.108802
0.426554
0.111242
0.435388
0.113176
0.443903
0.114566
0.451939
0.115389
0.459352
0.115633
0.466027
0.115307
0.471878
0.114435
0.476853
0.113059
0.480929
0.11123
0.484109
0.109008
0.48642
0.106457
0.487904
0.103643
0.488618
0.100632
0.488617
0.0974805
0.487957
0.0942449
0.486693
0.0909836
0.484892
0.0877601
0.482627
0.0846341
0.479964
0.0816482
0.47694
0.0788251
0.473564
0.0761845
0.469834
0.0737667
0.465758
0.0716462
0.461381
0.0699241
0.456777
0.0686903
0.452017
0.0679728
0.447133
0.067713
0.0677123
0.416307
0.0976938
0.424742
0.100368
0.433264
0.10272
0.44176
0.10468
0.45011
0.106215
0.458197
0.107302
0.465906
0.107924
0.473136
0.108076
0.479803
0.107768
0.485841
0.107021
0.491205
0.105866
0.49587
0.104342
0.499831
0.102496
0.503097
0.100377
0.505691
0.0980374
0.507643
0.0955285
0.508986
0.0929017
0.50976
0.0902104
0.510009
0.0875106
0.509786
0.0848568
0.509139
0.0822955
0.508101
0.0798637
0.506688
0.0775968
0.504913
0.075542
0.502793
0.0737663
0.500366
0.0723509
0.497687
0.0713692
0.494805
0.0708554
0.49173
0.0707875
0.0710342
0.423949
0.0899138
0.431916
0.0924007
0.440001
0.0946345
0.448124
0.0965579
0.456198
0.0981414
0.464136
0.0993637
0.471853
0.100207
0.479266
0.100663
0.486302
0.100732
0.4929
0.100423
0.49901
0.0997559
0.504596
0.0987561
0.509636
0.0974559
0.51412
0.0958927
0.51805
0.0941074
0.521436
0.0921431
0.524293
0.0900447
0.526644
0.0878594
0.528518
0.0856368
0.529948
0.0834265
0.530968
0.0812755
0.531605
0.0792268
0.531878
0.0773239
0.531803
0.075617
0.531401
0.0741683
0.530704
0.0730478
0.529752
0.0723211
0.528577
0.0720307
0.527177
0.0721867
0.0727209
0.43156
0.0825384
0.43912
0.0848409
0.446812
0.086942
0.454576
0.0887935
0.462348
0.0903698
0.470061
0.0916511
0.477648
0.0926202
0.485045
0.0932659
0.492192
0.0935844
0.499036
0.0935794
0.50553
0.0932617
0.511638
0.0926485
0.517331
0.0917627
0.522591
0.0906324
0.527409
0.0892898
0.531781
0.0877705
0.535713
0.0861128
0.539214
0.0843581
0.542301
0.0825499
0.544995
0.0807334
0.547316
0.0789538
0.549287
0.0772559
0.550925
0.0756859
0.552247
0.0742949
0.553274
0.0731415
0.554032
0.0722898
0.554551
0.071802
0.554852
0.0717294
0.554931
0.0721079
0.072923
0.439167
0.075513
0.446373
0.077635
0.453719
0.0795959
0.461158
0.0813548
0.468638
0.0828892
0.476108
0.0841809
0.483515
0.0852135
0.490806
0.0859748
0.497932
0.0864584
0.504848
0.0866641
0.511512
0.0865976
0.51789
0.0862702
0.523954
0.0856982
0.529684
0.084903
0.535064
0.08391
0.540085
0.0827488
0.544746
0.0814518
0.54905
0.080055
0.553002
0.0785969
0.556618
0.0771184
0.559909
0.075662
0.562894
0.0742716
0.565586
0.0729935
0.568003
0.0718781
0.570163
0.0709811
0.57209
0.070363
0.573807
0.0700853
0.57533
0.0702061
0.576657
0.0707805
0.071836
0.446804
0.0687916
0.453702
0.0707371
0.460745
0.0725536
0.467893
0.0742061
0.475107
0.075675
0.482344
0.0769439
0.489561
0.0779972
0.496713
0.0788226
0.503759
0.0794121
0.51066
0.0797631
0.51738
0.0798776
0.523888
0.0797626
0.530156
0.0794298
0.536164
0.0788952
0.541895
0.0781793
0.547337
0.0773062
0.552486
0.0763036
0.557338
0.0752026
0.561897
0.0740374
0.566171
0.0728449
0.570169
0.0716644
0.573902
0.0705377
0.577386
0.0695097
0.580636
0.0686289
0.583668
0.0679485
0.586505
0.0675265
0.589166
0.0674237
0.591669
0.0677034
0.594017
0.0684326
0.0696682
0.454513
0.0623345
0.461143
0.0641075
0.467919
0.0657771
0.474812
0.0673135
0.481787
0.0686997
0.48881
0.0699213
0.495843
0.0709637
0.502851
0.071815
0.509796
0.0724665
0.516645
0.072914
0.523366
0.073157
0.529929
0.0731993
0.53631
0.073049
0.542487
0.0727181
0.548444
0.0722227
0.554167
0.0715826
0.55965
0.0708214
0.564887
0.0699658
0.569878
0.0690459
0.574628
0.0680949
0.579144
0.0671488
0.583435
0.0662468
0.587513
0.0654311
0.591394
0.064748
0.595094
0.0642481
0.598634
0.0639866
0.602034
0.0640238
0.605313
0.0644247
0.608483
0.0652626
0.0666116
0.462339
0.0561069
0.468736
0.0577108
0.475281
0.0592321
0.481949
0.0606453
0.488713
0.061936
0.495543
0.0630913
0.502408
0.0640984
0.509277
0.0649457
0.516119
0.0656248
0.522903
0.0661303
0.529599
0.0664602
0.536183
0.0666162
0.542628
0.0666033
0.548916
0.0664304
0.555028
0.0661102
0.560952
0.0656587
0.566678
0.0650956
0.5722
0.064444
0.577516
0.0637301
0.582627
0.0629835
0.587539
0.0622369
0.59226
0.0615261
0.5968
0.0608906
0.601175
0.0603736
0.6054
0.0600228
0.609496
0.0598908
0.613484
0.0600357
0.617387
0.060522
0.621225
0.061424
0.0628234
0.470336
0.0500771
0.476532
0.0515151
0.482877
0.0528872
0.48935
0.054172
0.495929
0.055357
0.502589
0.0564314
0.509304
0.0573835
0.516047
0.058203
0.52279
0.0588817
0.529507
0.0594138
0.53617
0.0597965
0.542757
0.0600298
0.549243
0.0601168
0.55561
0.0600638
0.56184
0.0598805
0.567918
0.05958
0.573835
0.0591786
0.579584
0.0586957
0.585159
0.0581542
0.590563
0.0575801
0.595797
0.0570026
0.600869
0.0564543
0.605788
0.0559712
0.610569
0.0555932
0.615227
0.0553647
0.619783
0.0553349
0.62426
0.0555587
0.628684
0.0560982
0.633083
0.0570247
0.0584206
0.478562
0.0442153
0.484587
0.0454901
0.490761
0.0467127
0.497068
0.047865
0.503489
0.0489365
0.510002
0.049918
0.516586
0.0507995
0.523218
0.0515716
0.529873
0.0522268
0.536527
0.0527595
0.543157
0.0531663
0.549741
0.0534463
0.556256
0.053601
0.562685
0.0536351
0.56901
0.0535557
0.575217
0.0533732
0.581294
0.0531011
0.587234
0.0527558
0.593031
0.0523568
0.598685
0.0519267
0.604196
0.0514913
0.609571
0.0510795
0.614818
0.050724
0.61995
0.0504608
0.624984
0.0503306
0.629941
0.0503785
0.634844
0.0506556
0.639723
0.0512193
0.644611
0.0521361
0.0534842
0.487078
0.0384932
0.492961
0.039607
0.498994
0.0406798
0.505163
0.0416963
0.511451
0.0426481
0.517842
0.0435272
0.524316
0.0443251
0.530854
0.0450338
0.537435
0.0456464
0.544036
0.0461578
0.550638
0.0465646
0.557219
0.046865
0.56376
0.0470599
0.570243
0.0471523
0.576651
0.0471476
0.58297
0.0470541
0.589189
0.0468826
0.595298
0.0466468
0.601292
0.0463631
0.607167
0.0460508
0.612926
0.0457324
0.618573
0.0454333
0.624114
0.0451821
0.629564
0.0450113
0.634937
0.0449571
0.640256
0.0450602
0.645545
0.0453667
0.650835
0.0459288
0.656165
0.0468062
0.0480712
0.495951
0.0328826
0.50172
0.0338371
0.507641
0.0347597
0.513699
0.0356379
0.519882
0.0364647
0.526176
0.0372336
0.532564
0.0379375
0.539028
0.0385694
0.545551
0.0391237
0.552113
0.0395955
0.558696
0.0399816
0.565281
0.0402803
0.571849
0.0404916
0.578384
0.0406175
0.584869
0.040662
0.591292
0.0406316
0.59764
0.040535
0.603903
0.0403832
0.610076
0.04019
0.616155
0.0399716
0.622141
0.039747
0.628036
0.0395381
0.633848
0.0393697
0.63959
0.03927
0.645276
0.0392707
0.650929
0.0394077
0.656574
0.0397215
0.662244
0.0402581
0.667981
0.0410698
0.0422207
0.50525
0.0273552
0.510936
0.0281517
0.516772
0.0289236
0.522749
0.0296611
0.528855
0.0303585
0.535078
0.0310106
0.541404
0.0316117
0.547817
0.032156
0.554302
0.0326386
0.560842
0.0330555
0.56742
0.0334039
0.574018
0.0336819
0.580621
0.0338894
0.587211
0.0340274
0.593774
0.0340991
0.600296
0.0341092
0.606766
0.0340647
0.613175
0.0339744
0.619516
0.0338494
0.625784
0.0337031
0.63198
0.0335512
0.638106
0.0334118
0.64417
0.0333061
0.650182
0.0332576
0.65616
0.0332935
0.662123
0.0334444
0.668099
0.0337449
0.674123
0.0342343
0.680236
0.0349575
0.0359713
0.515047
0.0218818
0.520678
0.0225205
0.526461
0.0231412
0.532386
0.0237357
0.538445
0.0243
0.544625
0.0248298
0.550916
0.0253207
0.557304
0.0257681
0.563775
0.0261682
0.570313
0.0265176
0.576903
0.0268139
0.583529
0.0270555
0.590176
0.0272421
0.59683
0.0273743
0.603474
0.0274543
0.610098
0.0274857
0.616689
0.0274737
0.623238
0.0274252
0.629739
0.027349
0.636186
0.0272555
0.64258
0.0271573
0.648923
0.027069
0.655221
0.0270076
0.661486
0.0269924
0.667735
0.0270454
0.673987
0.0271918
0.680272
0.02746
0.686624
0.0278824
0.693086
0.0284954
0.0293453
0.525429
0.0164323
0.531037
0.0169133
0.536797
0.0173813
0.542702
0.0178306
0.548743
0.0182582
0.554912
0.0186609
0.561198
0.0190354
0.567588
0.0193783
0.574069
0.0196867
0.580628
0.0199581
0.587252
0.0201906
0.593924
0.020383
0.600632
0.0205347
0.60736
0.0206462
0.614095
0.0207191
0.620825
0.0207557
0.627538
0.02076
0.634227
0.020737
0.640883
0.020693
0.647502
0.020636
0.654084
0.0205755
0.660631
0.0205223
0.667149
0.0204895
0.673649
0.0204917
0.680149
0.0205459
0.686669
0.0206715
0.693239
0.0208906
0.699892
0.0212288
0.706673
0.0217151
0.0223907
0.536462
0.0109732
0.542081
0.0112948
0.547852
0.0116096
0.553771
0.0119117
0.55983
0.0121992
0.566021
0.0124705
0.572333
0.0127233
0.578756
0.0129555
0.585278
0.0131649
0.591886
0.0133499
0.598567
0.0135092
0.605308
0.013642
0.612095
0.0137479
0.618914
0.0138271
0.625753
0.0138805
0.632598
0.0139099
0.639441
0.0139175
0.646271
0.0139069
0.653082
0.0138822
0.659869
0.0138488
0.666632
0.0138129
0.673372
0.013782
0.680097
0.0137648
0.686817
0.0137714
0.693549
0.0138134
0.700317
0.0139043
0.707147
0.0140597
0.714078
0.0142979
0.721153
0.01464
0.0151147
0.54825
0.00546826
0.553911
0.00563412
0.559727
0.00579291
0.565695
0.00594418
0.571806
0.00608826
0.578052
0.00622435
0.584424
0.00635112
0.590912
0.00646735
0.597505
0.00657205
0.60419
0.00666437
0.610956
0.00674367
0.617788
0.00680949
0.624675
0.00686161
0.631602
0.00690016
0.638557
0.00692558
0.645528
0.0069387
0.652505
0.00694075
0.659478
0.00693342
0.666441
0.00691889
0.67339
0.00689983
0.680324
0.00687948
0.687244
0.00686168
0.694158
0.0068509
0.701077
0.00685235
0.708018
0.00687213
0.715005
0.00691741
0.722068
0.00699695
0.729244
0.00712232
0.736572
0.00731118
0.00760783
0.551632
0.557267
0.563059
0.569004
0.575092
0.581316
0.587667
0.594135
0.600707
0.607371
0.614115
0.620924
0.627786
0.634686
0.641612
0.64855
0.655491
0.662425
0.669343
0.676243
0.683123
0.689984
0.696835
0.703688
0.71056
0.717477
0.724474
0.731596
0.738908
)
;

boundaryField
{
    inlet
    {
        type            calculated;
        value           nonuniform List<scalar> 
45
(
-0.2
-0.2
-0.2
-0.2
-0.2
-0.2
-0.2
-0.2
-0.2
-0.2
-0.2
-0.2
-0.2
-0.2
-0.2
-0.20766
-0.212683
-0.217828
-0.223097
-0.228493
-0.23402
-0.239681
-0.245479
-0.251417
-0.257499
-0.263728
-0.270107
-0.276641
-0.283333
-0.290186
-0.297206
-0.304395
-0.311758
-0.3193
-0.327023
-0.334934
-0.343036
-0.351334
-0.359832
-0.368536
-0.377451
-0.386582
-0.395933
-0.40551
-0.415319
)
;
    }
    outlet
    {
        type            calculated;
        value           nonuniform List<scalar> 
45
(
0.00724345
0.0144716
0.015012
0.01144
0.00494068
-0.00277572
-0.00972781
-0.0159973
-0.0216391
-0.0266884
-0.0311822
-0.0351471
-0.0385921
-0.041501
-0.0438195
-0.0472042
-0.0490448
-0.0494243
-0.0479129
-0.044543
-0.039718
-0.0306581
0.060081
0.154549
0.2412
0.318537
0.385602
0.442098
0.488408
0.525491
0.554729
0.577744
0.596185
0.611539
0.625013
0.637486
0.649548
0.661578
0.673831
0.686485
0.699712
0.713627
0.728429
0.744079
0.746515
)
;
    }
    flap
    {
        type            calculated;
        value           uniform 0;
    }
    upperWall
    {
        type            calculated;
        value           uniform 0;
    }
    lowerWall
    {
        type            calculated;
        value           uniform 0;
    }
    frontAndBack
    {
        type            empty;
        value           nonuniform 0();
    }
}


// ************************************************************************* //
