/*--------------------------------*- C++ -*----------------------------------*\
  =========                 |
  \\      /  F ield         | OpenFOAM: The Open Source CFD Toolbox
   \\    /   O peration     | Website:  https://openfoam.org
    \\  /    A nd           | Version:  dev
     \\/     M anipulation  |
\*---------------------------------------------------------------------------*/
FoamFile
{
    version     2.0;
    format      ascii;
    class       volVectorField;
    location    "9.4";
    object      U;
}
// * * * * * * * * * * * * * * * * * * * * * * * * * * * * * * * * * * * * * //

dimensions      [0 1 -1 0 0 0 0];

internalField   nonuniform List<vector> 
2790
(
(9.94399 0 0.0205235)
(9.87572 0 0.0295884)
(9.7752 0 0.0359906)
(9.64943 0 0.0425577)
(9.50407 0 0.0493875)
(9.34004 0 0.0564309)
(9.15651 0 0.063819)
(8.95258 0 0.0717154)
(8.72741 0 0.0802598)
(8.48001 0 0.089579)
(8.20919 0 0.0997999)
(7.91354 0 0.111053)
(7.59156 0 0.123469)
(7.24163 0 0.137175)
(6.86216 0 0.152284)
(6.4516 0 0.168882)
(6.00866 0 0.18701)
(5.53244 0 0.206633)
(5.02271 0 0.227604)
(4.48017 0 0.249624)
(3.90686 0 0.272187)
(3.30653 0 0.294534)
(2.68499 0 0.315625)
(2.05033 0 0.334289)
(1.41152 0 0.350603)
(0.797804 0 0.372884)
(0.11039 0 0.324935)
(-0.469578 0 -0.114918)
(-0.453813 0 -0.297106)
(-0.231165 0 -0.42384)
(9.9985 0 0.0407041)
(9.98145 0 0.062385)
(9.93574 0 0.0791434)
(9.86415 0 0.0966293)
(9.77096 0 0.11513)
(9.65713 0 0.134495)
(9.52202 0 0.154984)
(9.36481 0 0.176954)
(9.18466 0 0.20072)
(8.9806 0 0.226564)
(8.75144 0 0.254761)
(8.49578 0 0.28558)
(8.21208 0 0.319272)
(7.89868 0 0.356048)
(7.55387 0 0.396047)
(7.176 0 0.439292)
(6.76357 0 0.485623)
(6.31542 0 0.534617)
(5.83099 0 0.58549)
(5.3106 0 0.636978)
(4.75586 0 0.687222)
(4.17012 0 0.733657)
(3.559 0 0.772954)
(2.93126 0 0.801082)
(2.29968 0 0.813726)
(1.69272 0 0.807221)
(1.10694 0 0.74718)
(0.658757 0 0.547844)
(0.186225 0 0.224482)
(-0.00819721 0 -0.453786)
(9.99559 0 0.0432088)
(9.97556 0 0.0752753)
(9.9318 0 0.103352)
(9.86489 0 0.132378)
(9.77776 0 0.163069)
(9.67152 0 0.195411)
(9.54585 0 0.229757)
(9.40009 0 0.26662)
(9.2336 0 0.306491)
(9.04557 0 0.349831)
(8.83501 0 0.3971)
(8.60071 0 0.448753)
(8.34133 0 0.505228)
(8.05536 0 0.566903)
(7.74122 0 0.634053)
(7.39726 0 0.706776)
(7.0219 0 0.784882)
(6.61373 0 0.867768)
(6.17169 0 0.954236)
(5.69537 0 1.04229)
(5.18535 0 1.12891)
(4.64367 0 1.2098)
(4.0745 0 1.27915)
(3.48509 0 1.32931)
(2.88658 0 1.35005)
(2.29923 0 1.32636)
(1.73164 0 1.22068)
(1.2161 0 0.972888)
(0.701039 0 0.570015)
(0.357975 0 -0.156741)
(9.99403 0 0.0495018)
(9.97181 0 0.0932113)
(9.92787 0 0.13358)
(9.86224 0 0.174219)
(9.77692 0 0.216447)
(9.67296 0 0.260677)
(9.55028 0 0.30745)
(9.40845 0 0.357439)
(9.24697 0 0.411319)
(9.06527 0 0.469738)
(8.8626 0 0.533339)
(8.6381 0 0.602766)
(8.39073 0 0.678639)
(8.11939 0 0.761526)
(7.82284 0 0.851876)
(7.49983 0 0.949933)
(7.14905 0 1.05561)
(6.76922 0 1.1683)
(6.35925 0 1.28666)
(5.91834 0 1.40831)
(5.44626 0 1.5295)
(4.94372 0 1.6447)
(4.41288 0 1.74614)
(3.85799 0 1.82319)
(3.28555 0 1.8613)
(2.70616 0 1.84023)
(2.12545 0 1.72587)
(1.55411 0 1.4777)
(0.957854 0 1.08351)
(0.509393 0 0.502131)
(9.99331 0 0.0572168)
(9.96994 0 0.110965)
(9.92592 0 0.162114)
(9.86145 0 0.213361)
(9.77797 0 0.266373)
(9.67633 0 0.321935)
(9.55651 0 0.380727)
(9.41818 0 0.443518)
(9.26092 0 0.511091)
(9.08427 0 0.584211)
(8.88762 0 0.663634)
(8.67029 0 0.750116)
(8.43148 0 0.844393)
(8.17033 0 0.947148)
(7.88592 0 1.05895)
(7.5773 0 1.18015)
(7.24347 0 1.31076)
(6.88339 0 1.45025)
(6.49604 0 1.59729)
(6.08047 0 1.74938)
(5.63588 0 1.90245)
(5.16183 0 2.05034)
(4.65848 0 2.18417)
(4.12692 0 2.2917)
(3.56912 0 2.35648)
(2.98864 0 2.35719)
(2.38662 0 2.26478)
(1.76623 0 2.04743)
(1.08989 0 1.69115)
(0.536607 0 1.15388)
(9.99302 0 0.0655425)
(9.96923 0 0.128709)
(9.92556 0 0.190125)
(9.86252 0 0.251859)
(9.78127 0 0.315599)
(9.68242 0 0.382344)
(9.56598 0 0.452905)
(9.43167 0 0.528137)
(9.27915 0 0.608922)
(9.108 0 0.696133)
(8.9177 0 0.790635)
(8.70765 0 0.893287)
(8.47717 0 1.00493)
(8.22554 0 1.12633)
(7.952 0 1.25817)
(7.65571 0 1.4009)
(7.33583 0 1.55463)
(6.99142 0 1.71895)
(6.62144 0 1.89263)
(6.22474 0 2.07329)
(5.79999 0 2.2569)
(5.34574 0 2.43723)
(4.8604 0 2.60519)
(4.34239 0 2.74817)
(3.79009 0 2.84945)
(3.2023 0 2.88804)
(2.57633 0 2.83801)
(1.91328 0 2.67134)
(1.17263 0 2.37369)
(0.549914 0 1.89407)
(9.99297 0 0.0740793)
(9.96926 0 0.146323)
(9.92637 0 0.217497)
(9.86508 0 0.28931)
(9.78641 0 0.363379)
(9.69083 0 0.440856)
(9.57832 0 0.522696)
(9.44868 0 0.609853)
(9.3016 0 0.703304)
(9.13672 0 0.804022)
(8.95357 0 0.912965)
(8.75161 0 1.03108)
(8.53023 0 1.1593)
(8.28875 0 1.29849)
(8.02644 0 1.4494)
(7.74252 0 1.61258)
(7.4361 0 1.78829)
(7.10618 0 1.97627)
(6.75155 0 2.1755)
(6.37073 0 2.3839)
(5.9618 0 2.59781)
(5.52232 0 2.81142)
(5.04919 0 3.01615)
(4.53866 0 3.19991)
(3.98632 0 3.34657)
(3.38759 0 3.43578)
(2.73697 0 3.44305)
(2.03602 0 3.34116)
(1.24161 0 3.11318)
(0.563449 0 2.69273)
(9.99306 0 0.082593)
(9.96981 0 0.163616)
(9.92806 0 0.244065)
(9.86884 0 0.3255)
(9.79311 0 0.409472)
(9.70124 0 0.497239)
(9.59321 0 0.589879)
(9.46884 0 0.688443)
(9.32791 0 0.793995)
(9.17009 0 0.907594)
(8.99495 0 1.03029)
(8.80202 0 1.16312)
(8.59071 0 1.3071)
(8.36038 0 1.46319)
(8.1103 0 1.63226)
(7.83964 0 1.81499)
(7.54741 0 2.01179)
(7.23244 0 2.22264)
(6.89324 0 2.44685)
(6.52788 0 2.6828)
(6.13377 0 2.92744)
(5.7075 0 3.17582)
(5.2446 0 3.42037)
(4.73939 0 3.65015)
(4.18509 0 3.85011)
(3.57438 0 4.00068)
(2.89918 0 4.0776)
(2.16183 0 4.05198)
(1.31594 0 3.90121)
(0.583136 0 3.53962)
(9.99326 0 0.0909338)
(9.97072 0 0.18042)
(9.93046 0 0.269684)
(9.87361 0 0.360264)
(9.80117 0 0.453676)
(9.71342 0 0.551246)
(9.61035 0 0.654156)
(9.49185 0 0.763548)
(9.35772 0 0.880567)
(9.20768 0 1.00635)
(9.04139 0 1.14204)
(8.8584 0 1.28876)
(8.65817 0 1.44762)
(8.4401 0 1.6197)
(8.20343 0 1.80599)
(7.94729 0 2.00734)
(7.67059 0 2.22439)
(7.37193 0 2.45742)
(7.04953 0 2.7062)
(6.70097 0 2.9697)
(6.32301 0 3.24577)
(5.91127 0 3.53061)
(5.45995 0 3.8181)
(4.96156 0 4.09895)
(4.40695 0 4.35974)
(3.78594 0 4.58187)
(3.08713 0 4.74072)
(2.31234 0 4.80397)
(1.4104 0 4.74048)
(0.614196 0 4.44125)
(9.99352 0 0.0989981)
(9.9719 0 0.196591)
(9.9334 0 0.294213)
(9.87924 0 0.393441)
(9.81039 0 0.495787)
(9.72715 0 0.602628)
(9.62951 0 0.71523)
(9.51739 0 0.834819)
(9.39065 0 0.962611)
(9.24908 0 1.09983)
(9.09239 0 1.24768)
(8.9202 0 1.4074)
(8.73204 0 1.58018)
(8.52731 0 1.76723)
(8.3053 0 1.9697)
(8.06509 0 2.18864)
(7.80553 0 2.42496)
(7.52507 0 2.67934)
(7.22164 0 2.9521)
(6.89245 0 3.24299)
(6.53367 0 3.55094)
(6.14006 0 3.87361)
(5.70458 0 4.20677)
(5.21796 0 4.54337)
(4.66843 0 4.87232)
(4.04229 0 5.17672)
(3.32313 0 5.4319)
(2.50927 0 5.60138)
(1.54152 0 5.64274)
(0.663897 0 5.41717)
(9.99384 0 0.10671)
(9.9733 0 0.212013)
(9.93679 0 0.317521)
(9.88557 0 0.424882)
(9.82063 0 0.535622)
(9.74224 0 0.651162)
(9.65043 0 0.772838)
(9.54515 0 0.901946)
(9.42634 0 1.03977)
(9.29386 0 1.1876)
(9.14747 0 1.34673)
(8.98687 0 1.51846)
(8.81166 0 1.70412)
(8.62133 0 1.90501)
(8.41519 0 2.12247)
(8.19237 0 2.35777)
(7.95169 0 2.61215)
(7.69156 0 2.88674)
(7.40977 0 3.18249)
(7.10331 0 3.50007)
(6.76796 0 3.83967)
(6.39788 0 4.20071)
(5.98503 0 4.5813)
(5.51848 0 4.97737)
(4.9837 0 5.38124)
(4.36253 0 5.77932)
(3.63116 0 6.14869)
(2.77944 0 6.44997)
(1.73295 0 6.62755)
(0.744593 0 6.50195)
(9.9942 0 0.114013)
(9.97487 0 0.226588)
(9.94055 0 0.339493)
(9.89251 0 0.454451)
(9.83173 0 0.573018)
(9.7585 0 0.696653)
(9.67287 0 0.826747)
(9.57486 0 0.964657)
(9.46445 0 1.11173)
(9.34159 0 1.26931)
(9.20611 0 1.43875)
(9.05781 0 1.62146)
(8.89637 0 1.81883)
(8.72138 0 2.03232)
(8.53225 0 2.26341)
(8.32822 0 2.51364)
(8.10817 0 2.78456)
(7.87059 0 3.0778)
(7.61333 0 3.39497)
(7.33339 0 3.73774)
(7.02651 0 4.1077)
(6.68665 0 4.50626)
(6.30529 0 4.9343)
(5.87037 0 5.39156)
(5.36495 0 5.87535)
(4.76596 0 6.37805)
(4.03971 0 6.88276)
(3.16049 0 7.35269)
(2.02398 0 7.72198)
(0.880346 0 7.75552)
(9.99459 0 0.12086)
(9.97657 0 0.240238)
(9.94461 0 0.360028)
(9.89995 0 0.482029)
(9.84355 0 0.607832)
(9.77575 0 0.738928)
(9.69661 0 0.876753)
(9.60621 0 1.02271)
(9.50461 0 1.1782)
(9.39182 0 1.34461)
(9.26778 0 1.52336)
(9.13237 0 1.71591)
(8.98541 0 1.92376)
(8.8266 0 2.14846)
(8.65552 0 2.39168)
(8.47154 0 2.65515)
(8.27375 0 2.94077)
(8.06086 0 3.25061)
(7.83099 0 3.58698)
(7.58145 0 3.95249)
(7.30836 0 4.35016)
(7.00611 0 4.78347)
(6.66654 0 5.25639)
(6.27764 0 5.77318)
(5.82145 0 6.3378)
(5.27128 0 6.95232)
(4.58317 0 7.61323)
(3.70853 0 8.30002)
(2.48695 0 8.95665)
(1.1238 0 9.29094)
(9.99501 0 0.127218)
(9.97838 0 0.252898)
(9.94891 0 0.379042)
(9.90779 0 0.507516)
(9.85598 0 0.639945)
(9.79381 0 0.777849)
(9.72142 0 0.922696)
(9.63892 0 1.07593)
(9.54645 0 1.23897)
(9.44411 0 1.41327)
(9.33192 0 1.60027)
(9.20991 0 1.80149)
(9.078 0 2.01849)
(8.93608 0 2.25293)
(8.78389 0 2.5066)
(8.62105 0 2.78142)
(8.44693 0 3.07956)
(8.26061 0 3.4035)
(8.06069 0 3.75611)
(7.84511 0 4.14088)
(7.61087 0 4.56208)
(7.35351 0 5.02513)
(7.06641 0 5.53696)
(6.73947 0 6.10655)
(6.35673 0 6.74556)
(5.89257 0 7.46905)
(5.29895 0 8.2961)
(4.50675 0 9.24712)
(3.26674 0 10.3399)
(1.6037 0 11.3555)
(9.99545 0 0.133058)
(9.98026 0 0.264518)
(9.95339 0 0.396464)
(9.91596 0 0.530818)
(9.86888 0 0.669237)
(9.81252 0 0.81326)
(9.74707 0 0.964381)
(9.6727 0 1.12407)
(9.58962 0 1.29377)
(9.498 0 1.47494)
(9.398 0 1.66908)
(9.28975 0 1.87771)
(9.17333 0 2.10246)
(9.04881 0 2.34504)
(8.91616 0 2.60732)
(8.77529 0 2.89138)
(8.62593 0 3.19957)
(8.46765 0 3.53465)
(8.29971 0 3.89993)
(8.12097 0 4.29951)
(7.92971 0 4.73858)
(7.72338 0 5.22401)
(7.49812 0 5.765)
(7.24803 0 6.37436)
(6.96359 0 7.07051)
(6.62925 0 7.88124)
(6.21216 0 8.85188)
(5.66288 0 10.0653)
(4.68655 0 11.7289)
(2.68468 0 14.5856)
(0.121533 0 -0.120308)
(0.284959 0 -0.10934)
(0.451553 0 -0.0857231)
(0.590041 0 -0.0628811)
(0.694842 0 -0.0434691)
(0.769656 0 -0.0274076)
(0.819245 0 -0.0141109)
(0.847287 0 -0.00305649)
(0.856627 0 0.00594529)
(0.849909 0 0.0121191)
(0.829484 0 0.0164765)
(0.798275 0 0.0194056)
(0.759139 0 0.0210208)
(0.714844 0 0.0213897)
(0.668137 0 0.0206177)
(0.621678 0 0.0188838)
(0.577828 0 0.0164501)
(0.538419 0 0.0136558)
(0.504577 0 0.010865)
(0.476633 0 0.00839785)
(0.45414 0 0.00645689)
(0.436093 0 0.00507997)
(0.421316 0 0.00414999)
(0.408863 0 0.00349)
(0.398173 0 0.00296206)
(0.388988 0 0.00250227)
(0.381178 0 0.00210955)
(0.374572 0 0.00181161)
(0.368893 0 0.0016036)
(0.363132 0 0.00125748)
(0.105602 0 -0.283785)
(0.266501 0 -0.265505)
(0.423615 0 -0.215025)
(0.557353 0 -0.164988)
(0.663843 0 -0.122102)
(0.746659 0 -0.0863229)
(0.809939 0 -0.0563854)
(0.856759 0 -0.0310863)
(0.889072 0 -0.00955191)
(0.908421 0 0.00851074)
(0.913456 0 0.0227141)
(0.906613 0 0.0332641)
(0.890625 0 0.0403282)
(0.86831 0 0.0440532)
(0.842496 0 0.0446985)
(0.815897 0 0.0427071)
(0.790892 0 0.0386882)
(0.769289 0 0.0333669)
(0.752151 0 0.0275406)
(0.739719 0 0.0219827)
(0.731457 0 0.0172848)
(0.726332 0 0.013704)
(0.723253 0 0.0111164)
(0.721437 0 0.00919607)
(0.7205 0 0.00764709)
(0.720313 0 0.00630768)
(0.720802 0 0.0051505)
(0.721802 0 0.00422585)
(0.722965 0 0.00356926)
(0.723986 0 0.00305565)
(0.0852381 0 -0.451013)
(0.226202 0 -0.421262)
(0.353927 0 -0.343805)
(0.462535 0 -0.267887)
(0.549195 0 -0.203269)
(0.617623 0 -0.149529)
(0.671086 0 -0.104749)
(0.711925 0 -0.0671487)
(0.74192 0 -0.0352031)
(0.762476 0 -0.00726621)
(0.775682 0 0.0161933)
(0.779783 0 0.0342844)
(0.776982 0 0.046831)
(0.769362 0 0.0539032)
(0.759076 0 0.0559174)
(0.748205 0 0.05362)
(0.738513 0 0.048001)
(0.731285 0 0.0402308)
(0.727214 0 0.0316134)
(0.726316 0 0.0234408)
(0.727957 0 0.0167121)
(0.731086 0 0.0118466)
(0.734681 0 0.00857694)
(0.738127 0 0.00632241)
(0.741231 0 0.00459783)
(0.744014 0 0.00316547)
(0.746517 0 0.00201043)
(0.748682 0 0.00124149)
(0.750313 0 0.000974358)
(0.751012 0 0.00137237)
(0.0654312 0 -0.586242)
(0.180729 0 -0.539954)
(0.272324 0 -0.438001)
(0.351074 0 -0.341645)
(0.412921 0 -0.260981)
(0.462385 0 -0.194205)
(0.50163 0 -0.138615)
(0.532084 0 -0.0918809)
(0.554881 0 -0.0522541)
(0.570552 0 -0.0185731)
(0.582591 0 0.00988026)
(0.587489 0 0.0324805)
(0.587658 0 0.048353)
(0.585073 0 0.057286)
(0.581506 0 0.0598265)
(0.578398 0 0.0569811)
(0.57676 0 0.0500523)
(0.577157 0 0.0406064)
(0.579686 0 0.0303739)
(0.583922 0 0.0210499)
(0.58891 0 0.0138619)
(0.593358 0 0.00922509)
(0.596173 0 0.00654151)
(0.596972 0 0.00493781)
(0.595922 0 0.00379524)
(0.593388 0 0.0028365)
(0.589719 0 0.00208752)
(0.585184 0 0.00169711)
(0.579973 0 0.00177144)
(0.5733 0 0.00256445)
(0.0449172 0 -0.691238)
(0.129351 0 -0.623706)
(0.179377 0 -0.500515)
(0.226039 0 -0.390147)
(0.259852 0 -0.299453)
(0.287399 0 -0.224714)
(0.309381 0 -0.162577)
(0.326565 0 -0.110313)
(0.339618 0 -0.0659529)
(0.348437 0 -0.0281527)
(0.355951 0 0.00451668)
(0.357933 0 0.0305731)
(0.356954 0 0.0484415)
(0.355156 0 0.0580293)
(0.354006 0 0.0602759)
(0.354107 0 0.0565425)
(0.355452 0 0.048453)
(0.357627 0 0.037857)
(0.35993 0 0.0267017)
(0.36144 0 0.0169978)
(0.361053 0 0.010292)
(0.357529 0 0.00716212)
(0.350138 0 0.00627728)
(0.339443 0 0.00641449)
(0.326448 0 0.00674066)
(0.312077 0 0.00683667)
(0.296996 0 0.00674253)
(0.281573 0 0.00673987)
(0.266216 0 0.00713842)
(0.24923 0 0.00731874)
(0.0231937 0 -0.760964)
(0.0715974 0 -0.668443)
(0.0760073 0 -0.527473)
(0.0889429 0 -0.40922)
(0.0916508 0 -0.313368)
(0.0940343 0 -0.234905)
(0.0950008 0 -0.169975)
(0.0953192 0 -0.115586)
(0.0955498 0 -0.0696983)
(0.0951041 0 -0.0313182)
(0.0948695 0 0.00264434)
(0.0910032 0 0.0322558)
(0.087217 0 0.0511279)
(0.0842296 0 0.0599754)
(0.0822755 0 0.0609132)
(0.0801284 0 0.0561285)
(0.0760796 0 0.0477097)
(0.0683118 0 0.0377029)
(0.0555288 0 0.0281886)
(0.0382283 0 0.0209878)
(0.0181038 0 0.0172466)
(-0.00322354 0 0.0167659)
(-0.0233943 0 0.017751)
(-0.0420737 0 0.0185287)
(-0.0597846 0 0.0185463)
(-0.0765069 0 0.0179399)
(-0.0922403 0 0.017238)
(-0.107213 0 0.0168869)
(-0.122002 0 0.0162882)
(-0.13584 0 0.0136916)
(-0.001128 0 -0.789134)
(0.00604381 0 -0.669339)
(-0.0365053 0 -0.515071)
(-0.0606395 0 -0.394946)
(-0.0916777 0 -0.298726)
(-0.118605 0 -0.221289)
(-0.143065 0 -0.158105)
(-0.164295 0 -0.105877)
(-0.182339 0 -0.06154)
(-0.199395 0 -0.0224188)
(-0.221528 0 0.0122993)
(-0.227746 0 0.0384513)
(-0.234491 0 0.05426)
(-0.241338 0 0.0618787)
(-0.249563 0 0.0632824)
(-0.260494 0 0.0604641)
(-0.274772 0 0.0551262)
(-0.292299 0 0.0487521)
(-0.31242 0 0.0425742)
(-0.334081 0 0.037337)
(-0.356013 0 0.0334707)
(-0.37729 0 0.0309985)
(-0.396875 0 0.0296834)
(-0.41453 0 0.0284789)
(-0.430119 0 0.0269365)
(-0.443589 0 0.0251687)
(-0.455179 0 0.0235491)
(-0.465408 0 0.0222411)
(-0.474786 0 0.0206927)
(-0.481794 0 0.0184883)
(-0.0309878 0 -0.768157)
(-0.0699568 0 -0.62186)
(-0.156957 0 -0.465576)
(-0.223884 0 -0.34773)
(-0.290846 0 -0.256081)
(-0.350437 0 -0.183948)
(-0.403153 0 -0.12572)
(-0.448944 0 -0.0775312)
(-0.488184 0 -0.0363079)
(-0.522725 0 -0.00119342)
(-0.547064 0 0.0259889)
(-0.560851 0 0.0461959)
(-0.572495 0 0.0605992)
(-0.582991 0 0.0687506)
(-0.594229 0 0.0716695)
(-0.607192 0 0.0706303)
(-0.622121 0 0.0667791)
(-0.638752 0 0.0612581)
(-0.656643 0 0.055231)
(-0.675336 0 0.0497397)
(-0.694275 0 0.0454332)
(-0.712819 0 0.0422908)
(-0.730151 0 0.0397812)
(-0.745598 0 0.0371536)
(-0.758683 0 0.0340975)
(-0.769289 0 0.0309215)
(-0.777781 0 0.0281646)
(-0.784912 0 0.02601)
(-0.791174 0 0.0240472)
(-0.795142 0 0.0222533)
(-0.0674846 0 -0.695061)
(-0.153831 0 -0.527479)
(-0.28946 0 -0.373977)
(-0.401366 0 -0.263669)
(-0.505346 0 -0.182626)
(-0.595429 0 -0.121514)
(-0.671853 0 -0.0731766)
(-0.73572 0 -0.0338789)
(-0.788866 0 -0.00194471)
(-0.826563 0 0.0228888)
(-0.85138 0 0.0423689)
(-0.870693 0 0.0580931)
(-0.885333 0 0.0698536)
(-0.897397 0 0.0771116)
(-0.908751 0 0.0802133)
(-0.92062 0 0.079798)
(-0.933519 0 0.0765945)
(-0.947436 0 0.0715305)
(-0.962174 0 0.065736)
(-0.977567 0 0.0602809)
(-0.99343 0 0.055776)
(-1.00938 0 0.0521077)
(-1.02469 0 0.04862)
(-1.03846 0 0.044633)
(-1.0499 0 0.0400382)
(-1.05873 0 0.0354192)
(-1.06534 0 0.0315402)
(-1.07065 0 0.0286776)
(-1.07516 0 0.0265494)
(-1.07772 0 0.02518)
(-0.113851 0 -0.56365)
(-0.253536 0 -0.382503)
(-0.443401 0 -0.241033)
(-0.598369 0 -0.147591)
(-0.735076 0 -0.0828402)
(-0.849546 0 -0.0378703)
(-0.94128 0 -0.00630179)
(-1.00955 0 0.0163178)
(-1.05844 0 0.0336245)
(-1.09532 0 0.0480963)
(-1.12396 0 0.0608933)
(-1.14571 0 0.0717967)
(-1.162 0 0.0800743)
(-1.1747 0 0.0854209)
(-1.18571 0 0.0879034)
(-1.19652 0 0.0876307)
(-1.20782 0 0.0848044)
(-1.21968 0 0.080035)
(-1.23196 0 0.0744088)
(-1.2447 0 0.0690737)
(-1.25807 0 0.0646226)
(-1.27202 0 0.0607752)
(-1.28593 0 0.0566497)
(-1.2987 0 0.051482)
(-1.30916 0 0.0453336)
(-1.31676 0 0.0391693)
(-1.32199 0 0.0341256)
(-1.32593 0 0.0306444)
(-1.3292 0 0.0284676)
(-1.33093 0 0.0274265)
(-0.180258 0 -0.370095)
(-0.391542 0 -0.190944)
(-0.656011 0 -0.0551835)
(-0.847275 0 0.00948859)
(-0.992941 0 0.0383883)
(-1.10173 0 0.0513227)
(-1.18338 0 0.0579581)
(-1.24728 0 0.0632409)
(-1.29707 0 0.0686521)
(-1.33586 0 0.074685)
(-1.36586 0 0.0809457)
(-1.38863 0 0.086576)
(-1.40553 0 0.0908676)
(-1.41824 0 0.0937098)
(-1.42881 0 0.0951205)
(-1.43891 0 0.0947288)
(-1.4493 0 0.0920747)
(-1.45986 0 0.0873539)
(-1.47031 0 0.0816697)
(-1.48088 0 0.0764017)
(-1.4922 0 0.072211)
(-1.50465 0 0.0685654)
(-1.51775 0 0.0641678)
(-1.53009 0 0.0579858)
(-1.54 0 0.0502035)
(-1.54662 0 0.0423074)
(-1.55051 0 0.0360212)
(-1.55314 0 0.0320224)
(-1.55532 0 0.0298962)
(-1.55646 0 0.0291011)
(-0.297928 0 -0.0548276)
(-0.587196 0 0.136627)
(-0.862048 0 0.168725)
(-1.05727 0 0.164897)
(-1.20475 0 0.149871)
(-1.31576 0 0.133422)
(-1.40003 0 0.120231)
(-1.46459 0 0.110753)
(-1.51407 0 0.10453)
(-1.55206 0 0.101642)
(-1.58143 0 0.101264)
(-1.6039 0 0.101669)
(-1.62042 0 0.101759)
(-1.63239 0 0.101746)
(-1.64207 0 0.101916)
(-1.65154 0 0.101423)
(-1.66149 0 0.098892)
(-1.6713 0 0.0939456)
(-1.68032 0 0.0878384)
(-1.68889 0 0.0824738)
(-1.6983 0 0.0787405)
(-1.70957 0 0.0757396)
(-1.72238 0 0.0714841)
(-1.73486 0 0.0644231)
(-1.74461 0 0.0548019)
(-1.75028 0 0.0448335)
(-1.75266 0 0.0371544)
(-1.75378 0 0.0327753)
(-1.7549 0 0.0308559)
(-1.75556 0 0.0302668)
(-0.391818 0 0.42948)
(-0.729057 0 0.468172)
(-1.05413 0 0.401019)
(-1.2691 0 0.329023)
(-1.42076 0 0.267791)
(-1.52876 0 0.217466)
(-1.60769 0 0.181156)
(-1.66737 0 0.15616)
(-1.71257 0 0.138313)
(-1.74672 0 0.126819)
(-1.77338 0 0.120514)
(-1.79437 0 0.116238)
(-1.80965 0 0.111979)
(-1.81992 0 0.10872)
(-1.82789 0 0.107698)
(-1.83649 0 0.107553)
(-1.84635 0 0.105424)
(-1.85593 0 0.100017)
(-1.86368 0 0.0929641)
(-1.87009 0 0.0872279)
(-1.87739 0 0.0842187)
(-1.88761 0 0.0824829)
(-1.90065 0 0.0789188)
(-1.91396 0 0.0711106)
(-1.92397 0 0.0592807)
(-1.92862 0 0.0466645)
(-1.92901 0 0.0373216)
(-1.92825 0 0.0327796)
(-1.92825 0 0.0313633)
(-1.92854 0 0.0309868)
(-0.518936 0 0.956117)
(-0.952066 0 0.879359)
(-1.3185 0 0.666623)
(-1.52132 0 0.494338)
(-1.65461 0 0.378805)
(-1.74519 0 0.290067)
(-1.80773 0 0.232975)
(-1.85589 0 0.197594)
(-1.89307 0 0.169797)
(-1.92036 0 0.149312)
(-1.94222 0 0.137669)
(-1.96097 0 0.129633)
(-1.97453 0 0.120996)
(-1.98186 0 0.114098)
(-1.98669 0 0.112304)
(-1.99385 0 0.113671)
(-2.00411 0 0.112651)
(-2.01413 0 0.106402)
(-2.0207 0 0.0973772)
(-2.02434 0 0.0906135)
(-2.0289 0 0.0885964)
(-2.038 0 0.0889798)
(-2.05186 0 0.0868543)
(-2.06687 0 0.0784441)
(-2.07771 0 0.0638154)
(-2.08113 0 0.0476252)
(-2.07876 0 0.0361516)
(-2.07544 0 0.031816)
(-2.07426 0 0.031474)
(-2.07433 0 0.0313892)
(-0.761424 0 2.01704)
(-1.30222 0 1.57281)
(-1.69681 0 0.96759)
(-1.83345 0 0.579109)
(-1.91032 0 0.446382)
(-1.96435 0 0.341687)
(-1.99415 0 0.275781)
(-2.02523 0 0.235228)
(-2.05471 0 0.192544)
(-2.07298 0 0.15878)
(-2.08689 0 0.146012)
(-2.10253 0 0.140248)
(-2.11427 0 0.129364)
(-2.11713 0 0.117771)
(-2.11655 0 0.114486)
(-2.12144 0 0.118635)
(-2.13309 0 0.119639)
(-2.14481 0 0.111934)
(-2.15022 0 0.0994347)
(-2.1498 0 0.0908473)
(-2.15024 0 0.0906197)
(-2.15783 0 0.0948364)
(-2.17321 0 0.0955279)
(-2.19108 0 0.086878)
(-2.2035 0 0.0686422)
(-2.20532 0 0.0474401)
(-2.19884 0 0.0330269)
(-2.19188 0 0.0295161)
(-2.18945 0 0.0313257)
(-2.18957 0 0.031789)
(9.9959 0 0.138453)
(9.98225 0 0.275253)
(9.9581 0 0.412547)
(9.92453 0 0.552303)
(9.88242 0 0.696199)
(9.83216 0 0.845788)
(9.77398 0 1.00258)
(9.70814 0 1.16804)
(9.63491 0 1.34364)
(9.55457 0 1.53085)
(9.46738 0 1.73115)
(9.37361 0 1.9461)
(9.27353 0 2.17732)
(9.16739 0 2.42655)
(9.05543 0 2.69572)
(8.93788 0 2.98695)
(8.81493 0 3.30271)
(8.68672 0 3.64587)
(8.5533 0 4.01996)
(8.41467 0 4.42935)
(8.27076 0 4.87968)
(8.12145 0 5.37842)
(7.96665 0 5.93574)
(7.80663 0 6.56599)
(7.64254 0 7.29022)
(7.4793 0 8.14101)
(7.33005 0 9.17227)
(7.28452 0 10.4774)
(7.73931 0 12.2011)
(7.91466 0 14.9177)
(9.99638 0 0.143413)
(9.98434 0 0.285107)
(9.96305 0 0.427274)
(9.93352 0 0.571913)
(9.89656 0 0.720714)
(9.85262 0 0.875236)
(9.80197 0 1.03699)
(9.74492 0 1.20744)
(9.68184 0 1.38806)
(9.61309 0 1.5803)
(9.53906 0 1.78564)
(9.46018 0 2.0056)
(9.37686 0 2.24181)
(9.28961 0 2.49598)
(9.19893 0 2.77001)
(9.1054 0 3.06601)
(9.00967 0 3.3864)
(8.9125 0 3.73404)
(8.81478 0 4.11238)
(8.71771 0 4.52569)
(8.62286 0 4.97938)
(8.53261 0 5.48049)
(8.45066 0 6.03834)
(8.38323 0 6.66553)
(8.34147 0 7.37929)
(8.34737 0 8.20305)
(8.43967 0 9.167)
(8.67409 0 10.3045)
(9.31911 0 11.5607)
(9.80613 0 12.6529)
(9.99688 0 0.147849)
(9.98651 0 0.293919)
(9.96819 0 0.440425)
(9.94283 0 0.589382)
(9.91121 0 0.742486)
(9.87377 0 0.90129)
(9.83086 0 1.06729)
(9.78283 0 1.24194)
(9.73014 0 1.42668)
(9.67323 0 1.62294)
(9.61263 0 1.83215)
(9.54888 0 2.05581)
(9.48261 0 2.29547)
(9.41451 0 2.55278)
(9.34538 0 2.82956)
(9.27614 0 3.1278)
(9.20789 0 3.44977)
(9.14196 0 3.79811)
(9.08004 0 4.17594)
(9.02433 0 4.58704)
(8.97786 0 5.036)
(8.94489 0 5.5285)
(8.9317 0 6.07154)
(8.94779 0 6.67353)
(9.00765 0 7.34394)
(9.13337 0 8.09146)
(9.35595 0 8.91807)
(9.68492 0 9.81285)
(10.2503 0 10.7247)
(10.9376 0 11.4445)
(9.9974 0 0.151711)
(9.98874 0 0.30158)
(9.97347 0 0.451831)
(9.95239 0 0.60448)
(9.92623 0 0.761216)
(9.89545 0 0.923573)
(9.86042 0 1.09302)
(9.82158 0 1.271)
(9.77943 0 1.45888)
(9.73452 0 1.65806)
(9.68748 0 1.86992)
(9.63899 0 2.09586)
(9.58984 0 2.33735)
(9.54092 0 2.59592)
(9.49329 0 2.87324)
(9.44817 0 3.17111)
(9.40706 0 3.49152)
(9.37177 0 3.83676)
(9.3446 0 4.20939)
(9.32853 0 4.6124)
(9.32748 0 5.0492)
(9.34674 0 5.52364)
(9.39357 0 6.03985)
(9.47786 0 6.60182)
(9.61282 0 7.21236)
(9.81528 0 7.87118)
(10.1081 0 8.57126)
(10.4999 0 9.29804)
(11.0577 0 10.0414)
(11.8514 0 10.6883)
(9.99792 0 0.15495)
(9.99101 0 0.307999)
(9.97884 0 0.461357)
(9.96212 0 0.617031)
(9.9415 0 0.776685)
(9.91746 0 0.941827)
(9.8904 0 1.11389)
(9.86082 0 1.29426)
(9.82928 0 1.48427)
(9.79642 0 1.68524)
(9.76293 0 1.89845)
(9.72965 0 2.12522)
(9.69748 0 2.36688)
(9.6675 0 2.6248)
(9.64097 0 2.90045)
(9.61937 0 3.19535)
(9.60448 0 3.51117)
(9.59848 0 3.84967)
(9.60406 0 4.21279)
(9.6246 0 4.60257)
(9.66443 0 5.02113)
(9.72907 0 5.47048)
(9.8256 0 5.95225)
(9.96299 0 6.46716)
(10.1523 0 7.01415)
(10.4066 0 7.58936)
(10.7433 0 8.18471)
(11.174 0 8.78554)
(11.7219 0 9.38028)
(12.476 0 9.89399)
(9.99845 0 0.157524)
(9.9933 0 0.313089)
(9.98427 0 0.468878)
(9.97194 0 0.626866)
(9.9569 0 0.788688)
(9.93962 0 0.955809)
(9.92055 0 1.12962)
(9.90022 0 1.31143)
(9.87926 0 1.50252)
(9.85834 0 1.7041)
(9.83827 0 1.91737)
(9.81994 0 2.1435)
(9.80441 0 2.38368)
(9.79286 0 2.63909)
(9.78671 0 2.91093)
(9.78761 0 3.20042)
(9.79753 0 3.50881)
(9.81883 0 3.83736)
(9.85437 0 4.18728)
(9.90767 0 4.55971)
(9.98298 0 4.95554)
(10.0856 0 5.37526)
(10.2217 0 5.81862)
(10.399 0 6.28417)
(10.6263 0 6.76867)
(10.9133 0 7.26635)
(11.2713 0 7.76801)
(11.7082 0 8.25808)
(12.225 0 8.71987)
(12.902 0 9.11182)
(9.99898 0 0.159393)
(9.9956 0 0.316774)
(9.98971 0 0.474279)
(9.98176 0 0.63384)
(9.97229 0 0.797046)
(9.96174 0 0.965311)
(9.9506 0 1.13996)
(9.93943 0 1.32224)
(9.92888 0 1.51333)
(9.9197 0 1.71436)
(9.91273 0 1.92639)
(9.90895 0 2.15046)
(9.90948 0 2.38756)
(9.91559 0 2.63866)
(9.92879 0 2.90469)
(9.95082 0 3.18655)
(9.9837 0 3.48505)
(10.0299 0 3.80092)
(10.0921 0 4.13471)
(10.1738 0 4.48674)
(10.2789 0 4.85691)
(10.4121 0 5.24451)
(10.5785 0 5.64798)
(10.7843 0 6.06452)
(11.0357 0 6.48964)
(11.3393 0 6.91665)
(11.7011 0 7.33621)
(12.1254 0 7.73488)
(12.6061 0 8.09807)
(13.2127 0 8.4052)
(9.99951 0 0.160523)
(9.99789 0 0.318987)
(9.9951 0 0.477464)
(9.99151 0 0.637827)
(9.98753 0 0.801609)
(9.98362 0 0.97016)
(9.98028 0 1.14473)
(9.97808 0 1.3265)
(9.97769 0 1.51653)
(9.9799 0 1.71584)
(9.98559 0 1.92537)
(9.99577 0 2.14598)
(10.0116 0 2.37849)
(10.0344 0 2.62363)
(10.0656 0 2.88206)
(10.1071 0 3.15433)
(10.1608 0 3.44086)
(10.2291 0 3.7419)
(10.3145 0 4.05741)
(10.4202 0 4.38704)
(10.5495 0 4.72991)
(10.7063 0 5.08451)
(10.8948 0 5.44846)
(11.1192 0 5.81823)
(11.3839 0 6.18893)
(11.6926 0 6.55398)
(12.0483 0 6.9051)
(12.4524 0 7.23196)
(12.8974 0 7.52337)
(13.4415 0 7.76799)
(10 0 0.160887)
(10.0001 0 0.319673)
(10.0004 0 0.478352)
(10.0011 0 0.638725)
(10.0025 0 0.802257)
(10.0051 0 0.970227)
(10.0093 0 1.14381)
(10.0158 0 1.32407)
(10.0252 0 1.51199)
(10.0384 0 1.70845)
(10.0561 0 1.91426)
(10.0795 0 2.13011)
(10.1097 0 2.35663)
(10.1479 0 2.59432)
(10.1957 0 2.84358)
(10.2548 0 3.10464)
(10.327 0 3.37757)
(10.4144 0 3.66218)
(10.5195 0 3.95799)
(10.6447 0 4.26412)
(10.793 0 4.57919)
(10.9674 0 4.90117)
(11.1708 0 5.22727)
(11.4062 0 5.55379)
(11.6762 0 5.87596)
(11.9827 0 6.18793)
(12.3265 0 6.48281)
(12.7074 0 6.75276)
(13.1178 0 6.98939)
(13.6064 0 7.18583)
(10.0005 0 0.160464)
(10.0023 0 0.318791)
(10.0056 0 0.476884)
(10.0104 0 0.636461)
(10.0171 0 0.798908)
(10.0259 0 0.965426)
(10.0375 0 1.1371)
(10.0523 0 1.31489)
(10.0711 0 1.49968)
(10.0946 0 1.69222)
(10.1237 0 1.89317)
(10.1594 0 2.10307)
(10.2028 0 2.32234)
(10.2552 0 2.55129)
(10.318 0 2.79006)
(10.3926 0 3.03862)
(10.4808 0 3.29672)
(10.5845 0 3.56386)
(10.7057 0 3.8392)
(10.8465 0 4.12152)
(11.009 0 4.40911)
(11.1956 0 4.69973)
(11.4082 0 4.99049)
(11.6487 0 5.27781)
(11.9183 0 5.55739)
(12.2178 0 5.82425)
(12.5465 0 6.07283)
(12.9033 0 6.29723)
(13.2811 0 6.49139)
(13.7217 0 6.65112)
(10.001 0 0.159238)
(10.0044 0 0.316312)
(10.0106 0 0.473021)
(10.0194 0 0.630988)
(10.0311 0 0.791517)
(10.0459 0 0.95572)
(10.0645 0 1.12458)
(10.0872 0 1.29898)
(10.1148 0 1.47967)
(10.1481 0 1.66727)
(10.1877 0 1.86231)
(10.2348 0 2.06517)
(10.2903 0 2.2761)
(10.3553 0 2.49522)
(10.4312 0 2.72246)
(10.5194 0 2.95755)
(10.6212 0 3.20003)
(10.7384 0 3.44912)
(10.8724 0 3.70377)
(11.025 0 3.96254)
(11.1977 0 4.22362)
(11.3921 0 4.4847)
(11.6094 0 4.74301)
(11.8505 0 4.9953)
(12.1159 0 5.23784)
(12.4053 0 5.46652)
(12.7175 0 5.677)
(13.0507 0 5.86492)
(13.3987 0 6.02602)
(13.7981 0 6.15778)
(10.0015 0 0.157201)
(10.0065 0 0.31222)
(10.0154 0 0.466743)
(10.028 0 0.622291)
(10.0445 0 0.780076)
(10.065 0 0.941118)
(10.0901 0 1.10631)
(10.1203 0 1.27641)
(10.1561 0 1.45208)
(10.1983 0 1.63381)
(10.2477 0 1.82199)
(10.305 0 2.01687)
(10.3713 0 2.21854)
(10.4475 0 2.42696)
(10.5349 0 2.64187)
(10.6345 0 2.86285)
(10.7477 0 3.08924)
(10.8755 0 3.32012)
(11.0194 0 3.5543)
(11.1806 0 3.79026)
(11.36 0 4.02618)
(11.5586 0 4.25986)
(11.7771 0 4.48876)
(12.0157 0 4.71002)
(12.2743 0 4.92053)
(12.5519 0 5.117)
(12.8472 0 5.2961)
(13.1581 0 5.45466)
(13.4794 0 5.58976)
(13.8433 0 5.69988)
(10.0019 0 0.154352)
(10.0084 0 0.306516)
(10.0199 0 0.458055)
(10.0362 0 0.610382)
(10.0571 0 0.764612)
(10.083 0 0.921673)
(10.1142 0 1.08236)
(10.1513 0 1.24733)
(10.1947 0 1.41713)
(10.2451 0 1.59214)
(10.3031 0 1.77264)
(10.3696 0 1.95873)
(10.4454 0 2.15039)
(10.5314 0 2.34743)
(10.6285 0 2.54948)
(10.7376 0 2.75596)
(10.8598 0 2.96612)
(10.996 0 3.17896)
(11.1472 0 3.39322)
(11.314 0 3.60741)
(11.4972 0 3.81978)
(11.6973 0 4.02831)
(11.9144 0 4.23076)
(12.1482 0 4.42471)
(12.3983 0 4.60762)
(12.6635 0 4.77689)
(12.9422 0 4.93004)
(13.2324 0 5.06479)
(13.5297 0 5.17915)
(13.863 0 5.27225)
(10.0024 0 0.150698)
(10.0102 0 0.299213)
(10.0241 0 0.446981)
(10.0438 0 0.595301)
(10.0689 0 0.745192)
(10.0998 0 0.897486)
(10.1366 0 1.05288)
(10.18 0 1.21194)
(10.2303 0 1.37509)
(10.288 0 1.54264)
(10.3538 0 1.71473)
(10.4284 0 1.89138)
(10.5124 0 2.07245)
(10.6066 0 2.25764)
(10.7117 0 2.44648)
(10.8286 0 2.63834)
(10.9578 0 2.83239)
(11.1002 0 3.02759)
(11.2562 0 3.22273)
(11.4265 0 3.41637)
(11.6112 0 3.6069)
(11.8105 0 3.79254)
(12.0242 0 3.97136)
(12.2517 0 4.14135)
(12.4924 0 4.30047)
(12.7449 0 4.44673)
(13.0078 0 4.57828)
(13.279 0 4.69352)
(13.5549 0 4.7911)
(13.8619 0 4.87061)
(10.0027 0 0.146251)
(10.0119 0 0.290336)
(10.0281 0 0.433563)
(10.0508 0 0.577115)
(10.0798 0 0.721912)
(10.1152 0 0.868692)
(10.1572 0 1.01806)
(10.2063 0 1.17049)
(10.2627 0 1.32632)
(10.327 0 1.48574)
(10.3996 0 1.64883)
(10.4811 0 1.81551)
(10.5721 0 1.98555)
(10.6731 0 2.15859)
(10.7848 0 2.3341)
(10.9076 0 2.51139)
(11.0421 0 2.68964)
(11.1887 0 2.86782)
(11.3477 0 3.04477)
(11.5194 0 3.21918)
(11.7038 0 3.38961)
(11.9006 0 3.55452)
(12.1096 0 3.71228)
(12.33 0 3.86127)
(12.5608 0 3.99986)
(12.8009 0 4.12656)
(13.0488 0 4.24002)
(13.3027 0 4.3391)
(13.5596 0 4.42295)
(13.8435 0 4.4914)
(10.0031 0 0.141029)
(10.0134 0 0.279924)
(10.0317 0 0.417863)
(10.0573 0 0.555914)
(10.0898 0 0.694899)
(10.1293 0 0.835466)
(10.176 0 0.97813)
(10.2301 0 1.12328)
(10.2919 0 1.27117)
(10.3619 0 1.42192)
(10.4404 0 1.57551)
(10.5278 0 1.73182)
(10.6245 0 1.89055)
(10.7311 0 2.05129)
(10.8478 0 2.21348)
(10.9751 0 2.37644)
(11.1132 0 2.53934)
(11.2624 0 2.70123)
(11.4229 0 2.86103)
(11.5945 0 3.01757)
(11.777 0 3.16959)
(11.9703 0 3.31578)
(12.1736 0 3.4548)
(12.3862 0 3.58536)
(12.6072 0 3.70619)
(12.8353 0 3.81618)
(13.0692 0 3.91434)
(13.3075 0 3.99991)
(13.5473 0 4.07235)
(13.811 0 4.13165)
(10.0034 0 0.135057)
(10.0148 0 0.268026)
(10.035 0 0.399958)
(10.0632 0 0.531809)
(10.0988 0 0.664304)
(10.142 0 0.798006)
(10.1928 0 0.933348)
(10.2513 0 1.07064)
(10.3179 0 1.21006)
(10.3928 0 1.35167)
(10.4762 0 1.49539)
(10.5685 0 1.64104)
(10.6699 0 1.78829)
(10.7808 0 1.93671)
(10.9013 0 2.08574)
(11.0317 0 2.2347)
(11.1721 0 2.38282)
(11.3226 0 2.52922)
(11.4831 0 2.67293)
(11.6534 0 2.81293)
(11.8331 0 2.94813)
(12.0219 0 3.07745)
(12.219 0 3.1998)
(12.4237 0 3.31416)
(12.6349 0 3.41956)
(12.8517 0 3.51517)
(13.0727 0 3.6003)
(13.2967 0 3.67444)
(13.5213 0 3.73726)
(13.7673 0 3.78887)
(10.0037 0 0.128361)
(10.0161 0 0.254697)
(10.0379 0 0.379937)
(10.0684 0 0.504925)
(10.1069 0 0.630296)
(10.1533 0 0.756533)
(10.2076 0 0.883992)
(10.2701 0 1.01291)
(10.3407 0 1.14342)
(10.4197 0 1.27551)
(10.5072 0 1.40907)
(10.6034 0 1.54388)
(10.7085 0 1.67959)
(10.8226 0 1.81577)
(10.9458 0 1.95188)
(11.0783 0 2.08728)
(11.2198 0 2.22124)
(11.3705 0 2.35299)
(11.53 0 2.48167)
(11.698 0 2.60639)
(11.8742 0 2.72626)
(12.058 0 2.84037)
(12.2486 0 2.94786)
(12.4453 0 3.04792)
(12.6472 0 3.13983)
(12.8533 0 3.22299)
(13.0624 0 3.29692)
(13.2734 0 3.36128)
(13.4845 0 3.4159)
(13.7148 0 3.46094)
(10.004 0 0.120973)
(10.0172 0 0.240002)
(10.0405 0 0.357898)
(10.0731 0 0.4754)
(10.114 0 0.59306)
(10.1632 0 0.711282)
(10.2207 0 0.830356)
(10.2864 0 0.950464)
(10.3604 0 1.07167)
(10.4428 0 1.19395)
(10.5336 0 1.31714)
(10.6329 0 1.441)
(10.7408 0 1.5652)
(10.8572 0 1.68931)
(10.9822 0 1.81281)
(11.1156 0 1.93512)
(11.2574 0 2.05559)
(11.4074 0 2.17352)
(11.5651 0 2.28819)
(11.7303 0 2.39883)
(11.9024 0 2.5047)
(12.0808 0 2.60508)
(12.2649 0 2.69928)
(12.4539 0 2.78668)
(12.6469 0 2.86675)
(12.843 0 2.93904)
(13.0412 0 3.00324)
(13.2405 0 3.05915)
(13.4395 0 3.10668)
(13.6558 0 3.14603)
(10.0042 0 0.112926)
(10.0182 0 0.224007)
(10.0428 0 0.333944)
(10.0771 0 0.44338)
(10.1202 0 0.552783)
(10.1719 0 0.662493)
(10.2319 0 0.772737)
(10.3004 0 0.883645)
(10.3772 0 0.995245)
(10.4624 0 1.10747)
(10.5558 0 1.22015)
(10.6574 0 1.33305)
(10.7673 0 1.44582)
(10.8852 0 1.55807)
(11.0111 0 1.66933)
(11.1448 0 1.77906)
(11.2861 0 1.88669)
(11.4347 0 1.99162)
(11.5901 0 2.09322)
(11.752 0 2.19088)
(11.9197 0 2.28397)
(12.0928 0 2.37192)
(12.2704 0 2.45419)
(12.452 0 2.53032)
(12.6366 0 2.5999)
(12.8234 0 2.66264)
(13.0117 0 2.71832)
(13.2005 0 2.76684)
(13.3886 0 2.80816)
(13.5926 0 2.84251)
(10.0044 0 0.104254)
(10.019 0 0.206779)
(10.0448 0 0.30818)
(10.0807 0 0.409008)
(10.1256 0 0.509658)
(10.1793 0 0.610404)
(10.2415 0 0.711424)
(10.3123 0 0.812802)
(10.3914 0 0.914535)
(10.4787 0 1.01653)
(10.5741 0 1.11863)
(10.6774 0 1.22057)
(10.7885 0 1.32206)
(10.9073 0 1.4227)
(11.0335 0 1.52209)
(11.1669 0 1.61975)
(11.3071 0 1.71518)
(11.4538 0 1.80788)
(11.6066 0 1.8973)
(11.7649 0 1.98296)
(11.9282 0 2.06434)
(12.0959 0 2.14099)
(12.2674 0 2.21251)
(12.4419 0 2.27853)
(12.6187 0 2.33878)
(12.7971 0 2.39304)
(12.9764 0 2.44118)
(13.1557 0 2.48316)
(13.3341 0 2.519)
(13.5272 0 2.54889)
(10.0046 0 0.0949874)
(10.0198 0 0.188384)
(10.0466 0 0.280707)
(10.0837 0 0.372427)
(10.1302 0 0.463868)
(10.1856 0 0.555247)
(10.2496 0 0.646693)
(10.3222 0 0.738259)
(10.4031 0 0.829915)
(10.492 0 0.921562)
(10.5888 0 1.01303)
(10.6933 0 1.10408)
(10.8052 0 1.19444)
(10.9244 0 1.28375)
(11.0504 0 1.37166)
(11.1829 0 1.45774)
(11.3217 0 1.54158)
(11.4662 0 1.62274)
(11.6161 0 1.7008)
(11.7707 0 1.77533)
(11.9297 0 1.84595)
(12.0922 0 1.91229)
(12.2578 0 1.97404)
(12.4258 0 2.03095)
(12.5955 0 2.08281)
(12.7662 0 2.12948)
(12.9374 0 2.17088)
(13.1083 0 2.20702)
(13.278 0 2.23794)
(13.4614 0 2.26382)
(10.0047 0 0.0851549)
(10.0204 0 0.168879)
(10.0481 0 0.251619)
(10.0863 0 0.333768)
(10.1341 0 0.415586)
(10.1909 0 0.497234)
(10.2564 0 0.5788)
(10.3304 0 0.660308)
(10.4127 0 0.741713)
(10.5028 0 0.822909)
(10.6006 0 0.903733)
(10.7058 0 0.98397)
(10.8181 0 1.06336)
(10.9371 0 1.14161)
(11.0625 0 1.21839)
(11.194 0 1.29336)
(11.331 0 1.36616)
(11.4733 0 1.43643)
(11.6202 0 1.50382)
(11.7712 0 1.568)
(11.9259 0 1.62866)
(12.0836 0 1.68552)
(12.2438 0 1.73836)
(12.4058 0 1.78697)
(12.569 0 1.83122)
(12.7328 0 1.87103)
(12.8968 0 1.90635)
(13.0602 0 1.93721)
(13.2223 0 1.96367)
(13.3973 0 1.98588)
(10.0049 0 0.074777)
(10.021 0 0.148311)
(10.0494 0 0.220994)
(10.0886 0 0.29315)
(10.1374 0 0.36497)
(10.1953 0 0.436564)
(10.262 0 0.507985)
(10.3372 0 0.579233)
(10.4204 0 0.650253)
(10.5114 0 0.72094)
(10.6099 0 0.791139)
(10.7154 0 0.860658)
(10.8276 0 0.929269)
(10.9463 0 0.996716)
(11.0709 0 1.06272)
(11.201 0 1.127)
(11.3363 0 1.18926)
(11.4762 0 1.2492)
(11.6202 0 1.30655)
(11.7678 0 1.36104)
(11.9185 0 1.41244)
(12.0718 0 1.46053)
(12.227 0 1.50515)
(12.3836 0 1.54615)
(12.541 0 1.58345)
(12.6988 0 1.61698)
(12.8564 0 1.64675)
(13.0132 0 1.67279)
(13.1687 0 1.69515)
(13.3362 0 1.71399)
(10.005 0 0.0638605)
(10.0215 0 0.126703)
(10.0506 0 0.18889)
(10.0906 0 0.250667)
(10.1403 0 0.312142)
(10.1992 0 0.373369)
(10.2668 0 0.434375)
(10.3427 0 0.495145)
(10.4267 0 0.555623)
(10.5183 0 0.615707)
(10.6171 0 0.67526)
(10.7227 0 0.734114)
(10.8347 0 0.792076)
(10.9528 0 0.848929)
(11.0764 0 0.904447)
(11.2052 0 0.958391)
(11.3386 0 1.01052)
(11.4762 0 1.06062)
(11.6175 0 1.10844)
(11.762 0 1.1538)
(11.9091 0 1.19651)
(12.0583 0 1.23642)
(12.2091 0 1.27339)
(12.361 0 1.30733)
(12.5134 0 1.33819)
(12.6658 0 1.36593)
(12.8179 0 1.39057)
(12.9691 0 1.41213)
(13.1189 0 1.43067)
(13.2801 0 1.44634)
(10.0051 0 0.0523847)
(10.0221 0 0.104042)
(10.0518 0 0.15535)
(10.0925 0 0.206447)
(10.143 0 0.257332)
(10.2025 0 0.308)
(10.2708 0 0.358447)
(10.3474 0 0.408648)
(10.4318 0 0.458537)
(10.5238 0 0.50802)
(10.6227 0 0.556979)
(10.7282 0 0.605272)
(10.8399 0 0.652738)
(10.9572 0 0.699205)
(11.0799 0 0.74449)
(11.2073 0 0.788406)
(11.339 0 0.830767)
(11.4746 0 0.871395)
(11.6134 0 0.910121)
(11.755 0 0.946792)
(11.899 0 0.981273)
(12.0447 0 1.01345)
(12.1916 0 1.04324)
(12.3394 0 1.07057)
(12.4875 0 1.0954)
(12.6354 0 1.11773)
(12.7828 0 1.13757)
(12.9292 0 1.15495)
(13.0742 0 1.16993)
(13.2301 0 1.18263)
(10.0053 0 0.0402668)
(10.0228 0 0.0802219)
(10.0532 0 0.120217)
(10.0947 0 0.160187)
(10.1458 0 0.200025)
(10.2059 0 0.23971)
(10.2747 0 0.27924)
(10.3517 0 0.318578)
(10.4365 0 0.357659)
(10.5286 0 0.396397)
(10.6275 0 0.434691)
(10.7328 0 0.472423)
(10.844 0 0.509466)
(10.9607 0 0.545681)
(11.0824 0 0.580926)
(11.2086 0 0.615057)
(11.3387 0 0.647932)
(11.4724 0 0.679417)
(11.6091 0 0.709387)
(11.7483 0 0.737729)
(11.8895 0 0.764345)
(12.0323 0 0.789157)
(12.1761 0 0.812103)
(12.3205 0 0.83314)
(12.465 0 0.852247)
(12.6092 0 0.869419)
(12.7528 0 0.884673)
(12.8953 0 0.898039)
(13.0364 0 0.909563)
(13.188 0 0.919335)
(10.0056 0 0.0273243)
(10.0239 0 0.055586)
(10.0551 0 0.0845773)
(10.0971 0 0.113632)
(10.1486 0 0.142523)
(10.2092 0 0.171267)
(10.2784 0 0.19988)
(10.3557 0 0.228325)
(10.4407 0 0.256548)
(10.5329 0 0.284485)
(10.6317 0 0.312065)
(10.7368 0 0.339208)
(10.8476 0 0.365824)
(10.9636 0 0.391816)
(11.0845 0 0.417086)
(11.2096 0 0.441534)
(11.3385 0 0.465061)
(11.4706 0 0.487577)
(11.6056 0 0.508995)
(11.7428 0 0.529239)
(11.8819 0 0.548244)
(12.0223 0 0.565956)
(12.1635 0 0.582337)
(12.3052 0 0.597359)
(12.4469 0 0.61101)
(12.5882 0 0.623291)
(12.7288 0 0.634214)
(12.8683 0 0.643804)
(13.0063 0 0.652096)
(13.1544 0 0.65916)
(10.0068 0 0.0112444)
(10.0271 0 0.0265772)
(10.0593 0 0.0438014)
(10.1017 0 0.0613104)
(10.1534 0 0.078785)
(10.2142 0 0.0962675)
(10.2835 0 0.113752)
(10.3609 0 0.13118)
(10.4458 0 0.148489)
(10.5378 0 0.165626)
(10.6365 0 0.182537)
(10.7412 0 0.199165)
(10.8515 0 0.215452)
(10.967 0 0.231334)
(11.0871 0 0.246751)
(11.2114 0 0.261639)
(11.3392 0 0.275942)
(11.4702 0 0.289603)
(11.6039 0 0.302573)
(11.7397 0 0.314809)
(11.8771 0 0.326273)
(12.0158 0 0.336938)
(12.1552 0 0.346782)
(12.295 0 0.355793)
(12.4347 0 0.363967)
(12.574 0 0.371308)
(12.7125 0 0.377829)
(12.8499 0 0.383549)
(12.9858 0 0.388496)
(13.1317 0 0.39273)
(9.99589 0 0.000921986)
(10.007 0 0.00495304)
(10.0276 0 0.0102603)
(10.0576 0 0.0158011)
(10.0974 0 0.0214137)
(10.1467 0 0.0271249)
(10.205 0 0.032925)
(10.2719 0 0.0387796)
(10.3469 0 0.0446561)
(10.4294 0 0.0505285)
(10.519 0 0.0563722)
(10.6151 0 0.0621623)
(10.7174 0 0.0678729)
(10.8252 0 0.0734776)
(10.938 0 0.07895)
(11.0553 0 0.0842643)
(11.1766 0 0.0893955)
(11.3013 0 0.0943204)
(11.429 0 0.0990176)
(11.559 0 0.103468)
(11.691 0 0.107656)
(11.8245 0 0.111568)
(11.9589 0 0.115195)
(12.0939 0 0.118528)
(12.229 0 0.121566)
(12.3638 0 0.124307)
(12.4979 0 0.126755)
(12.6311 0 0.128913)
(12.763 0 0.130787)
(12.9047 0 0.132408)
(9.41442 0 13.0954)
(6.19321 0 10.7932)
(-1.14114 0 5.24619)
(10.3554 0 11.2381)
(9.80082 0 9.95139)
(8.21003 0 8.11483)
(11.4606 0 11.1436)
(11.6789 0 10.595)
(11.4227 0 9.67695)
(12.3538 0 10.7442)
(12.701 0 10.5787)
(12.809 0 10.16)
(12.9221 0 10.0059)
(13.2933 0 9.99941)
(13.5376 0 9.86057)
(13.2982 0 9.22931)
(13.6609 0 9.28681)
(13.945 0 9.27642)
(13.5652 0 8.51145)
(13.8987 0 8.58401)
(14.1737 0 8.61936)
(13.7541 0 7.85636)
(14.0526 0 7.92304)
(14.3025 0 7.96763)
(13.8842 0 7.25786)
(14.15 0 7.31422)
(14.3733 0 7.35585)
(13.97 0 6.71032)
(14.2075 0 6.75736)
(14.4069 0 6.79349)
(14.0217 0 6.20707)
(14.2351 0 6.24661)
(14.4142 0 6.27757)
(14.0459 0 5.74145)
(14.239 0 5.77506)
(14.401 0 5.80176)
(14.0478 0 5.30772)
(14.2237 0 5.33663)
(14.3713 0 5.35991)
(14.0314 0 4.90118)
(14.1927 0 4.92631)
(14.3279 0 4.94678)
(13.9999 0 4.51796)
(14.1485 0 4.53996)
(14.2733 0 4.55811)
(13.956 0 4.15485)
(14.0938 0 4.17424)
(14.2094 0 4.19039)
(13.9023 0 3.80923)
(14.0305 0 3.82636)
(14.1381 0 3.84078)
(13.841 0 3.47885)
(13.9608 0 3.49401)
(14.0614 0 3.5069)
(13.7742 0 3.16178)
(13.8867 0 3.17521)
(13.9811 0 3.18672)
(13.7041 0 2.85635)
(13.81 0 2.86822)
(13.8991 0 2.87846)
(13.6326 0 2.56101)
(13.7328 0 2.57146)
(13.817 0 2.58053)
(13.5615 0 2.27438)
(13.6566 0 2.28351)
(13.7366 0 2.2915)
(13.4927 0 1.99499)
(13.5833 0 2.0029)
(13.6596 0 2.00985)
(13.4276 0 1.72175)
(13.5144 0 1.72851)
(13.5874 0 1.73448)
(13.368 0 1.45281)
(13.4514 0 1.45847)
(13.5217 0 1.46348)
(13.315 0 1.18789)
(13.3957 0 1.19251)
(13.4637 0 1.19661)
(13.2706 0 0.923378)
(13.349 0 0.926928)
(13.4151 0 0.930093)
(13.2351 0 0.662094)
(13.3118 0 0.664669)
(13.3765 0 0.666964)
(13.211 0 0.394421)
(13.2864 0 0.395841)
(13.35 0 0.397084)
(12.9818 0 0.133008)
(13.0552 0 0.13348)
(13.1171 0 0.133897)
(-2.66506 0 1.4149)
(-2.14271 0 1.07311)
(-2.4544 0 0.564864)
(-2.27356 0 0.573218)
(-2.13819 0 0.654246)
(-2.16205 0 0.449502)
(-2.1603 0 0.263989)
(-2.17995 0 0.223566)
(-2.20548 0 0.188929)
(-2.2045 0 0.164725)
(-2.19989 0 0.168668)
(-2.21285 0 0.168098)
(-2.22716 0 0.144816)
(-2.22591 0 0.115306)
(-2.21627 0 0.106776)
(-2.21667 0 0.120291)
(-2.23104 0 0.128797)
(-2.24632 0 0.121035)
(-2.25025 0 0.103283)
(-2.2432 0 0.0907963)
(-2.23682 0 0.0927631)
(-2.24208 0 0.102722)
(-2.26003 0 0.107423)
(-2.28252 0 0.0982285)
(-2.29762 0 0.0745204)
(-2.29714 0 0.0456473)
(-2.28424 0 0.0267476)
(-2.27168 0 0.0251406)
(-2.26793 0 0.0312172)
(-2.26865 0 0.0329937)
(6.06448 0 5.45915)
(3.54981 0 3.49848)
(1.3516 0 1.96085)
(-1.72075 0 0.323203)
(-2.21729 0 0.202384)
(-2.50171 0 -0.0186345)
(-2.39463 0 0.125458)
(-2.28044 0 0.386684)
(-2.28995 0 0.343282)
(-2.27185 0 0.205399)
(-2.26034 0 0.131422)
(-2.29145 0 0.131625)
(-2.32015 0 0.109517)
(-2.30781 0 0.0826737)
(-2.27132 0 0.0982353)
(-2.25892 0 0.136988)
(-2.28049 0 0.153967)
(-2.30517 0 0.137653)
(-2.30921 0 0.10176)
(-2.29181 0 0.0763098)
(-2.27376 0 0.0813673)
(-2.27523 0 0.102986)
(-2.29743 0 0.115913)
(-2.32708 0 0.108141)
(-2.34633 0 0.0786752)
(-2.34214 0 0.0400944)
(-2.31858 0 0.0150531)
(-2.2968 0 0.0173655)
(-2.29161 0 0.0318425)
(-2.29405 0 0.0368862)
(10.3484 0 7.62564)
(8.58616 0 5.82584)
(6.64699 0 4.36781)
(4.6835 0 3.12697)
(2.87123 0 2.12017)
(1.49683 0 1.25453)
(-1.39119 0 0.130664)
(-2.0163 0 0.121794)
(-2.42198 0 -0.0532254)
(-2.45564 0 -0.120973)
(-2.33792 0 0.0926121)
(-2.29943 0 0.309682)
(-2.32864 0 0.287521)
(-2.2938 0 0.16686)
(-2.22946 0 0.0761296)
(-2.22496 0 0.104665)
(-2.27354 0 0.139925)
(-2.31878 0 0.122356)
(-2.32174 0 0.0764631)
(-2.2806 0 0.0533621)
(-2.23689 0 0.0806766)
(-2.23103 0 0.125111)
(-2.26068 0 0.149601)
(-2.30135 0 0.141547)
(-2.32712 0 0.0994015)
(-2.31785 0 0.0394062)
(-2.27772 0 -0.00449406)
(-2.24325 0 0.00451259)
(-2.23743 0 0.0346264)
(-2.244 0 0.0469665)
(12.4939 0 8.78831)
(11.611 0 7.33626)
(10.3745 0 6.02105)
(8.96593 0 4.82906)
(7.45545 0 3.80287)
(6.00909 0 2.98384)
(4.48511 0 2.28139)
(3.0905 0 1.66868)
(1.87548 0 1.11186)
(0.482771 0 0.422985)
(-1.43632 0 0.082078)
(-1.90523 0 0.107697)
(-2.24457 0 -0.0455297)
(-2.28693 0 -0.200494)
(-2.13352 0 -0.0754539)
(-2.10929 0 0.196856)
(-2.1578 0 0.293241)
(-2.23078 0 0.261701)
(-2.22731 0 0.154262)
(-2.14931 0 0.041743)
(-2.08515 0 0.0402895)
(-2.08383 0 0.10388)
(-2.13234 0 0.141032)
(-2.1929 0 0.130344)
(-2.23122 0 0.072963)
(-2.21628 0 -0.00618167)
(-2.14489 0 -0.0441974)
(-2.09 0 -0.0171117)
(-2.08889 0 0.0420476)
(-2.10471 0 0.068417)
(13.6662 0 9.10698)
(13.3788 0 8.09615)
(12.7536 0 7.04112)
(11.8885 0 6.01715)
(10.8561 0 5.08478)
(9.74581 0 4.28112)
(8.58392 0 3.55228)
(7.38763 0 2.8923)
(6.20462 0 2.33351)
(5.05302 0 1.88433)
(3.86798 0 1.51889)
(2.82173 0 1.16174)
(1.84623 0 0.806094)
(1.16321 0 0.388066)
(-0.753011 0 0.0116487)
(-1.3395 0 0.168305)
(-1.7282 0 0.167032)
(-1.93124 0 0.0583343)
(-1.97534 0 -0.100708)
(-1.84338 0 -0.159537)
(-1.84516 0 -0.0127009)
(-1.81881 0 0.185671)
(-1.88988 0 0.252951)
(-1.9778 0 0.249472)
(-2.02944 0 0.180264)
(-1.99116 0 0.0481136)
(-1.8865 0 -0.0822687)
(-1.83658 0 -0.0458146)
(-1.84959 0 0.0596184)
(-1.88594 0 0.109158)
(14.2915 0 8.92602)
(14.3718 0 8.3042)
(14.199 0 7.55179)
(13.7921 0 6.75399)
(13.1928 0 5.9665)
(12.4561 0 5.22496)
(11.6241 0 4.52952)
(10.7249 0 3.89407)
(9.7879 0 3.33737)
(8.84194 0 2.86039)
(7.88804 0 2.43115)
(6.95059 0 2.02542)
(6.02378 0 1.65852)
(5.13793 0 1.38014)
(4.2033 0 1.17294)
(3.33547 0 0.96814)
(2.55848 0 0.769542)
(1.85401 0 0.570287)
(1.25347 0 0.34653)
(0.402698 0 0.0701251)
(-0.792162 0 0.0362208)
(-1.07068 0 0.156378)
(-1.31544 0 0.188125)
(-1.46171 0 0.146538)
(-1.56024 0 0.0194075)
(-1.55378 0 -0.166068)
(-1.40435 0 -0.244466)
(-1.50584 0 -0.104351)
(-1.53618 0 0.0954225)
(-1.61334 0 0.176446)
(14.5968 0 8.49147)
(14.8791 0 8.1498)
(15.0042 0 7.66093)
(14.9381 0 7.08461)
(14.6901 0 6.46674)
(14.293 0 5.84295)
(13.7803 0 5.23386)
(13.178 0 4.65577)
(12.5083 0 4.12151)
(11.7939 0 3.63494)
(11.0515 0 3.1891)
(10.2943 0 2.77738)
(9.52503 0 2.40718)
(8.75493 0 2.1018)
(7.99208 0 1.83977)
(7.24838 0 1.59759)
(6.53792 0 1.36484)
(5.84722 0 1.1427)
(5.16489 0 0.955765)
(4.48937 0 0.833101)
(3.78363 0 0.734891)
(3.16051 0 0.624001)
(2.58901 0 0.527408)
(2.05857 0 0.439805)
(1.58408 0 0.333741)
(1.18176 0 0.170326)
(0.401349 0 0.00460056)
(-0.71867 0 0.0340032)
(-0.948944 0 0.145257)
(-1.18303 0 0.293496)
(14.7282 0 7.94702)
(15.0982 0 7.78129)
(15.3923 0 7.4882)
(15.5521 0 7.09895)
(15.5635 0 6.64538)
(15.4404 0 6.1564)
(15.2024 0 5.65417)
(14.8669 0 5.15565)
(14.4507 0 4.67431)
(13.9717 0 4.2188)
(13.4459 0 3.79167)
(12.8851 0 3.39268)
(12.2961 0 3.02602)
(11.6882 0 2.70019)
(11.0748 0 2.40997)
(10.4665 0 2.14568)
(9.86588 0 1.89637)
(9.26618 0 1.66352)
(8.66358 0 1.46248)
(8.0661 0 1.30196)
(7.4789 0 1.16853)
(6.91987 0 1.04478)
(6.38605 0 0.927674)
(5.86793 0 0.809846)
(5.36095 0 0.687491)
(4.85009 0 0.5885)
(4.31888 0 0.549053)
(3.73361 0 0.515115)
(3.24493 0 0.460434)
(2.51091 0 0.496678)
(14.7706 0 7.37891)
(15.1598 0 7.31062)
(15.5297 0 7.14641)
(15.8183 0 6.89742)
(15.9998 0 6.58145)
(16.0746 0 6.21767)
(16.05 0 5.82359)
(15.9346 0 5.41455)
(15.7385 0 5.00369)
(15.4736 0 4.60101)
(15.1518 0 4.21241)
(14.7832 0 3.84139)
(14.3757 0 3.49237)
(13.9384 0 3.17063)
(13.4821 0 2.87624)
(13.0155 0 2.60405)
(12.5412 0 2.34859)
(12.0578 0 2.11128)
(11.5655 0 1.8996)
(11.0709 0 1.71807)
(10.5832 0 1.56237)
(10.1092 0 1.42159)
(9.64625 0 1.2879)
(9.18729 0 1.15711)
(8.72527 0 1.03197)
(8.25341 0 0.929918)
(7.77386 0 0.862794)
(7.291 0 0.817884)
(6.83117 0 0.786546)
(6.22194 0 0.794045)
(14.7676 0 6.83023)
(15.1418 0 6.80996)
(15.5295 0 6.72207)
(15.8761 0 6.5676)
(16.1531 0 6.35445)
(16.3541 0 6.09329)
(16.4786 0 5.79568)
(16.5281 0 5.47322)
(16.5062 0 5.13677)
(16.419 0 4.79551)
(16.2739 0 4.4564)
(16.0782 0 4.12475)
(15.8388 0 3.8055)
(15.5633 0 3.50317)
(15.2596 0 3.21946)
(14.9346 0 2.95283)
(14.592 0 2.70165)
(14.233 0 2.46734)
(13.8601 0 2.25409)
(13.4786 0 2.06474)
(13.0954 0 1.89695)
(12.7147 0 1.74393)
(12.3355 0 1.60031)
(11.9533 0 1.46445)
(11.5632 0 1.33971)
(11.1625 0 1.23545)
(10.7542 0 1.15861)
(10.3455 0 1.10595)
(9.94762 0 1.07216)
(9.44331 0 1.05621)
(14.7394 0 6.31602)
(15.0859 0 6.31714)
(15.4614 0 6.27098)
(15.8211 0 6.1751)
(16.1397 0 6.03223)
(16.409 0 5.84751)
(16.6252 0 5.62749)
(16.7853 0 5.37971)
(16.8883 0 5.11203)
(16.9359 0 4.83185)
(16.9313 0 4.54563)
(16.8787 0 4.25886)
(16.7829 0 3.97645)
(16.6492 0 3.70259)
(16.4832 0 3.43986)
(16.29 0 3.18909)
(16.0735 0 2.95071)
(15.836 0 2.72632)
(15.5805 0 2.51867)
(15.3113 0 2.32966)
(15.0333 0 2.15827)
(14.7497 0 2.00096)
(14.4606 0 1.85474)
(14.1639 0 1.71908)
(13.8568 0 1.59663)
(13.5384 0 1.49297)
(13.2117 0 1.41251)
(12.8822 0 1.35375)
(12.5576 0 1.31184)
(12.1467 0 1.2796)
(14.6952 0 5.83802)
(15.0118 0 5.84794)
(15.3629 0 5.82374)
(15.7121 0 5.76249)
(16.0388 0 5.66487)
(16.3359 0 5.53316)
(16.599 0 5.37071)
(16.8237 0 5.18195)
(17.0066 0 4.97205)
(17.1466 0 4.74638)
(17.2438 0 4.51011)
(17.2998 0 4.26803)
(17.3171 0 4.02451)
(17.2986 0 3.7834)
(17.248 0 3.54764)
(17.1688 0 3.31915)
(17.0641 0 3.09945)
(16.9364 0 2.89032)
(16.7883 0 2.69394)
(16.6233 0 2.51191)
(16.445 0 2.3442)
(16.2558 0 2.18937)
(16.0566 0 2.04606)
(15.8465 0 1.91432)
(15.6245 0 1.79619)
(15.3908 0 1.69519)
(15.1478 0 1.61401)
(14.8994 0 1.5518)
(14.6514 0 1.50454)
(14.3323 0 1.46458)
(14.6389 0 5.39311)
(14.928 0 5.40646)
(15.252 0 5.394)
(15.581 0 5.3532)
(15.8981 0 5.28413)
(16.1983 0 5.18783)
(16.4783 0 5.06599)
(16.7337 0 4.92113)
(16.9607 0 4.75649)
(17.1566 0 4.57572)
(17.3202 0 4.38264)
(17.451 0 4.18102)
(17.5498 0 3.97446)
(17.6178 0 3.76629)
(17.6568 0 3.55938)
(17.669 0 3.356)
(17.6564 0 3.15809)
(17.621 0 2.96757)
(17.5649 0 2.78638)
(17.4907 0 2.61607)
(17.401 0 2.45729)
(17.2977 0 2.30981)
(17.1818 0 2.17336)
(17.0534 0 2.04842)
(16.9124 0 1.93662)
(16.7594 0 1.8403)
(16.5965 0 1.7612)
(16.4264 0 1.6988)
(16.2532 0 1.65011)
(16.0236 0 1.60868)
(14.573 0 4.97701)
(14.8379 0 4.99159)
(15.1362 0 4.98585)
(15.4425 0 4.95771)
(15.7428 0 4.90709)
(16.0337 0 4.83451)
(16.3129 0 4.74092)
(16.5773 0 4.62781)
(16.8232 0 4.49721)
(17.0479 0 4.3516)
(17.2493 0 4.19369)
(17.4264 0 4.02633)
(17.5785 0 3.85234)
(17.7057 0 3.67448)
(17.8088 0 3.49528)
(17.8886 0 3.31696)
(17.9463 0 3.14154)
(17.9832 0 2.9709)
(18.0007 0 2.80687)
(18.0007 0 2.65099)
(17.9848 0 2.50427)
(17.9546 0 2.36723)
(17.9111 0 2.24026)
(17.8547 0 2.12414)
(17.7859 0 2.02026)
(17.7054 0 1.93032)
(17.6148 0 1.85556)
(17.5161 0 1.79576)
(17.4119 0 1.74896)
(17.2666 0 1.71032)
(14.499 0 4.58564)
(14.743 0 4.60052)
(15.0183 0 4.59897)
(15.3028 0 4.57926)
(15.5845 0 4.54122)
(15.861 0 4.48517)
(16.131 0 4.41166)
(16.3923 0 4.32163)
(16.6419 0 4.21644)
(16.8773 0 4.09781)
(17.0966 0 3.9677)
(17.2983 0 3.82824)
(17.4815 0 3.68163)
(17.6455 0 3.53009)
(17.7903 0 3.37576)
(17.9162 0 3.22063)
(18.0235 0 3.0666)
(18.1129 0 2.91544)
(18.1854 0 2.76886)
(18.2419 0 2.62834)
(18.2837 0 2.49509)
(18.312 0 2.37)
(18.3274 0 2.25389)
(18.3306 0 2.1477)
(18.3222 0 2.05269)
(18.303 0 1.97023)
(18.2743 0 1.90134)
(18.2372 0 1.84612)
(18.1935 0 1.80355)
(18.1239 0 1.7704)
(14.4184 0 4.21549)
(14.6442 0 4.23024)
(14.8994 0 4.23148)
(15.1641 0 4.21775)
(15.4278 0 4.18884)
(15.6887 0 4.14491)
(15.9463 0 4.08628)
(16.1988 0 4.01357)
(16.444 0 3.92772)
(16.6799 0 3.82998)
(16.9046 0 3.72181)
(17.1168 0 3.60483)
(17.3155 0 3.48078)
(17.4998 0 3.35143)
(17.6694 0 3.21858)
(17.8239 0 3.08398)
(17.9635 0 2.94931)
(18.0883 0 2.81619)
(18.199 0 2.68619)
(18.2959 0 2.56072)
(18.38 0 2.44105)
(18.452 0 2.32826)
(18.5125 0 2.22335)
(18.5621 0 2.12739)
(18.6014 0 2.04154)
(18.6312 0 1.96703)
(18.6524 0 1.90482)
(18.6659 0 1.85531)
(18.6727 0 1.81829)
(18.6679 0 1.79196)
(14.3326 0 3.86366)
(14.5427 0 3.87801)
(14.7802 0 3.88117)
(15.0273 0 3.87187)
(15.2745 0 3.84987)
(15.5204 0 3.81522)
(15.7648 0 3.7681)
(16.0066 0 3.70888)
(16.2438 0 3.63825)
(16.4748 0 3.55711)
(16.6982 0 3.46658)
(16.9127 0 3.36791)
(17.1172 0 3.2625)
(17.3111 0 3.1518)
(17.4936 0 3.03731)
(17.6645 0 2.92053)
(17.8235 0 2.80296)
(17.9706 0 2.68606)
(18.1061 0 2.57124)
(18.2302 0 2.45984)
(18.3435 0 2.3531)
(18.4464 0 2.25218)
(18.5395 0 2.15815)
(18.6232 0 2.07212)
(18.6982 0 1.99523)
(18.7651 0 1.92862)
(18.8247 0 1.87327)
(18.8778 0 1.82987)
(18.9246 0 1.79881)
(18.9729 0 1.77946)
(14.2432 0 3.52772)
(14.4394 0 3.54149)
(14.6614 0 3.54594)
(14.8929 0 3.53997)
(15.1252 0 3.52333)
(15.3572 0 3.49601)
(15.589 0 3.45804)
(15.8197 0 3.40968)
(16.0478 0 3.35137)
(16.2719 0 3.2838)
(16.4906 0 3.2078)
(16.7029 0 3.12438)
(16.908 0 3.03463)
(17.105 0 2.93978)
(17.2934 0 2.84107)
(17.4726 0 2.7398)
(17.6425 0 2.63729)
(17.8028 0 2.53483)
(17.9537 0 2.43371)
(18.0952 0 2.33518)
(18.2278 0 2.24044)
(18.3516 0 2.15061)
(18.4672 0 2.0668)
(18.575 0 1.99012)
(18.6756 0 1.92167)
(18.7696 0 1.86258)
(18.8575 0 1.81386)
(18.9402 0 1.77642)
(19.0177 0 1.75106)
(19.1077 0 1.73806)
(14.1517 0 3.20561)
(14.3358 0 3.21865)
(14.5441 0 3.22393)
(14.7617 0 3.22046)
(14.9807 0 3.20802)
(15.2001 0 3.18654)
(15.4202 0 3.156)
(15.6403 0 3.11651)
(15.8591 0 3.06839)
(16.0754 0 3.01213)
(16.2881 0 2.94836)
(16.4963 0 2.87786)
(16.6992 0 2.80153)
(16.896 0 2.72036)
(17.0861 0 2.6354)
(17.2691 0 2.54778)
(17.4446 0 2.45862)
(17.6124 0 2.3691)
(17.7725 0 2.28037)
(17.925 0 2.19358)
(18.07 0 2.10986)
(18.2078 0 2.03029)
(18.3387 0 1.95597)
(18.4632 0 1.88797)
(18.5818 0 1.82738)
(18.695 0 1.77528)
(18.8034 0 1.73274)
(18.9079 0 1.70081)
(19.0083 0 1.68055)
(19.1302 0 1.67282)
(14.0598 0 2.89552)
(14.2331 0 2.90774)
(14.4293 0 2.91346)
(14.6347 0 2.91186)
(14.8418 0 2.90271)
(15.0498 0 2.88592)
(15.2591 0 2.86143)
(15.4692 0 2.82928)
(15.6791 0 2.78967)
(15.8877 0 2.74294)
(16.0941 0 2.68958)
(16.2973 0 2.63019)
(16.4967 0 2.56549)
(16.6915 0 2.49628)
(16.8812 0 2.42346)
(17.0653 0 2.34796)
(17.2435 0 2.27078)
(17.4154 0 2.19294)
(17.5811 0 2.11549)
(17.7405 0 2.03946)
(17.8937 0 1.96591)
(18.0409 0 1.89586)
(18.1823 0 1.83035)
(18.3185 0 1.77042)
(18.4498 0 1.7171)
(18.5769 0 1.67148)
(18.7003 0 1.63462)
(18.8208 0 1.60763)
(18.9385 0 1.59172)
(19.0846 0 1.58807)
(13.969 0 2.59584)
(14.1328 0 2.60713)
(14.3183 0 2.61302)
(14.5128 0 2.61277)
(14.7093 0 2.60618)
(14.9071 0 2.59316)
(15.1067 0 2.57362)
(15.3077 0 2.54755)
(15.5092 0 2.51507)
(15.7104 0 2.47644)
(15.9104 0 2.43199)
(16.1083 0 2.38221)
(16.3036 0 2.32765)
(16.4957 0 2.26898)
(16.6838 0 2.20692)
(16.8676 0 2.14228)
(17.0468 0 2.07592)
(17.2209 0 2.00871)
(17.39 0 1.94158)
(17.5539 0 1.87548)
(17.7126 0 1.81135)
(17.8664 0 1.75016)
(18.0155 0 1.69287)
(18.1601 0 1.64046)
(18.3009 0 1.59393)
(18.4383 0 1.55431)
(18.573 0 1.52264)
(18.7056 0 1.50005)
(18.8366 0 1.48776)
(19.0014 0 1.4871)
(13.8809 0 2.30511)
(14.0364 0 2.31542)
(14.2125 0 2.32123)
(14.3974 0 2.32192)
(14.5845 0 2.31731)
(14.7731 0 2.3073)
(14.9639 0 2.29181)
(15.1566 0 2.2708)
(15.3505 0 2.24433)
(15.5447 0 2.21257)
(15.7385 0 2.17578)
(15.9313 0 2.13433)
(16.1224 0 2.08866)
(16.3112 0 2.03929)
(16.4972 0 1.98683)
(16.6799 0 1.93194)
(16.859 0 1.87536)
(17.0342 0 1.81785)
(17.2053 0 1.76021)
(17.3722 0 1.70329)
(17.5349 0 1.64793)
(17.6935 0 1.595)
(17.8483 0 1.54541)
(17.9995 0 1.50005)
(18.1475 0 1.45986)
(18.293 0 1.42581)
(18.4365 0 1.3989)
(18.5789 0 1.38021)
(18.7204 0 1.37092)
(18.9001 0 1.37235)
(13.7971 0 2.02183)
(13.9454 0 2.03108)
(14.1133 0 2.03662)
(14.2897 0 2.03791)
(14.4685 0 2.03481)
(14.649 0 2.02721)
(14.832 0 2.01503)
(15.0172 0 1.99822)
(15.2041 0 1.97681)
(15.3919 0 1.95092)
(15.5799 0 1.92073)
(15.7677 0 1.88651)
(15.9546 0 1.84863)
(16.1401 0 1.80749)
(16.3236 0 1.76358)
(16.5049 0 1.71747)
(16.6834 0 1.66975)
(16.8588 0 1.62109)
(17.0311 0 1.57218)
(17.2 0 1.52373)
(17.3656 0 1.47652)
(17.5279 0 1.43132)
(17.687 0 1.38892)
(17.8434 0 1.35017)
(17.9973 0 1.31591)
(18.1493 0 1.28703)
(18.3001 0 1.26446)
(18.4504 0 1.24922)
(18.6007 0 1.24238)
(18.7926 0 1.2452)
(13.7192 0 1.74485)
(13.8611 0 1.75301)
(14.0218 0 1.75812)
(14.1909 0 1.75975)
(14.3624 0 1.75776)
(14.5359 0 1.75208)
(14.712 0 1.74262)
(14.8906 0 1.72932)
(15.0712 0 1.71219)
(15.2532 0 1.69131)
(15.436 0 1.66682)
(15.6191 0 1.63892)
(15.802 0 1.60789)
(15.9842 0 1.57405)
(16.1652 0 1.5378)
(16.3447 0 1.49959)
(16.5222 0 1.45992)
(16.6975 0 1.41935)
(16.8704 0 1.37846)
(17.0406 0 1.33787)
(17.2083 0 1.29823)
(17.3733 0 1.26024)
(17.5359 0 1.22459)
(17.6964 0 1.19202)
(17.8551 0 1.1633)
(18.0125 0 1.13922)
(18.1693 0 1.12063)
(18.3263 0 1.10843)
(18.484 0 1.10359)
(18.686 0 1.10726)
(13.6485 0 1.47226)
(13.7849 0 1.47927)
(13.9396 0 1.48382)
(14.1024 0 1.48556)
(14.2677 0 1.48437)
(14.435 0 1.48019)
(14.6052 0 1.47295)
(14.778 0 1.46258)
(14.9532 0 1.44908)
(15.13 0 1.43251)
(15.3081 0 1.41296)
(15.487 0 1.39059)
(15.6662 0 1.3656)
(15.8453 0 1.33825)
(16.0239 0 1.30885)
(16.2015 0 1.27777)
(16.3778 0 1.24542)
(16.5526 0 1.21224)
(16.7256 0 1.17872)
(16.8967 0 1.14538)
(17.0658 0 1.11278)
(17.233 0 1.08149)
(17.3983 0 1.05213)
(17.5621 0 1.02533)
(17.7247 0 1.00176)
(17.8865 0 0.982103)
(18.0483 0 0.967113)
(18.2109 0 0.957573)
(18.3748 0 0.954325)
(18.5851 0 0.958413)
(13.5863 0 1.20382)
(13.7183 0 1.20966)
(13.8677 0 1.21356)
(14.0253 0 1.21524)
(14.1854 0 1.21462)
(14.3476 0 1.21164)
(14.5126 0 1.20623)
(14.6806 0 1.19835)
(14.8511 0 1.18798)
(15.0235 0 1.17516)
(15.1975 0 1.15996)
(15.3727 0 1.14248)
(15.5487 0 1.12289)
(15.725 0 1.10139)
(15.9012 0 1.0782)
(16.0771 0 1.05363)
(16.2522 0 1.02798)
(16.4263 0 1.00163)
(16.5992 0 0.97495)
(16.7708 0 0.948376)
(16.9409 0 0.922357)
(17.1096 0 0.897371)
(17.277 0 0.873923)
(17.4434 0 0.852542)
(17.609 0 0.833786)
(17.7745 0 0.818245)
(17.9404 0 0.806542)
(18.1076 0 0.799342)
(18.2766 0 0.797349)
(18.4939 0 0.80146)
(13.5342 0 0.935704)
(13.6625 0 0.940294)
(13.8079 0 0.943424)
(13.9611 0 0.944872)
(14.1169 0 0.944578)
(14.2749 0 0.942499)
(14.4359 0 0.938581)
(14.5998 0 0.932782)
(14.7664 0 0.925091)
(14.9352 0 0.915527)
(15.1058 0 0.904138)
(15.2779 0 0.891006)
(15.451 0 0.876241)
(15.6249 0 0.859991)
(15.7991 0 0.842435)
(15.9734 0 0.823786)
(16.1473 0 0.804288)
(16.3207 0 0.784215)
(16.4934 0 0.763868)
(16.6651 0 0.743575)
(16.8358 0 0.723689)
(17.0056 0 0.704585)
(17.1746 0 0.68666)
(17.3429 0 0.670337)
(17.5109 0 0.65606)
(17.6792 0 0.644302)
(17.8484 0 0.635568)
(18.0192 0 0.630399)
(18.1923 0 0.629367)
(18.4148 0 0.633249)
(13.4932 0 0.67103)
(13.6187 0 0.674415)
(13.7608 0 0.676782)
(13.9107 0 0.67796)
(14.0633 0 0.677912)
(14.2181 0 0.676613)
(14.3758 0 0.674022)
(14.5366 0 0.670108)
(14.7002 0 0.66486)
(14.8661 0 0.658288)
(15.034 0 0.650425)
(15.2036 0 0.641323)
(15.3746 0 0.631058)
(15.5465 0 0.61973)
(15.719 0 0.607465)
(15.8919 0 0.594409)
(16.0649 0 0.580733)
(16.2376 0 0.566632)
(16.4099 0 0.552318)
(16.5817 0 0.538026)
(16.7528 0 0.524009)
(16.9233 0 0.510537)
(17.0933 0 0.497898)
(17.263 0 0.486401)
(17.4328 0 0.476373)
(17.6032 0 0.468164)
(17.7747 0 0.462154)
(17.9483 0 0.458759)
(18.1247 0 0.458423)
(18.3515 0 0.461768)
(13.4647 0 0.399372)
(13.5882 0 0.401416)
(13.728 0 0.402857)
(13.8756 0 0.40355)
(14.0258 0 0.403494)
(14.1783 0 0.402687)
(14.3337 0 0.401106)
(14.4922 0 0.398733)
(14.6536 0 0.39556)
(14.8174 0 0.391594)
(14.9834 0 0.386854)
(15.1512 0 0.381373)
(15.3204 0 0.375196)
(15.4908 0 0.368383)
(15.6621 0 0.361007)
(15.8339 0 0.353159)
(16.0059 0 0.34494)
(16.178 0 0.336467)
(16.3499 0 0.327869)
(16.5214 0 0.319288)
(16.6926 0 0.310878)
(16.8634 0 0.302803)
(17.034 0 0.295241)
(17.2045 0 0.288381)
(17.3753 0 0.282425)
(17.5469 0 0.277597)
(17.72 0 0.274146)
(17.8954 0 0.272367)
(18.0738 0 0.272643)
(18.3026 0 0.275731)
(13.2287 0 0.134786)
(13.3485 0 0.135698)
(13.4843 0 0.136399)
(13.6278 0 0.136821)
(13.7739 0 0.136973)
(13.9222 0 0.136859)
(14.0735 0 0.136472)
(14.2278 0 0.135802)
(14.3849 0 0.134844)
(14.5443 0 0.133601)
(14.7058 0 0.132077)
(14.8691 0 0.130283)
(15.0338 0 0.128234)
(15.1995 0 0.12595)
(15.3661 0 0.123456)
(15.5331 0 0.120782)
(15.7002 0 0.117965)
(15.8673 0 0.115045)
(16.0341 0 0.112068)
(16.2005 0 0.109084)
(16.3664 0 0.106147)
(16.5319 0 0.103318)
(16.6969 0 0.100658)
(16.8618 0 0.0982376)
(17.027 0 0.0961298)
(17.1928 0 0.0944176)
(17.3602 0 0.0931981)
(17.5299 0 0.0925999)
(17.7033 0 0.0928223)
(17.9275 0 0.0944619)
)
;

boundaryField
{
    inlet
    {
        type            fixedValue;
        value           uniform (10 0 0);
    }
    outlet
    {
        type            zeroGradient;
    }
    flap
    {
        type            movingWallVelocity;
        value           nonuniform List<vector> 
33
(
(0 0 6.93889e-16)
(0 0 0)
(0 0 0)
(0 0 0)
(0 0 0)
(0 0 0)
(0 0 0)
(0 0 0)
(0 0 0)
(0 0 0)
(0 0 0)
(0 0 -1.11022e-14)
(0 0 -1.11022e-14)
(0 0 -1.11022e-14)
(0 0 -2.22045e-14)
(6.93889e-16 -2.77556e-15 0)
(0 -2.77556e-15 0)
(0 0 0)
(0 0 6.93889e-16)
(0 0 0)
(0 0 0)
(0 0 0)
(0 0 0)
(0 0 0)
(0 0 -5.55112e-15)
(0 0 0)
(0 0 -1.11022e-14)
(0 0 0)
(0 0 0)
(0 0 0)
(0 0 0)
(0 -2.77556e-15 -1.11022e-14)
(0 0 -1.11022e-14)
)
;
    }
    upperWall
    {
        type            noSlip;
    }
    lowerWall
    {
        type            noSlip;
    }
    frontAndBack
    {
        type            empty;
    }
}


// ************************************************************************* //
