/*--------------------------------*- C++ -*----------------------------------*\
  =========                 |
  \\      /  F ield         | OpenFOAM: The Open Source CFD Toolbox
   \\    /   O peration     | Website:  https://openfoam.org
    \\  /    A nd           | Version:  dev
     \\/     M anipulation  |
\*---------------------------------------------------------------------------*/
FoamFile
{
    version     2.0;
    format      ascii;
    class       surfaceScalarField;
    location    "2.9";
    object      phi;
}
// * * * * * * * * * * * * * * * * * * * * * * * * * * * * * * * * * * * * * //

dimensions      [0 3 -1 0 0 0 0];

internalField   nonuniform List<scalar> 
5457
(
0.198418
0.00158242
0.19648
0.00193744
0.194192
0.00228818
0.191508
0.00268369
0.188427
0.00308132
0.18495
0.00347689
0.181071
0.0038787
0.176777
0.00429413
0.172049
0.00472832
0.166864
0.00518529
0.161195
0.00566854
0.155014
0.00618102
0.148289
0.00672491
0.140988
0.00730123
0.133079
0.00790934
0.124532
0.00854623
0.115327
0.00920563
0.10545
0.00987688
0.0949061
0.0105437
0.0837229
0.0111832
0.0719586
0.0117643
0.0597106
0.012248
0.0471222
0.0125885
0.0343822
0.01274
0.0216872
0.0126949
0.00903714
0.0126501
-0.00291611
0.0119533
-0.00847176
0.00555565
-0.00804266
-0.000429099
-0.00804266
0.199928
0.0016543
0.199176
0.00268995
0.197965
0.00349921
0.196331
0.00431699
0.194271
0.0051415
0.191781
0.0059671
0.188854
0.00680581
0.185477
0.00767112
0.181632
0.00857334
0.177296
0.00952078
0.172444
0.0105207
0.167046
0.0115794
0.161069
0.0127016
0.15448
0.0138901
0.147245
0.0151443
0.139332
0.0164591
0.130715
0.0178233
0.121375
0.0192167
0.11131
0.0206082
0.100541
0.0219527
0.0891166
0.0231884
0.0771293
0.0242353
0.0647236
0.0249942
0.0521163
0.0253473
0.039656
0.0251552
0.0281059
0.0242002
0.0185952
0.021464
0.00879709
0.0153537
0.00118342
0.00718457
-0.00685925
0.199781
0.00187378
0.199087
0.00338387
0.197946
0.00464024
0.196409
0.00585373
0.194483
0.00706777
0.192163
0.00828629
0.189446
0.00952339
0.18632
0.0107967
0.182772
0.0121214
0.178783
0.0135097
0.174331
0.0149729
0.16939
0.0165204
0.163931
0.0181602
0.157924
0.0198972
0.151336
0.0217324
0.144135
0.0236607
0.136289
0.0256685
0.127776
0.0277303
0.118579
0.0298048
0.108702
0.0318303
0.0981701
0.03372
0.0870481
0.0353573
0.0754516
0.0365907
0.0635747
0.0372243
0.0517329
0.036997
0.0403976
0.0355354
0.0297392
0.0321224
0.0191662
0.0259267
0.0095976
0.0167532
0.00273836
0.199703
0.00217075
0.199008
0.00407925
0.197887
0.00576088
0.196376
0.00736477
0.194488
0.00895603
0.192222
0.0105524
0.189574
0.0121712
0.186538
0.0138329
0.183103
0.0155559
0.179256
0.0173563
0.174981
0.019248
0.170259
0.0212431
0.165067
0.0233519
0.159383
0.0255813
0.153181
0.027934
0.146436
0.0304057
0.139122
0.0329827
0.131215
0.0356374
0.122696
0.0383237
0.113556
0.0409708
0.103799
0.0434765
0.0934569
0.0456996
0.082596
0.0474516
0.0713334
0.0484869
0.0598415
0.0484888
0.0483175
0.0470595
0.0368114
0.0436285
0.0251882
0.0375499
0.0133358
0.0286057
0.0160741
0.199667
0.00250338
0.198964
0.0047826
0.197863
0.0068623
0.196381
0.00884658
0.194532
0.010805
0.192317
0.0127672
0.189733
0.0147552
0.186774
0.0167916
0.183433
0.0188978
0.179697
0.0210922
0.175554
0.023391
0.170988
0.0258082
0.165985
0.0283556
0.160525
0.0310415
0.154589
0.0338694
0.148159
0.0368361
0.141213
0.0399283
0.133732
0.0431186
0.125695
0.0463602
0.117086
0.0495798
0.107893
0.0526696
0.0981147
0.0554782
0.0877651
0.0578012
0.0768793
0.0593727
0.0655095
0.0598586
0.0537088
0.0588602
0.0414547
0.0558826
0.0285882
0.0504164
0.0148526
0.0423413
0.0309267
0.199653
0.00285063
0.198949
0.00548674
0.197871
0.00794037
0.196426
0.0102909
0.194626
0.0126051
0.192472
0.0149209
0.189963
0.017265
0.187092
0.0196626
0.183852
0.0221372
0.180235
0.0247096
0.176228
0.0273976
0.171819
0.030217
0.166995
0.0331805
0.161739
0.0362974
0.156036
0.0395722
0.149869
0.0430025
0.143221
0.0465762
0.136072
0.0502677
0.1284
0.0540321
0.120181
0.057799
0.111387
0.0614635
0.101989
0.0648766
0.0919551
0.067835
0.0812546
0.0700731
0.069855
0.0712582
0.0577178
0.0709974
0.0447615
0.0688388
0.0308498
0.0643281
0.0158735
0.0573176
0.0468002
0.19965
0.00320062
0.198954
0.00618282
0.197904
0.00899012
0.196504
0.0116908
0.194762
0.0143475
0.19268
0.0170031
0.190256
0.0196888
0.187486
0.0224324
0.184364
0.0252595
0.180881
0.0281927
0.177027
0.0312517
0.17279
0.0344537
0.168158
0.0378126
0.163116
0.041339
0.15765
0.0450384
0.151743
0.0489099
0.145375
0.0529436
0.138526
0.0571169
0.131168
0.06139
0.123268
0.0656994
0.114782
0.0699498
0.105654
0.0740039
0.095817
0.0776724
0.0851869
0.0807032
0.0736693
0.0827758
0.0611627
0.083504
0.0475564
0.0824451
0.0327596
0.0791249
0.0167834
0.0732937
0.0635836
0.199655
0.00354602
0.198974
0.00686303
0.197958
0.010006
0.19661
0.0130397
0.194933
0.0160238
0.192933
0.0190039
0.190606
0.0220151
0.187951
0.0250879
0.184961
0.0282497
0.181628
0.031525
0.177945
0.0349353
0.173899
0.0384992
0.16948
0.0422323
0.164672
0.0461465
0.159461
0.0502492
0.153829
0.0545421
0.147754
0.0590186
0.14121
0.0636613
0.134162
0.0684379
0.126566
0.0732957
0.118361
0.0781543
0.109469
0.0828961
0.0997867
0.0873544
0.0891881
0.0913018
0.0775264
0.0944375
0.064649
0.0963814
0.0504191
0.096675
0.0347696
0.0947745
0.0177906
0.0902727
0.0813743
0.199664
0.00388191
0.199006
0.00752094
0.19803
0.0109824
0.196738
0.0143313
0.195136
0.017626
0.193226
0.0209139
0.191008
0.0242332
0.188479
0.0276167
0.185635
0.0310939
0.182469
0.0346909
0.178973
0.0384309
0.175138
0.0423343
0.170952
0.0464183
0.166402
0.0506969
0.161471
0.0551803
0.156139
0.0598734
0.150383
0.0647747
0.14417
0.0698739
0.137459
0.075149
0.130193
0.0805617
0.122296
0.0860514
0.113666
0.0915264
0.104168
0.0968521
0.0936349
0.101835
0.0818664
0.106206
0.0686517
0.109596
0.0538045
0.111522
0.0372387
0.11134
0.0190847
0.108427
0.100459
0.199677
0.00420474
0.199047
0.00815129
0.198115
0.0119139
0.196887
0.0155597
0.195366
0.0191471
0.193555
0.0227248
0.191455
0.0263333
0.189064
0.0300078
0.186378
0.0337794
0.183393
0.037676
0.180102
0.0417224
0.176495
0.0459407
0.172563
0.0503501
0.168293
0.0549672
0.163668
0.0598052
0.158668
0.0648736
0.153266
0.0701772
0.147425
0.0757145
0.141098
0.0814762
0.134218
0.0874417
0.126694
0.0935749
0.118404
0.0998164
0.109184
0.106073
0.0988207
0.112198
0.0870549
0.117972
0.0735931
0.123058
0.0581522
0.126963
0.0405553
0.128937
0.0209034
0.128079
0.121362
0.199693
0.00451188
0.199094
0.00874978
0.198213
0.0127956
0.197053
0.0167196
0.195619
0.0205807
0.193915
0.0244289
0.191942
0.0283066
0.189699
0.032251
0.187183
0.0362947
0.184392
0.0404672
0.181319
0.0447949
0.177959
0.0493015
0.1743
0.0540083
0.170333
0.0589347
0.166041
0.0640974
0.161403
0.069511
0.156393
0.0751874
0.150972
0.0811353
0.145089
0.0873597
0.13867
0.0938603
0.131616
0.100629
0.123788
0.107645
0.114996
0.114865
0.104984
0.12221
0.0934221
0.129534
0.0799027
0.136577
0.0639735
0.142892
0.0452402
0.14767
0.0236151
0.149704
0.144978
0.199711
0.00480125
0.199147
0.00931292
0.19832
0.0136234
0.197233
0.0178061
0.195893
0.0219211
0.194302
0.0260195
0.192463
0.0301455
0.190377
0.0343375
0.188042
0.0386298
0.185456
0.0430532
0.182615
0.0476353
0.179515
0.0524015
0.176148
0.0573753
0.172505
0.0625785
0.16857
0.0680316
0.164327
0.0737543
0.159748
0.0797659
0.154798
0.0860856
0.149425
0.0927332
0.143556
0.0997295
0.137088
0.107097
0.129876
0.114856
0.121715
0.123026
0.112316
0.131609
0.101277
0.140573
0.0880518
0.149803
0.0719315
0.159013
0.052095
0.167507
0.0278917
0.173907
0.172869
0.19973
0.00507125
0.199205
0.00983782
0.198435
0.0143936
0.197426
0.018815
0.196184
0.0231635
0.194712
0.0274911
0.193014
0.0318432
0.191092
0.0362598
0.188946
0.0407761
0.186575
0.045424
0.183978
0.0502323
0.181152
0.0552278
0.178091
0.0604357
0.17479
0.0658801
0.171236
0.071585
0.167416
0.0775747
0.163307
0.0838753
0.158877
0.0905157
0.15408
0.0975297
0.148852
0.104958
0.143096
0.112852
0.136676
0.121276
0.129391
0.130311
0.120943
0.140057
0.110888
0.150628
0.098552
0.162139
0.0829139
0.174651
0.0624502
0.187971
0.0351363
0.201221
0.208006
0.199751
0.00532061
0.199266
0.0103222
0.198557
0.0151032
0.197629
0.0197428
0.196489
0.0243036
0.195141
0.0288387
0.19359
0.0333945
0.191838
0.0380117
0.189887
0.0427266
0.18774
0.0475717
0.185395
0.0525768
0.182853
0.0577697
0.180112
0.0631768
0.177168
0.0688241
0.174015
0.0747381
0.170643
0.0809472
0.167035
0.0874827
0.163169
0.0943814
0.159011
0.101688
0.154509
0.10946
0.149588
0.117773
0.144137
0.126726
0.13799
0.136459
0.130886
0.14716
0.122412
0.159103
0.111872
0.172678
0.0980359
0.188487
0.0785617
0.207445
0.0486875
0.231095
0.256693
0.199772
0.00554839
0.19933
0.0107643
0.198684
0.0157499
0.19784
0.0205866
0.196805
0.0253383
0.195585
0.0300588
0.194184
0.034795
0.192608
0.0395884
0.190858
0.0444759
0.18894
0.0494903
0.186855
0.054662
0.184605
0.0600191
0.182193
0.065589
0.179618
0.0713987
0.17688
0.0774765
0.173975
0.0838528
0.170895
0.0905627
0.167628
0.0976477
0.164156
0.10516
0.16045
0.113167
0.156466
0.121757
0.152138
0.131054
0.147367
0.14123
0.141993
0.152534
0.135756
0.16534
0.128184
0.180251
0.118337
0.198333
0.103965
0.221817
0.0777451
0.257315
0.334438
0.00489526
-0.00489526
0.00946078
-0.00456552
0.0133377
-0.00387688
0.0165793
-0.00324161
0.0192995
-0.00272028
0.021601
-0.0023015
0.0235695
-0.00196848
0.0252753
-0.0017058
0.0267726
-0.0014973
0.0280997
-0.00132712
0.0292821
-0.00118233
0.030337
-0.00105495
0.0312781
-0.000941044
0.0321119
-0.00083382
0.0328259
-0.00071396
0.0333783
-0.000552457
0.0337178
-0.000339502
0.0338338
-0.000115956
0.0337663
6.74589e-05
0.033578
0.000188281
0.0333022
0.000275858
0.0329614
0.000340761
0.0326351
0.000326271
0.0324343
0.000200884
0.0324426
-8.37565e-06
0.0327207
-0.000278099
0.0332539
-0.000533127
0.0340075
-0.000753612
0.0349012
-0.000893772
-0.000855418
0.00422141
-0.00911666
0.00830645
-0.00865056
0.0118465
-0.00741693
0.0148629
-0.00625803
0.0174537
-0.00531109
0.0197066
-0.00455437
0.0216927
-0.00395454
0.0234688
-0.00348189
0.0250781
-0.0031066
0.0265507
-0.0027998
0.0279059
-0.00253748
0.0291562
-0.0023053
0.030315
-0.00209986
0.0313981
-0.00191686
0.0324121
-0.001728
0.0333349
-0.00147519
0.0341171
-0.00112172
0.0347226
-0.000721471
0.0351841
-0.000394076
0.0355601
-0.000187696
0.0358637
-2.77008e-05
0.0360637
0.00014071
0.036232
0.000157995
0.0364207
1.2217e-05
0.0366494
-0.000237148
0.0369129
-0.000541584
0.0372281
-0.000848268
0.0376035
-0.00112906
0.0380653
-0.00135557
-0.00134082
0.00334384
-0.0124605
0.0065086
-0.0118153
0.00921539
-0.0101237
0.0115145
-0.00855713
0.013486
-0.00728261
0.0151955
-0.00626385
0.0166973
-0.00545635
0.0180342
-0.00481882
0.0192385
-0.00431086
0.020332
-0.00389326
0.0213263
-0.00353178
0.022226
-0.00320507
0.0230388
-0.00291268
0.0237852
-0.00266319
0.0244887
-0.00243158
0.0251408
-0.0021272
0.0256862
-0.00166718
0.0260735
-0.00110873
0.0263567
-0.00067731
0.02658
-0.000410958
0.0265968
-4.45608e-05
0.0263952
0.00034234
0.0259135
0.000639689
0.025278
0.000647693
0.0246001
0.000440771
0.023905
0.000153487
0.0232187
-0.000161886
0.0225799
-0.000490336
0.022132
-0.000907612
-0.00141568
0.00241181
-0.0148723
0.00450392
-0.0139074
0.00620167
-0.0118215
0.00761472
-0.00997019
0.00879812
-0.008466
0.00979215
-0.00725789
0.0106326
-0.00629675
0.0113474
-0.0055337
0.0119588
-0.00492223
0.0124824
-0.00441688
0.0129251
-0.00397447
0.0132827
-0.0035627
0.0135454
-0.00317531
0.0137229
-0.00284067
0.0138628
-0.00257157
0.0139991
-0.0022634
0.0140932
-0.0017613
0.0139135
-0.00092904
0.0131653
7.08913e-05
0.0119527
0.00080161
0.0107329
0.00117527
0.00965884
0.00141638
0.00866048
0.00163805
0.00769835
0.00160982
0.00687318
0.00126594
0.00634843
0.000678236
0.00610569
8.08598e-05
0.00620391
-0.000588555
0.00659762
-0.00130133
-0.00195882
0.00135737
-0.0162297
0.0022575
-0.0148076
0.00284658
-0.0124106
0.00325891
-0.0103825
0.00352084
-0.00872793
0.00365387
-0.00739092
0.00367674
-0.00631963
0.00360539
-0.00546235
0.00345406
-0.00477091
0.00323583
-0.00419865
0.00296082
-0.00369947
0.00262928
-0.00323115
0.00221552
-0.00276155
0.00165614
-0.00228128
0.000871464
-0.0017869
-0.00012632
-0.00126562
-0.0012248
-0.00066282
-0.00221081
5.69724e-05
-0.00286835
0.00072843
-0.00332334
0.0012566
-0.00378964
0.00164157
-0.004254
0.00188074
-0.00461313
0.00199718
-0.00486934
0.00186603
-0.00503539
0.00143199
-0.00512497
0.000767815
-0.00503557
-8.53646e-06
-0.00490234
-0.000721791
-0.0047205
-0.00148316
-0.00212618
0.000112328
-0.016342
-0.000217655
-0.0144776
-0.00079487
-0.0118333
-0.00146194
-0.00971544
-0.00222651
-0.00796336
-0.00306453
-0.00655289
-0.00396399
-0.00542017
-0.00491541
-0.00451092
-0.00591165
-0.00377467
-0.00694272
-0.00316757
-0.00799135
-0.00265084
-0.00903278
-0.00218972
-0.010037
-0.00175729
-0.0109809
-0.00133745
-0.0118509
-0.000916917
-0.0126418
-0.000474674
-0.0133125
7.9292e-06
-0.0137778
0.000522233
-0.0140859
0.00103652
-0.014316
0.00148672
-0.0144848
0.00181031
-0.0145975
0.00199349
-0.0146232
0.00202289
-0.0145866
0.00182936
-0.014537
0.00138248
-0.0145054
0.000736208
-0.0145001
-1.38957e-05
-0.0144668
-0.000755014
-0.014438
-0.00151201
-0.00216785
-0.00115469
-0.0151873
-0.00282093
-0.0128113
-0.00458255
-0.0100717
-0.00638897
-0.00790902
-0.00817485
-0.00617748
-0.0099151
-0.00481265
-0.0115861
-0.0037492
-0.0131671
-0.00292985
-0.0146424
-0.00229938
-0.0160015
-0.00180846
-0.0172378
-0.00141454
-0.018347
-0.00108055
-0.0193283
-0.000775991
-0.0201868
-0.000478915
-0.0209314
-0.00017235
-0.0215495
0.000143435
-0.0220212
0.000479616
-0.0223544
0.000855462
-0.0225693
0.00125136
-0.0226816
0.00159901
-0.0227166
0.00184537
-0.022689
0.00196589
-0.0226023
0.00193619
-0.0224861
0.00171312
-0.0223844
0.00128082
-0.0223285
0.000680245
-0.0223248
-1.75139e-05
-0.0223521
-0.000727723
-0.0224008
-0.00146339
-0.00209022
-0.00253019
-0.0126571
-0.00545347
-0.00988804
-0.00838476
-0.00714043
-0.0111823
-0.00511145
-0.0137649
-0.00359491
-0.0161058
-0.00247172
-0.0181989
-0.0016561
-0.0200509
-0.00107787
-0.0216775
-0.00067275
-0.0230993
-0.000386736
-0.0243371
-0.000176681
-0.0254069
-1.07932e-05
-0.0263169
0.000134057
-0.0270755
0.000279655
-0.0276928
0.000444911
-0.028192
0.000642695
-0.0285943
0.000881913
-0.028894
0.00115518
-0.0290785
0.00143577
-0.0291575
0.00167809
-0.029154
0.00184179
-0.0290879
0.00189983
-0.0289771
0.00182539
-0.0288519
0.00158792
-0.0287503
0.00117918
-0.0287017
0.000631659
-0.0287188
-3.48754e-07
-0.028786
-0.000660562
-0.028901
-0.00134843
-0.00190473
-0.00398628
-0.00867086
-0.00813628
-0.00573805
-0.0121216
-0.00315511
-0.0157268
-0.00150621
-0.0188896
-0.000432134
-0.0215895
0.00022811
-0.0238466
0.0006011
-0.0257213
0.00079682
-0.0272854
0.000891337
-0.0286003
0.00092813
-0.0297133
0.000936295
-0.0306595
0.000935468
-0.0314668
0.000941322
-0.032155
0.000967814
-0.0327371
0.00102705
-0.0332228
0.0011284
-0.0336131
0.00127223
-0.0339028
0.00144483
-0.0340865
0.00161955
-0.0341714
0.00176298
-0.0341754
0.00184581
-0.0341201
0.00184448
-0.0340289
0.00173417
-0.0339317
0.00149077
-0.0338615
0.00110901
-0.0338453
0.000615395
-0.0338967
5.10753e-05
-0.0340101
-0.000547177
-0.0341857
-0.00117278
-0.00166224
-0.00567914
-0.00299172
-0.0113446
-7.2638e-05
-0.0160402
0.00154057
-0.0199134
0.002367
-0.0230611
0.00271554
-0.0256288
0.00279581
-0.0277629
0.00273519
-0.0295624
0.00259632
-0.0310862
0.00241508
-0.0323818
0.00222379
-0.0334893
0.00204374
-0.0344382
0.00188436
-0.035248
0.00175113
-0.0359337
0.00165352
-0.0365105
0.00160393
-0.0369914
0.00160926
-0.0373817
0.00166255
-0.0376797
0.00174276
-0.0378821
0.00182199
-0.0379937
0.00187453
-0.0380292
0.00188134
-0.0380104
0.00182573
-0.0379631
0.00168679
-0.0379156
0.00144326
-0.0378961
0.00108953
-0.0379278
0.000647159
-0.0380249
0.000148149
-0.0381878
-0.000384291
-0.0384185
-0.000942088
-0.00137457
-0.00723537
0.00424365
-0.0134486
0.00614063
-0.0183791
0.00647107
-0.0223894
0.0063773
-0.0256677
0.00599379
-0.0283523
0.00548048
-0.030559
0.00494185
-0.0323847
0.00442205
-0.0339069
0.00393728
-0.035187
0.00350385
-0.0362751
0.00313186
-0.0372065
0.00281573
-0.038001
0.00254567
-0.0386728
0.00232528
-0.0392385
0.0021697
-0.0397157
0.00208638
-0.040114
0.00206092
-0.0404331
0.00206184
-0.0406679
0.0020568
-0.0408193
0.00202592
-0.0408998
0.0019618
-0.0409317
0.00185766
-0.0409418
0.00169694
-0.0409566
0.00145806
-0.0409992
0.00113206
-0.0410873
0.000735296
-0.0412352
0.000295993
-0.0414485
-0.000170925
-0.0417317
-0.000658855
-0.00104032
-0.00802787
0.0122715
-0.0148818
0.0129946
-0.020372
0.0119612
-0.024646
0.0106513
-0.027997
0.00934482
-0.0306541
0.00813752
-0.0327932
0.00708102
-0.0345442
0.00617301
-0.0359916
0.00538468
-0.0372006
0.00471287
-0.0382302
0.00416146
-0.0391204
0.00370585
-0.0398861
0.00331145
-0.0405348
0.00297389
-0.0410835
0.00271843
-0.0415567
0.00255957
-0.0419696
0.00247388
-0.0423207
0.00241286
-0.0425987
0.00233479
-0.0427982
0.00222544
-0.0429297
0.00209337
-0.0430181
0.001946
-0.0430922
0.00177104
-0.0431766
0.00154251
-0.0432886
0.00124399
-0.0434393
0.000886067
-0.0436412
0.000497873
-0.0439068
9.462e-05
-0.0442433
-0.000322273
-0.000654435
-0.00936434
0.0216359
-0.0171904
0.0208207
-0.0229197
0.0176905
-0.0270911
0.0148227
-0.0302422
0.012496
-0.0326653
0.0105606
-0.0345797
0.00899547
-0.0361492
0.00774247
-0.0374493
0.00668479
-0.0385316
0.00579517
-0.0394644
0.00509425
-0.0402952
0.00453667
-0.041026
0.00404226
-0.041646
0.00359383
-0.042171
0.00324347
-0.0426386
0.00302713
-0.0430728
0.00290814
-0.0434679
0.00280791
-0.0438004
0.00266736
-0.0440547
0.00247974
-0.0442397
0.00227832
-0.0443857
0.00209202
-0.0445267
0.00191204
-0.0446857
0.00170145
-0.0448726
0.00143094
-0.0450916
0.00110502
-0.0453509
0.000757173
-0.0456682
0.000412004
-0.0460573
6.68317e-05
-0.000209554
-0.0118211
0.033457
-0.0209298
0.0299293
-0.0264314
0.0231921
-0.0299008
0.0182921
-0.0325025
0.0150977
-0.0344555
0.0125136
-0.0359635
0.0105034
-0.0372492
0.00902816
-0.0383479
0.00778355
-0.039253
0.00670021
-0.0400507
0.00589195
-0.0408131
0.00529909
-0.0415156
0.00474475
-0.0421067
0.00418496
-0.0425981
0.00373488
-0.043055
0.00348398
-0.0435189
0.00337207
-0.0439746
0.00326354
-0.0443765
0.00306935
-0.044692
0.00279517
-0.0449289
0.0025152
-0.0451297
0.00229282
-0.0453382
0.00212058
-0.045576
0.0019392
-0.0458434
0.00169836
-0.0461338
0.00139544
-0.0464503
0.0010737
-0.0468173
0.000778931
-0.0472639
0.000513436
0.000303675
-0.0162645
0.0497216
-0.027023
0.0406878
-0.0315086
0.0276777
-0.0330831
0.0198666
-0.0347549
0.0167694
-0.0360158
0.0137746
-0.0368987
0.0113863
-0.0378241
0.00995362
-0.0387303
0.00868968
-0.0394156
0.0073855
-0.0400262
0.00650257
-0.0407216
0.00599453
-0.0414257
0.00544882
-0.0419981
0.00475737
-0.0424372
0.00417398
-0.0428705
0.00391727
-0.0433763
0.00387784
-0.0439178
0.00380512
-0.0444104
0.00356196
-0.0447933
0.003178
-0.0450748
0.00279674
-0.0453212
0.00253925
-0.045595
0.00239439
-0.0459153
0.00225947
-0.0462678
0.00205088
-0.046631
0.00175862
-0.0470001
0.00144276
-0.0474066
0.00118548
-0.0479011
0.00100789
0.000886729
0.207447
0.00576123
0.207034
0.011177
0.206431
0.0163527
0.205647
0.0213714
0.204687
0.0262979
0.203559
0.0311866
0.202269
0.0360849
0.200823
0.0410347
0.199226
0.0460728
0.197484
0.0512323
0.195602
0.0565435
0.193587
0.0620347
0.191443
0.0677332
0.189175
0.0736664
0.186788
0.0798629
0.184287
0.0863538
0.181675
0.093175
0.178953
0.10037
0.176122
0.107991
0.17318
0.116109
0.170123
0.124814
0.166946
0.134231
0.163646
0.14453
0.160224
0.155956
0.156704
0.16886
0.153182
0.183773
0.150027
0.201488
0.148926
0.222918
0.160708
0.245533
0.258597
0.236549
0.21249
0.00595374
0.212117
0.01155
0.211574
0.0168965
0.210867
0.0220776
0.210006
0.0271588
0.208999
0.0321946
0.207851
0.0372326
0.206571
0.0423145
0.205167
0.0474771
0.203646
0.0527531
0.202017
0.0581723
0.200289
0.0637625
0.198472
0.0695502
0.196577
0.0755621
0.194614
0.0818256
0.192597
0.0883707
0.190541
0.0952315
0.188462
0.102448
0.186383
0.11007
0.184331
0.11816
0.182348
0.126797
0.180495
0.136084
0.17887
0.146155
0.177647
0.157179
0.177147
0.16936
0.178027
0.182892
0.181708
0.197807
0.190799
0.213827
0.206312
0.23002
0.245452
0.219458
0.217658
0.00612376
0.217328
0.0118792
0.216849
0.0173754
0.216229
0.0226976
0.215477
0.0279116
0.214599
0.0330717
0.213607
0.0382253
0.212507
0.0434138
0.211311
0.0486732
0.210029
0.0540355
0.208672
0.0595295
0.207253
0.0651816
0.205786
0.071017
0.204288
0.0770604
0.202776
0.0833368
0.201274
0.0898729
0.199807
0.0966985
0.198408
0.103847
0.197119
0.11136
0.195995
0.119284
0.195115
0.127677
0.194593
0.136607
0.194598
0.14615
0.195395
0.156383
0.197394
0.167361
0.201206
0.17908
0.2076
0.191413
0.217234
0.204193
0.229816
0.217438
0.228568
0.2467
0.222951
0.00626932
0.22267
0.0121607
0.222261
0.0177838
0.221735
0.0232243
0.221099
0.0285476
0.220362
0.0338078
0.219536
0.0390516
0.21863
0.0443195
0.217657
0.0496467
0.216629
0.0550637
0.21556
0.060598
0.214468
0.0662739
0.213371
0.0721144
0.21229
0.0781412
0.211251
0.0843757
0.210284
0.0908398
0.209426
0.0975565
0.208722
0.104551
0.208232
0.11185
0.208031
0.119485
0.208222
0.127485
0.208946
0.135883
0.210395
0.144701
0.212833
0.153945
0.216606
0.163588
0.222132
0.173554
0.229859
0.183686
0.240353
0.193699
0.254529
0.203262
0.210122
0.272975
0.228374
0.00638853
0.228144
0.0123909
0.227811
0.0181167
0.227384
0.023651
0.226873
0.0290588
0.226287
0.0343935
0.225638
0.0397008
0.224938
0.04502
0.2242
0.0503849
0.223439
0.0558244
0.222673
0.0613636
0.221922
0.0670249
0.221209
0.0728279
0.220559
0.0787907
0.220005
0.08493
0.219583
0.0912616
0.219339
0.0978009
0.219327
0.104562
0.219618
0.11156
0.220299
0.118804
0.221483
0.126301
0.223315
0.134051
0.22598
0.142036
0.229707
0.150217
0.234776
0.158519
0.241515
0.166815
0.2503
0.174901
0.261576
0.182423
0.275812
0.189026
0.193625
0.292308
0.233929
0.00647973
0.233754
0.0125666
0.233501
0.0183692
0.23318
0.0239716
0.232801
0.0294381
0.232374
0.0348207
0.231911
0.0401638
0.231425
0.0455054
0.230933
0.0508773
0.230451
0.0563065
0.229999
0.0618158
0.229599
0.0674242
0.229279
0.0731483
0.229068
0.0790016
0.229002
0.0849958
0.229124
0.09114
0.229484
0.0974412
0.230143
0.103903
0.231175
0.110527
0.232673
0.117306
0.234746
0.124227
0.237533
0.131265
0.241194
0.138375
0.245923
0.145488
0.251939
0.152503
0.259484
0.159271
0.268797
0.165588
0.280056
0.171164
0.293354
0.175728
0.178768
0.308211
0.23962
0.00654142
0.239501
0.0126849
0.239333
0.0185373
0.239124
0.0241812
0.238883
0.0296793
0.238621
0.0350824
0.238351
0.0404332
0.238089
0.0457678
0.23785
0.0511161
0.237654
0.0565026
0.237523
0.0619473
0.237481
0.0674663
0.237557
0.0730721
0.237785
0.078774
0.238202
0.0845779
0.238856
0.0904866
0.239798
0.0964992
0.241091
0.10261
0.24281
0.108808
0.245043
0.115074
0.247892
0.121379
0.251476
0.127681
0.25593
0.13392
0.261404
0.140014
0.268053
0.145854
0.276026
0.151298
0.285443
0.156172
0.296347
0.16026
0.308726
0.163349
0.165173
0.322321
0.245448
0.00657233
0.24539
0.0127433
0.24531
0.0186175
0.245215
0.0242752
0.245117
0.0297774
0.245027
0.0351731
0.244957
0.0405032
0.244923
0.0458015
0.244943
0.0510958
0.245038
0.056408
0.24523
0.0617552
0.245546
0.0671502
0.246016
0.0726016
0.246676
0.0781143
0.247565
0.0836891
0.248729
0.0893227
0.250221
0.0950071
0.252102
0.100729
0.254442
0.106468
0.257321
0.112195
0.260827
0.117873
0.265059
0.123449
0.27012
0.128858
0.276118
0.134017
0.283151
0.138821
0.2913
0.143149
0.300612
0.14686
0.311074
0.149798
0.322619
0.151804
0.152747
0.335044
0.251418
0.00657144
0.251421
0.0127401
0.251432
0.0186071
0.251457
0.0242503
0.251505
0.0297286
0.251589
0.0350889
0.251723
0.0403699
0.251921
0.0456033
0.252203
0.0508141
0.252589
0.0560218
0.253104
0.0612406
0.253774
0.0664799
0.254631
0.0717447
0.255709
0.0770358
0.257049
0.0823493
0.258695
0.0876769
0.260697
0.0930049
0.263112
0.0983138
0.266002
0.103577
0.269436
0.108761
0.273486
0.113822
0.278229
0.118707
0.283739
0.123348
0.290085
0.12767
0.297325
0.131582
0.30549
0.134983
0.314584
0.137767
0.32456
0.139823
0.335318
0.141045
0.141377
0.346689
0.257532
0.00653801
0.257599
0.0126736
0.257702
0.0185041
0.257848
0.0241044
0.258046
0.0295307
0.258307
0.0348277
0.258645
0.0400317
0.259076
0.045172
0.259619
0.0502713
0.260295
0.0553463
0.261127
0.0604082
0.262143
0.0654636
0.263374
0.070514
0.264853
0.0755567
0.266618
0.0805841
0.268711
0.0855836
0.271179
0.0905377
0.274069
0.0954229
0.277437
0.10021
0.281338
0.104861
0.285828
0.109333
0.290961
0.113573
0.296788
0.117521
0.303349
0.121109
0.310667
0.124264
0.318744
0.126906
0.327554
0.128957
0.337031
0.130345
0.347072
0.131004
0.130914
0.357535
0.263794
0.00647156
0.263925
0.0125431
0.264121
0.0183075
0.264389
0.0238361
0.264738
0.0291825
0.265177
0.0343887
0.26572
0.0394888
0.266382
0.0445094
0.267183
0.0494707
0.268142
0.0543869
0.269284
0.0592667
0.270633
0.0641137
0.272221
0.0689268
0.274077
0.0737002
0.276238
0.0784235
0.27874
0.0830814
0.281624
0.0876536
0.284932
0.092115
0.288707
0.0964345
0.292992
0.100576
0.297828
0.104497
0.303251
0.10815
0.309291
0.111482
0.315963
0.114437
0.323269
0.116957
0.331191
0.118984
0.339685
0.120463
0.348682
0.121348
0.358084
0.121603
0.121227
0.367771
0.270207
0.00637192
0.270402
0.0123482
0.270692
0.0180169
0.271083
0.0234454
0.271581
0.0286844
0.272196
0.0337733
0.272942
0.0387434
0.273832
0.0436192
0.274885
0.0484182
0.276119
0.0531523
0.277558
0.0578278
0.279226
0.0624461
0.281149
0.0670036
0.283357
0.0714926
0.28588
0.0759006
0.28875
0.0802107
0.292002
0.0844016
0.29567
0.0884477
0.299785
0.0923188
0.30438
0.0959808
0.309482
0.0993954
0.31511
0.102521
0.321278
0.105314
0.327985
0.10773
0.335218
0.109724
0.342945
0.111256
0.351118
0.11229
0.359667
0.112799
0.368503
0.112766
0.112203
0.377527
0.276774
0.00623918
0.277033
0.0120892
0.277417
0.0176328
0.277929
0.0229332
0.278575
0.0280381
0.279364
0.032984
0.280308
0.0377998
0.28142
0.0425073
0.282716
0.0471219
0.284215
0.0516534
0.285937
0.056106
0.287904
0.0604792
0.290139
0.0647678
0.292669
0.0689626
0.29552
0.0730501
0.298718
0.0770128
0.30229
0.0808296
0.306262
0.0844759
0.310657
0.0879236
0.315496
0.0911418
0.320794
0.0940976
0.326558
0.0967563
0.33279
0.0990828
0.339477
0.101043
0.346596
0.102605
0.35411
0.103742
0.361968
0.104432
0.370105
0.104663
0.378442
0.104429
0.103748
0.386897
0.283498
0.00607372
0.28382
0.0117669
0.284297
0.0171565
0.284928
0.0223017
0.28572
0.0272467
0.286678
0.0320252
0.287814
0.0366637
0.28914
0.0411816
0.29067
0.0455923
0.29242
0.0499035
0.294408
0.054118
0.296653
0.0582336
0.299177
0.0622444
0.301999
0.0661401
0.305142
0.0699071
0.308627
0.0735284
0.312472
0.0769837
0.316698
0.0802503
0.321318
0.0833034
0.326344
0.0861161
0.331781
0.0886608
0.337627
0.0909097
0.343874
0.092836
0.350502
0.0944148
0.357483
0.0956245
0.364777
0.0964483
0.372334
0.0968752
0.380095
0.0969016
0.387993
0.0965309
0.0957833
0.395958
0.290384
0.00587618
0.290768
0.0113825
0.291335
0.0165901
0.292083
0.0215537
0.293015
0.0263142
0.294138
0.0309026
0.295459
0.0353426
0.296989
0.0396517
0.29874
0.0438413
0.300726
0.0479175
0.302962
0.0518819
0.305464
0.0557313
0.308249
0.0594592
0.311334
0.0630553
0.314735
0.0665063
0.318467
0.0697961
0.322545
0.0729064
0.326978
0.075817
0.331775
0.0785062
0.336939
0.080952
0.342468
0.0831319
0.348353
0.0850246
0.354579
0.0866103
0.361122
0.0878718
0.367951
0.0887958
0.375026
0.0893732
0.3823
0.0896005
0.389722
0.0894802
0.397232
0.0890203
0.0882421
0.404774
0.297435
0.00564742
0.297879
0.0109378
0.298533
0.0159363
0.299394
0.0206931
0.300462
0.0252459
0.301742
0.0296227
0.30324
0.033845
0.304963
0.0379282
0.306922
0.0418821
0.309128
0.0457115
0.311593
0.0494168
0.31433
0.0529948
0.317351
0.0564383
0.320668
0.0597377
0.324294
0.0628806
0.328238
0.0658522
0.332508
0.0686366
0.337109
0.0712163
0.342041
0.0735733
0.347304
0.0756898
0.352887
0.0775486
0.358778
0.0791337
0.364957
0.0804314
0.371398
0.0814309
0.378068
0.0821249
0.384932
0.0825101
0.391944
0.0825881
0.399059
0.0823651
0.406227
0.081852
0.0810695
0.4134
0.304654
0.00538851
0.305157
0.0104348
0.305895
0.0151982
0.306864
0.0197244
0.308062
0.0240475
0.309492
0.0281932
0.311156
0.0321805
0.313061
0.0360229
0.315215
0.0397288
0.317624
0.043302
0.320299
0.0467423
0.323247
0.0500462
0.326479
0.053207
0.330001
0.0562155
0.333821
0.0590607
0.337943
0.0617297
0.342371
0.0642087
0.347104
0.0664834
0.352138
0.0685393
0.357466
0.0703625
0.363074
0.0719402
0.368946
0.0732613
0.375061
0.074317
0.38139
0.0751014
0.387903
0.0756117
0.394565
0.0758488
0.401336
0.0758173
0.408175
0.0755259
0.41504
0.0749866
0.0742189
0.421891
0.312046
0.00510064
0.312605
0.00987602
0.313424
0.0143795
0.314495
0.0186525
0.315817
0.0227258
0.317388
0.0266223
0.319209
0.0303591
0.321284
0.0339478
0.323618
0.0373957
0.326214
0.0407058
0.329078
0.0438776
0.332217
0.0469073
0.335635
0.0497891
0.339336
0.0525148
0.343322
0.0550745
0.347594
0.0574576
0.35215
0.0596526
0.356986
0.0616479
0.362093
0.0634324
0.367459
0.0649957
0.373071
0.0663287
0.378907
0.0674245
0.384946
0.0682781
0.391161
0.068887
0.397521
0.069252
0.403993
0.0693765
0.410543
0.0692673
0.417135
0.068934
0.423732
0.0683891
0.0676505
0.430301
0.319615
0.00478515
0.320227
0.00926397
0.321122
0.0134842
0.322292
0.0174829
0.32373
0.0212876
0.325434
0.0249187
0.327402
0.0283912
0.329634
0.0317154
0.332133
0.0348973
0.334899
0.0379394
0.337936
0.0408409
0.341245
0.0435986
0.344827
0.046207
0.348682
0.0486592
0.35281
0.050947
0.357206
0.0530614
0.361865
0.0549935
0.366779
0.0567341
0.371936
0.058275
0.377323
0.0596089
0.382922
0.0607301
0.388712
0.0616344
0.39467
0.0623198
0.40077
0.0627868
0.406984
0.0630381
0.413282
0.0630791
0.419632
0.0629174
0.426002
0.0625631
0.432363
0.0620282
0.0613291
0.438685
0.327365
0.00444339
0.328028
0.00860136
0.328996
0.0125162
0.330258
0.0162209
0.331805
0.0197398
0.333633
0.023091
0.335737
0.0262873
0.338115
0.0293377
0.340765
0.0322474
0.343686
0.0350182
0.346877
0.0376496
0.350337
0.0401385
0.354064
0.0424805
0.358053
0.0446696
0.362301
0.0466992
0.3668
0.0485623
0.371542
0.0502517
0.376515
0.0517609
0.381706
0.053084
0.387099
0.0542162
0.392675
0.0551543
0.398412
0.0558965
0.404289
0.056443
0.41028
0.0567961
0.416358
0.05696
0.422496
0.0569408
0.428667
0.0567468
0.434842
0.0563878
0.440995
0.0558752
0.0552235
0.447101
0.335301
0.00407671
0.336011
0.00789084
0.337048
0.0114796
0.338396
0.0148721
0.340047
0.0180896
0.34199
0.0211476
0.34422
0.0240573
0.346731
0.0268263
0.34952
0.0294589
0.352581
0.0319568
0.355912
0.0343192
0.359506
0.0365439
0.36336
0.038627
0.367466
0.0405638
0.371816
0.042349
0.376401
0.0439773
0.381209
0.0454433
0.386228
0.0467425
0.391441
0.0478711
0.396831
0.0488262
0.402379
0.0496064
0.408063
0.0502119
0.413862
0.0506443
0.419751
0.0509071
0.425706
0.051005
0.431702
0.0509449
0.437714
0.0507348
0.443718
0.050384
0.44969
0.0499029
0.0493045
0.455609
0.343426
0.00368635
0.344182
0.00713487
0.345283
0.0103782
0.346714
0.0134417
0.34846
0.0163435
0.350511
0.0190967
0.352858
0.0217107
0.355492
0.0241918
0.358407
0.0265438
0.361596
0.0287679
0.365052
0.0308636
0.368767
0.032829
0.372732
0.0346611
0.37694
0.0363562
0.381379
0.0379103
0.386037
0.0393193
0.3909
0.0405798
0.395954
0.0416885
0.401182
0.0426433
0.406566
0.0434428
0.412085
0.0440872
0.417719
0.0445777
0.423446
0.0449169
0.429245
0.0451088
0.435091
0.0451587
0.440963
0.0450732
0.446838
0.04486
0.452694
0.0445276
0.458511
0.0440855
0.0435449
0.464271
0.351747
0.00327336
0.352546
0.00633556
0.353709
0.00921534
0.355216
0.0119343
0.357052
0.0145075
0.359203
0.0169455
0.361658
0.0192559
0.364406
0.0214439
0.367437
0.0235125
0.370742
0.0254628
0.374312
0.0272943
0.378135
0.0290057
0.382202
0.0305945
0.3865
0.032058
0.391017
0.0333933
0.395739
0.0345975
0.40065
0.0356683
0.405735
0.0366039
0.410975
0.0374031
0.416352
0.038066
0.421846
0.0385933
0.427436
0.0389871
0.433102
0.0392506
0.438823
0.0393879
0.444578
0.0394044
0.450345
0.0393061
0.456104
0.0391003
0.461838
0.0387945
0.467526
0.038397
0.0379175
0.473153
0.360267
0.00283837
0.361108
0.00549431
0.36233
0.0079936
0.36391
0.0103542
0.365831
0.0125873
0.368075
0.0147008
0.370631
0.0167006
0.373484
0.0185909
0.376622
0.020374
0.380034
0.0220508
0.383707
0.0236209
0.38763
0.0250832
0.391789
0.0264359
0.396169
0.0276771
0.400758
0.0288047
0.405539
0.0298169
0.410495
0.0307122
0.415609
0.0314897
0.420863
0.0321492
0.426238
0.0326913
0.431713
0.0331175
0.437271
0.0334301
0.442889
0.0336324
0.448548
0.0337286
0.454229
0.0337235
0.459912
0.0336228
0.46558
0.0334328
0.471214
0.0331602
0.476799
0.032812
0.0323966
0.48232
0.368993
0.00238129
0.369876
0.00461137
0.371155
0.00671461
0.372805
0.00870443
0.374805
0.0105873
0.377138
0.012368
0.379788
0.014051
0.382739
0.0156396
0.385977
0.0171355
0.389489
0.0185391
0.39326
0.0198502
0.397275
0.0210679
0.40152
0.022191
0.405979
0.0232181
0.410636
0.0241478
0.415474
0.0249789
0.420475
0.0257108
0.425622
0.0263431
0.430895
0.0268762
0.436275
0.027311
0.441743
0.0276492
0.44728
0.0278933
0.452866
0.0280465
0.458482
0.0281124
0.46411
0.0280954
0.469732
0.0280006
0.475332
0.0278331
0.480894
0.0275988
0.486402
0.0273034
0.0269537
0.491845
0.377932
0.00190053
0.378858
0.0036848
0.380194
0.00537902
0.38191
0.00698826
0.383986
0.00851185
0.386401
0.00995222
0.38914
0.0113129
0.392183
0.0125961
0.395516
0.0138028
0.399122
0.0149333
0.402985
0.0159872
0.407089
0.0169639
0.411417
0.0178626
0.415953
0.0186823
0.420679
0.0194221
0.425576
0.0200813
0.430627
0.0206597
0.435813
0.0211574
0.441114
0.0215749
0.446512
0.0219134
0.451987
0.0221745
0.45752
0.0223604
0.463092
0.022474
0.468686
0.0225185
0.474284
0.0224975
0.479869
0.0224152
0.485426
0.0222759
0.490941
0.0220843
0.496399
0.021845
0.0215638
0.501789
0.387091
0.00139087
0.388069
0.00270736
0.389463
0.00398435
0.391246
0.00520592
0.393395
0.00636262
0.395891
0.00745625
0.398714
0.00848976
0.401846
0.00946429
0.405268
0.0103801
0.408965
0.011237
0.412917
0.0120349
0.417108
0.0127732
0.421519
0.0134513
0.426133
0.0140686
0.43093
0.0146247
0.435892
0.015119
0.441
0.0155517
0.446235
0.0159228
0.451577
0.0162332
0.457006
0.0164838
0.462505
0.016676
0.468054
0.0168117
0.473634
0.0168932
0.47923
0.0169231
0.484823
0.0169041
0.490399
0.0168394
0.495942
0.0167325
0.50144
0.0165866
0.50688
0.0164052
0.0161924
0.512251
0.396484
0.000839297
0.397518
0.0016735
0.398968
0.00253475
0.400812
0.00336126
0.403033
0.0041425
0.405606
0.00488296
0.408511
0.0055844
0.411729
0.00624647
0.41524
0.00686872
0.419026
0.00745089
0.423069
0.0079927
0.427348
0.00849379
0.431846
0.00895372
0.436542
0.00937208
0.441418
0.00974855
0.446454
0.010083
0.451631
0.0103754
0.456928
0.010626
0.462325
0.0108354
0.467805
0.0110043
0.473347
0.0111339
0.478933
0.0112254
0.484546
0.0112804
0.490168
0.0113008
0.495784
0.0112885
0.501378
0.0112457
0.506935
0.0111747
0.512444
0.011078
0.517891
0.0109581
0.010818
0.523266
0.406194
0.000155887
0.407291
0.000576102
0.408791
0.0010344
0.410695
0.00145763
0.41298
0.00185792
0.415622
0.00224076
0.418601
0.00260539
0.421897
0.0029505
0.42549
0.00327547
0.429361
0.00358
0.43349
0.00386386
0.437857
0.00412673
0.442442
0.00436833
0.447226
0.00458839
0.452188
0.00478674
0.457307
0.00496328
0.462565
0.00511802
0.46794
0.00525111
0.473412
0.00536284
0.478963
0.00545364
0.484573
0.00552409
0.490223
0.00557489
0.495897
0.00560689
0.501576
0.00562105
0.507246
0.00561841
0.512892
0.00560012
0.518499
0.00556736
0.524056
0.00552137
0.529551
0.00546336
0.00539518
0.534973
0.415475
0.416051
0.417086
0.418543
0.420401
0.422642
0.425247
0.428198
0.431473
0.435053
0.438917
0.443044
0.447412
0.452001
0.456787
0.461751
0.466869
0.47212
0.477483
0.482936
0.48846
0.494035
0.499642
0.505263
0.510882
0.516482
0.522049
0.52757
0.533034
0.538429
0.12908
0.107469
0.0398161
0.0892638
0.0574903
-0.0176742
0.210838
0.116088
0.194478
0.105624
0.0897803
0.162188
0.252383
0.110405
0.251673
0.106334
0.0993999
0.242054
0.279936
0.103444
0.283796
0.102474
0.0997756
0.283421
0.299709
0.096043
0.305868
0.0963148
0.0955895
0.310054
0.315544
0.0887101
0.322488
0.0893708
0.0894916
0.328586
0.329166
0.0818654
0.33597
0.0825662
0.0829688
0.342493
0.341299
0.0756105
0.347632
0.0762333
0.0766726
0.353928
0.3524
0.0698994
0.358208
0.070425
0.0708227
0.364058
0.362773
0.0646611
0.368096
0.065102
0.0654459
0.373473
0.372605
0.0598279
0.377506
0.060201
0.0604971
0.382454
0.382015
0.0553391
0.386558
0.0556585
0.0559155
0.39114
0.391093
0.0511431
0.395332
0.0514196
0.0516448
0.399603
0.399904
0.0471975
0.403885
0.0474388
0.0476378
0.407892
0.408504
0.0434671
0.412264
0.0436792
0.043856
0.416045
0.416944
0.0399232
0.420513
0.0401104
0.0402681
0.424101
0.425273
0.0365414
0.428676
0.0367071
0.036848
0.432096
0.433541
0.0333013
0.4368
0.0334481
0.0335739
0.440074
0.441801
0.030185
0.444934
0.0303149
0.030427
0.448081
0.450109
0.0271764
0.453133
0.027291
0.0273906
0.456169
0.458524
0.0242611
0.461454
0.0243616
0.0244496
0.464395
0.467107
0.021425
0.469956
0.0215126
0.0215896
0.472816
0.475923
0.018655
0.478705
0.0187304
0.018797
0.481498
0.485037
0.0159376
0.487766
0.0160014
0.016058
0.490505
0.494523
0.0132599
0.497211
0.0133127
0.0133598
0.49991
0.504442
0.010607
0.507106
0.0106489
0.0106863
0.509779
0.514892
0.00796669
0.517542
0.00799821
0.00802657
0.520202
0.525913
0.00531935
0.528571
0.0053401
0.00535818
0.531239
0.537636
0.00265693
0.54031
0.00266621
0.00267491
0.542993
0.541086
0.543752
0.546427
-0.0344426
0.06649
-0.0424337
0.0486788
-0.0426984
0.0279424
-0.0373953
0.0145634
-0.0378175
0.0171917
-0.0386527
0.0146098
-0.0387394
0.011473
-0.039263
0.0104772
-0.0401153
0.00954195
-0.0405051
0.00777531
-0.0408199
0.00681738
-0.0415009
0.00667553
-0.0423306
0.00627846
-0.0429472
0.00537402
-0.0433041
0.00453089
-0.0436934
0.0043066
-0.0442828
0.00446721
-0.0449786
0.00450095
-0.0456184
0.00420173
-0.0460922
0.00365177
-0.0464113
0.00311584
-0.0466924
0.00282037
-0.047037
0.00273903
-0.0474583
0.00268077
-0.0479157
0.00250828
-0.0483644
0.00220736
-0.0487876
0.00186588
-0.0492259
0.00162381
-0.0497644
0.00154644
0.0015462
0.0981297
0.130548
0.0501589
0.0966497
0.00674604
0.0713553
-0.0251677
0.0464772
-0.039442
0.0314659
-0.0426391
0.0178069
-0.0397473
0.00858116
-0.0387678
0.0094977
-0.0400444
0.0108186
-0.0402412
0.00797204
-0.0401293
0.00670556
-0.0408982
0.00744436
-0.0420583
0.00743859
-0.0427504
0.00606609
-0.0428396
0.00462006
-0.0430544
0.00452147
-0.0437593
0.00517206
-0.0446813
0.00542301
-0.0455131
0.0050335
-0.0460693
0.00420793
-0.0463656
0.00341215
-0.0466227
0.00307752
-0.0470188
0.00313509
-0.0475469
0.00320892
-0.0481169
0.00307828
-0.0486503
0.00274075
-0.0491131
0.00232862
-0.0495498
0.00206051
-0.050102
0.00209869
0.00225285
0.205063
0.167539
0.164792
0.13692
0.125602
0.110545
0.0853934
0.086686
0.0493229
0.0675364
0.0144622
0.0526677
-0.015173
0.0382164
-0.033167
0.0274917
-0.040354
0.0180056
-0.0410549
0.00867299
-0.0383621
0.00401277
-0.0386315
0.00771368
-0.0404876
0.0092947
-0.041352
0.00693057
-0.0409729
0.00424095
-0.040865
0.0044135
-0.0418085
0.00611562
-0.0430843
0.00669877
-0.0441529
0.00610213
-0.0447401
0.00479514
-0.044874
0.00354602
-0.0449936
0.00319707
-0.0454249
0.00356644
-0.0460915
0.00387552
-0.0468012
0.00378801
-0.0474287
0.00336821
-0.0479238
0.00282371
-0.0483207
0.00245741
-0.0488387
0.00261669
0.00302223
0.268581
0.182379
0.244584
0.160917
0.215851
0.139278
0.183821
0.118716
0.151259
0.100099
0.120109
0.0838176
0.0893515
0.068974
0.0607592
0.056084
0.0339038
0.044861
0.00630563
0.0362712
-0.0169985
0.0273169
-0.0308194
0.0215345
-0.0372461
0.0157214
-0.0395637
0.00924817
-0.0385478
0.00322503
-0.0364622
0.00232796
-0.0376307
0.00728414
-0.0395537
0.00862174
-0.0410016
0.00755001
-0.0416353
0.0054288
-0.0415039
0.00341466
-0.0413976
0.00309082
-0.0419319
0.00410069
-0.0428609
0.00480447
-0.0437916
0.00471878
-0.0445451
0.0041217
-0.0450759
0.00335449
-0.0453875
0.00276898
-0.0457449
0.00297416
0.00394088
0.308462
0.183971
0.298041
0.171338
0.28116
0.15616
0.259715
0.140161
0.235494
0.124319
0.209987
0.109324
0.183613
0.0953478
0.157182
0.0825156
0.131132
0.0709108
0.106564
0.0608398
0.0822283
0.0516521
0.0600878
0.0436751
0.0397174
0.0360918
0.0196614
0.0293042
-0.0013823
0.0242687
-0.018453
0.0193986
-0.0275219
0.0163531
-0.0322346
0.0133344
-0.0348336
0.010149
-0.0359728
0.00656804
-0.0356702
0.00311204
-0.0348961
0.00231672
-0.035691
0.00489562
-0.0372557
0.00636913
-0.0386343
0.00609742
-0.0396194
0.00510682
-0.0402333
0.0039684
-0.0404798
0.00301547
-0.0403782
0.0028725
0.00522249
0.334668
0.177888
0.333894
0.172113
0.327059
0.162994
0.315304
0.151916
0.299781
0.139842
0.281592
0.127513
0.261565
0.115375
0.240386
0.103695
0.218612
0.0926847
0.196873
0.0825789
0.175197
0.0733277
0.154089
0.0647827
0.133408
0.0567727
0.113194
0.0495184
0.0940692
0.0433937
0.0754362
0.0380316
0.0584932
0.0332961
0.0431141
0.0287135
0.0288785
0.0243846
0.0149924
0.0204542
0.000611832
0.0174926
-0.012021
0.0149495
-0.02014
0.0130146
-0.0248478
0.011077
-0.0277881
0.0090377
-0.0297071
0.00702585
-0.030945
0.00520623
-0.031813
0.00388355
-0.030966
0.00202544
0.00740375
0.35242
0.167962
0.357785
0.166748
0.358365
0.162414
0.35451
0.155771
0.346814
0.147538
0.335991
0.138336
0.32272
0.128646
0.307587
0.118828
0.291108
0.109164
0.273792
0.0998949
0.256013
0.0911069
0.238024
0.0827722
0.219911
0.0748853
0.201856
0.0675734
0.184205
0.0610444
0.167023
0.055214
0.150513
0.0498055
0.134575
0.0446517
0.119151
0.0398093
0.104172
0.035433
0.0898969
0.0317674
0.0762156
0.0286309
0.0634623
0.0257679
0.0516102
0.0229291
0.0404433
0.0202046
0.0297749
0.0176942
0.0194966
0.0154845
0.00981406
0.0135661
-0.000539261
0.0123788
0.0171696
0.365239
0.156651
0.373948
0.158038
0.379376
0.156986
0.381341
0.153807
0.379968
0.148912
0.375577
0.142727
0.368577
0.135646
0.359393
0.128012
0.348446
0.120111
0.336159
0.112182
0.322892
0.104374
0.308899
0.0967652
0.294362
0.0894221
0.279482
0.0824535
0.264536
0.0759906
0.249728
0.0700217
0.235121
0.0644125
0.220691
0.0590821
0.206441
0.0540596
0.192421
0.0494526
0.178803
0.0453848
0.165641
0.0417935
0.152937
0.0384714
0.140571
0.035295
0.128458
0.0323185
0.116511
0.029641
0.104634
0.0273617
0.0925975
0.0256022
0.0798298
0.0251465
0.0277274
0.375422
0.145288
0.385536
0.147924
0.393685
0.148837
0.399449
0.148043
0.40265
0.145711
0.403305
0.142072
0.401565
0.137386
0.397666
0.131911
0.391885
0.125892
0.384525
0.119541
0.375871
0.113027
0.366162
0.106474
0.355601
0.0999835
0.344391
0.0936635
0.332765
0.087617
0.32091
0.0818763
0.308917
0.0764053
0.296824
0.0711753
0.28467
0.0662136
0.272527
0.0615957
0.260517
0.0573952
0.248719
0.053591
0.237111
0.0500794
0.225608
0.0467984
0.214142
0.0437845
0.202652
0.0411309
0.191058
0.0389558
0.179214
0.037446
0.167267
0.0370931
0.0381717
0.384302
0.134459
0.394668
0.137557
0.404015
0.13949
0.411903
0.140156
0.418031
0.139583
0.42224
0.137863
0.424497
0.13513
0.424861
0.131547
0.423466
0.127287
0.420485
0.122522
0.416111
0.117402
0.41053
0.112055
0.40392
0.106594
0.396459
0.101125
0.388334
0.0957418
0.379707
0.0905028
0.370688
0.0854243
0.361347
0.0805164
0.351746
0.0758143
0.341964
0.0713786
0.332094
0.0672645
0.322206
0.0634796
0.312297
0.0599878
0.302327
0.0567688
0.292251
0.0538606
0.282032
0.0513497
0.271635
0.0493524
0.261057
0.048024
0.250573
0.0475778
0.0478786
0.392571
0.124342
0.402621
0.127507
0.41223
0.12988
0.421046
0.13134
0.428773
0.131855
0.435194
0.131442
0.440172
0.130151
0.443655
0.128064
0.445653
0.125288
0.446234
0.121941
0.445496
0.11814
0.443556
0.113995
0.440541
0.109609
0.436586
0.10508
0.431832
0.100496
0.426412
0.0959235
0.420428
0.0914075
0.413962
0.0869824
0.407084
0.0826926
0.399869
0.0785936
0.392396
0.0747372
0.384725
0.0711507
0.376874
0.0678386
0.368832
0.0648112
0.36058
0.062113
0.352106
0.0598234
0.343417
0.0580417
0.334568
0.0568731
0.32576
0.0563856
0.0563511
0.400554
0.114927
0.410073
0.117988
0.419464
0.12049
0.428477
0.122326
0.436879
0.123454
0.444464
0.123857
0.451074
0.123542
0.456598
0.12254
0.460979
0.120908
0.464203
0.118717
0.466296
0.116047
0.467308
0.112983
0.46731
0.109607
0.466387
0.106002
0.464636
0.102247
0.462151
0.098408
0.459019
0.0945396
0.455312
0.0906896
0.451096
0.0869084
0.446439
0.0832508
0.441407
0.0797693
0.436053
0.0765045
0.430407
0.0734849
0.424476
0.0707419
0.418263
0.0683263
0.411776
0.0663102
0.405042
0.0647751
0.398125
0.0637901
0.391146
0.063365
0.0632801
0.40839
0.10614
0.417345
0.109033
0.426322
0.111512
0.435157
0.113492
0.443678
0.114932
0.451726
0.115809
0.459157
0.116111
0.465853
0.115844
0.471729
0.115032
0.476731
0.113715
0.480835
0.111943
0.484044
0.109774
0.48638
0.107271
0.487885
0.104498
0.488612
0.10152
0.488623
0.0983975
0.487976
0.0951861
0.486729
0.0919371
0.484934
0.0887027
0.482648
0.085537
0.479924
0.0824936
0.476808
0.0796205
0.473332
0.0769604
0.469517
0.0745574
0.465377
0.0724665
0.460932
0.0707545
0.456217
0.0694901
0.451283
0.0687241
0.446195
0.0684539
0.0685054
0.416136
0.0978961
0.424567
0.100602
0.43309
0.10299
0.44159
0.104991
0.449951
0.106571
0.458054
0.107707
0.465784
0.10838
0.473041
0.108587
0.479738
0.108335
0.48581
0.107643
0.49121
0.106542
0.495914
0.105071
0.499911
0.103273
0.503212
0.101197
0.505838
0.0988945
0.507818
0.0964174
0.509188
0.093816
0.509985
0.0911399
0.510248
0.0884397
0.510017
0.0857679
0.509333
0.0831773
0.508235
0.0807191
0.506752
0.0784431
0.504909
0.0764003
0.502728
0.0746479
0.500233
0.0732491
0.497457
0.0722661
0.494437
0.0717444
0.4912
0.0716912
0.0719888
0.423824
0.0901179
0.431792
0.0926339
0.439881
0.0949004
0.448012
0.0968602
0.456099
0.098484
0.464056
0.0997498
0.471796
0.10064
0.479238
0.101145
0.486309
0.101264
0.492945
0.101007
0.499097
0.10039
0.504728
0.0994402
0.509813
0.098187
0.514343
0.0966671
0.518317
0.0949207
0.521744
0.0929902
0.524641
0.0909195
0.527027
0.0887539
0.528926
0.0865404
0.530366
0.0843282
0.531375
0.0821679
0.531983
0.080111
0.532217
0.0782096
0.532099
0.0765176
0.531654
0.0750928
0.530907
0.0739965
0.529885
0.0732884
0.528613
0.0730166
0.527097
0.0732063
0.0737963
0.431478
0.0827407
0.439042
0.0850697
0.446742
0.0872004
0.454518
0.0890846
0.462305
0.0906968
0.470038
0.0920169
0.47765
0.0930276
0.485078
0.0937171
0.492261
0.0940811
0.499145
0.0941226
0.505684
0.0938517
0.511839
0.0932845
0.517583
0.0924432
0.522895
0.091355
0.527765
0.090051
0.532189
0.0885663
0.53617
0.0869384
0.539717
0.0852073
0.542842
0.0834155
0.545561
0.0816084
0.547895
0.0798337
0.549865
0.078141
0.551493
0.076582
0.5528
0.0752108
0.553808
0.0740847
0.554541
0.0732639
0.555021
0.072808
0.555266
0.0727712
0.555276
0.0731972
0.074075
0.439126
0.0757106
0.446339
0.0778566
0.453695
0.0798442
0.461148
0.0816323
0.468646
0.0831987
0.476138
0.084525
0.483571
0.0855946
0.490893
0.0863948
0.498055
0.086919
0.505011
0.0871665
0.511721
0.0871423
0.518148
0.0868569
0.524265
0.0863262
0.53005
0.0855706
0.535486
0.084615
0.540564
0.083488
0.545281
0.0822217
0.549637
0.0808511
0.553638
0.0794145
0.557293
0.077953
0.560616
0.0765109
0.563622
0.0751351
0.566329
0.0738754
0.568755
0.0727846
0.570921
0.0719186
0.572848
0.0713365
0.574557
0.0710991
0.576062
0.0712664
0.577362
0.0718977
0.0730223
0.446803
0.0689818
0.45371
0.0709491
0.460765
0.0727896
0.467929
0.0744682
0.475162
0.0759656
0.482422
0.0772652
0.489665
0.0783513
0.496849
0.0792112
0.503931
0.0798368
0.510872
0.080225
0.517637
0.0803774
0.524194
0.0803005
0.530515
0.0800053
0.536578
0.0795074
0.542366
0.0788266
0.547868
0.0779866
0.553075
0.0770144
0.557985
0.075941
0.562599
0.0748002
0.566923
0.0736293
0.570965
0.0724689
0.574737
0.0713629
0.578254
0.0703584
0.581533
0.0695057
0.584592
0.0688592
0.587452
0.0684765
0.590133
0.068419
0.592648
0.068751
0.595003
0.0695426
0.0708516
0.454548
0.0625153
0.461189
0.0643079
0.46798
0.0659989
0.474889
0.0675587
0.481885
0.0689702
0.488931
0.0702189
0.495992
0.0712903
0.503031
0.0721721
0.510012
0.0728556
0.516901
0.073336
0.523666
0.0736128
0.530277
0.0736892
0.536709
0.073573
0.542941
0.0732756
0.548955
0.0728127
0.554738
0.0722039
0.56028
0.0714721
0.565577
0.0706441
0.570627
0.0697498
0.575434
0.0688229
0.580002
0.0679003
0.584343
0.0670224
0.588468
0.0662331
0.592393
0.0655804
0.596137
0.0651157
0.599718
0.0648952
0.603158
0.0649796
0.606473
0.0654353
0.609678
0.0663376
0.0677621
0.462408
0.0562765
0.468818
0.0578979
0.475379
0.0594383
0.482065
0.0608722
0.48885
0.0621853
0.495705
0.0633646
0.502598
0.0643971
0.509499
0.0652714
0.516376
0.0659786
0.523198
0.0665132
0.529938
0.0668731
0.536568
0.0670594
0.543064
0.067077
0.549405
0.0669345
0.555574
0.066644
0.561556
0.0662215
0.567342
0.0656864
0.572924
0.0650615
0.578301
0.0643733
0.583472
0.0636516
0.588443
0.0629297
0.59322
0.0622446
0.597817
0.0616369
0.602246
0.061151
0.606526
0.0608358
0.610677
0.0607447
0.61472
0.0609366
0.618677
0.0614776
0.622571
0.0624436
0.0639177
0.470437
0.0502339
0.476648
0.0516874
0.48301
0.0530764
0.489502
0.0543795
0.496103
0.0555842
0.502788
0.0566795
0.509531
0.057654
0.516306
0.0584971
0.523084
0.0592004
0.529839
0.0597581
0.536545
0.0601672
0.543177
0.0604274
0.549712
0.0605415
0.556131
0.0605157
0.562416
0.0603594
0.568552
0.0600854
0.574528
0.0597099
0.580338
0.0592524
0.585975
0.0587357
0.591441
0.0581862
0.596737
0.0576335
0.60187
0.057111
0.606852
0.0566557
0.611694
0.0563085
0.616415
0.0561147
0.621035
0.0561245
0.625578
0.0563939
0.63007
0.0569861
0.634539
0.057974
0.0594416
0.478692
0.0443581
0.484733
0.0456465
0.490926
0.0468839
0.497253
0.0480521
0.503696
0.0491408
0.510235
0.0501406
0.516848
0.0510415
0.523511
0.0518341
0.5302
0.0525107
0.536893
0.0530657
0.543565
0.0534955
0.550193
0.0537991
0.556757
0.0539777
0.563236
0.0540358
0.569615
0.0539806
0.575879
0.0538221
0.582015
0.0535737
0.588015
0.0532519
0.593875
0.0528763
0.599591
0.0524696
0.605167
0.0520581
0.610607
0.0516713
0.61592
0.0513425
0.621119
0.0511088
0.626222
0.0510116
0.63125
0.051097
0.636227
0.0514169
0.641183
0.0520301
0.646153
0.0530043
0.0544192
0.487235
0.0386209
0.493135
0.0397465
0.499187
0.040832
0.505377
0.0418623
0.511689
0.0428288
0.518106
0.0437237
0.524609
0.0445383
0.531179
0.0452645
0.537794
0.0458956
0.544433
0.0464262
0.551076
0.0468528
0.557701
0.0471737
0.56429
0.0473894
0.570823
0.0475028
0.577284
0.0475194
0.583659
0.0474472
0.589936
0.0472969
0.596105
0.0470824
0.602161
0.04682
0.608101
0.0465295
0.613926
0.0462334
0.61964
0.0459576
0.625251
0.0457316
0.630771
0.0455882
0.636219
0.0455645
0.641613
0.0457021
0.646982
0.0460479
0.652357
0.0466553
0.657777
0.0475849
0.0489107
0.496132
0.0329941
0.50192
0.0339587
0.50786
0.0348922
0.51394
0.0357821
0.520147
0.0366213
0.526468
0.0374035
0.532884
0.0381215
0.539381
0.0387683
0.545938
0.0393381
0.552538
0.0398262
0.559162
0.0402292
0.56579
0.0405453
0.572405
0.0407743
0.57899
0.0409183
0.585528
0.0409812
0.592006
0.0409693
0.598411
0.0408912
0.604736
0.0407583
0.610972
0.0405841
0.617116
0.0403852
0.623168
0.0401808
0.629133
0.039993
0.635017
0.0398474
0.640833
0.0397724
0.646597
0.0398006
0.65233
0.0399685
0.658061
0.0403175
0.663822
0.0408944
0.669654
0.0417524
0.0429571
0.505454
0.0274499
0.511158
0.0282547
0.517015
0.0290356
0.523014
0.0297827
0.529145
0.0304904
0.535395
0.0311535
0.54175
0.0317662
0.548196
0.0323228
0.554716
0.0328183
0.561293
0.0332487
0.567911
0.033611
0.574553
0.0339034
0.581202
0.0341257
0.587841
0.0342788
0.594457
0.0343659
0.601034
0.0343917
0.607562
0.034363
0.614032
0.0342888
0.620436
0.0341802
0.62677
0.0340507
0.633035
0.0339163
0.639232
0.0337955
0.64537
0.0337096
0.65146
0.0336827
0.657518
0.0337426
0.663566
0.0339202
0.669632
0.0342511
0.675751
0.0347753
0.681966
0.0355382
0.0365982
0.51527
0.0219588
0.520921
0.0226042
0.526725
0.023232
0.532673
0.0238342
0.538757
0.0244067
0.544965
0.0249453
0.551286
0.0254454
0.557706
0.0259026
0.564211
0.0263129
0.570787
0.026673
0.577418
0.0269804
0.584087
0.0272336
0.590781
0.027432
0.597483
0.0275764
0.60418
0.0276688
0.610859
0.0277129
0.617508
0.0277138
0.624119
0.0276786
0.630683
0.0276158
0.637197
0.0275363
0.643661
0.0274526
0.650077
0.0273798
0.656452
0.0273349
0.662797
0.0273377
0.669129
0.0274105
0.67547
0.0275791
0.681848
0.0278724
0.6883
0.0283235
0.694869
0.0289692
0.029857
0.52567
0.0164909
0.531297
0.016977
0.537079
0.0174503
0.543008
0.0179055
0.549075
0.0183391
0.555272
0.0187484
0.561587
0.0191299
0.56801
0.0194801
0.574527
0.0197962
0.581124
0.0200757
0.587788
0.0203165
0.594504
0.0205175
0.601258
0.0206782
0.608035
0.020799
0.614823
0.0208812
0.621608
0.0209275
0.62838
0.0209417
0.63513
0.0209287
0.641851
0.0208952
0.648538
0.020849
0.655191
0.0207997
0.661812
0.0207585
0.668409
0.0207385
0.674992
0.0207546
0.681578
0.0208242
0.68819
0.020967
0.694857
0.0212055
0.701615
0.0215658
0.708507
0.0220775
0.0227825
0.536717
0.011013
0.542356
0.011338
0.54815
0.0116563
0.554094
0.0119623
0.560179
0.0122539
0.566398
0.0125296
0.57274
0.0127871
0.579196
0.0130242
0.585754
0.0132387
0.5924
0.0134292
0.599123
0.0135941
0.605907
0.0137328
0.612741
0.0138447
0.61961
0.0139301
0.626501
0.0139899
0.633403
0.0140257
0.640305
0.0140401
0.647197
0.0140364
0.654073
0.0140188
0.66093
0.0139927
0.667765
0.0139646
0.674581
0.0139419
0.681386
0.0139336
0.688191
0.0139498
0.695013
0.0140024
0.701875
0.0141051
0.708806
0.0142738
0.715845
0.0145272
0.723036
0.0148866
0.0153816
0.548517
0.00548864
0.554199
0.00565623
0.560039
0.00581684
0.566031
0.00597008
0.572169
0.00611626
0.578444
0.00625458
0.584847
0.00638372
0.591369
0.00650245
0.597998
0.00660976
0.604722
0.00670484
0.611529
0.006787
0.618406
0.00685579
0.62534
0.006911
0.632317
0.00695272
0.639325
0.00698141
0.646353
0.00699788
0.65339
0.00700339
0.660427
0.00699962
0.667457
0.00698877
0.674476
0.00697355
0.681483
0.00695723
0.688482
0.0069437
0.695478
0.00693751
0.702483
0.00694398
0.709517
0.00696927
0.716601
0.00702071
0.723768
0.00710718
0.731054
0.00724045
0.738503
0.00743837
0.00774588
0.551916
0.557572
0.563389
0.569359
0.575475
0.58173
0.588113
0.594616
0.601226
0.60793
0.614717
0.621573
0.628484
0.635437
0.642418
0.649416
0.65642
0.663419
0.670408
0.677382
0.684339
0.691283
0.69822
0.705164
0.712133
0.719154
0.726261
0.733502
0.74094
)
;

boundaryField
{
    inlet
    {
        type            calculated;
        value           nonuniform List<scalar> 
45
(
-0.2
-0.2
-0.2
-0.2
-0.2
-0.2
-0.2
-0.2
-0.2
-0.2
-0.2
-0.2
-0.2
-0.2
-0.2
-0.20766
-0.212683
-0.217828
-0.223097
-0.228493
-0.23402
-0.239681
-0.245479
-0.251417
-0.257499
-0.263728
-0.270107
-0.276641
-0.283333
-0.290186
-0.297206
-0.304395
-0.311758
-0.3193
-0.327023
-0.334934
-0.343036
-0.351334
-0.359832
-0.368536
-0.377451
-0.386582
-0.395933
-0.40551
-0.415319
)
;
    }
    outlet
    {
        type            calculated;
        value           nonuniform List<scalar> 
45
(
0.0357567
0.0385507
0.0222068
0.00714076
-0.00455314
-0.0143963
-0.0224784
-0.0290864
-0.0344282
-0.0387062
-0.042066
-0.0446292
-0.0465022
-0.0477771
-0.0484841
-0.0504239
-0.0508087
-0.049608
-0.0466636
-0.0416598
-0.0331473
-0.0103051
0.069272
0.156823
0.240866
0.317287
0.384217
0.440969
0.487716
0.52529
0.554997
0.578414
0.597174
0.612768
0.626416
0.639015
0.651175
0.663285
0.675608
0.688325
0.70161
0.715581
0.730437
0.746138
0.748686
)
;
    }
    flap
    {
        type            calculated;
        value           uniform 0;
    }
    upperWall
    {
        type            calculated;
        value           uniform 0;
    }
    lowerWall
    {
        type            calculated;
        value           uniform 0;
    }
    frontAndBack
    {
        type            empty;
        value           nonuniform 0();
    }
}


// ************************************************************************* //
