/*--------------------------------*- C++ -*----------------------------------*\
  =========                 |
  \\      /  F ield         | OpenFOAM: The Open Source CFD Toolbox
   \\    /   O peration     | Website:  https://openfoam.org
    \\  /    A nd           | Version:  dev
     \\/     M anipulation  |
\*---------------------------------------------------------------------------*/
FoamFile
{
    version     2.0;
    format      ascii;
    class       volVectorField;
    location    "0.9";
    object      U;
}
// * * * * * * * * * * * * * * * * * * * * * * * * * * * * * * * * * * * * * //

dimensions      [0 1 -1 0 0 0 0];

internalField   nonuniform List<vector> 
2790
(
(9.94346 0 0.020829)
(9.87347 0 0.0302066)
(9.76996 0 0.0369136)
(9.64008 0 0.0437736)
(9.48969 0 0.0508841)
(9.31981 0 0.0581942)
(9.12971 0 0.0658318)
(8.91862 0 0.0739562)
(8.6858 0 0.0827023)
(8.43043 0 0.0921909)
(8.15143 0 0.102542)
(7.84758 0 0.113878)
(7.51753 0 0.126319)
(7.15988 0 0.139981)
(6.77323 0 0.154965)
(6.35627 0 0.171342)
(5.90794 0 0.189138)
(5.42761 0 0.208301)
(4.91529 0 0.228668)
(4.37197 0 0.249923)
(3.79992 0 0.271543)
(3.20313 0 0.292744)
(2.58759 0 0.312448)
(1.96157 0 0.329364)
(1.3346 0 0.342933)
(0.731771 0 0.357687)
(0.0845229 0 0.306405)
(-0.467026 0 -0.0923863)
(-0.440037 0 -0.274495)
(-0.21938 0 -0.398016)
(9.99798 0 0.0416469)
(9.97919 0 0.0642507)
(9.93045 0 0.0818963)
(9.85473 0 0.100226)
(9.75645 0 0.119522)
(9.63672 0 0.13963)
(9.49499 0 0.160798)
(9.33053 0 0.183371)
(9.14266 0 0.207649)
(8.93052 0 0.233898)
(8.69307 0 0.262371)
(8.42908 0 0.293314)
(8.13718 0 0.326951)
(7.81589 0 0.363463)
(7.46372 0 0.402957)
(7.07925 0 0.44542)
(6.66122 0 0.490658)
(6.20874 0 0.538217)
(5.72151 0 0.587284)
(5.20013 0 0.636579)
(4.64648 0 0.684233)
(4.06415 0 0.727682)
(3.45901 0 0.763587)
(2.83999 0 0.787833)
(2.22016 0 0.795696)
(1.62512 0 0.781892)
(1.06028 0 0.714439)
(0.611334 0 0.511092)
(0.183267 0 0.172388)
(-0.0133375 0 -0.438851)
(9.99508 0 0.0448029)
(9.97334 0 0.0784062)
(9.92661 0 0.10796)
(9.85565 0 0.138398)
(9.76359 0 0.170424)
(9.65161 0 0.204013)
(9.51951 0 0.239504)
(9.36675 0 0.277387)
(9.19279 0 0.318131)
(8.99696 0 0.362168)
(8.77839 0 0.409924)
(8.53604 0 0.461815)
(8.2687 0 0.518233)
(7.97504 0 0.579507)
(7.65368 0 0.645856)
(7.30319 0 0.717317)
(6.92219 0 0.793643)
(6.50953 0 0.874171)
(6.06442 0 0.957651)
(5.58671 0 1.04205)
(5.07725 0 1.12434)
(4.53836 0 1.20021)
(3.97441 0 1.26388)
(3.39275 0 1.30768)
(2.80452 0 1.32129)
(2.22819 0 1.28933)
(1.67493 0 1.1768)
(1.16766 0 0.928517)
(0.678208 0 0.532423)
(0.330485 0 -0.147724)
(9.99351 0 0.0517213)
(9.96959 0 0.097567)
(9.9227 0 0.139983)
(9.85302 0 0.182573)
(9.76277 0 0.226642)
(9.6531 0 0.272589)
(9.52403 0 0.320932)
(9.37524 0 0.372322)
(9.20635 0 0.427402)
(9.01691 0 0.486781)
(8.80632 0 0.55106)
(8.57385 0 0.620829)
(8.31862 0 0.69665)
(8.03969 0 0.779021)
(7.73601 0 0.868316)
(7.40652 0 0.964698)
(7.0501 0 1.06799)
(6.66573 0 1.17751)
(6.25253 0 1.29184)
(5.80995 0 1.40853)
(5.33803 0 1.5238)
(4.83773 0 1.63212)
(4.31139 0 1.72577)
(3.76333 0 1.79426)
(3.20008 0 1.82326)
(2.63129 0 1.79288)
(2.06341 0 1.67134)
(1.50335 0 1.42109)
(0.925711 0 1.03204)
(0.474843 0 0.46869)
(9.99279 0 0.0600634)
(9.96773 0 0.116554)
(9.92075 0 0.170329)
(9.85224 0 0.224077)
(9.76383 0 0.27945)
(9.65646 0 0.337211)
(9.53022 0 0.398014)
(9.3849 0 0.462597)
(9.22018 0 0.531703)
(9.03573 0 0.60605)
(8.83108 0 0.68634)
(8.60567 0 0.773263)
(8.35888 0 0.867482)
(8.09 0 0.969597)
(7.79831 0 1.08008)
(7.48302 0 1.19919)
(7.14334 0 1.32684)
(6.77846 0 1.46238)
(6.38759 0 1.60438)
(5.97 0 1.75027)
(5.52514 0 1.89593)
(5.0528 0 2.03519)
(4.55336 0 2.15929)
(4.02802 0 2.25622)
(3.47882 0 2.30994)
(2.90892 0 2.29982)
(2.31975 0 2.19864)
(1.71271 0 1.97694)
(1.05621 0 1.62339)
(0.509317 0 1.10148)
(9.99251 0 0.0690154)
(9.96702 0 0.135528)
(9.92039 0 0.200147)
(9.85332 0 0.264931)
(9.76712 0 0.331549)
(9.66253 0 0.400976)
(9.53964 0 0.473993)
(9.39827 0 0.551416)
(9.2382 0 0.63408)
(9.05912 0 0.722802)
(8.86065 0 0.818382)
(8.64232 0 0.921601)
(8.4036 0 1.03321)
(8.14393 0 1.15389)
(7.86272 0 1.28418)
(7.55934 0 1.42445)
(7.23314 0 1.57466)
(6.88341 0 1.73428)
(6.50933 0 1.90197)
(6.11001 0 2.07524)
(5.68437 0 2.24998)
(5.2312 0 2.41999)
(4.74917 0 2.57629)
(4.2369 0 2.70655)
(3.69295 0 2.79457)
(3.11603 0 2.82019)
(2.50371 0 2.75907)
(1.85611 0 2.58534)
(1.13755 0 2.28704)
(0.526537 0 1.81746)
(9.99246 0 0.0781772)
(9.96706 0 0.154369)
(9.92121 0 0.229325)
(9.85589 0 0.304741)
(9.77227 0 0.382214)
(9.67092 0 0.462869)
(9.55191 0 0.547623)
(9.41514 0 0.637391)
(9.26041 0 0.733093)
(9.08745 0 0.835637)
(8.89592 0 0.945906)
(8.6854 0 1.06476)
(8.45542 0 1.19302)
(8.20546 0 1.33143)
(7.93497 0 1.48063)
(7.64333 0 1.64103)
(7.32989 0 1.81273)
(6.99386 0 1.99532)
(6.63428 0 2.18765)
(6.24992 0 2.38749)
(5.83918 0 2.5911)
(5.3999 0 2.79267)
(4.92931 0 2.98371)
(4.42397 0 3.15244)
(3.87979 0 3.28326)
(3.29237 0 3.35673)
(2.65656 0 3.34984)
(1.97318 0 3.23746)
(1.20323 0 3.00493)
(0.54118 0 2.58981)
(9.99255 0 0.0873142)
(9.96761 0 0.172887)
(9.92293 0 0.257698)
(9.85967 0 0.343291)
(9.77898 0 0.4312)
(9.68132 0 0.522649)
(9.56675 0 0.618678)
(9.43518 0 0.720293)
(9.28647 0 0.828495)
(9.12039 0 0.944271)
(8.93664 0 1.06858)
(8.73483 0 1.20237)
(8.51451 0 1.34653)
(8.27519 0 1.50189)
(8.01628 0 1.66916)
(7.73714 0 1.84887)
(7.43699 0 2.04126)
(7.11487 0 2.24611)
(6.76958 0 2.46258)
(6.39945 0 2.68886)
(6.00226 0 2.92179)
(5.57496 0 3.15636)
(5.1135 0 3.38506)
(4.61266 0 3.59719)
(4.06616 0 3.77827)
(3.46711 0 3.90962)
(2.80799 0 3.96848)
(2.09055 0 3.9281)
(1.27208 0 3.76848)
(0.560095 0 3.40824)
(9.99275 0 0.0962758)
(9.96853 0 0.190911)
(9.92534 0 0.285117)
(9.86447 0 0.380415)
(9.78706 0 0.478301)
(9.69351 0 0.580069)
(9.58387 0 0.686861)
(9.45808 0 0.799768)
(9.31605 0 0.919867)
(9.15757 0 1.04822)
(8.9824 0 1.18587)
(8.79018 0 1.33383)
(8.5805 0 1.49309)
(8.35284 0 1.66456)
(8.10662 0 1.84908)
(7.84112 0 2.04729)
(7.55542 0 2.25965)
(7.24839 0 2.48621)
(6.91848 0 2.72652)
(6.56361 0 2.97935)
(6.1809 0 3.24234)
(5.76645 0 3.51156)
(5.31499 0 3.78087)
(4.81967 0 4.04117)
(4.27206 0 4.27949)
(3.66275 0 4.47811)
(2.98121 0 4.61395)
(2.22897 0 4.65707)
(1.35838 0 4.57949)
(0.588716 0 4.27745)
(9.99302 0 0.104957)
(9.96973 0 0.208297)
(9.92831 0 0.311439)
(9.87013 0 0.415948)
(9.79634 0 0.523313)
(9.70728 0 0.63488)
(9.60302 0 0.751874)
(9.48354 0 0.875465)
(9.34878 0 1.0068)
(9.19859 0 1.14702)
(9.03276 0 1.29724)
(8.85098 0 1.45856)
(8.65286 0 1.63204)
(8.43792 0 1.81872)
(8.20556 0 2.01955)
(7.95501 0 2.23538)
(7.68527 0 2.4669)
(7.395 0 2.7145)
(7.08241 0 2.97824)
(6.74502 0 3.2576)
(6.37942 0 3.55121)
(5.9809 0 3.8565)
(5.54308 0 4.16909)
(5.05751 0 4.48194)
(4.51346 0 4.78425)
(3.89838 0 5.0599)
(3.19729 0 5.28575)
(2.40884 0 5.42798)
(1.47757 0 5.4482)
(0.63392 0 5.2145)
(9.99334 0 0.113283)
(9.97115 0 0.224926)
(9.93174 0 0.336533)
(9.87653 0 0.449737)
(9.80664 0 0.566049)
(9.72244 0 0.686855)
(9.62398 0 0.813449)
(9.51129 0 0.947074)
(9.38434 0 1.08895)
(9.24305 0 1.24027)
(9.08725 0 1.40222)
(8.91669 0 1.57599)
(8.73103 0 1.76274)
(8.52983 0 1.96361)
(8.3125 0 2.17972)
(8.07827 0 2.41212)
(7.82611 0 2.66176)
(7.55459 0 2.92949)
(7.26176 0 3.2159)
(6.94489 0 3.52132)
(6.6002 0 3.84554)
(6.22241 0 4.1876)
(5.80424 0 4.54525)
(5.33577 0 4.91418)
(4.80383 0 5.28672)
(4.19195 0 5.64975)
(3.4785 0 5.98169)
(2.65482 0 6.24601)
(1.65124 0 6.39215)
(0.707006 0 6.25043)
(9.99371 0 0.121192)
(9.97274 0 0.240698)
(9.93555 0 0.360277)
(9.88355 0 0.481643)
(9.81785 0 0.606339)
(9.73881 0 0.73579)
(9.64652 0 0.871348)
(9.54104 0 1.01432)
(9.4224 0 1.16597)
(9.29056 0 1.32757)
(9.14541 0 1.50037)
(8.98678 0 1.68562)
(8.81439 0 1.88459)
(8.62787 0 2.09854)
(8.42669 0 2.32872)
(8.21015 0 2.57643)
(7.97723 0 2.84292)
(7.72655 0 3.12946)
(7.45616 0 3.43729)
(7.16331 0 3.76761)
(6.84412 0 4.12149)
(6.49312 0 4.49978)
(6.10256 0 4.90276)
(5.66154 0 5.32956)
(5.15473 0 5.77701)
(4.56135 0 6.23736)
(3.85098 0 6.69443)
(3.00118 0 7.11389)
(1.91505 0 7.4358)
(0.829726 0 7.43937)
(9.99411 0 0.12864)
(9.97447 0 0.255531)
(9.93967 0 0.382567)
(9.89109 0 0.511541)
(9.82981 0 0.644034)
(9.75622 0 0.781505)
(9.67043 0 0.925356)
(9.57254 0 1.07694)
(9.46262 0 1.23758)
(9.3407 0 1.4086)
(9.20675 0 1.59129)
(9.06068 0 1.78699)
(8.90228 0 1.99704)
(8.73129 0 2.22282)
(8.54729 0 2.46573)
(8.34968 0 2.72728)
(8.1376 0 3.00902)
(7.90982 0 3.31264)
(7.66457 0 3.64001)
(7.39936 0 3.9932)
(7.11059 0 4.3746)
(6.79312 0 4.78691)
(6.4395 0 5.23319)
(6.03885 0 5.71664)
(5.57495 0 6.24006)
(5.02386 0 6.80438)
(4.34599 0 7.40535)
(3.4987 0 8.02325)
(2.33434 0 8.60682)
(1.04948 0 8.88338)
(9.99453 0 0.135588)
(9.97631 0 0.269358)
(9.94404 0 0.403314)
(9.89906 0 0.539325)
(9.84242 0 0.679007)
(9.77451 0 0.823854)
(9.69549 0 0.975304)
(9.60549 0 1.13475)
(9.50465 0 1.30356)
(9.39306 0 1.48309)
(9.27077 0 1.67469)
(9.13777 0 1.87975)
(8.99398 0 2.09967)
(8.83926 0 2.33593)
(8.67332 0 2.59007)
(8.49575 0 2.86378)
(8.30592 0 3.15887)
(8.10289 0 3.47741)
(7.88527 0 3.82181)
(7.65109 0 4.19493)
(7.39748 0 4.6003)
(7.12026 0 5.0424)
(6.81331 0 5.52695)
(6.4674 0 6.06137)
(6.06811 0 6.65534)
(5.59248 0 7.32132)
(4.9974 0 8.07524)
(4.22226 0 8.93394)
(3.03979 0 9.91257)
(1.48204 0 10.8052)
(9.99498 0 0.142008)
(9.97824 0 0.282123)
(9.94862 0 0.42244)
(9.90738 0 0.564889)
(9.85555 0 0.711123)
(9.79352 0 0.862662)
(9.72149 0 1.02097)
(9.63964 0 1.18748)
(9.54816 0 1.36358)
(9.44723 0 1.55066)
(9.33696 0 1.75011)
(9.21746 0 1.96334)
(9.08877 0 2.19182)
(8.95089 0 2.4371)
(8.80373 0 2.70082)
(8.6471 0 2.98479)
(8.48067 0 3.29104)
(8.30389 0 3.62191)
(8.11595 0 3.98022)
(7.91562 0 4.36942)
(7.70113 0 4.79391)
(7.46994 0 5.25946)
(7.2183 0 5.77388)
(6.94066 0 6.348)
(6.62825 0 6.99749)
(6.26709 0 7.74609)
(5.82781 0 8.63293)
(5.26824 0 9.73031)
(4.32233 0 11.2231)
(2.45639 0 13.7745)
(-0.201901 0 0.21653)
(-0.562438 0 0.323781)
(-1.1452 0 0.354015)
(-1.78167 0 0.365324)
(-2.46647 0 0.364505)
(-3.17984 0 0.355901)
(-3.90729 0 0.341837)
(-4.63713 0 0.323788)
(-5.35961 0 0.302749)
(-6.06621 0 0.279406)
(-6.74923 0 0.254234)
(-7.40145 0 0.227554)
(-8.01583 0 0.199574)
(-8.58529 0 0.170418)
(-9.10257 0 0.140146)
(-9.56009 0 0.108762)
(-9.94989 0 0.0762144)
(-10.2636 0 0.0424055)
(-10.4925 0 0.00710248)
(-10.6267 0 -0.030302)
(-10.6562 0 -0.0714092)
(-10.5673 0 -0.118917)
(-10.3397 0 -0.172827)
(-9.95892 0 -0.233676)
(-9.41228 0 -0.303029)
(-8.68085 0 -0.383276)
(-7.71253 0 -0.479063)
(-6.39545 0 -0.599586)
(-4.64277 0 -0.746254)
(-2.80104 0 -0.863677)
(-0.45021 0 0.642173)
(-1.01872 0 0.814665)
(-1.76756 0 0.894827)
(-2.52551 0 0.941226)
(-3.30488 0 0.961284)
(-4.09431 0 0.961827)
(-4.8844 0 0.947457)
(-5.6666 0 0.921463)
(-6.43324 0 0.886218)
(-7.17734 0 0.843412)
(-7.89235 0 0.794212)
(-8.57196 0 0.739383)
(-9.20986 0 0.679386)
(-9.79958 0 0.614461)
(-10.3344 0 0.544695)
(-10.8071 0 0.470079)
(-11.2102 0 0.390555)
(-11.5358 0 0.306072)
(-11.7756 0 0.216561)
(-11.921 0 0.121553)
(-11.9633 0 0.0194856)
(-11.8942 0 -0.0911125)
(-11.7061 0 -0.209519)
(-11.3901 0 -0.335108)
(-10.9404 0 -0.46877)
(-10.3503 0 -0.612032)
(-9.59455 0 -0.769144)
(-8.6179 0 -0.951398)
(-7.4385 0 -1.1626)
(-6.51115 0 -1.34594)
(-0.551102 0 1.38564)
(-1.22719 0 1.55069)
(-2.06252 0 1.62753)
(-2.87311 0 1.66903)
(-3.68442 0 1.67734)
(-4.49001 0 1.65875)
(-5.28514 0 1.61848)
(-6.06477 0 1.56076)
(-6.82396 0 1.48886)
(-7.55789 0 1.40517)
(-8.26174 0 1.31138)
(-8.93059 0 1.20862)
(-9.55929 0 1.0976)
(-10.1423 0 0.978753)
(-10.6738 0 0.85232)
(-11.1473 0 0.718475)
(-11.556 0 0.577411)
(-11.8924 0 0.42945)
(-12.1491 0 0.275095)
(-12.3184 0 0.114872)
(-12.3922 0 -0.0511481)
(-12.3642 0 -0.224306)
(-12.2307 0 -0.406873)
(-11.9847 0 -0.59765)
(-11.6247 0 -0.795668)
(-11.15 0 -0.999498)
(-10.5473 0 -1.20872)
(-9.7819 0 -1.43002)
(-8.88754 0 -1.67518)
(-8.24106 0 -1.91579)
(-0.574777 0 2.21629)
(-1.28779 0 2.35298)
(-2.1536 0 2.40108)
(-2.97196 0 2.41684)
(-3.77924 0 2.39891)
(-4.57117 0 2.35271)
(-5.34665 0 2.28316)
(-6.10358 0 2.19455)
(-6.83936 0 2.0903)
(-7.55098 0 1.97292)
(-8.23497 0 1.84415)
(-8.88737 0 1.70506)
(-9.50368 0 1.55625)
(-10.0788 0 1.39789)
(-10.6072 0 1.22996)
(-11.0826 0 1.05226)
(-11.4983 0 0.864543)
(-11.847 0 0.666685)
(-12.1214 0 0.458733)
(-12.3143 0 0.241028)
(-12.419 0 0.0138601)
(-12.4275 0 -0.222811)
(-12.3414 0 -0.467907)
(-12.1561 0 -0.720502)
(-11.872 0 -0.978476)
(-11.4915 0 -1.23843)
(-11.0078 0 -1.49634)
(-10.3993 0 -1.75484)
(-9.70386 0 -2.02936)
(-9.22244 0 -2.299)
(-0.55725 0 3.06469)
(-1.25919 0 3.16251)
(-2.11156 0 3.17045)
(-2.90378 0 3.15059)
(-3.68145 0 3.09934)
(-4.44003 0 3.02129)
(-5.18072 0 2.9204)
(-5.90325 0 2.80027)
(-6.60652 0 2.66374)
(-7.28861 0 2.51285)
(-7.94682 0 2.34888)
(-8.57767 0 2.17252)
(-9.17699 0 1.98402)
(-9.73992 0 1.78336)
(-10.261 0 1.57036)
(-10.7342 0 1.34488)
(-11.1529 0 1.10692)
(-11.5101 0 0.856694)
(-11.7988 0 0.594887)
(-12.0123 0 0.322712)
(-12.1441 0 0.0419794)
(-12.188 0 -0.245203)
(-12.1458 0 -0.540252)
(-12.0159 0 -0.84188)
(-11.7996 0 -1.14622)
(-11.5011 0 -1.44796)
(-11.1179 0 -1.7404)
(-10.6379 0 -2.02322)
(-10.0989 0 -2.31074)
(-9.73519 0 -2.57988)
(-0.515527 0 3.88019)
(-1.17293 0 3.93992)
(-1.97826 0 3.90644)
(-2.71789 0 3.84906)
(-3.44541 0 3.7635)
(-4.15442 0 3.65397)
(-4.84751 0 3.52344)
(-5.52528 0 3.37462)
(-6.18739 0 3.20958)
(-6.83251 0 3.02968)
(-7.45835 0 2.83568)
(-8.06175 0 2.62782)
(-8.63876 0 2.40604)
(-9.18472 0 2.17001)
(-9.69433 0 1.91937)
(-10.1617 0 1.65375)
(-10.5805 0 1.37299)
(-10.9438 0 1.07718)
(-11.2448 0 0.766971)
(-11.4769 0 0.443951)
(-11.6346 0 0.111044)
(-11.7125 0 -0.228243)
(-11.7104 0 -0.572628)
(-11.6315 0 -0.921052)
(-11.4773 0 -1.26824)
(-11.2526 0 -1.60736)
(-10.9577 0 -1.92988)
(-10.5875 0 -2.23285)
(-10.1775 0 -2.52651)
(-9.90503 0 -2.7849)
(-0.458243 0 4.62711)
(-1.04644 0 4.65525)
(-1.77919 0 4.58468)
(-2.44537 0 4.49311)
(-3.10571 0 4.37655)
(-3.75108 0 4.23921)
(-4.38506 0 4.08309)
(-5.00843 0 3.90995)
(-5.62114 0 3.72094)
(-6.22203 0 3.51659)
(-6.80896 0 3.29698)
(-7.37888 0 3.06182)
(-7.92796 0 2.81058)
(-8.45166 0 2.54265)
(-8.94485 0 2.25741)
(-9.4019 0 1.95441)
(-9.81672 0 1.63349)
(-10.1829 0 1.29496)
(-10.4937 0 0.939781)
(-10.7428 0 0.570223)
(-10.9248 0 0.190411)
(-11.0356 0 -0.194605)
(-11.0713 0 -0.582372)
(-11.0407 0 -0.971421)
(-10.945 0 -1.35524)
(-10.7891 0 -1.72586)
(-10.5747 0 -2.0735)
(-10.3017 0 -2.39248)
(-10.0018 0 -2.68741)
(-9.80454 0 -2.93139)
(-0.390371 0 5.28073)
(-0.890085 0 5.28623)
(-1.5304 0 5.18572)
(-2.10638 0 5.0665)
(-2.68531 0 4.92527)
(-3.25486 0 4.76628)
(-3.81949 0 4.59054)
(-4.37973 0 4.39886)
(-4.9354 0 4.19141)
(-5.48521 0 3.96793)
(-6.02692 0 3.72785)
(-6.55741 0 3.47035)
(-7.07288 0 3.19456)
(-7.56891 0 2.89962)
(-8.04064 0 2.5848)
(-8.48275 0 2.24957)
(-8.88963 0 1.8938)
(-9.25532 0 1.51787)
(-9.57345 0 1.12294)
(-9.83747 0 0.711525)
(-10.0418 0 0.288456)
(-10.1835 0 -0.139688)
(-10.254 0 -0.56726)
(-10.2691 0 -0.992308)
(-10.2292 0 -1.40787)
(-10.1392 0 -1.80545)
(-10.0009 0 -2.17469)
(-9.81685 0 -2.50721)
(-9.61422 0 -2.80126)
(-9.48236 0 -3.03013)
(-0.315016 0 5.82299)
(-0.710237 0 5.81608)
(-1.24229 0 5.69429)
(-1.71428 0 5.55605)
(-2.19994 0 5.39859)
(-2.68332 0 5.22606)
(-3.16987 0 5.03823)
(-3.65948 0 4.83495)
(-4.15152 0 4.6155)
(-4.6443 0 4.37888)
(-5.13526 0 4.12391)
(-5.62111 0 3.8494)
(-6.09797 0 3.55418)
(-6.5615 0 3.23727)
(-7.00707 0 2.89787)
(-7.42978 0 2.53543)
(-7.82448 0 2.14985)
(-8.18571 0 1.7416)
(-8.50743 0 1.31195)
(-8.78293 0 0.863575)
(-9.00644 0 0.401534)
(-9.17604 0 -0.0663549)
(-9.27698 0 -0.529665)
(-9.33438 0 -0.985347)
(-9.34808 0 -1.42744)
(-9.32239 0 -1.84748)
(-9.25839 0 -2.23533)
(-9.15877 0 -2.58024)
(-9.04566 0 -2.87354)
(-8.97382 0 -3.08795)
(-0.234242 0 6.23961)
(-0.510818 0 6.23151)
(-0.921657 0 6.09803)
(-1.27795 0 5.95097)
(-1.66054 0 5.78743)
(-2.04924 0 5.61102)
(-2.45073 0 5.41993)
(-2.86375 0 5.21299)
(-3.28695 0 4.98866)
(-3.71802 0 4.74536)
(-4.15393 0 4.48145)
(-4.59106 0 4.19546)
(-5.02536 0 3.88607)
(-5.45252 0 3.55232)
(-5.86813 0 3.19347)
(-6.26763 0 2.80903)
(-6.64627 0 2.3989)
(-6.99897 0 1.96364)
(-7.31993 0 1.50459)
(-7.60227 0 1.02428)
(-7.83982 0 0.527452)
(-8.03035 0 0.0231848)
(-8.15799 0 -0.471845)
(-8.25216 0 -0.952171)
(-8.31583 0 -1.41501)
(-8.35263 0 -1.85247)
(-8.36245 0 -2.25578)
(-8.34593 0 -2.61287)
(-8.31905 0 -2.90753)
(-8.30583 0 -3.10908)
(-0.14968 0 6.51867)
(-0.294207 0 6.5212)
(-0.572859 0 6.3864)
(-0.803023 0 6.24229)
(-1.07461 0 6.08448)
(-1.36201 0 5.91538)
(-1.67343 0 5.73097)
(-2.00571 0 5.52907)
(-2.35648 0 5.3075)
(-2.72256 0 5.06435)
(-3.10038 0 4.7977)
(-3.48591 0 4.50594)
(-3.87483 0 4.18776)
(-4.2628 0 3.84235)
(-4.64567 0 3.46925)
(-5.01927 0 3.06794)
(-5.37908 0 2.63834)
(-5.72012 0 2.18099)
(-6.03631 0 1.69724)
(-6.31991 0 1.1894)
(-6.563 0 0.661983)
(-6.76099 0 0.126432)
(-6.91815 0 -0.396257)
(-7.04029 0 -0.895678)
(-7.1473 0 -1.37258)
(-7.2422 0 -1.82106)
(-7.32453 0 -2.23555)
(-7.39151 0 -2.60461)
(-7.45136 0 -2.90447)
(-7.49956 0 -3.09599)
(-0.063318 0 6.65056)
(-0.062126 0 6.67542)
(-0.198464 0 6.55071)
(-0.292419 0 6.423)
(-0.44698 0 6.28466)
(-0.628462 0 6.13525)
(-0.847067 0 5.96805)
(-1.09654 0 5.78053)
(-1.37296 0 5.56978)
(-1.67218 0 5.33389)
(-1.99004 0 5.07085)
(-2.32204 0 4.77914)
(-2.66355 0 4.45755)
(-3.01004 0 4.10565)
(-3.35781 0 3.72358)
(-3.70336 0 3.31066)
(-4.04253 0 2.8666)
(-4.37039 0 2.39168)
(-4.68041 0 1.88698)
(-4.96349 0 1.35479)
(-5.2088 0 0.800109)
(-5.41036 0 0.237538)
(-5.58367 0 -0.307983)
(-5.72263 0 -0.821309)
(-5.86234 0 -1.30446)
(-6.00622 0 -1.75564)
(-6.15574 0 -2.17464)
(-6.30532 0 -2.55388)
(-6.45456 0 -2.86361)
(-6.57184 0 -3.04969)
(0.0247076 0 6.62716)
(0.181307 0 6.681)
(0.201888 0 6.58174)
(0.249833 0 6.48673)
(0.218003 0 6.38508)
(0.145122 0 6.27033)
(0.0221004 0 6.13369)
(-0.144761 0 5.96906)
(-0.34758 0 5.77597)
(-0.579749 0 5.55341)
(-0.83693 0 5.29931)
(-1.11431 0 5.01245)
(-1.40692 0 4.69246)
(-1.70954 0 4.33988)
(-2.01911 0 3.95457)
(-2.33335 0 3.53561)
(-2.64878 0 3.0825)
(-2.96123 0 2.5948)
(-3.26445 0 2.07295)
(-3.54806 0 1.51983)
(-3.79667 0 0.940824)
(-3.99936 0 0.35213)
(-4.17969 0 -0.215976)
(-4.32572 0 -0.7375)
(-4.48707 0 -1.21833)
(-4.66658 0 -1.66237)
(-4.87127 0 -2.07591)
(-5.09688 0 -2.4595)
(-5.33635 0 -2.78236)
(-5.53603 0 -2.96986)
(0.119156 0 6.4401)
(0.439178 0 6.52648)
(0.632449 0 6.46968)
(0.823985 0 6.42799)
(0.915876 0 6.38189)
(0.947175 0 6.31588)
(0.916118 0 6.22098)
(0.832994 0 6.09164)
(0.705513 0 5.92634)
(0.541855 0 5.72518)
(0.347649 0 5.48763)
(0.128248 0 5.21343)
(-0.113394 0 4.90001)
(-0.373103 0 4.54653)
(-0.642285 0 4.16046)
(-0.920834 0 3.73912)
(-1.20638 0 3.28111)
(-1.49639 0 2.78473)
(-1.78644 0 2.25056)
(-2.06671 0 1.67929)
(-2.31987 0 1.07325)
(-2.52799 0 0.455985)
(-2.71865 0 -0.128684)
(-2.86995 0 -0.653021)
(-3.04872 0 -1.12377)
(-3.25191 0 -1.55126)
(-3.49442 0 -1.94661)
(-3.78017 0 -2.32294)
(-4.10187 0 -2.65729)
(-4.40216 0 -2.85479)
(0.215758 0 6.0903)
(0.716447 0 6.21009)
(1.10085 0 6.2157)
(1.43891 0 6.25311)
(1.64905 0 6.28196)
(1.77509 0 6.27828)
(1.82827 0 6.23463)
(1.82239 0 6.1474)
(1.76645 0 6.01576)
(1.66902 0 5.8408)
(1.53683 0 5.62367)
(1.3758 0 5.36544)
(1.19024 0 5.06613)
(0.982939 0 4.72448)
(0.759865 0 4.34475)
(0.523895 0 3.92791)
(0.277324 0 3.47361)
(0.0232568 0 2.98077)
(-0.240468 0 2.4407)
(-0.507869 0 1.86038)
(-0.748361 0 1.24494)
(-0.954065 0 0.591147)
(-1.19834 0 -0.0384328)
(-1.36302 0 -0.566562)
(-1.56437 0 -1.02305)
(-1.7896 0 -1.4291)
(-2.05572 0 -1.79639)
(-2.37925 0 -2.15113)
(-2.75791 0 -2.48734)
(-3.17642 0 -2.70265)
(9.99545 0 0.147981)
(9.98027 0 0.294002)
(9.95345 0 0.440229)
(9.91616 0 0.588645)
(9.86938 0 0.740932)
(9.81354 0 0.898628)
(9.74887 0 1.06322)
(9.67561 0 1.23616)
(9.59401 0 1.41884)
(9.50432 0 1.61269)
(9.40677 0 1.81909)
(9.30156 0 2.0395)
(9.18888 0 2.2754)
(9.0689 0 2.52838)
(8.94173 0 2.80014)
(8.80749 0 3.09257)
(8.66618 0 3.40782)
(8.51777 0 3.74839)
(8.3621 0 4.1173)
(8.19892 0 4.51833)
(8.02786 0 4.95629)
(7.84846 0 5.43757)
(7.66026 0 5.97086)
(7.46303 0 6.56842)
(7.25736 0 7.24824)
(7.04734 0 8.03816)
(6.84444 0 8.98445)
(6.7314 0 10.1675)
(7.07101 0 11.7097)
(7.16105 0 14.1198)
(9.99594 0 0.15352)
(9.98242 0 0.305003)
(9.95853 0 0.456666)
(9.92538 0 0.610534)
(9.88388 0 0.768308)
(9.83448 0 0.931542)
(9.77744 0 1.10173)
(9.71308 0 1.28033)
(9.6417 0 1.46876)
(9.56364 0 1.66842)
(9.47922 0 1.88072)
(9.38878 0 2.1071)
(9.29265 0 2.34905)
(9.19118 0 2.60816)
(9.08474 0 2.88613)
(8.97372 0 3.18487)
(8.85853 0 3.50653)
(8.73967 0 3.85362)
(8.61769 0 4.22916)
(8.49335 0 4.63687)
(8.36774 0 5.08145)
(8.24251 0 5.56899)
(8.12045 0 6.10751)
(8.00649 0 6.7078)
(7.90979 0 7.38449)
(7.84911 0 8.15723)
(7.85764 0 9.05066)
(7.98303 0 10.0904)
(8.46811 0 11.2158)
(8.75717 0 12.1548)
(9.99646 0 0.158531)
(9.98466 0 0.314951)
(9.96383 0 0.471516)
(9.93498 0 0.630274)
(9.89895 0 0.792941)
(9.85622 0 0.961072)
(9.80708 0 1.13616)
(9.75189 0 1.31966)
(9.69103 0 1.51297)
(9.62492 0 1.71748)
(9.55397 0 1.93459)
(9.47866 0 2.1657)
(9.39946 0 2.41228)
(9.31693 0 2.67587)
(9.23165 0 2.95813)
(9.14434 0 3.2609)
(9.05579 0 3.58622)
(8.96699 0 3.93646)
(8.87919 0 4.31442)
(8.79403 0 4.72343)
(8.71383 0 5.16756)
(8.64188 0 5.65181)
(8.58317 0 6.18227)
(8.54536 0 6.76619)
(8.54024 0 7.41156)
(8.58593 0 8.12529)
(8.70747 0 8.90751)
(8.90685 0 9.74616)
(9.29985 0 10.5897)
(9.72837 0 11.2424)
(9.99699 0 0.162955)
(9.98697 0 0.323729)
(9.9693 0 0.484594)
(9.94488 0 0.647613)
(9.91449 0 0.814501)
(9.8786 0 0.986808)
(9.83756 0 1.16601)
(9.79176 0 1.35355)
(9.74166 0 1.5508)
(9.68773 0 1.75911)
(9.6305 0 1.97984)
(9.57054 0 2.21434)
(9.5085 0 2.46403)
(9.4451 0 2.73034)
(9.38116 0 3.01485)
(9.31766 0 3.31924)
(9.25574 0 3.64537)
(9.19684 0 3.99531)
(9.14274 0 4.37145)
(9.09576 0 4.7765)
(9.05901 0 5.21358)
(9.0367 0 5.68618)
(9.03462 0 6.19806)
(9.06072 0 6.75283)
(9.1255 0 7.353)
(9.24215 0 7.99832)
(9.4285 0 8.6825)
(9.68622 0 9.39325)
(10.0773 0 10.1233)
(10.6226 0 10.771)
(9.99754 0 0.166742)
(9.98934 0 0.331234)
(9.97491 0 0.495751)
(9.95501 0 0.662352)
(9.93038 0 0.832743)
(9.90146 0 1.00846)
(9.86866 0 1.19095)
(9.8324 0 1.38161)
(9.79318 0 1.58179)
(9.75157 0 1.79279)
(9.70817 0 2.0159)
(9.66366 0 2.2524)
(9.61881 0 2.5036)
(9.57451 0 2.77083)
(9.53177 0 3.05549)
(9.49179 0 3.35907)
(9.45601 0 3.68315)
(9.42617 0 4.02943)
(9.40443 0 4.39976)
(9.39351 0 4.79612)
(9.39689 0 5.22057)
(9.41903 0 5.67513)
(9.46563 0 6.16152)
(9.54388 0 6.68074)
(9.66261 0 7.23236)
(9.83201 0 7.81377)
(10.0661 0 8.41898)
(10.3717 0 9.03712)
(10.7722 0 9.66216)
(11.321 0 10.2269)
(9.9981 0 0.169842)
(9.99175 0 0.337371)
(9.9806 0 0.504844)
(9.9653 0 0.674304)
(9.94649 0 0.847435)
(9.92462 0 1.02574)
(9.90012 0 1.21063)
(9.87346 0 1.40348)
(9.84519 0 1.60555)
(9.81591 0 1.81809)
(9.78632 0 2.0423)
(9.75717 0 2.27937)
(9.72936 0 2.53047)
(9.70387 0 2.7968)
(9.6819 0 3.07956)
(9.66479 0 3.37997)
(9.65417 0 3.6993)
(9.65199 0 4.03882)
(9.66059 0 4.39982)
(9.68285 0 4.78352)
(9.72226 0 5.19101)
(9.78313 0 5.62305)
(9.87063 0 6.07986)
(9.99094 0 6.56076)
(10.1513 0 7.06367)
(10.3594 0 7.58464)
(10.6248 0 8.11712)
(10.953 0 8.64943)
(11.3468 0 9.17044)
(11.8626 0 9.64264)
(9.99866 0 0.17221)
(9.99418 0 0.342049)
(9.98633 0 0.511739)
(9.97565 0 0.683294)
(9.96269 0 0.858361)
(9.9479 0 1.0384)
(9.93171 0 1.22479)
(9.91463 0 1.41882)
(9.89724 0 1.62171)
(9.88019 0 1.83462)
(9.86424 0 2.05864)
(9.8502 0 2.29485)
(9.83905 0 2.54428)
(9.83188 0 2.80793)
(9.82994 0 3.0868)
(9.83471 0 3.38184)
(9.8479 0 3.69396)
(9.87153 0 4.02401)
(9.90798 0 4.37271)
(9.96005 0 4.74062)
(10.0311 0 5.12799)
(10.1249 0 5.53462)
(10.2459 0 5.95965)
(10.3993 0 6.40127)
(10.5903 0 6.85642)
(10.8244 0 7.32033)
(11.1071 0 7.78622)
(11.4417 0 8.24392)
(11.8244 0 8.68326)
(12.31 0 9.08604)
(9.99922 0 0.173806)
(9.9966 0 0.345188)
(9.99206 0 0.51632)
(9.986 0 0.689167)
(9.97887 0 0.865335)
(9.9711 0 1.04623)
(9.96316 0 1.23318)
(9.95555 0 1.42739)
(9.94888 0 1.63)
(9.94384 0 1.84209)
(9.94122 0 2.06463)
(9.94188 0 2.29857)
(9.94683 0 2.54478)
(9.95722 0 2.80409)
(9.97434 0 3.07723)
(9.99971 0 3.36489)
(10.035 0 3.66763)
(10.0823 0 3.9859)
(10.1438 0 4.31995)
(10.2221 0 4.66973)
(10.3202 0 5.03486)
(10.4414 0 5.41444)
(10.5893 0 5.80688)
(10.7677 0 6.20975)
(10.9804 0 6.61953)
(11.2309 0 7.03143)
(11.5222 0 7.43934)
(11.8561 0 7.83548)
(12.2272 0 8.21183)
(12.6856 0 8.55857)
(9.99977 0 0.174593)
(9.99901 0 0.346717)
(9.99774 0 0.518482)
(9.99625 0 0.691792)
(9.99488 0 0.868197)
(9.99404 0 1.04905)
(9.99419 0 1.23558)
(9.99586 0 1.42895)
(9.99966 0 1.63021)
(10.0063 0 1.8403)
(10.0166 0 2.06011)
(10.0313 0 2.29042)
(10.0517 0 2.53196)
(10.0787 0 2.78533)
(10.1137 0 3.05107)
(10.1581 0 3.32959)
(10.2137 0 3.62113)
(10.2822 0 3.92578)
(10.3658 0 4.24338)
(10.4668 0 4.57344)
(10.5876 0 4.91509)
(10.731 0 5.26698)
(10.8998 0 5.62713)
(11.0966 0 5.99283)
(11.3241 0 6.36058)
(11.5843 0 6.72598)
(11.8786 0 7.08385)
(12.2077 0 7.4282)
(12.5659 0 7.75269)
(12.9984 0 8.05124)
(10.0003 0 0.174542)
(10.0014 0 0.34658)
(10.0033 0 0.518142)
(10.0063 0 0.691061)
(10.0106 0 0.866821)
(10.0165 0 1.0467)
(10.0246 0 1.23187)
(10.0352 0 1.42338)
(10.0492 0 1.6222)
(10.067 0 1.82916)
(10.0896 0 2.04501)
(10.1178 0 2.27041)
(10.1526 0 2.50591)
(10.1951 0 2.75194)
(10.2466 0 3.0088)
(10.3085 0 3.27667)
(10.3822 0 3.55552)
(10.4696 0 3.84514)
(10.5723 0 4.14504)
(10.6924 0 4.45441)
(10.8319 0 4.77208)
(10.9929 0 5.09642)
(11.1774 0 5.42529)
(11.3873 0 5.756)
(11.6242 0 6.08526)
(11.8892 0 6.4092)
(12.1825 0 6.72352)
(12.5041 0 7.02349)
(12.8484 0 7.30425)
(13.2568 0 7.56185)
(10.0009 0 0.173631)
(10.0037 0 0.34473)
(10.0088 0 0.515235)
(10.0161 0 0.686894)
(10.0259 0 0.861116)
(10.0384 0 1.0391)
(10.054 0 1.22194)
(10.0733 0 1.41059)
(10.0969 0 1.60592)
(10.1255 0 1.80864)
(10.1597 0 2.0194)
(10.2004 0 2.2387)
(10.2487 0 2.46692)
(10.3055 0 2.70434)
(10.3721 0 2.95107)
(10.4496 0 3.20705)
(10.5394 0 3.47206)
(10.6431 0 3.74564)
(10.7621 0 4.02705)
(10.898 0 4.3153)
(11.0525 0 4.60903)
(11.227 0 4.90649)
(11.423 0 5.20557)
(11.6417 0 5.50369)
(11.8838 0 5.79792)
(12.1497 0 6.08494)
(12.4392 0 6.3612)
(12.7517 0 6.62304)
(13.082 0 6.86677)
(13.4681 0 7.08976)
(10.0014 0 0.171841)
(10.0059 0 0.341135)
(10.014 0 0.509714)
(10.0256 0 0.679236)
(10.0406 0 0.851025)
(10.0594 0 1.0262)
(10.0823 0 1.20576)
(10.1099 0 1.39058)
(10.1426 0 1.5814)
(10.1812 0 1.77886)
(10.2263 0 1.98345)
(10.2787 0 2.19555)
(10.3393 0 2.41541)
(10.4091 0 2.64313)
(10.4891 0 2.87867)
(10.5805 0 3.12181)
(10.6843 0 3.37213)
(10.8019 0 3.62901)
(10.9344 0 3.89157)
(11.0832 0 4.15867)
(11.2493 0 4.42891)
(11.4338 0 4.70053)
(11.6377 0 4.97152)
(11.8616 0 5.23955)
(12.1057 0 5.50204)
(12.37 0 5.7562)
(12.6537 0 5.99918)
(12.9561 0 6.22812)
(13.2725 0 6.44024)
(13.6379 0 6.63375)
(10.0019 0 0.169164)
(10.0081 0 0.335777)
(10.0191 0 0.501558)
(10.0347 0 0.668064)
(10.0547 0 0.836532)
(10.0795 0 1.00799)
(10.1093 0 1.18336)
(10.1446 0 1.3634)
(10.1859 0 1.54876)
(10.2338 0 1.73997)
(10.2889 0 1.93742)
(10.352 0 2.14135)
(10.4238 0 2.35189)
(10.5052 0 2.56901)
(10.5971 0 2.79253)
(10.7005 0 3.0221)
(10.8163 0 3.25717)
(10.9454 0 3.49701)
(11.089 0 3.74065)
(11.2478 0 3.98693)
(11.4226 0 4.23442)
(11.6143 0 4.48147)
(11.8231 0 4.72621)
(12.0494 0 4.96659)
(12.2931 0 5.20039)
(12.5537 0 5.42532)
(12.8304 0 5.63907)
(13.1221 0 5.83944)
(13.4249 0 6.02434)
(13.7711 0 6.19251)
(10.0023 0 0.165596)
(10.0101 0 0.328651)
(10.0239 0 0.490764)
(10.0433 0 0.653383)
(10.0681 0 0.817655)
(10.0984 0 0.984521)
(10.1347 0 1.1548)
(10.1772 0 1.32917)
(10.2265 0 1.50818)
(10.2829 0 1.69225)
(10.3472 0 1.88167)
(10.4199 0 2.07658)
(10.5017 0 2.27699)
(10.5933 0 2.48278)
(10.6956 0 2.69365)
(10.8092 0 2.90914)
(10.935 0 3.12865)
(11.0736 0 3.35136)
(11.2258 0 3.5763)
(11.3922 0 3.80229)
(11.5734 0 4.02798)
(11.7696 0 4.25184)
(11.981 0 4.47219)
(12.2075 0 4.68726)
(12.4489 0 4.89516)
(12.7044 0 5.09404)
(12.9731 0 5.28205)
(13.2539 0 5.45748)
(13.5435 0 5.61875)
(13.8718 0 5.765)
(10.0028 0 0.161143)
(10.012 0 0.319767)
(10.0284 0 0.477348)
(10.0514 0 0.635225)
(10.0806 0 0.794446)
(10.1162 0 0.955866)
(10.1584 0 1.12021)
(10.2076 0 1.28806)
(10.2641 0 1.45989)
(10.3284 0 1.63602)
(10.4009 0 1.81663)
(10.4821 0 2.00179)
(10.5727 0 2.19142)
(10.6733 0 2.38529)
(10.7843 0 2.58305)
(10.9065 0 2.78419)
(11.0404 0 2.98802)
(11.1866 0 3.19374)
(11.3454 0 3.40037)
(11.5173 0 3.60679)
(11.7026 0 3.81174)
(11.9013 0 4.01384)
(12.1133 0 4.21163)
(12.3383 0 4.40357)
(12.5759 0 4.58812)
(12.8253 0 4.76374)
(13.0855 0 4.92898)
(13.3555 0 5.08252)
(13.6322 0 5.22319)
(13.9437 0 5.35036)
(10.0032 0 0.155813)
(10.0138 0 0.309146)
(10.0326 0 0.461349)
(10.0589 0 0.613646)
(10.0922 0 0.766992)
(10.1327 0 0.922149)
(10.1804 0 1.07975)
(10.2356 0 1.24031)
(10.2987 0 1.4042)
(10.3699 0 1.57166)
(10.4497 0 1.74279)
(10.5385 0 1.91759)
(10.6367 0 2.0959)
(10.7448 0 2.27745)
(10.8633 0 2.46181)
(10.9925 0 2.64845)
(11.1329 0 2.83668)
(11.2848 0 3.0257)
(11.4484 0 3.21456)
(11.624 0 3.40224)
(11.8116 0 3.58758)
(12.011 0 3.76936)
(12.2221 0 3.94633)
(12.4443 0 4.11718)
(12.6771 0 4.28063)
(12.9197 0 4.43546)
(13.1711 0 4.58051)
(13.4302 0 4.71477)
(13.6946 0 4.83736)
(13.9904 0 4.94785)
(10.0036 0 0.149623)
(10.0155 0 0.296823)
(10.0365 0 0.442821)
(10.0658 0 0.588729)
(10.1029 0 0.735405)
(10.1478 0 0.883527)
(10.2004 0 1.03365)
(10.2611 0 1.18619)
(10.3301 0 1.34145)
(10.4075 0 1.4996)
(10.4937 0 1.66068)
(10.589 0 1.82462)
(10.6937 0 1.99121)
(10.8082 0 2.16014)
(10.9327 0 2.33096)
(11.0675 0 2.50312)
(11.2128 0 2.67595)
(11.3689 0 2.84867)
(11.5358 0 3.02042)
(11.7135 0 3.19024)
(11.9019 0 3.35712)
(12.1007 0 3.52)
(12.3096 0 3.67779)
(12.528 0 3.8294)
(12.7552 0 3.9738)
(12.9906 0 4.11)
(13.233 0 4.2371)
(13.4816 0 4.35432)
(13.7341 0 4.46098)
(14.0151 0 4.55684)
(10.0039 0 0.142595)
(10.017 0 0.282841)
(10.04 0 0.421834)
(10.0722 0 0.560573)
(10.1127 0 0.699825)
(10.1615 0 0.840183)
(10.2186 0 0.982119)
(10.2842 0 1.12598)
(10.3583 0 1.27201)
(10.4411 0 1.4203)
(10.5329 0 1.57085)
(10.6337 0 1.72353)
(10.7438 0 1.87812)
(10.8635 0 2.03426)
(10.9928 0 2.1915)
(11.1319 0 2.34931)
(11.2809 0 2.50704)
(11.4399 0 2.66397)
(11.6087 0 2.81931)
(11.7872 0 2.97221)
(11.9752 0 3.12176)
(12.1723 0 3.26707)
(12.3781 0 3.40721)
(12.5919 0 3.5413)
(12.8132 0 3.66847)
(13.041 0 3.78795)
(13.2745 0 3.89904)
(13.5128 0 4.00113)
(13.754 0 4.09375)
(14.0211 0 4.17671)
(10.0042 0 0.134755)
(10.0183 0 0.267253)
(10.0432 0 0.398471)
(10.0779 0 0.529297)
(10.1215 0 0.66041)
(10.1738 0 0.792322)
(10.2349 0 0.925433)
(10.3047 0 1.06003)
(10.3834 0 1.19628)
(10.4708 0 1.33424)
(10.5673 0 1.47386)
(10.6727 0 1.61498)
(10.7873 0 1.75736)
(10.9111 0 1.90064)
(11.0441 0 2.04437)
(11.1865 0 2.18805)
(11.338 0 2.33106)
(11.4987 0 2.47276)
(11.6683 0 2.61243)
(11.8466 0 2.74932)
(12.0333 0 2.88265)
(12.2279 0 3.01166)
(12.4299 0 3.13557)
(12.6387 0 3.25366)
(12.8536 0 3.36524)
(13.0738 0 3.46969)
(13.2986 0 3.56646)
(13.527 0 3.65511)
(13.7574 0 3.73528)
(14.0115 0 3.80687)
(10.0045 0 0.126131)
(10.0196 0 0.250118)
(10.0461 0 0.372822)
(10.083 0 0.495029)
(10.1293 0 0.617331)
(10.1848 0 0.740164)
(10.2493 0 0.863863)
(10.3229 0 0.988652)
(10.4054 0 1.11465)
(10.4968 0 1.24188)
(10.5971 0 1.37025)
(10.7064 0 1.49959)
(10.8245 0 1.62965)
(10.9515 0 1.76007)
(11.0874 0 1.89043)
(11.2319 0 2.02025)
(11.385 0 2.14898)
(11.5464 0 2.27603)
(11.716 0 2.40077)
(11.8933 0 2.52255)
(12.0779 0 2.64072)
(12.2694 0 2.75461)
(12.4671 0 2.86359)
(12.6706 0 2.96708)
(12.8791 0 3.06451)
(13.0919 0 3.15541)
(13.3081 0 3.23937)
(13.5271 0 3.31603)
(13.7474 0 3.38514)
(13.9893 0 3.44667)
(10.0048 0 0.116754)
(10.0207 0 0.231498)
(10.0487 0 0.344986)
(10.0875 0 0.457906)
(10.1363 0 0.570767)
(10.1945 0 0.683937)
(10.262 0 0.797688)
(10.3387 0 0.912194)
(10.4245 0 1.02753)
(10.5192 0 1.14369)
(10.6227 0 1.26056)
(10.735 0 1.37796)
(10.856 0 1.49564)
(10.9854 0 1.61326)
(11.1232 0 1.73044)
(11.2691 0 1.84672)
(11.4229 0 1.96162)
(11.5844 0 2.07462)
(11.7532 0 2.18516)
(11.9288 0 2.2927)
(12.1109 0 2.39666)
(12.2989 0 2.49652)
(12.4922 0 2.59176)
(12.6902 0 2.68188)
(12.8923 0 2.76647)
(13.0978 0 2.84513)
(13.306 0 2.91756)
(13.5161 0 2.98351)
(13.7269 0 3.04279)
(13.9576 0 3.0954)
(10.005 0 0.106654)
(10.0217 0 0.211455)
(10.0509 0 0.315061)
(10.0915 0 0.418066)
(10.1423 0 0.520902)
(10.2029 0 0.623872)
(10.273 0 0.72719)
(10.3524 0 0.830985)
(10.4409 0 0.935303)
(10.5383 0 1.04011)
(10.6444 0 1.14528)
(10.7591 0 1.25064)
(10.8821 0 1.35594)
(11.0132 0 1.46087)
(11.1523 0 1.56508)
(11.299 0 1.66816)
(11.4529 0 1.76969)
(11.6138 0 1.86921)
(11.7813 0 1.96626)
(11.9549 0 2.06035)
(12.1341 0 2.15103)
(12.3184 0 2.23785)
(12.5071 0 2.32039)
(12.6998 0 2.39826)
(12.8958 0 2.47114)
(13.0943 0 2.53871)
(13.2949 0 2.60076)
(13.4967 0 2.65709)
(13.6987 0 2.70758)
(13.9191 0 2.75226)
(10.0052 0 0.09586)
(10.0225 0 0.190049)
(10.0529 0 0.283142)
(10.095 0 0.375646)
(10.1476 0 0.467916)
(10.2102 0 0.560191)
(10.2824 0 0.652635)
(10.364 0 0.745339)
(10.4548 0 0.838321)
(10.5543 0 0.931529)
(10.6625 0 1.02484)
(10.779 0 1.11809)
(10.9035 0 1.21103)
(11.0358 0 1.30339)
(11.1756 0 1.39486)
(11.3225 0 1.48508)
(11.4761 0 1.57368)
(11.636 0 1.66027)
(11.8019 0 1.74445)
(11.9731 0 1.82584)
(12.1493 0 1.90405)
(12.3298 0 1.97871)
(12.5141 0 2.0495)
(12.7016 0 2.1161)
(12.8917 0 2.17825)
(13.0838 0 2.23574)
(13.2772 0 2.28838)
(13.4715 0 2.33605)
(13.6655 0 2.37867)
(13.8766 0 2.41627)
(10.0054 0 0.0843951)
(10.0233 0 0.167332)
(10.0547 0 0.249316)
(10.0981 0 0.330774)
(10.1522 0 0.411981)
(10.2165 0 0.493113)
(10.2905 0 0.574291)
(10.3739 0 0.655572)
(10.4664 0 0.736954)
(10.5677 0 0.818374)
(10.6774 0 0.899714)
(10.7952 0 0.980809)
(10.9208 0 1.06145)
(11.0538 0 1.14139)
(11.1938 0 1.22035)
(11.3405 0 1.29803)
(11.4935 0 1.37412)
(11.6522 0 1.44828)
(11.8162 0 1.5202)
(11.985 0 1.58954)
(12.1582 0 1.656)
(12.335 0 1.71929)
(12.5151 0 1.77914)
(12.6977 0 1.83532)
(12.8824 0 1.88761)
(13.0685 0 1.93587)
(13.2555 0 1.97996)
(13.4428 0 2.01978)
(13.6297 0 2.0553)
(13.8324 0 2.08656)
(10.0056 0 0.0722702)
(10.024 0 0.143335)
(10.0563 0 0.213656)
(10.1009 0 0.283565)
(10.1563 0 0.353244)
(10.2219 0 0.422804)
(10.2974 0 0.492328)
(10.3823 0 0.56185)
(10.4762 0 0.631355)
(10.5788 0 0.700776)
(10.6897 0 0.770004)
(10.8084 0 0.838889)
(10.9346 0 0.90725)
(11.0679 0 0.974873)
(11.2079 0 1.04152)
(11.3542 0 1.10695)
(11.5062 0 1.17089)
(11.6636 0 1.23306)
(11.8257 0 1.29322)
(11.9921 0 1.35109)
(12.1623 0 1.40643)
(12.3358 0 1.45902)
(12.5118 0 1.50863)
(12.6901 0 1.5551)
(12.8698 0 1.59827)
(13.0506 0 1.63802)
(13.2319 0 1.67425)
(13.4132 0 1.70691)
(13.5937 0 1.73596)
(13.7892 0 1.76147)
(10.0057 0 0.0594707)
(10.0247 0 0.118058)
(10.0579 0 0.176221)
(10.1034 0 0.234169)
(10.1599 0 0.291964)
(10.2267 0 0.349645)
(10.3033 0 0.40726)
(10.3893 0 0.464817)
(10.4843 0 0.522285)
(10.5879 0 0.579599)
(10.6995 0 0.636656)
(10.8189 0 0.693331)
(10.9455 0 0.749468)
(11.0789 0 0.804893)
(11.2186 0 0.859414)
(11.3643 0 0.912827)
(11.5153 0 0.96492)
(11.6713 0 1.01548)
(11.8316 0 1.0643)
(11.9958 0 1.11118)
(12.1633 0 1.15592)
(12.3336 0 1.19835)
(12.5062 0 1.23831)
(12.6804 0 1.27568)
(12.8559 0 1.31032)
(13.032 0 1.34217)
(13.2083 0 1.37115)
(13.3843 0 1.39723)
(13.5594 0 1.42039)
(13.7486 0 1.4407)
(10.006 0 0.0459206)
(10.0256 0 0.0914176)
(10.0596 0 0.136894)
(10.1061 0 0.182338)
(10.1636 0 0.227694)
(10.2312 0 0.27298)
(10.3087 0 0.318228)
(10.3956 0 0.363433)
(10.4914 0 0.408552)
(10.5957 0 0.45352)
(10.7078 0 0.498249)
(10.8275 0 0.54263)
(10.9542 0 0.586537)
(11.0875 0 0.629828)
(11.2269 0 0.67235)
(11.3719 0 0.713944)
(11.5219 0 0.754445)
(11.6765 0 0.79369)
(11.8352 0 0.831519)
(11.9974 0 0.867779)
(12.1626 0 0.902328)
(12.3302 0 0.935036)
(12.4997 0 0.96579)
(12.6707 0 0.994491)
(12.8425 0 1.02106)
(13.0148 0 1.04544)
(13.187 0 1.06758)
(13.3586 0 1.08746)
(13.5292 0 1.10507)
(13.7134 0 1.12047)
(10.0063 0 0.0314262)
(10.0267 0 0.0637368)
(10.0617 0 0.0967381)
(10.109 0 0.129798)
(10.167 0 0.162724)
(10.2354 0 0.195563)
(10.3136 0 0.228354)
(10.4011 0 0.261084)
(10.4975 0 0.293713)
(10.6022 0 0.326193)
(10.7147 0 0.358462)
(10.8346 0 0.390444)
(10.9613 0 0.42205)
(11.0944 0 0.453179)
(11.2333 0 0.483723)
(11.3777 0 0.513571)
(11.5268 0 0.542607)
(11.6803 0 0.570716)
(11.8375 0 0.597786)
(11.998 0 0.623711)
(12.1612 0 0.648392)
(12.3266 0 0.671741)
(12.4937 0 0.693679)
(12.662 0 0.714139)
(12.8309 0 0.733068)
(13 0 0.750426)
(13.1689 0 0.766187)
(13.3371 0 0.780336)
(13.5041 0 0.792873)
(13.6841 0 0.803847)
(10.0075 0 0.0138324)
(10.03 0 0.0316322)
(10.0662 0 0.0512861)
(10.1139 0 0.0712383)
(10.1723 0 0.0911865)
(10.241 0 0.111182)
(10.3195 0 0.13123)
(10.4073 0 0.151284)
(10.5039 0 0.171292)
(10.6087 0 0.191205)
(10.7212 0 0.210976)
(10.8411 0 0.230549)
(10.9676 0 0.249865)
(11.1004 0 0.268857)
(11.2389 0 0.287459)
(11.3827 0 0.305601)
(11.531 0 0.323212)
(11.6836 0 0.340224)
(11.8397 0 0.356571)
(11.9989 0 0.372191)
(12.1607 0 0.387028)
(12.3245 0 0.401031)
(12.4898 0 0.414157)
(12.6561 0 0.42637)
(12.823 0 0.437641)
(12.9899 0 0.447952)
(13.1565 0 0.45729)
(13.3223 0 0.465654)
(13.4869 0 0.47305)
(13.6642 0 0.47953)
(9.99652 0 0.00186208)
(10.0098 0 0.00672315)
(10.0344 0 0.0128383)
(10.0699 0 0.0192038)
(10.1164 0 0.025663)
(10.1739 0 0.032243)
(10.2416 0 0.0389376)
(10.3192 0 0.0457159)
(10.4061 0 0.0525483)
(10.5017 0 0.0594103)
(10.6056 0 0.0662784)
(10.7173 0 0.0731277)
(10.8361 0 0.0799314)
(10.9616 0 0.0866613)
(11.0933 0 0.093288)
(11.2306 0 0.0997821)
(11.3728 0 0.106114)
(11.5195 0 0.112255)
(11.6701 0 0.118177)
(11.8241 0 0.123854)
(11.9808 0 0.129262)
(12.1398 0 0.134381)
(12.3004 0 0.139191)
(12.4623 0 0.143677)
(12.6248 0 0.147826)
(12.7875 0 0.151629)
(12.95 0 0.15508)
(13.1118 0 0.158175)
(13.2725 0 0.160907)
(13.4456 0 0.163304)
(8.50943 0 12.3491)
(5.40258 0 9.91074)
(-1.55142 0 4.84541)
(9.15745 0 10.7265)
(8.44017 0 9.29974)
(6.76687 0 7.3703)
(10.0748 0 10.9178)
(10.0961 0 10.3172)
(9.6781 0 9.36925)
(10.9727 0 10.8474)
(11.1609 0 10.6987)
(11.1289 0 10.3019)
(11.6463 0 10.3836)
(11.8935 0 10.4245)
(12.0277 0 10.3307)
(12.1664 0 9.8147)
(12.4362 0 9.93285)
(12.6405 0 9.98349)
(12.5957 0 9.25167)
(12.864 0 9.39107)
(13.0851 0 9.49658)
(12.9532 0 8.70694)
(13.2089 0 8.84075)
(13.4249 0 8.95699)
(13.2485 0 8.18075)
(13.489 0 8.30058)
(13.6933 0 8.41012)
(13.491 0 7.67442)
(13.7165 0 7.77953)
(13.9081 0 7.87742)
(13.688 0 7.18764)
(13.8995 0 7.27928)
(14.079 0 7.36519)
(13.8448 0 6.71889)
(14.0436 0 6.79864)
(14.2121 0 6.87356)
(13.9661 0 6.2666)
(14.1533 0 6.33596)
(14.3118 0 6.40115)
(14.0559 0 5.82946)
(14.2324 0 5.88975)
(14.3818 0 5.94638)
(14.1178 0 5.40641)
(14.2844 0 5.45875)
(14.4255 0 5.50786)
(14.1551 0 4.99652)
(14.3127 0 5.04187)
(14.4459 0 5.08437)
(14.1711 0 4.59901)
(14.3202 0 4.63821)
(14.4463 0 4.67489)
(14.169 0 4.21315)
(14.3103 0 4.24695)
(14.4297 0 4.27851)
(14.1519 0 3.83825)
(14.2859 0 3.86729)
(14.3991 0 3.89434)
(14.1228 0 3.47359)
(14.2501 0 3.49842)
(14.3576 0 3.52151)
(14.0846 0 3.11836)
(14.2057 0 3.13949)
(14.308 0 3.15908)
(14.0403 0 2.77173)
(14.1557 0 2.78958)
(14.2532 0 2.8061)
(13.9924 0 2.43261)
(14.1028 0 2.44756)
(14.196 0 2.46136)
(13.9436 0 2.10012)
(14.0494 0 2.11249)
(14.1387 0 2.12389)
(13.8962 0 1.77251)
(13.998 0 1.78255)
(14.084 0 1.79179)
(13.8521 0 1.44948)
(13.9506 0 1.45745)
(14.0337 0 1.46476)
(13.814 0 1.12709)
(13.9097 0 1.13309)
(13.9904 0 1.13859)
(13.7824 0 0.808569)
(13.876 0 0.812831)
(13.955 0 0.816723)
(13.7609 0 0.482239)
(13.8528 0 0.484618)
(13.9304 0 0.486767)
(13.5401 0 0.164247)
(13.6301 0 0.165042)
(13.7061 0 0.165773)
(-0.849323 0 4.77017)
(0.987342 0 5.45002)
(1.62932 0 5.74442)
(2.1249 0 5.94909)
(2.4454 0 6.08731)
(2.6559 0 6.16311)
(2.78505 0 6.18086)
(2.85039 0 6.14266)
(2.86263 0 6.0505)
(2.83033 0 5.90697)
(2.76043 0 5.71468)
(2.65892 0 5.47587)
(2.53066 0 5.19193)
(2.37857 0 4.86297)
(2.20675 0 4.49197)
(2.01897 0 4.08093)
(1.8183 0 3.63052)
(1.60836 0 3.1406)
(1.38922 0 2.60765)
(1.16102 0 2.03208)
(0.939883 0 1.42327)
(0.747522 0 0.794018)
(0.46196 0 0.152069)
(0.207702 0 -0.42588)
(-0.0333155 0 -0.891864)
(-0.295513 0 -1.28828)
(-0.585658 0 -1.63425)
(-0.929148 0 -1.95973)
(-1.32181 0 -2.28019)
(-1.85859 0 -2.51656)
(4.42498 0 5.45497)
(3.34859 0 4.98789)
(3.00221 0 5.20594)
(3.13461 0 5.53247)
(3.37452 0 5.79712)
(3.5979 0 5.97169)
(3.77211 0 6.06234)
(3.89352 0 6.07944)
(3.96575 0 6.031)
(3.99423 0 5.9227)
(3.98444 0 5.75884)
(3.94153 0 5.54278)
(3.87007 0 5.27702)
(3.77334 0 4.96296)
(3.6546 0 4.60327)
(3.51737 0 4.20024)
(3.3649 0 3.75502)
(3.20036 0 3.26776)
(3.02457 0 2.73633)
(2.83615 0 2.16114)
(2.63711 0 1.55303)
(2.43376 0 0.936985)
(2.19521 0 0.323971)
(1.87302 0 -0.252635)
(1.57775 0 -0.7332)
(1.27356 0 -1.12211)
(0.953985 0 -1.45315)
(0.601128 0 -1.75155)
(0.230028 0 -2.03684)
(-0.378356 0 -2.29918)
(8.33939 0 7.64063)
(6.88129 0 6.4077)
(5.66131 0 5.75887)
(4.9895 0 5.56953)
(4.75644 0 5.6388)
(4.75871 0 5.78421)
(4.8553 0 5.90545)
(4.97217 0 5.96657)
(5.07487 0 5.96036)
(5.14966 0 5.88876)
(5.19279 0 5.75579)
(5.20494 0 5.56541)
(5.1885 0 5.3209)
(5.14598 0 5.0247)
(5.07992 0 4.67949)
(4.99314 0 4.28772)
(4.8883 0 3.85098)
(4.76759 0 3.37005)
(4.63129 0 2.84478)
(4.47688 0 2.27758)
(4.29996 0 1.68041)
(4.09658 0 1.07926)
(3.86963 0 0.496708)
(3.54375 0 -0.0598166)
(3.21854 0 -0.543125)
(2.87995 0 -0.936313)
(2.52839 0 -1.2624)
(2.15902 0 -1.54843)
(1.78133 0 -1.8094)
(1.23131 0 -2.05571)
(10.5598 0 9.12031)
(9.59128 0 7.93413)
(8.4542 0 6.98338)
(7.47283 0 6.34029)
(6.7871 0 5.99315)
(6.3959 0 5.86546)
(6.23095 0 5.85372)
(6.20713 0 5.87188)
(6.2536 0 5.86779)
(6.32361 0 5.81659)
(6.39078 0 5.70921)
(6.44201 0 5.54402)
(6.47174 0 5.32236)
(6.4782 0 5.04636)
(6.46148 0 4.71855)
(6.42262 0 4.34146)
(6.36293 0 3.91718)
(6.28317 0 3.44744)
(6.18243 0 2.93415)
(6.05707 0 2.38212)
(5.90084 0 1.80398)
(5.7072 0 1.22309)
(5.48121 0 0.666599)
(5.18863 0 0.139778)
(4.84504 0 -0.334386)
(4.49158 0 -0.727279)
(4.12535 0 -1.05191)
(3.75065 0 -1.33296)
(3.3767 0 -1.58574)
(2.87557 0 -1.81823)
(11.9413 0 9.70744)
(11.4778 0 8.86109)
(10.7393 0 8.01835)
(9.90872 0 7.28778)
(9.13082 0 6.71882)
(8.4974 0 6.32439)
(8.05052 0 6.08151)
(7.78395 0 5.94162)
(7.65915 0 5.85023)
(7.62817 0 5.7626)
(7.64929 0 5.64915)
(7.6922 0 5.49349)
(7.73733 0 5.28813)
(7.77303 0 5.03059)
(7.79274 0 4.72113)
(7.79306 0 4.36133)
(7.77212 0 3.95329)
(7.72826 0 3.49954)
(7.6588 0 3.00365)
(7.5591 0 2.47227)
(7.42277 0 1.91838)
(7.24397 0 1.36268)
(7.02338 0 0.830475)
(6.76443 0 0.334965)
(6.42697 0 -0.119353)
(6.07808 0 -0.508607)
(5.71904 0 -0.834648)
(5.35786 0 -1.1172)
(5.00389 0 -1.36965)
(4.55318 0 -1.59477)
(12.8269 0 9.75588)
(12.7437 0 9.26313)
(12.414 0 8.65698)
(11.9038 0 8.03405)
(11.301 0 7.45313)
(10.6912 0 6.95277)
(10.1452 0 6.551)
(9.70853 0 6.24432)
(9.39735 0 6.0119)
(9.20277 0 5.82379)
(9.1012 0 5.6496)
(9.06449 0 5.46428)
(9.06672 0 5.25032)
(9.0872 0 4.99702)
(9.11075 0 4.69899)
(9.12675 0 4.35437)
(9.12775 0 3.96362)
(9.10791 0 3.52894)
(9.0617 0 3.05455)
(8.98296 0 2.54801)
(8.86522 0 2.02196)
(8.70344 0 1.49467)
(8.49685 0 0.987567)
(8.25419 0 0.51826)
(7.95354 0 0.0875491)
(7.62871 0 -0.295357)
(7.30095 0 -0.624465)
(6.97548 0 -0.912755)
(6.65978 0 -1.16911)
(6.2663 0 -1.39052)
(13.401 0 9.5026)
(13.5636 0 9.2856)
(13.5559 0 8.91988)
(13.369 0 8.47054)
(13.038 0 7.98716)
(12.6173 0 7.50949)
(12.1635 0 7.06626)
(11.7261 0 6.67317)
(11.3429 0 6.33316)
(11.0356 0 6.03856)
(10.8103 0 5.77445)
(10.6603 0 5.52282)
(10.5715 0 5.26622)
(10.5263 0 4.99032)
(10.5079 0 4.68486)
(10.5011 0 4.34359)
(10.4936 0 3.96378)
(10.4748 0 3.54572)
(10.4356 0 3.09277)
(10.3677 0 2.6119)
(10.2638 0 2.11451)
(10.1193 0 1.61621)
(9.93339 0 1.13479)
(9.71259 0 0.68655)
(9.46382 0 0.27553)
(9.17661 0 -0.100476)
(8.89619 0 -0.434624)
(8.62261 0 -0.731258)
(8.35791 0 -0.992555)
(8.02537 0 -1.20966)
(13.7868 0 9.07868)
(14.0854 0 9.04403)
(14.2941 0 8.87322)
(14.365 0 8.59826)
(14.2966 0 8.25139)
(14.1143 0 7.86354)
(13.8517 0 7.46157)
(13.544 0 7.06557)
(13.2245 0 6.68787)
(12.9218 0 6.33335)
(12.6563 0 6.00037)
(12.4391 0 5.6823)
(12.2725 0 5.36953)
(12.1518 0 5.05157)
(12.0679 0 4.7188)
(12.0093 0 4.36373)
(11.9641 0 3.98158)
(11.9204 0 3.57063)
(11.8676 0 3.1325)
(11.7958 0 2.67246)
(11.6971 0 2.19969)
(11.5667 0 1.72674)
(11.4037 0 1.26769)
(11.2129 0 0.835318)
(11.0052 0 0.435776)
(10.7724 0 0.0647777)
(10.5492 0 -0.275438)
(10.3333 0 -0.580159)
(10.1206 0 -0.8442)
(9.84266 0 -1.05333)
(14.0595 0 8.57455)
(14.4183 0 8.64148)
(14.7514 0 8.60417)
(14.9981 0 8.47078)
(15.1365 0 8.2562)
(15.1717 0 7.979)
(15.1178 0 7.65863)
(14.9933 0 7.3126)
(14.8196 0 6.95469)
(14.619 0 6.59431)
(14.4116 0 6.23651)
(14.2139 0 5.88228)
(14.0368 0 5.52945)
(13.886 0 5.17362)
(13.7619 0 4.80947)
(13.661 0 4.43185)
(13.5767 0 4.03681)
(13.501 0 3.62238)
(13.4251 0 3.18917)
(13.3406 0 2.74085)
(13.2404 0 2.28425)
(13.1201 0 1.82883)
(12.9787 0 1.38523)
(12.8197 0 0.963037)
(12.6514 0 0.568208)
(12.4775 0 0.198192)
(12.2989 0 -0.147167)
(12.1273 0 -0.457137)
(11.9523 0 -0.7199)
(11.7108 0 -0.917076)
(14.2606 0 8.04669)
(14.6345 0 8.15849)
(15.0248 0 8.19831)
(15.3734 0 8.16211)
(15.6513 0 8.05266)
(15.8523 0 7.87745)
(15.9776 0 7.64715)
(16.0325 0 7.3736)
(16.0267 0 7.06798)
(15.973 0 6.73968)
(15.8854 0 6.39572)
(15.7778 0 6.04063)
(15.6618 0 5.67656)
(15.5464 0 5.30373)
(15.4375 0 4.92098)
(15.3374 0 4.52659)
(15.2456 0 4.119)
(15.1593 0 3.69757)
(15.0739 0 3.26325)
(14.9846 0 2.81908)
(14.8867 0 2.37032)
(14.7774 0 1.9241)
(14.6562 0 1.4884)
(14.5254 0 1.07055)
(14.3897 0 0.675641)
(14.2537 0 0.304384)
(14.1088 0 -0.0418313)
(13.9628 0 -0.35165)
(13.8056 0 -0.608512)
(13.5787 0 -0.791635)
(14.4119 0 7.52297)
(14.778 0 7.64647)
(15.1831 0 7.72219)
(15.578 0 7.74253)
(15.935 0 7.70431)
(16.2439 0 7.60777)
(16.4995 0 7.45639)
(16.699 0 7.25598)
(16.8432 0 7.0135)
(16.9366 0 6.73593)
(16.9862 0 6.42959)
(17.0004 0 6.09965)
(16.9878 0 5.75001)
(16.9562 0 5.38328)
(16.9121 0 5.00104)
(16.8602 0 4.60423)
(16.8031 0 4.1936)
(16.7417 0 3.77027)
(16.6754 0 3.33621)
(16.6026 0 2.89465)
(16.5216 0 2.45026)
(16.4316 0 2.00889)
(16.3326 0 1.57702)
(16.2263 0 1.16087)
(16.1149 0 0.765617)
(16.0006 0 0.394909)
(15.8722 0 0.0519264)
(15.7337 0 -0.252032)
(15.5779 0 -0.498917)
(15.3496 0 -0.667967)
(14.5248 0 7.01456)
(14.8733 0 7.13343)
(15.2703 0 7.2199)
(15.6757 0 7.26693)
(16.0662 0 7.26981)
(16.4327 0 7.22551)
(16.7684 0 7.13311)
(17.0668 0 6.99383)
(17.3237 0 6.81055)
(17.5377 0 6.58716)
(17.7101 0 6.32791)
(17.8441 0 6.03702)
(17.9439 0 5.71832)
(18.0143 0 5.37514)
(18.0601 0 5.01029)
(18.0854 0 4.62621)
(18.0933 0 4.2252)
(18.0861 0 3.80976)
(18.0651 0 3.38286)
(18.0308 0 2.94828)
(17.9835 0 2.51065)
(17.9234 0 2.07544)
(17.8514 0 1.64858)
(17.7685 0 1.23609)
(17.6756 0 0.843875)
(17.5735 0 0.478047)
(17.4539 0 0.143631)
(17.3127 0 -0.149194)
(17.1502 0 -0.38334)
(16.9139 0 -0.539942)
(14.6054 0 6.52484)
(14.9336 0 6.63259)
(15.3122 0 6.71685)
(15.7082 0 6.77221)
(16.103 0 6.79448)
(16.4902 0 6.78)
(16.8643 0 6.72599)
(17.2183 0 6.63111)
(17.5463 0 6.49537)
(17.8438 0 6.31993)
(18.1083 0 6.10683)
(18.339 0 5.85863)
(18.5366 0 5.57816)
(18.7024 0 5.26837)
(18.8386 0 4.93219)
(18.9473 0 4.57255)
(19.0307 0 4.19247)
(19.0907 0 3.79521)
(19.1286 0 3.38442)
(19.1455 0 2.96432)
(19.1423 0 2.53978)
(19.1198 0 2.11629)
(19.0787 0 1.69978)
(19.0199 0 1.29653)
(18.9436 0 0.913267)
(18.8497 0 0.557589)
(18.7354 0 0.236698)
(18.5913 0 -0.0407334)
(18.4238 0 -0.260544)
(18.1829 0 -0.406666)
(14.6578 0 6.05397)
(14.9659 0 6.14896)
(15.3228 0 6.22556)
(15.7003 0 6.27973)
(16.0834 0 6.30828)
(16.4682 0 6.30801)
(16.8514 0 6.27593)
(17.2273 0 6.20972)
(17.5901 0 6.10792)
(17.9346 0 5.96997)
(18.2565 0 5.79615)
(18.5528 0 5.58744)
(18.8215 0 5.34543)
(19.0613 0 5.07216)
(19.2719 0 4.77005)
(19.4534 0 4.44184)
(19.606 0 4.0906)
(19.7304 0 3.71977)
(19.8272 0 3.33329)
(19.8968 0 2.93558)
(19.9397 0 2.53169)
(19.9565 0 2.12721)
(19.9477 0 1.72823)
(19.9137 0 1.34137)
(19.8547 0 0.973876)
(19.7705 0 0.633969)
(19.6614 0 0.330413)
(19.5215 0 0.0707972)
(19.3559 0 -0.134)
(19.1189 0 -0.271108)
(14.6853 0 5.60101)
(14.9745 0 5.68362)
(15.3096 0 5.75099)
(15.6656 0 5.79994)
(16.0299 0 5.82811)
(16.4002 0 5.83296)
(16.775 0 5.81189)
(17.1504 0 5.76255)
(17.5216 0 5.68303)
(17.8839 0 5.57198)
(18.2328 0 5.42866)
(18.5645 0 5.25296)
(18.8755 0 5.04542)
(19.163 0 4.80715)
(19.4248 0 4.53982)
(19.6593 0 4.24565)
(19.8651 0 3.92734)
(20.0413 0 3.58816)
(20.1873 0 3.23192)
(20.3025 0 2.86301)
(20.3867 0 2.48643)
(20.4397 0 2.10778)
(20.4615 0 1.7332)
(20.4522 0 1.36944)
(20.412 0 1.02388)
(20.3414 0 0.704743)
(20.2416 0 0.420978)
(20.1134 0 0.18038)
(19.957 0 -0.00933308)
(19.7338 0 -0.138199)
(14.6909 0 5.16476)
(14.9627 0 5.23607)
(15.277 0 5.29432)
(15.6115 0 5.3369)
(15.9547 0 5.36194)
(16.3055 0 5.36745)
(16.6634 0 5.3513)
(17.0259 0 5.31143)
(17.3893 0 5.24601)
(17.7498 0 5.15351)
(18.1036 0 5.03279)
(18.4467 0 4.88319)
(18.7755 0 4.70458)
(19.0864 0 4.49738)
(19.3764 0 4.2626)
(19.6425 0 4.00186)
(19.8823 0 3.71738)
(20.0938 0 3.41199)
(20.275 0 3.08916)
(20.4245 0 2.75303)
(20.5412 0 2.40835)
(20.6242 0 2.06049)
(20.6729 0 1.71546)
(20.6871 0 1.37982)
(20.6671 0 1.06075)
(20.6138 0 0.76603)
(20.529 0 0.503943)
(20.4158 0 0.282281)
(20.2771 0 0.107553)
(20.0767 0 -0.0133688)
(14.6775 0 4.74404)
(14.9332 0 4.80529)
(15.2284 0 4.85519)
(15.5424 0 4.89148)
(15.8649 0 4.91264)
(16.1949 0 4.91704)
(16.5328 0 4.90293)
(16.8768 0 4.86858)
(17.2243 0 4.81238)
(17.5721 0 4.73291)
(17.9171 0 4.62901)
(18.256 0 4.49982)
(18.5852 0 4.34491)
(18.9013 0 4.16432)
(19.2008 0 3.95861)
(19.4804 0 3.72889)
(19.7371 0 3.47692)
(19.9679 0 3.20508)
(20.1705 0 2.91639)
(20.3424 0 2.61455)
(20.482 0 2.30392)
(20.5877 0 1.9895)
(20.6586 0 1.67688)
(20.6942 0 1.37223)
(20.6948 0 1.08223)
(20.6614 0 0.814001)
(20.5962 0 0.574927)
(20.5028 0 0.372141)
(20.386 0 0.211761)
(20.2149 0 0.0987647)
(14.6482 0 4.33778)
(14.8891 0 4.39016)
(15.1666 0 4.43262)
(15.4617 0 4.46319)
(15.7645 0 4.48057)
(16.0745 0 4.48341)
(16.3921 0 4.47022)
(16.7161 0 4.43954)
(17.0445 0 4.39001)
(17.3749 0 4.32039)
(17.7045 0 4.22961)
(18.0306 0 4.11685)
(18.3502 0 3.9816)
(18.6599 0 3.82372)
(18.9566 0 3.64353)
(19.237 0 3.44182)
(19.4977 0 3.21998)
(19.7358 0 2.97994)
(19.9483 0 2.72432)
(20.1326 0 2.45633)
(20.2866 0 2.17984)
(20.4084 0 1.89933)
(20.4968 0 1.61988)
(20.5511 0 1.34707)
(20.5716 0 1.08692)
(20.5592 0 0.845781)
(20.5162 0 0.630135)
(20.446 0 0.44622)
(20.3536 0 0.29956)
(20.2151 0 0.19468)
(14.6059 0 3.94495)
(14.8332 0 3.98954)
(15.0945 0 4.02546)
(15.3721 0 4.05099)
(15.6568 0 4.06501)
(15.948 0 4.06636)
(16.2463 0 4.05378)
(16.551 0 4.02603)
(16.8601 0 3.98193)
(17.1717 0 3.92043)
(17.4837 0 3.8406)
(17.7935 0 3.74171)
(18.0987 0 3.62329)
(18.3964 0 3.48514)
(18.6836 0 3.32745)
(18.9572 0 3.15086)
(19.2142 0 2.95644)
(19.4516 0 2.74583)
(19.6664 0 2.52121)
(19.856 0 2.28537)
(20.0181 0 2.04166)
(20.1508 0 1.79402)
(20.2527 0 1.54691)
(20.323 0 1.30525)
(20.3618 0 1.07436)
(20.3701 0 0.859795)
(20.3498 0 0.66718)
(20.3041 0 0.501913)
(20.2376 0 0.368842)
(20.1327 0 0.271999)
(14.5536 0 3.56453)
(14.7684 0 3.60231)
(15.0149 0 3.63253)
(15.2765 0 3.65368)
(15.5446 0 3.66481)
(15.8186 0 3.66494)
(16.0992 0 3.65298)
(16.3857 0 3.62786)
(16.6765 0 3.58859)
(16.97 0 3.53426)
(17.2643 0 3.46408)
(17.5574 0 3.37742)
(17.8469 0 3.27386)
(18.1305 0 3.15323)
(18.4054 0 3.01566)
(18.669 0 2.86166)
(18.9185 0 2.69212)
(19.1509 0 2.50842)
(19.3638 0 2.31239)
(19.5544 0 2.10642)
(19.7206 0 1.89337)
(19.8605 0 1.67664)
(19.9727 0 1.46009)
(20.0565 0 1.24799)
(20.1117 0 1.04493)
(20.1392 0 0.855722)
(20.1407 0 0.685198)
(20.119 0 0.538011)
(20.078 0 0.418372)
(20.0062 0 0.329809)
(14.4941 0 3.19546)
(14.6975 0 3.22729)
(14.9306 0 3.25255)
(15.1778 0 3.26994)
(15.4308 0 3.27865)
(15.6892 0 3.27785)
(15.9536 0 3.26661)
(16.2235 0 3.24402)
(16.4975 0 3.20924)
(16.7743 0 3.16147)
(17.0521 0 3.10006)
(17.3291 0 3.02448)
(17.6034 0 2.93436)
(17.8729 0 2.82955)
(18.1352 0 2.71017)
(18.3878 0 2.57664)
(18.6283 0 2.42971)
(18.8543 0 2.27054)
(19.0631 0 2.10068)
(19.2526 0 1.92214)
(19.4207 0 1.73737)
(19.5655 0 1.54925)
(19.6858 0 1.36107)
(19.7808 0 1.1765)
(19.8504 0 0.999453)
(19.8952 0 0.834037)
(19.9167 0 0.684383)
(19.9172 0 0.554477)
(19.9001 0 0.447957)
(19.8595 0 0.367889)
(14.4304 0 2.83665)
(14.6235 0 2.86328)
(14.8444 0 2.88425)
(15.0786 0 2.89844)
(15.318 0 2.90515)
(15.5623 0 2.9037)
(15.8122 0 2.89331)
(16.0671 0 2.8732)
(16.3261 0 2.84264)
(16.5877 0 2.801)
(16.8504 0 2.74769)
(17.1128 0 2.68228)
(17.3731 0 2.60445)
(17.6294 0 2.5141)
(17.8796 0 2.41131)
(18.1217 0 2.29643)
(18.3534 0 2.17011)
(18.5725 0 2.03332)
(18.7768 0 1.88736)
(18.9642 0 1.73392)
(19.1329 0 1.57507)
(19.2813 0 1.41324)
(19.4081 0 1.25121)
(19.5126 0 1.09207)
(19.5946 0 0.939139)
(19.6546 0 0.795888)
(19.6938 0 0.665824)
(19.7142 0 0.552337)
(19.7187 0 0.458548)
(19.7065 0 0.38711)
(14.3651 0 2.48679)
(14.549 0 2.50888)
(14.7591 0 2.52613)
(14.9816 0 2.53759)
(15.2089 0 2.54269)
(15.4407 0 2.54085)
(15.6776 0 2.53142)
(15.9193 0 2.51374)
(16.1648 0 2.48722)
(16.4129 0 2.45131)
(16.6622 0 2.40554)
(16.9115 0 2.34953)
(17.1592 0 2.28303)
(17.4036 0 2.20594)
(17.643 0 2.11835)
(17.8754 0 2.02054)
(18.0989 0 1.91307)
(18.3115 0 1.79673)
(18.5113 0 1.67262)
(18.6964 0 1.54214)
(18.8652 0 1.40703)
(19.0162 0 1.2693)
(19.1483 0 1.13129)
(19.2608 0 0.995563)
(19.3535 0 0.86491)
(19.4266 0 0.742236)
(19.4813 0 0.630485)
(19.5192 0 0.532517)
(19.5426 0 0.450986)
(19.5556 0 0.388172)
(14.3007 0 2.14481)
(14.4765 0 2.16291)
(14.677 0 2.17694)
(14.8893 0 2.1861)
(15.106 0 2.1899)
(15.3268 0 2.18789)
(15.5523 0 2.17952)
(15.7824 0 2.16425)
(16.0161 0 2.1416)
(16.2523 0 2.1111)
(16.4899 0 2.07236)
(16.7277 0 2.02509)
(16.9643 0 1.96908)
(17.1983 0 1.90424)
(17.428 0 1.83065)
(17.6518 0 1.74854)
(17.8679 0 1.65838)
(18.0747 0 1.56081)
(18.2703 0 1.45675)
(18.4532 0 1.34736)
(18.6218 0 1.23404)
(18.7749 0 1.11848)
(18.9113 0 1.00259)
(19.0305 0 0.888501)
(19.1322 0 0.778503)
(19.2166 0 0.675005)
(19.2846 0 0.580447)
(19.3375 0 0.497214)
(19.3773 0 0.427527)
(19.4123 0 0.373314)
(14.2397 0 1.8087)
(14.4085 0 1.82328)
(14.6007 0 1.8345)
(14.8041 0 1.84168)
(15.0117 0 1.84446)
(15.223 0 1.84245)
(15.4387 0 1.83522)
(15.6587 0 1.82233)
(15.8822 0 1.80337)
(16.1082 0 1.77799)
(16.3357 0 1.74586)
(16.5636 0 1.70674)
(16.7907 0 1.66047)
(17.0156 0 1.60698)
(17.237 0 1.54633)
(17.4534 0 1.47871)
(17.6632 0 1.4045)
(17.8648 0 1.32422)
(18.0568 0 1.23862)
(18.2376 0 1.14862)
(18.4059 0 1.05538)
(18.5605 0 0.960254)
(18.7005 0 0.864785)
(18.8252 0 0.770699)
(18.9344 0 0.679861)
(19.0283 0 0.594226)
(19.1074 0 0.515784)
(19.1731 0 0.446484)
(19.2269 0 0.388154)
(19.2804 0 0.342402)
(14.1842 0 1.47809)
(14.347 0 1.48957)
(14.5322 0 1.49833)
(14.7281 0 1.50385)
(14.928 0 1.50584)
(15.1313 0 1.50401)
(15.3388 0 1.498)
(15.5504 0 1.48747)
(15.7653 0 1.4721)
(15.9828 0 1.45161)
(16.2018 0 1.42575)
(16.4213 0 1.39433)
(16.6404 0 1.35721)
(16.8577 0 1.31435)
(17.0721 0 1.26579)
(17.2822 0 1.21169)
(17.4866 0 1.15234)
(17.6839 0 1.08816)
(17.8727 0 1.01973)
(18.0517 0 0.947788)
(18.2196 0 0.873239)
(18.3754 0 0.797151)
(18.5183 0 0.720746)
(18.6475 0 0.645384)
(18.7629 0 0.572538)
(18.8645 0 0.50376)
(18.9529 0 0.440628)
(19.0291 0 0.384695)
(19.0945 0 0.33742)
(19.1637 0 0.300079)
(14.1365 0 1.14862)
(14.2944 0 1.15724)
(14.4739 0 1.16378)
(14.6637 0 1.16783)
(14.8572 0 1.16917)
(15.054 0 1.16758)
(15.2548 0 1.1628)
(15.4596 0 1.15457)
(15.6676 0 1.14264)
(15.8781 0 1.12681)
(16.0902 0 1.10687)
(16.303 0 1.0827)
(16.5155 0 1.05419)
(16.7267 0 1.0213)
(16.9354 0 0.984066)
(17.1404 0 0.942616)
(17.3404 0 0.897162)
(17.5341 0 0.848027)
(17.7203 0 0.795645)
(17.8978 0 0.740577)
(18.0653 0 0.683504)
(18.222 0 0.625234)
(18.3671 0 0.56669)
(18.4998 0 0.508903)
(18.6201 0 0.452992)
(18.7279 0 0.400135)
(18.8237 0 0.351539)
(18.9082 0 0.308396)
(18.9829 0 0.271827)
(19.0643 0 0.24281)
(14.0979 0 0.823783)
(14.2521 0 0.82987)
(14.4271 0 0.83448)
(14.6122 0 0.837315)
(14.8009 0 0.83823)
(14.9928 0 0.837071)
(15.1884 0 0.833655)
(15.3879 0 0.827796)
(15.5906 0 0.819325)
(15.7958 0 0.80809)
(16.0026 0 0.793962)
(16.2102 0 0.776835)
(16.4178 0 0.756642)
(16.6243 0 0.733357)
(16.8287 0 0.707005)
(17.0297 0 0.677669)
(17.2264 0 0.645501)
(17.4174 0 0.610725)
(17.6016 0 0.573647)
(17.7778 0 0.534657)
(17.9451 0 0.494233)
(18.1024 0 0.452942)
(18.2491 0 0.411432)
(18.3846 0 0.370427)
(18.5085 0 0.330718)
(18.621 0 0.293139)
(18.7224 0 0.258556)
(18.8134 0 0.227829)
(18.8951 0 0.201781)
(18.9862 0 0.181099)
(14.0708 0 0.490756)
(14.2223 0 0.49432)
(14.3942 0 0.496993)
(14.5759 0 0.498557)
(14.7612 0 0.49895)
(14.9495 0 0.498098)
(15.1416 0 0.495892)
(15.3374 0 0.492221)
(15.5363 0 0.486986)
(15.7377 0 0.4801)
(15.9408 0 0.471486)
(16.1448 0 0.461085)
(16.3488 0 0.448858)
(16.552 0 0.43479)
(16.7532 0 0.418897)
(16.9515 0 0.40123)
(17.1457 0 0.381879)
(17.3346 0 0.360977)
(17.5173 0 0.338707)
(17.6925 0 0.315298)
(17.8594 0 0.291034)
(18.017 0 0.266251)
(18.1646 0 0.241333)
(18.3017 0 0.216712)
(18.428 0 0.19286)
(18.5435 0 0.170282)
(18.6485 0 0.149513)
(18.7438 0 0.131122)
(18.8302 0 0.115739)
(18.927 0 0.104181)
(13.8433 0 0.167272)
(13.9911 0 0.168733)
(14.1588 0 0.16987)
(14.3362 0 0.170595)
(14.5172 0 0.170898)
(14.701 0 0.170757)
(14.8884 0 0.170131)
(15.0793 0 0.168979)
(15.2733 0 0.167263)
(15.4696 0 0.16495)
(15.6673 0 0.162012)
(15.8658 0 0.158427)
(16.0642 0 0.154178)
(16.2615 0 0.149258)
(16.4566 0 0.143673)
(16.6486 0 0.137438)
(16.8363 0 0.130584)
(17.0185 0 0.123158)
(17.1942 0 0.115223)
(17.3622 0 0.106861)
(17.5216 0 0.0981721)
(17.6714 0 0.0892736)
(17.8108 0 0.0803022)
(17.9394 0 0.0714106)
(18.0567 0 0.0627664)
(18.1628 0 0.0545511)
(18.258 0 0.0469625)
(18.3431 0 0.040228)
(18.4192 0 0.0346546)
(18.5043 0 0.0308442)
)
;

boundaryField
{
    inlet
    {
        type            fixedValue;
        value           uniform (10 0 0);
    }
    outlet
    {
        type            zeroGradient;
    }
    flap
    {
        type            movingWallVelocity;
        value           nonuniform List<vector> 
33
(
(0 0 6.93889e-16)
(0 0 0)
(0 0 0)
(0 0 0)
(0 0 0)
(0 0 0)
(0 0 0)
(0 0 0)
(0 0 0)
(0 0 0)
(0 0 0)
(0 0 -1.11022e-14)
(0 0 -1.11022e-14)
(0 0 -1.11022e-14)
(0 0 -2.22045e-14)
(6.93889e-16 -2.77556e-15 0)
(0 -2.77556e-15 0)
(0 0 0)
(0 0 6.93889e-16)
(0 0 0)
(0 0 0)
(0 0 0)
(0 0 0)
(0 0 0)
(0 0 -5.55112e-15)
(0 0 0)
(0 0 -1.11022e-14)
(0 0 0)
(0 0 0)
(0 0 0)
(0 0 0)
(0 -2.77556e-15 -1.11022e-14)
(0 0 -1.11022e-14)
)
;
    }
    upperWall
    {
        type            noSlip;
    }
    lowerWall
    {
        type            noSlip;
    }
    frontAndBack
    {
        type            empty;
    }
}


// ************************************************************************* //
