/*--------------------------------*- C++ -*----------------------------------*\
  =========                 |
  \\      /  F ield         | OpenFOAM: The Open Source CFD Toolbox
   \\    /   O peration     | Website:  https://openfoam.org
    \\  /    A nd           | Version:  dev
     \\/     M anipulation  |
\*---------------------------------------------------------------------------*/
FoamFile
{
    version     2.0;
    format      ascii;
    class       surfaceScalarField;
    location    "5.8";
    object      phi;
}
// * * * * * * * * * * * * * * * * * * * * * * * * * * * * * * * * * * * * * //

dimensions      [0 3 -1 0 0 0 0];

internalField   nonuniform List<scalar> 
5457
(
0.198418
0.00158236
0.19648
0.00193733
0.194192
0.00228803
0.191509
0.00268351
0.188428
0.00308111
0.184951
0.00347667
0.181073
0.00387846
0.176779
0.00429389
0.172051
0.00472809
0.166865
0.00518509
0.161197
0.00566837
0.155016
0.00618089
0.148291
0.00672483
0.14099
0.0073012
0.133081
0.00790937
0.124534
0.00854632
0.115329
0.00920578
0.105452
0.00987708
0.0949076
0.010544
0.0837241
0.0111835
0.0719596
0.0117646
0.0597112
0.0122483
0.0471225
0.0125887
0.0343822
0.0127403
0.0216871
0.0126952
0.00903681
0.0126503
-0.00291672
0.0119535
-0.00847239
0.00555567
-0.00804312
-0.000429269
-0.00804312
0.199928
0.00165419
0.199176
0.00268974
0.197965
0.00349891
0.196332
0.00431662
0.194272
0.00514108
0.191782
0.00596664
0.188855
0.00680534
0.185478
0.00767065
0.181633
0.00857288
0.177298
0.00952037
0.172446
0.0105204
0.167048
0.0115791
0.161071
0.0127014
0.154482
0.01389
0.147248
0.0151443
0.139335
0.0164593
0.130717
0.0178236
0.121377
0.0192171
0.111312
0.0206088
0.100542
0.0219533
0.0891176
0.0231891
0.07713
0.024236
0.064724
0.0249948
0.0521164
0.0253478
0.0396559
0.0251556
0.0281057
0.0242005
0.0185951
0.0214642
0.00879714
0.0153536
0.00118346
0.00718442
-0.00685966
0.199781
0.00187361
0.199087
0.00338354
0.197946
0.00463979
0.196409
0.00585317
0.194483
0.00706714
0.192164
0.00828561
0.189447
0.00952268
0.186322
0.010796
0.182774
0.0121207
0.178785
0.0135091
0.174333
0.0149724
0.169392
0.01652
0.163934
0.0181599
0.157927
0.0198971
0.151338
0.0217325
0.144137
0.023661
0.136291
0.025669
0.127778
0.027731
0.118581
0.0298056
0.108703
0.0318311
0.0981711
0.0337209
0.0870487
0.0353583
0.0754519
0.0365916
0.0635747
0.0372251
0.0517327
0.0369975
0.0403974
0.0355358
0.029739
0.0321225
0.019166
0.0259266
0.00959762
0.0167528
0.00273796
0.199703
0.00217052
0.199008
0.00407882
0.197887
0.00576027
0.196376
0.00736402
0.194488
0.00895518
0.192223
0.0105515
0.189575
0.0121703
0.186539
0.0138319
0.183105
0.015555
0.179258
0.0173555
0.174983
0.0192473
0.170261
0.0212425
0.165069
0.0233515
0.159385
0.0255812
0.153184
0.0279341
0.146439
0.0304061
0.139124
0.0329833
0.131217
0.0356382
0.122698
0.0383247
0.113557
0.040972
0.1038
0.0434778
0.0934574
0.0457009
0.0825961
0.0474529
0.0713332
0.048488
0.0598412
0.0484896
0.048317
0.04706
0.036811
0.0436286
0.0251879
0.0375497
0.0133355
0.0286052
0.0160735
0.199667
0.00250309
0.198964
0.00478205
0.197863
0.00686154
0.196381
0.00884565
0.194533
0.0108039
0.192318
0.0127661
0.189734
0.014754
0.186776
0.0167904
0.183434
0.0188966
0.179699
0.0210911
0.175556
0.0233901
0.170991
0.0258075
0.165987
0.0283552
0.160527
0.0310413
0.154592
0.0338695
0.148161
0.0368365
0.141215
0.039929
0.133734
0.0431197
0.125697
0.0463616
0.117088
0.0495814
0.107894
0.0526714
0.0981151
0.05548
0.0877651
0.0578029
0.0768789
0.0593741
0.0655088
0.0598597
0.053708
0.0588608
0.0414539
0.0558827
0.0285876
0.050416
0.0148523
0.0423405
0.0309258
0.199653
0.00285028
0.198949
0.00548608
0.197871
0.00793944
0.196427
0.0102898
0.194627
0.0126038
0.192473
0.0149195
0.189964
0.0172635
0.187093
0.0196611
0.183854
0.0221358
0.180237
0.0247083
0.17623
0.0273965
0.171822
0.0302161
0.166997
0.0331798
0.161741
0.0362971
0.156039
0.0395723
0.149872
0.043003
0.143224
0.0465772
0.136074
0.050269
0.128402
0.0540338
0.120183
0.0578011
0.111388
0.0614658
0.101989
0.0648789
0.0919549
0.0678372
0.0812539
0.070075
0.069854
0.0712597
0.0577166
0.0709982
0.0447603
0.0688389
0.0308488
0.0643275
0.015873
0.0573164
0.0467988
0.19965
0.00320021
0.198954
0.00618203
0.197905
0.00898902
0.196505
0.0116894
0.194763
0.014346
0.192681
0.0170014
0.190257
0.0196871
0.187488
0.0224306
0.184366
0.0252578
0.180883
0.0281911
0.177029
0.0312503
0.172793
0.0344526
0.168161
0.0378118
0.163119
0.0413386
0.157653
0.0450385
0.151746
0.0489105
0.145378
0.0529447
0.138529
0.0571185
0.13117
0.0613921
0.123269
0.065702
0.114783
0.0699526
0.105655
0.0740069
0.0958166
0.0776752
0.0851859
0.0807057
0.0736678
0.0827778
0.0611609
0.0835051
0.0475546
0.0824452
0.0327581
0.079124
0.0167826
0.0732919
0.0635814
0.199655
0.00354554
0.198975
0.00686212
0.197959
0.0100047
0.19661
0.0130381
0.194934
0.0160219
0.192934
0.0190019
0.190608
0.0220131
0.187953
0.0250858
0.184963
0.0282476
0.181631
0.0315231
0.177947
0.0349336
0.173902
0.0384978
0.169483
0.0422313
0.164675
0.0461459
0.159465
0.0502493
0.153832
0.0545428
0.147757
0.0590199
0.141213
0.0636632
0.134164
0.0684404
0.126567
0.0732988
0.118362
0.0781579
0.109469
0.0828998
0.0997861
0.0873582
0.0891867
0.0913052
0.0775244
0.0944401
0.0646465
0.096383
0.0504166
0.0966751
0.0347674
0.0947731
0.0177894
0.0902699
0.0813708
0.199664
0.00388135
0.199006
0.0075199
0.19803
0.0109809
0.196739
0.0143295
0.195137
0.0176239
0.193227
0.0209116
0.191009
0.0242308
0.188481
0.0276143
0.185637
0.0310915
0.182471
0.0346886
0.178976
0.0384289
0.175141
0.0423326
0.170956
0.046417
0.166405
0.0506962
0.161474
0.0551802
0.156143
0.0598741
0.150387
0.0647761
0.144174
0.0698761
0.137462
0.075152
0.130196
0.0805654
0.122298
0.0860558
0.113666
0.0915312
0.104168
0.0968569
0.0936331
0.10184
0.0818636
0.10621
0.0686481
0.109598
0.0538007
0.111523
0.0372355
0.111338
0.0190828
0.108423
0.100454
0.199677
0.00420412
0.199047
0.00815011
0.198116
0.0119122
0.196888
0.0155577
0.195367
0.0191448
0.193556
0.0227222
0.191456
0.0263306
0.189066
0.030005
0.186381
0.0337766
0.183396
0.0376733
0.180105
0.04172
0.176499
0.0459386
0.172567
0.0503485
0.168297
0.0549662
0.163673
0.059805
0.158672
0.0648742
0.15327
0.0701787
0.147429
0.075717
0.141101
0.0814797
0.13422
0.0874462
0.126696
0.0935803
0.118405
0.0998224
0.109183
0.106079
0.0988183
0.112204
0.087051
0.117977
0.0735881
0.123061
0.0581467
0.126964
0.0405504
0.128935
0.0209005
0.128073
0.121354
0.199693
0.00451118
0.199095
0.00874847
0.198213
0.0127938
0.197053
0.0167173
0.19562
0.0205781
0.193916
0.0244259
0.191943
0.0283035
0.189701
0.0322478
0.187186
0.0362915
0.184395
0.0404642
0.181323
0.0447921
0.177962
0.049299
0.174305
0.0540064
0.170337
0.0589334
0.166046
0.0640969
0.161408
0.0695115
0.156398
0.0751889
0.150977
0.081138
0.145093
0.0873637
0.138674
0.0938655
0.131619
0.100635
0.123789
0.107652
0.114995
0.114873
0.104981
0.122218
0.0934171
0.129541
0.0798957
0.136583
0.0639654
0.142894
0.0452326
0.147667
0.0236103
0.149695
0.144964
0.199711
0.00480047
0.199148
0.00931145
0.19832
0.0136213
0.197234
0.0178035
0.195894
0.0219181
0.194304
0.0260162
0.192465
0.0301419
0.190379
0.0343338
0.188044
0.0386261
0.185459
0.0430496
0.182619
0.0476319
0.17952
0.0523986
0.176153
0.0573729
0.17251
0.0625768
0.168576
0.0680308
0.164333
0.0737546
0.159754
0.0797674
0.154804
0.0860884
0.14943
0.0927375
0.14356
0.0997355
0.137091
0.107104
0.129878
0.114865
0.121715
0.123036
0.112313
0.13162
0.101271
0.140583
0.0880422
0.149811
0.0719195
0.159017
0.0520829
0.167504
0.0278833
0.173894
0.172848
0.19973
0.00507039
0.199205
0.0098362
0.198435
0.0143913
0.197427
0.0188121
0.196185
0.0231601
0.194714
0.0274873
0.193016
0.0318392
0.191095
0.0362556
0.188949
0.0407719
0.186579
0.0454198
0.183982
0.0502284
0.181156
0.0552243
0.178097
0.0604327
0.174795
0.0658778
0.171243
0.0715836
0.167423
0.0775745
0.163314
0.0838765
0.158883
0.0905185
0.154087
0.0975343
0.148857
0.104965
0.143101
0.112861
0.136679
0.121287
0.129391
0.130324
0.12094
0.140071
0.11088
0.150643
0.0985391
0.162152
0.0828962
0.17466
0.0624303
0.18797
0.0351207
0.201204
0.207968
0.199751
0.00531967
0.199266
0.0103204
0.198557
0.0151007
0.19763
0.0197396
0.19649
0.0242999
0.195143
0.0288346
0.193592
0.03339
0.19184
0.038007
0.189891
0.0427218
0.187743
0.047567
0.1854
0.0525723
0.182858
0.0577655
0.180118
0.0631731
0.177175
0.0688212
0.174022
0.0747362
0.17065
0.0809465
0.167043
0.0874835
0.163178
0.094384
0.159019
0.101693
0.154516
0.109468
0.149594
0.117783
0.144142
0.126739
0.137991
0.136475
0.130883
0.147179
0.122403
0.159123
0.111855
0.1727
0.0980103
0.188505
0.0785283
0.207452
0.0486559
0.231077
0.256624
0.199772
0.00554736
0.19933
0.0107623
0.198684
0.0157471
0.19784
0.0205831
0.196806
0.0253343
0.195587
0.0300542
0.194187
0.03479
0.19261
0.0395831
0.190862
0.0444704
0.188944
0.0494849
0.186859
0.0546567
0.184611
0.0600141
0.182199
0.0655845
0.179626
0.071395
0.176888
0.0774738
0.173983
0.0838514
0.170904
0.0905629
0.167638
0.09765
0.164166
0.105165
0.16046
0.113174
0.156475
0.121768
0.152145
0.131069
0.147371
0.141249
0.141992
0.152557
0.135747
0.165369
0.128164
0.180283
0.118302
0.198367
0.103909
0.221845
0.0776728
0.257312
0.334297
0.0036804
-0.0036804
0.00715399
-0.0034736
0.00997992
-0.00282592
0.0121568
-0.0021769
0.0137859
-0.00162908
0.0149773
-0.00119136
0.0158282
-0.000850912
0.0164209
-0.000592752
0.0168238
-0.000402841
0.0170918
-0.000268076
0.0172683
-0.000176484
0.0173863
-0.000118001
0.0174711
-8.47342e-05
0.0175415
-7.04506e-05
0.0176113
-6.98122e-05
0.017689
-7.76324e-05
0.0177774
-8.84336e-05
0.017874
-9.65769e-05
0.0179708
-9.68179e-05
0.018056
-8.52191e-05
0.0181163
-6.03368e-05
0.0181411
-2.47199e-05
0.0181238
1.73019e-05
0.0180619
6.18697e-05
0.0179573
0.000104561
0.0178126
0.000144754
0.017631
0.000181556
0.0174144
0.000216593
0.0171774
0.000237005
0.000184814
0.00341675
-0.00709715
0.00666519
-0.00672203
0.00936638
-0.00552712
0.0115255
-0.00433602
0.0132379
-0.0033415
0.0146003
-0.00255377
0.015694
-0.00194458
0.0165849
-0.0014837
0.0173262
-0.00114407
0.0179593
-0.000901148
0.0185154
-0.000732625
0.0190176
-0.000620191
0.0194829
-0.000550004
0.0199239
-0.000511504
0.0203501
-0.000496
0.020768
-0.000495528
0.0211816
-0.00050208
0.0215925
-0.000507424
0.0219993
-0.000503665
0.0223987
-0.000484587
0.0227855
-0.000447177
0.0231527
-0.000391868
0.0234913
-0.00032131
0.0237956
-0.000242408
0.0240643
-0.000164213
0.0242989
-8.98254e-05
0.0244976
-1.7126e-05
0.0246545
5.97225e-05
0.0247757
0.000115773
0.000112406
0.0028921
-0.00998925
0.00554931
-0.00937924
0.00771535
-0.00769316
0.00943044
-0.00605111
0.0107906
-0.00470164
0.0118793
-0.00364251
0.0127628
-0.00282802
0.0134924
-0.00221334
0.0141093
-0.00176094
0.0146456
-0.00143752
0.0151245
-0.00121153
0.0155621
-0.00105775
0.01597
-0.000957898
0.0163569
-0.000898383
0.0167292
-0.000868323
0.0170917
-0.000858034
0.0174476
-0.000857952
0.0177983
-0.000858156
0.0181436
-0.00084892
0.0184815
-0.000822541
0.0188098
-0.000775444
0.0191261
-0.000708199
0.0194286
-0.000623851
0.019716
-0.000529726
0.0199894
-0.000437642
0.0202528
-0.00035322
0.0205091
-0.00027345
0.02076
-0.00019115
0.0209936
-0.00011785
-5.04382e-05
0.00230945
-0.0122987
0.004265
-0.0113348
0.00577833
-0.00920649
0.0069459
-0.00721868
0.00785958
-0.00561532
0.00858478
-0.00436771
0.00916843
-0.00341167
0.00964424
-0.00268914
0.0100397
-0.00215645
0.0103782
-0.00177596
0.0106739
-0.00150723
0.0109356
-0.00131947
0.0111696
-0.00119186
0.0113808
-0.00110958
0.0115733
-0.00106089
0.0117508
-0.00103555
0.0119164
-0.00102346
0.012072
-0.00101385
0.0122188
-0.000995639
0.0123562
-0.00095994
0.0124839
-0.000903227
0.0126025
-0.00082676
0.0127112
-0.000732546
0.0128083
-0.000626849
0.0128964
-0.000525737
0.0129799
-0.000436742
0.0130578
-0.000351258
0.0131238
-0.000257205
0.0131847
-0.00017878
-7.88927e-05
0.00162839
-0.0139271
0.00279922
-0.0125056
0.00359364
-0.0100009
0.00416026
-0.0077853
0.00457413
-0.00602918
0.00487947
-0.00467305
0.00510207
-0.00363428
0.00525687
-0.00284394
0.00535863
-0.00225821
0.00542519
-0.00184252
0.00546166
-0.0015437
0.00547042
-0.00132823
0.00545324
-0.00117468
0.00541273
-0.00106907
0.00535194
-0.00100009
0.00527449
-0.000958108
0.00518461
-0.000933577
0.00508619
-0.000915432
0.00498153
-0.000890971
0.00487073
-0.000849145
0.00475372
-0.000786219
0.00463199
-0.000705029
0.00450533
-0.000605881
0.00436924
-0.000490765
0.00422516
-0.000381657
0.00407794
-0.000289517
0.00391941
-0.000192734
0.00371148
-4.92696e-05
0.00343465
9.80493e-05
0.000137564
0.000842074
-0.0147692
0.00114313
-0.0128067
0.001174
-0.0100318
0.00110742
-0.00771872
0.000970907
-0.00589267
0.000793957
-0.0044961
0.000587114
-0.00342743
0.000353749
-0.00261057
9.73144e-05
-0.00200178
-0.000184719
-0.00156049
-0.000476053
-0.00125236
-0.000777667
-0.00102662
-0.00108962
-0.000862727
-0.00140998
-0.000748707
-0.00173559
-0.000674479
-0.0020622
-0.000631498
-0.00238525
-0.000610526
-0.00270181
-0.000598881
-0.00301256
-0.000580219
-0.00332281
-0.000538888
-0.00363843
-0.000470599
-0.00396092
-0.000382542
-0.00428996
-0.000276847
-0.00462934
-0.000151386
-0.00500451
-6.47801e-06
-0.00541892
0.000124889
-0.00582195
0.0002103
-0.00614207
0.000270842
-0.00634917
0.000305155
0.000277101
-0.00011944
-0.0146497
-0.000710269
-0.0122158
-0.00146296
-0.00927909
-0.00222877
-0.00695291
-0.00298463
-0.00513681
-0.00371152
-0.00376921
-0.00440468
-0.00273427
-0.00506886
-0.00194639
-0.00570606
-0.00136457
-0.006311
-0.000955547
-0.00688692
-0.000676446
-0.00743331
-0.000480223
-0.0079518
-0.000344239
-0.00844602
-0.000254486
-0.00892083
-0.00019967
-0.00938044
-0.000171892
-0.00982748
-0.000163484
-0.0102641
-0.000162255
-0.0106946
-0.000149752
-0.0111283
-0.000105142
-0.0115828
-1.6151e-05
-0.0120655
0.000100169
-0.0125471
0.000204735
-0.0129778
0.000279326
-0.0133165
0.000332292
-0.0135712
0.000379563
-0.0137845
0.000423587
-0.0139742
0.000460534
-0.0141369
0.000467901
0.000434909
-0.00112873
-0.013521
-0.00274588
-0.0105987
-0.00435961
-0.00766536
-0.00589792
-0.00541461
-0.00731459
-0.00372013
-0.0085905
-0.00249331
-0.00972022
-0.00160454
-0.010726
-0.00094065
-0.011639
-0.000451562
-0.0124905
-0.000104016
-0.0132844
0.000117456
-0.0140036
0.000238996
-0.014646
0.000298143
-0.0152296
0.000329074
-0.0157744
0.000345198
-0.0162965
0.000350165
-0.0168054
0.000345389
-0.0173043
0.00033665
-0.0177902
0.000336186
-0.0182533
0.00035797
-0.0186766
0.00040717
-0.0190505
0.000473986
-0.0193846
0.000538917
-0.0196867
0.000581373
-0.0199515
0.000597098
-0.0201738
0.000601826
-0.0203596
0.000609475
-0.0205183
0.000619229
-0.0206618
0.000611323
0.000586805
-0.00232857
-0.0111924
-0.00507503
-0.00785222
-0.00768791
-0.00505248
-0.0100704
-0.00303215
-0.0122042
-0.00158625
-0.0140897
-0.000607885
-0.0157253
3.11195e-05
-0.0170834
0.000417402
-0.0181676
0.000632637
-0.0190319
0.000760277
-0.0197455
0.000831048
-0.0203689
0.00086242
-0.0209363
0.000865563
-0.0214602
0.000853005
-0.0219493
0.000834297
-0.0224091
0.000809967
-0.0228412
0.000777397
-0.0232454
0.000740876
-0.0236245
0.000715349
-0.0239851
0.000718556
-0.0243344
0.000756421
-0.0246749
0.000814535
-0.0249998
0.000863766
-0.0252956
0.000877163
-0.0255493
0.000850861
-0.025755
0.000807523
-0.0259195
0.000773946
-0.0260569
0.000756639
-0.026186
0.000740404
0.000728279
-0.00382368
-0.00736875
-0.00792316
-0.00375273
-0.0117101
-0.00126558
-0.0149397
0.000197517
-0.0175039
0.000977903
-0.0194737
0.00136195
-0.0209804
0.00153779
-0.0221658
0.00160277
-0.0231452
0.00161211
-0.0239725
0.00158752
-0.0246857
0.00154431
-0.0253102
0.00148685
-0.0258649
0.0014203
-0.0263678
0.0013559
-0.0268346
0.0013011
-0.0272751
0.00125045
-0.0276905
0.0011928
-0.0280778
0.0011282
-0.0284379
0.00107543
-0.0287792
0.00105992
-0.0291134
0.00109054
-0.0294456
0.00114672
-0.029768
0.00118623
-0.0300621
0.00117125
-0.0303083
0.00109708
-0.0304988
0.000997989
-0.0306434
0.000918558
-0.0307626
0.00087582
-0.0308785
0.000856298
0.000855831
-0.00595106
-0.00141769
-0.0114451
0.00174131
-0.0157745
0.00306384
-0.0190511
0.00347413
-0.0215501
0.00347683
-0.0235099
0.00332179
-0.0250682
0.00309606
-0.0263179
0.00285247
-0.0273277
0.0026219
-0.028163
0.00242286
-0.0288744
0.00225572
-0.0294923
0.00210476
-0.0300352
0.00196311
-0.0305219
0.00184261
-0.0309737
0.0017529
-0.0314041
0.00168087
-0.0318119
0.00160065
-0.0321878
0.00150402
-0.0325288
0.00141648
-0.0328472
0.00137832
-0.0331626
0.00140591
-0.0334861
0.00147025
-0.0338094
0.00150954
-0.0341063
0.00146816
-0.0343478
0.00133854
-0.0345221
0.00117237
-0.0346446
0.00104103
-0.0347445
0.000975742
-0.0348463
0.000958097
0.000968648
-0.00786536
0.00644767
-0.0142102
0.00808618
-0.0189367
0.00779031
-0.0225053
0.0070427
-0.0252037
0.00617521
-0.0272396
0.00535772
-0.0288075
0.00466395
-0.0300391
0.00408412
-0.0310169
0.00359972
-0.0318149
0.00322087
-0.0324952
0.00293596
-0.033089
0.00269854
-0.0336064
0.00248052
-0.0340637
0.00229995
-0.0344897
0.00217892
-0.0349048
0.00209598
-0.0353039
0.00199969
-0.035666
0.0018661
-0.0359814
0.00173186
-0.0362676
0.00166453
-0.0365574
0.0016957
-0.0368715
0.00178436
-0.0372005
0.00183858
-0.037507
0.00177466
-0.0377472
0.00157873
-0.0379027
0.00132786
-0.0379968
0.00113513
-0.0380731
0.00105201
-0.0381593
0.00104428
0.00106631
-0.00958096
0.0160286
-0.0172787
0.0157839
-0.0226025
0.0131142
-0.0262924
0.0107325
-0.0289446
0.00882739
-0.0308608
0.00727395
-0.0322995
0.00610271
-0.0334233
0.00520783
-0.0342991
0.00447558
-0.0350021
0.0039239
-0.0356141
0.00354795
-0.0361658
0.00325019
-0.0366438
0.00295853
-0.0370536
0.00270971
-0.0374376
0.00256301
-0.0378312
0.00248957
-0.0382234
0.00239184
-0.0385722
0.00221495
-0.038854
0.00201364
-0.0390945
0.001905
-0.0393486
0.00194986
-0.0396526
0.00208836
-0.0399951
0.002181
-0.0403215
0.00210106
-0.0405655
0.00182275
-0.040697
0.00145938
-0.0407515
0.00118961
-0.0407963
0.00109688
-0.0408661
0.00111405
0.00114974
-0.0127268
0.0287554
-0.0220868
0.0251439
-0.0273917
0.0184191
-0.030597
0.0139379
-0.0329023
0.0111327
-0.0344507
0.00882229
-0.0355716
0.00722364
-0.0364927
0.00612889
-0.0372042
0.0051871
-0.0377491
0.00446888
-0.0382538
0.00405265
-0.0387558
0.00375217
-0.0391876
0.00339029
-0.0395265
0.00304866
-0.039844
0.00288047
-0.0402094
0.00285495
-0.0406039
0.00278637
-0.0409468
0.00255786
-0.0411864
0.0022532
-0.0413605
0.00207916
-0.0415633
0.00215267
-0.0418565
0.00238155
-0.042224
0.00254852
-0.0425859
0.00246288
-0.0428417
0.00207858
-0.0429412
0.00155893
-0.0429374
0.00118576
-0.0429384
0.00109787
-0.0429932
0.00116891
0.00122386
-0.0181462
0.0469016
-0.0294704
0.0364681
-0.0340228
0.0229715
-0.0354823
0.0153974
-0.0371289
0.0127792
-0.0379697
0.00966311
-0.0385068
0.00776077
-0.0391989
0.00682098
-0.0397584
0.00574654
-0.0400665
0.00477701
-0.0403998
0.00438597
-0.0408568
0.00420911
-0.041251
0.00378456
-0.0414922
0.00328983
-0.041705
0.00309326
-0.0420385
0.00318841
-0.0424607
0.00320859
-0.0428182
0.00291544
-0.0430048
0.0024397
-0.0430773
0.00215171
-0.0432016
0.00227696
-0.0434824
0.00266235
-0.0438921
0.0029582
-0.044312
0.00288281
-0.0445921
0.0023587
-0.0446479
0.00161468
-0.044555
0.00109287
-0.0444916
0.00103444
-0.0445378
0.00121514
0.00130288
0.207447
0.00576011
0.207034
0.0111749
0.206432
0.0163496
0.205647
0.0213676
0.204688
0.0262934
0.203561
0.0311816
0.202271
0.0360794
0.200826
0.0410288
0.19923
0.0460666
0.197488
0.0512261
0.195608
0.0565374
0.193593
0.0620288
0.19145
0.0677278
0.189183
0.0736618
0.186797
0.0798592
0.184297
0.0863514
0.181686
0.0931743
0.178965
0.100371
0.176134
0.107995
0.173192
0.116116
0.170135
0.124825
0.166957
0.134247
0.163654
0.144552
0.160227
0.155984
0.156699
0.168897
0.153162
0.18382
0.149982
0.201547
0.148833
0.222994
0.160498
0.245647
0.258835
0.23596
0.21249
0.00595252
0.212118
0.0115477
0.211574
0.0168932
0.210868
0.0220734
0.210008
0.0271538
0.209
0.032189
0.207853
0.0372264
0.206574
0.0423079
0.205171
0.0474702
0.203651
0.052746
0.202023
0.0581652
0.200296
0.0637556
0.19848
0.0695437
0.196586
0.0755562
0.194624
0.0818207
0.192609
0.0883671
0.190553
0.0952295
0.188476
0.102448
0.186398
0.110073
0.184347
0.118167
0.182365
0.126808
0.180511
0.136101
0.178885
0.146178
0.177657
0.157211
0.177151
0.169404
0.178018
0.182952
0.181674
0.197891
0.19072
0.213949
0.206162
0.230205
0.245739
0.219257
0.217658
0.00612245
0.217329
0.0118767
0.21685
0.0173718
0.21623
0.0226931
0.215478
0.0279062
0.214601
0.0330656
0.213609
0.0382185
0.212511
0.0434064
0.211316
0.0486654
0.210034
0.0540275
0.208678
0.0595213
0.20726
0.0651735
0.205795
0.0710092
0.204298
0.0770531
0.202788
0.0833303
0.201287
0.0898677
0.199822
0.0966948
0.198425
0.103846
0.197137
0.111361
0.196015
0.119289
0.195137
0.127686
0.194616
0.136622
0.194622
0.146172
0.195418
0.156415
0.197415
0.167407
0.201223
0.179144
0.207612
0.191502
0.217244
0.204317
0.229841
0.217608
0.228796
0.246784
0.222951
0.00626789
0.22267
0.012158
0.222262
0.01778
0.221736
0.0232193
0.2211
0.0285417
0.220365
0.033801
0.219539
0.0390441
0.218634
0.0443114
0.217662
0.049638
0.216634
0.0550547
0.215567
0.0605886
0.214476
0.0662645
0.21338
0.0721051
0.212301
0.0781323
0.211264
0.0843675
0.210299
0.0908325
0.209443
0.0975507
0.208742
0.104547
0.208254
0.111849
0.208056
0.119487
0.20825
0.127492
0.208977
0.135895
0.210429
0.14472
0.212871
0.153973
0.216648
0.163629
0.222182
0.173611
0.22992
0.183764
0.240435
0.193802
0.254647
0.203396
0.210296
0.273147
0.228374
0.006387
0.228144
0.0123879
0.227812
0.0181125
0.227385
0.0236456
0.226875
0.0290524
0.22629
0.0343861
0.225641
0.0396926
0.224941
0.045011
0.224204
0.0503752
0.223445
0.0558141
0.22268
0.061353
0.221931
0.067014
0.221219
0.072817
0.220571
0.0787799
0.220019
0.0849196
0.2196
0.0912521
0.219358
0.0977925
0.21935
0.104556
0.219644
0.111555
0.220329
0.118802
0.221517
0.126303
0.223354
0.134058
0.226025
0.142049
0.22976
0.150238
0.234839
0.15855
0.241592
0.166858
0.250397
0.174959
0.2617
0.182498
0.275976
0.189121
0.193741
0.292531
0.233929
0.00647809
0.233754
0.0125634
0.233502
0.0183647
0.233181
0.0239659
0.232803
0.0294311
0.232376
0.0348127
0.231914
0.0401548
0.231429
0.0454955
0.230938
0.0508666
0.230457
0.0562951
0.230006
0.0618037
0.229609
0.0674118
0.22929
0.0731355
0.229081
0.0789888
0.229018
0.084983
0.229142
0.0911276
0.229505
0.0974296
0.230168
0.103893
0.231204
0.110518
0.232707
0.1173
0.234786
0.124224
0.237579
0.131265
0.241249
0.138379
0.245989
0.145499
0.252019
0.15252
0.259581
0.159296
0.268918
0.165622
0.280208
0.171207
0.293549
0.17578
0.178826
0.308464
0.23962
0.00653966
0.239502
0.0126815
0.239334
0.0185324
0.239125
0.0241749
0.238884
0.0296718
0.238623
0.0350737
0.238355
0.0404234
0.238093
0.045757
0.237856
0.0511043
0.237661
0.0564899
0.237531
0.0619338
0.23749
0.0674521
0.237569
0.0730573
0.237799
0.0787588
0.238219
0.0845625
0.238875
0.0904713
0.239821
0.096484
0.241119
0.102595
0.242843
0.108794
0.245081
0.115061
0.247936
0.121368
0.251529
0.127673
0.255993
0.133915
0.26148
0.140012
0.268144
0.145856
0.276137
0.151303
0.285579
0.15618
0.296515
0.160272
0.308934
0.163361
0.165182
0.322578
0.245448
0.00657046
0.24539
0.0127398
0.24531
0.0186123
0.245217
0.0242685
0.245119
0.0297693
0.245029
0.0351637
0.24496
0.0404925
0.244927
0.0457897
0.244949
0.0510829
0.245044
0.056394
0.245238
0.0617401
0.245556
0.0671342
0.246029
0.0725847
0.246691
0.0780967
0.247582
0.0836709
0.24875
0.089304
0.250245
0.0949881
0.252131
0.10071
0.254477
0.106449
0.257362
0.112176
0.260875
0.117854
0.265116
0.123432
0.270189
0.128842
0.2762
0.134001
0.28325
0.138806
0.291419
0.143134
0.300754
0.146845
0.311246
0.14978
0.322825
0.151781
0.152716
0.335291
0.251418
0.00656946
0.251422
0.0127363
0.251432
0.0186016
0.251458
0.0242433
0.251507
0.0297201
0.251592
0.0350789
0.251726
0.0403585
0.251925
0.0455904
0.252208
0.0508
0.252596
0.0560064
0.253112
0.0612239
0.253784
0.0664619
0.254643
0.0717256
0.255724
0.0770155
0.257067
0.082328
0.258717
0.0876547
0.260723
0.0929818
0.263143
0.0982899
0.266039
0.103553
0.269479
0.108736
0.273537
0.113796
0.278289
0.11868
0.28381
0.123321
0.29017
0.127641
0.297426
0.131551
0.30561
0.13495
0.314726
0.137729
0.324727
0.139779
0.335515
0.140994
0.141314
0.346917
0.257532
0.00653592
0.257599
0.0126696
0.257702
0.0184983
0.257849
0.0240969
0.258047
0.0295216
0.258309
0.034817
0.258648
0.0400194
0.25908
0.0451583
0.259624
0.050256
0.260301
0.0553294
0.261135
0.0603899
0.262153
0.0654437
0.263386
0.0704927
0.264868
0.0755339
0.266636
0.0805597
0.268733
0.0855578
0.271205
0.0905104
0.2741
0.095394
0.277474
0.100179
0.281381
0.104829
0.285879
0.109299
0.291022
0.113537
0.29686
0.117482
0.303434
0.121068
0.310766
0.124218
0.318861
0.126855
0.327689
0.128901
0.337188
0.13028
0.347252
0.130929
0.130826
0.35774
0.263794
0.00646937
0.263925
0.0125389
0.264122
0.0183014
0.26439
0.0238282
0.264739
0.0291728
0.265179
0.0343774
0.265723
0.0394757
0.266386
0.0444947
0.267188
0.0494543
0.268149
0.0543688
0.269292
0.0592468
0.270643
0.064092
0.272233
0.0689032
0.274092
0.0736748
0.276256
0.0783961
0.278761
0.0830519
0.28165
0.0876221
0.284963
0.0920812
0.288743
0.0963984
0.293035
0.100537
0.297878
0.104455
0.303311
0.108105
0.30936
0.111433
0.316043
0.114384
0.323363
0.116899
0.331299
0.118919
0.33981
0.12039
0.348824
0.121266
0.358244
0.121509
0.121121
0.36795
0.270207
0.00636963
0.270402
0.0123438
0.270693
0.0180105
0.271084
0.0234371
0.271582
0.0286742
0.272198
0.0337613
0.272945
0.0387296
0.273836
0.0436035
0.274889
0.0484007
0.276125
0.0531328
0.277566
0.0578063
0.279235
0.0624225
0.281161
0.0669779
0.283371
0.0714647
0.285896
0.0758703
0.288771
0.0801778
0.292027
0.0843661
0.295698
0.0884093
0.299819
0.0922774
0.304421
0.095936
0.309529
0.0993468
0.315165
0.102468
0.321342
0.105257
0.328059
0.107667
0.335303
0.109655
0.343043
0.111179
0.351228
0.112204
0.35979
0.112704
0.36864
0.11266
0.112084
0.377677
0.276774
0.00623681
0.277033
0.0120847
0.277417
0.0176261
0.27793
0.0229246
0.278576
0.0280275
0.279366
0.0329715
0.28031
0.0377853
0.281423
0.0424908
0.28272
0.0471034
0.28422
0.0516327
0.285944
0.0560831
0.287912
0.0604539
0.29015
0.0647401
0.292682
0.0689324
0.295536
0.0730171
0.298737
0.0769769
0.302312
0.0807905
0.306288
0.0844334
0.310688
0.0878774
0.315533
0.0910916
0.320836
0.0940428
0.326608
0.0966965
0.332847
0.0990174
0.339543
0.100971
0.346671
0.102527
0.354195
0.103656
0.362062
0.104337
0.370209
0.104557
0.378556
0.104312
0.10362
0.387019
0.283498
0.00607128
0.283821
0.0117622
0.284297
0.0171497
0.284929
0.0222928
0.285721
0.0272357
0.28668
0.0320123
0.287817
0.0366486
0.289143
0.0411644
0.290674
0.0455729
0.292424
0.0498818
0.294414
0.0540938
0.296661
0.0582069
0.299186
0.062215
0.30201
0.0661078
0.305156
0.0698718
0.308643
0.0734897
0.312492
0.0769414
0.316721
0.0802042
0.321346
0.0832531
0.326376
0.0860612
0.331818
0.0886009
0.33767
0.0908444
0.343923
0.0927646
0.350558
0.0943367
0.357545
0.095539
0.364846
0.0963547
0.37241
0.0967728
0.380178
0.0967895
0.388082
0.0964083
0.0956496
0.396052
0.290384
0.00587369
0.290768
0.0113777
0.291335
0.0165831
0.292083
0.0215446
0.293016
0.026303
0.294139
0.0308892
0.295461
0.035327
0.296991
0.0396339
0.298743
0.0438211
0.30073
0.0478949
0.302967
0.0518567
0.30547
0.0557034
0.308257
0.0594284
0.311343
0.0630213
0.314746
0.0664689
0.318481
0.0697551
0.322561
0.0728616
0.326997
0.0757679
0.331797
0.0784527
0.336965
0.0808935
0.342498
0.0830681
0.348387
0.084955
0.354618
0.0865343
0.361165
0.087789
0.367999
0.0887056
0.375078
0.089275
0.382358
0.0894937
0.389783
0.0893641
0.397297
0.0888946
0.0881062
0.40484
0.297435
0.00564489
0.297879
0.0109329
0.298533
0.0159291
0.299394
0.0206839
0.300463
0.0252344
0.301743
0.029609
0.303241
0.0338291
0.304965
0.03791
0.306924
0.0418614
0.309131
0.0456882
0.311597
0.0493909
0.314334
0.0529659
0.317356
0.0564064
0.320675
0.0597024
0.324303
0.0628417
0.328248
0.0658096
0.33252
0.0685898
0.337123
0.0711651
0.342058
0.0735174
0.347323
0.0756288
0.352909
0.077482
0.358803
0.0790612
0.364984
0.0803525
0.371428
0.0813452
0.378102
0.0820319
0.384967
0.0824094
0.391982
0.0824793
0.399098
0.0822477
0.406267
0.0817257
0.080934
0.413439
0.304654
0.00538596
0.305157
0.0104299
0.305895
0.015191
0.306864
0.019715
0.308062
0.024036
0.309492
0.0281794
0.311157
0.0321644
0.313062
0.0360044
0.315216
0.0397078
0.317626
0.0432783
0.320301
0.0467159
0.32325
0.0500167
0.326482
0.0531743
0.330005
0.0561794
0.333826
0.0590208
0.33795
0.0616859
0.342379
0.0641607
0.347113
0.0664309
0.352148
0.0684819
0.357477
0.0702999
0.363087
0.0718721
0.368961
0.0731873
0.375077
0.0742368
0.381407
0.0750145
0.387921
0.0755178
0.394583
0.0757476
0.401354
0.0757085
0.408192
0.0754093
0.415056
0.0748619
0.0740861
0.421904
0.312046
0.00509811
0.312605
0.00987114
0.313424
0.0143724
0.314495
0.0186432
0.315817
0.0227143
0.317388
0.0266086
0.319209
0.030343
0.321284
0.0339293
0.323617
0.0373747
0.326214
0.0406821
0.329079
0.0438509
0.332218
0.0468777
0.335636
0.0497562
0.339337
0.0524783
0.343323
0.0550344
0.347596
0.0574135
0.352152
0.0596042
0.356988
0.061595
0.362096
0.0633746
0.367463
0.0649327
0.373075
0.0662604
0.378911
0.0673504
0.38495
0.0681979
0.391164
0.0688006
0.397523
0.0691589
0.403994
0.0692767
0.410542
0.0691605
0.417131
0.0688201
0.423725
0.0682679
0.0675221
0.430289
0.319615
0.00478266
0.320227
0.00925917
0.321122
0.0134771
0.322292
0.0174737
0.32373
0.0212762
0.325433
0.0249051
0.327401
0.0283753
0.329633
0.0316971
0.332131
0.0348765
0.334898
0.0379158
0.337934
0.0408145
0.341243
0.0435691
0.344825
0.0461743
0.34868
0.048623
0.352807
0.050907
0.357203
0.0530176
0.361862
0.0549454
0.366775
0.0566815
0.371932
0.0582177
0.377318
0.0595467
0.382916
0.0606626
0.388705
0.0615614
0.394662
0.0622412
0.40076
0.0627023
0.406971
0.0629475
0.413266
0.0629822
0.419612
0.0628141
0.425979
0.0624534
0.432335
0.0619122
0.0612067
0.43865
0.327365
0.00444097
0.328027
0.00859669
0.328995
0.0125094
0.330257
0.016212
0.331804
0.0197288
0.333632
0.0230777
0.335735
0.0262718
0.338113
0.0293199
0.340762
0.032227
0.343683
0.0349952
0.346873
0.0376238
0.350333
0.0401097
0.354058
0.0424485
0.358047
0.0446342
0.362294
0.0466602
0.366792
0.0485194
0.371533
0.0502048
0.376505
0.0517097
0.381694
0.0530282
0.387085
0.0541557
0.392659
0.0550888
0.398394
0.0558259
0.404269
0.0563672
0.410256
0.0567148
0.41633
0.0568731
0.422464
0.0568483
0.42863
0.0566486
0.434799
0.0562839
0.440946
0.0557656
0.0551084
0.447044
0.3353
0.00407439
0.336011
0.00788637
0.337047
0.0114731
0.338395
0.0148635
0.340045
0.018079
0.341988
0.0211349
0.344217
0.0240424
0.346728
0.0268091
0.349516
0.0294393
0.352576
0.0319346
0.355906
0.0342944
0.359499
0.0365162
0.363352
0.0385962
0.367456
0.0405297
0.371805
0.0423115
0.376388
0.0439361
0.381195
0.0453983
0.386211
0.0466935
0.391421
0.0478178
0.396809
0.0487684
0.402353
0.0495441
0.408034
0.0501449
0.413829
0.0505725
0.419714
0.0508302
0.425664
0.0509232
0.431654
0.050858
0.43766
0.0506429
0.443657
0.0502871
0.449621
0.0498011
0.0491979
0.455532
0.343426
0.00368417
0.344182
0.00713066
0.345283
0.0103721
0.346713
0.0134336
0.348458
0.0163334
0.350508
0.0190847
0.352854
0.0216966
0.355488
0.0241756
0.358402
0.0265253
0.361589
0.028747
0.365044
0.0308402
0.368757
0.0328029
0.372721
0.0346321
0.376927
0.0363241
0.381363
0.0378749
0.386019
0.0392806
0.39088
0.0405374
0.395931
0.0416424
0.401155
0.0425932
0.406535
0.0433888
0.41205
0.044029
0.41768
0.0445152
0.423402
0.04485
0.429195
0.0450375
0.435035
0.045083
0.4409
0.044993
0.446768
0.0447754
0.452616
0.0444387
0.458425
0.0439923
0.0434476
0.464175
0.351746
0.00327135
0.352545
0.00633167
0.353708
0.00920965
0.355215
0.0119269
0.35705
0.0144983
0.3592
0.0169344
0.361654
0.0192429
0.3644
0.0214289
0.36743
0.0234954
0.370734
0.0254435
0.374301
0.0272727
0.378123
0.0289815
0.382187
0.0305677
0.386483
0.0320283
0.390997
0.0333606
0.395716
0.0345618
0.400624
0.0356293
0.405705
0.0365615
0.410941
0.0373572
0.416313
0.0380165
0.421802
0.0385401
0.427387
0.0389301
0.433047
0.0391897
0.438762
0.0393232
0.444509
0.0393357
0.450268
0.0392337
0.45602
0.039024
0.461744
0.0387145
0.467423
0.0383134
0.0378305
0.47304
0.360267
0.00283656
0.361108
0.00549082
0.362329
0.00798848
0.363908
0.0103475
0.365828
0.012579
0.368071
0.0146908
0.370625
0.0166889
0.373477
0.0185774
0.376614
0.0203586
0.380024
0.0220334
0.383695
0.0236014
0.387615
0.0250614
0.391771
0.0264118
0.396149
0.0276504
0.400734
0.0287754
0.405511
0.0297848
0.410463
0.0306772
0.415573
0.0314517
0.420822
0.0321082
0.426191
0.0326471
0.431661
0.0330701
0.437212
0.0333794
0.442823
0.0335784
0.448475
0.0336712
0.454148
0.0336628
0.459823
0.0335589
0.465481
0.0333657
0.471106
0.0330899
0.476681
0.0327387
0.0323204
0.482191
0.368993
0.00237972
0.369876
0.00460833
0.371154
0.00671016
0.372803
0.00869859
0.374802
0.01058
0.377133
0.0123593
0.379782
0.0140409
0.382731
0.0156279
0.385968
0.0171221
0.389477
0.018524
0.393245
0.0198333
0.397258
0.021049
0.401499
0.02217
0.405955
0.0231949
0.410608
0.0241223
0.415441
0.0249511
0.420438
0.0256805
0.42558
0.0263103
0.430847
0.0268407
0.436221
0.0272728
0.441683
0.0276083
0.447213
0.0278497
0.452791
0.028
0.458399
0.0280632
0.464019
0.0280435
0.469632
0.0279459
0.475221
0.0277759
0.480772
0.027539
0.48627
0.0272411
0.026889
0.491701
0.377932
0.00189922
0.378858
0.00368227
0.380193
0.00537532
0.381908
0.0069834
0.383982
0.00850583
0.386396
0.009945
0.389133
0.0113044
0.392174
0.0125863
0.395505
0.0137917
0.399108
0.0149207
0.402968
0.0159731
0.407069
0.0169482
0.411394
0.0178452
0.415926
0.0186631
0.420647
0.019401
0.42554
0.0200583
0.430586
0.0206347
0.435766
0.0211303
0.441061
0.0215456
0.446452
0.0218819
0.451919
0.0221408
0.457445
0.0223245
0.463009
0.0224359
0.468594
0.0224781
0.474182
0.0224549
0.479758
0.0223705
0.485305
0.0222291
0.490808
0.0220354
0.496255
0.0217943
0.0215112
0.501633
0.387091
0.00138986
0.388068
0.0027054
0.389462
0.00398148
0.391243
0.00520216
0.393391
0.00635795
0.395885
0.00745065
0.398706
0.00848319
0.401836
0.00945672
0.405256
0.0103714
0.40895
0.0112273
0.412899
0.012024
0.417086
0.012761
0.421493
0.0134378
0.426103
0.0140538
0.430895
0.0146083
0.435852
0.0151012
0.440955
0.0155323
0.446183
0.0159019
0.451518
0.0162106
0.456941
0.0164595
0.462431
0.01665
0.467972
0.0167841
0.473544
0.0168639
0.47913
0.0168921
0.484713
0.0168714
0.490278
0.0168052
0.495811
0.0166966
0.501297
0.0165492
0.506725
0.0163665
0.0161523
0.512084
0.396484
0.000838613
0.397517
0.00167216
0.398966
0.00253278
0.400809
0.00335867
0.403028
0.0041393
0.4056
0.00487912
0.408503
0.0055799
0.411718
0.00624128
0.415227
0.00686279
0.41901
0.00744419
0.423049
0.00798519
0.427324
0.00848543
0.431818
0.00894445
0.43651
0.00936186
0.441381
0.00973735
0.446411
0.0100707
0.451581
0.0103621
0.456871
0.0106116
0.462262
0.0108199
0.467734
0.0109877
0.473268
0.0111161
0.478845
0.0112065
0.484449
0.0112604
0.490061
0.0112796
0.495667
0.0112662
0.501249
0.0112224
0.506796
0.0111504
0.512292
0.0110527
0.517727
0.0109317
0.0107907
0.523089
0.406193
0.000155566
0.40729
0.000575408
0.408789
0.00103339
0.410692
0.0014563
0.412975
0.00185628
0.415615
0.00223879
0.418592
0.00260308
0.421885
0.00294783
0.425476
0.00327242
0.429343
0.00357655
0.433469
0.00385999
0.437832
0.00412241
0.442413
0.00436355
0.447191
0.00458313
0.452148
0.00478097
0.457261
0.00495698
0.462512
0.00511117
0.46788
0.00524371
0.473345
0.00535487
0.478888
0.00544509
0.484489
0.00551496
0.49013
0.00556518
0.495794
0.00559661
0.501464
0.00561019
0.507123
0.005607
0.512757
0.00558816
0.518353
0.00555487
0.523897
0.00550837
0.529379
0.00544988
0.00538126
0.534788
0.415475
0.41605
0.417084
0.41854
0.420396
0.422635
0.425238
0.428186
0.431458
0.435035
0.438895
0.443017
0.447381
0.451964
0.456745
0.461702
0.466813
0.472057
0.477412
0.482857
0.488372
0.493937
0.499534
0.505144
0.510751
0.516339
0.521894
0.527402
0.532852
0.538233
0.128186
0.107774
0.0382916
0.0898948
0.0573222
-0.0190306
0.210731
0.1163
0.194679
0.105947
0.0899082
0.162093
0.252536
0.110548
0.251959
0.106524
0.0995596
0.242308
0.280153
0.103543
0.284087
0.102589
0.0998854
0.283761
0.299971
0.0961031
0.306182
0.0963785
0.0956497
0.310418
0.315829
0.0887379
0.322811
0.0893968
0.0895135
0.328947
0.329449
0.0818672
0.336282
0.082564
0.0829613
0.342834
0.341566
0.0755915
0.347921
0.0762095
0.0766429
0.354239
0.352644
0.0698642
0.358469
0.0703847
0.0707765
0.364336
0.36299
0.0646137
0.368325
0.0650496
0.0653878
0.373714
0.372792
0.0597715
0.377702
0.0601397
0.0604306
0.382659
0.382172
0.0552764
0.386721
0.0555912
0.0558434
0.391308
0.391219
0.0510763
0.395462
0.0513485
0.0515693
0.399736
0.4
0.0471284
0.403983
0.0473658
0.0475607
0.407992
0.408571
0.0433972
0.412331
0.0436058
0.0437789
0.416113
0.416983
0.0398538
0.420551
0.0400378
0.0401921
0.424137
0.425284
0.0364736
0.428686
0.0366364
0.0367742
0.432104
0.433527
0.0332359
0.436783
0.0333801
0.0335032
0.440054
0.441763
0.0301228
0.444893
0.0302503
0.0303601
0.448036
0.450049
0.0271181
0.453068
0.0272306
0.0273281
0.456101
0.458443
0.0242071
0.461367
0.0243058
0.0243919
0.464304
0.467006
0.0213758
0.46985
0.0214618
0.0215372
0.472705
0.475805
0.0186111
0.478581
0.0186851
0.0187503
0.481368
0.484903
0.0158992
0.487626
0.0159619
0.0160173
0.490359
0.494373
0.0132273
0.497056
0.0132792
0.0133253
0.499748
0.50428
0.0105805
0.506937
0.0106217
0.0106583
0.509604
0.514718
0.00794649
0.517362
0.00797745
0.00800524
0.520015
0.525729
0.00530566
0.528381
0.00532603
0.00534373
0.531042
0.537444
0.0026499
0.540111
0.00265899
0.0026675
0.542787
0.540883
0.543542
0.54621
-0.0379707
0.0658418
-0.0477271
0.0462245
-0.0480807
0.0233251
-0.0414824
0.00879902
-0.0425483
0.0138452
-0.0428432
0.00995801
-0.0426664
0.00758391
-0.043305
0.0074596
-0.0437695
0.00621106
-0.0435354
0.0045429
-0.0435386
0.00438923
-0.0440556
0.00472607
-0.0445253
0.00425424
-0.044662
0.00342651
-0.0446832
0.00311446
-0.0449779
0.0034831
-0.0454838
0.00371454
-0.0459042
0.0033358
-0.0460208
0.00255631
-0.045924
0.00205494
-0.0459212
0.00227415
-0.0462014
0.00294259
-0.0467014
0.00345818
-0.0472346
0.00341605
-0.0475721
0.00269617
-0.0475666
0.00160915
-0.0473226
0.000848925
-0.0471515
0.000863248
-0.0472057
0.00126939
0.00143163
0.0975782
0.130356
0.0477983
0.0960044
-0.000318463
0.0714419
-0.0350517
0.0435323
-0.048997
0.0277905
-0.0509202
0.0118812
-0.0460657
0.00272943
-0.0457385
0.00713231
-0.0462695
0.00674214
-0.0454171
0.00369044
-0.0453557
0.00432788
-0.0463131
0.00568349
-0.0470318
0.00497291
-0.0468544
0.00324916
-0.0463063
0.00256626
-0.0465307
0.00370756
-0.0472389
0.00442276
-0.0478333
0.00393016
-0.047889
0.00261201
-0.0475106
0.00167656
-0.0472771
0.00204062
-0.0475591
0.00322464
-0.0481972
0.00409622
-0.0488958
0.0041147
-0.0493194
0.00311971
-0.0492194
0.00150917
-0.0487157
0.000345227
-0.0483577
0.000505258
-0.0484497
0.00136139
0.00169976
0.205058
0.167606
0.164266
0.136797
0.125392
0.110316
0.083362
0.085562
0.0451218
0.0660307
0.00478455
0.0522184
-0.0278676
0.0353816
-0.0453646
0.0246293
-0.0512812
0.0126588
-0.0501704
0.0025796
-0.0464417
0.000599209
-0.0471801
0.00642179
-0.048292
0.00608484
-0.0475607
0.00251788
-0.0465278
0.00153336
-0.0470364
0.00421611
-0.0482611
0.0056475
-0.0492413
0.00491034
-0.0491731
0.00254386
-0.0481481
0.000651557
-0.0473464
0.00123887
-0.0476692
0.00354751
-0.0485386
0.00496555
-0.0494864
0.00506253
-0.050049
0.00368226
-0.0498306
0.00129086
-0.0489104
-0.000575057
-0.0482369
-0.000168193
-0.0484251
0.00154954
0.0022912
0.268892
0.182475
0.244835
0.160853
0.216076
0.139076
0.183379
0.118258
0.149939
0.0994706
0.118844
0.083314
0.0864551
0.0677703
0.0566652
0.0544192
0.0260604
0.0432636
-0.00584136
0.0344813
-0.0308355
0.0255934
-0.0437044
0.0192907
-0.0489196
0.0113
-0.0491073
0.00270551
-0.0457686
-0.00180532
-0.0452249
0.00367245
-0.0471148
0.00753737
-0.0487097
0.00650526
-0.0483458
0.00217994
-0.0463308
-0.0013634
-0.0451831
9.11531e-05
-0.0459119
0.00427635
-0.0472294
0.00628302
-0.0485787
0.00641181
-0.0493582
0.00446182
-0.0490378
0.000970392
-0.0472867
-0.00232617
-0.0461644
-0.00129043
-0.0465769
0.00196198
0.00347147
0.308874
0.184019
0.298446
0.171281
0.281512
0.156009
0.259895
0.139876
0.23547
0.123896
0.209927
0.108857
0.182991
0.0947064
0.15577
0.0816398
0.128992
0.0700415
0.10355
0.0599237
0.0784416
0.0507018
0.0555849
0.0421474
0.0329991
0.0338858
0.00742329
0.0282814
-0.0162499
0.0218679
-0.0313836
0.0188061
-0.039033
0.0151868
-0.0427967
0.0102689
-0.0437835
0.00316674
-0.041578
-0.00356887
-0.0401337
-0.00135316
-0.0412722
0.00541483
-0.0432606
0.0082715
-0.045023
0.00817416
-0.0462068
0.00564558
-0.0450257
-0.000210681
-0.0429038
-0.00444806
-0.0414169
-0.00277733
-0.0423066
0.00285171
0.00561098
0.335082
0.177884
0.334325
0.172038
0.327492
0.162842
0.315702
0.151666
0.300106
0.139492
0.281849
0.127113
0.26166
0.114895
0.24021
0.10309
0.21822
0.0920314
0.196203
0.0819405
0.174245
0.0726598
0.152555
0.0638374
0.130826
0.055615
0.110406
0.0487014
0.0896676
0.0426061
0.0708945
0.0375792
0.0538733
0.032208
0.0377196
0.0264226
0.0193294
0.021557
-0.00222229
0.0179828
-0.0190843
0.0155088
-0.0275727
0.0139033
-0.0317501
0.0124489
-0.0343495
0.0107735
-0.0357814
0.00707753
-0.0364554
0.000463235
-0.0343053
-0.00659808
-0.0339297
-0.00315297
-0.0357841
0.00470613
0.00918919
0.352809
0.167909
0.358206
0.166641
0.358806
0.162243
0.354947
0.155525
0.347222
0.147217
0.336375
0.137961
0.323063
0.128207
0.307841
0.118312
0.291265
0.108607
0.273864
0.0993415
0.255996
0.0905276
0.237762
0.0820718
0.219287
0.0740898
0.201077
0.0669111
0.18312
0.0605629
0.165959
0.0547407
0.14924
0.0489264
0.132516
0.0431469
0.116029
0.0380441
0.0999065
0.0341052
0.0842781
0.0311373
0.0697887
0.0283926
0.0566908
0.0255468
0.045002
0.0224623
0.0335008
0.0185787
0.0187842
0.0151799
-0.00110796
0.013294
-0.0169606
0.0126997
-0.023664
0.0114095
0.0153136
0.36559
0.156558
0.374332
0.1579
0.379781
0.156793
0.381753
0.153552
0.380375
0.148595
0.375982
0.142354
0.368972
0.135217
0.359756
0.127528
0.348773
0.11959
0.33647
0.111645
0.323186
0.103812
0.309112
0.0961463
0.294438
0.0887635
0.27949
0.0818598
0.264564
0.0754881
0.249818
0.0694871
0.235097
0.0636471
0.220256
0.0579885
0.205453
0.0528469
0.19098
0.0485779
0.17706
0.0450575
0.163686
0.0417671
0.150782
0.0384505
0.138247
0.0349975
0.125459
0.0313665
0.112389
0.0282498
0.0991909
0.0264922
0.0861589
0.0257317
0.0722901
0.0252784
0.0271568
0.37573
0.145164
0.385869
0.14776
0.394037
0.148626
0.399811
0.147778
0.403016
0.14539
0.403671
0.141698
0.401929
0.13696
0.398019
0.131438
0.39223
0.125379
0.384873
0.119001
0.376223
0.112462
0.366493
0.105876
0.355892
0.099365
0.344683
0.0930683
0.333117
0.0870539
0.32132
0.0812842
0.309281
0.0756867
0.296974
0.0702951
0.284516
0.0653054
0.272174
0.0609195
0.260149
0.0570826
0.248394
0.0535215
0.236803
0.0500417
0.225226
0.0465747
0.213394
0.0431981
0.201311
0.0403336
0.189295
0.0385074
0.177416
0.037611
0.16534
0.0373548
0.0380479
0.384565
0.134313
0.39495
0.137375
0.40431
0.139265
0.412205
0.139884
0.418335
0.13926
0.422543
0.137489
0.424796
0.134707
0.425156
0.131078
0.423757
0.126778
0.420779
0.12198
0.41641
0.116831
0.410829
0.111457
0.404217
0.105977
0.396777
0.100508
0.388701
0.0951299
0.380117
0.0898677
0.371081
0.0847226
0.361633
0.0797431
0.351886
0.0750533
0.342031
0.0707741
0.332214
0.0668997
0.322436
0.0632991
0.312626
0.0598514
0.302673
0.0565279
0.292445
0.0534263
0.281956
0.0508226
0.271436
0.0490279
0.261001
0.0480456
0.250659
0.0476966
0.0478027
0.392791
0.124181
0.402852
0.127314
0.412469
0.129649
0.421287
0.131065
0.429013
0.131535
0.435428
0.131075
0.440399
0.129736
0.443872
0.127604
0.445864
0.124787
0.446441
0.121403
0.445702
0.117569
0.443763
0.113396
0.440752
0.108988
0.436813
0.104447
0.43209
0.0998535
0.426695
0.0952623
0.420706
0.0907118
0.41419
0.0862591
0.407249
0.0819941
0.400021
0.0780021
0.392617
0.0743044
0.385065
0.0708503
0.377333
0.0675832
0.369356
0.0645052
0.361075
0.0617072
0.352523
0.0593754
0.343847
0.0577036
0.335169
0.0567236
0.326561
0.0563041
0.0561637
0.400732
0.114757
0.410257
0.117788
0.41965
0.120256
0.428662
0.122053
0.437057
0.12314
0.444633
0.123499
0.45123
0.123139
0.45674
0.122094
0.461106
0.12042
0.464318
0.118191
0.466401
0.115487
0.467405
0.112391
0.467404
0.10899
0.466485
0.105365
0.464745
0.101594
0.46227
0.0977373
0.459132
0.0938494
0.455401
0.0899904
0.451161
0.0862337
0.446515
0.0826484
0.441549
0.0792707
0.436302
0.0760972
0.430768
0.0731168
0.42492
0.0703531
0.418742
0.0678858
0.412271
0.0658465
0.40561
0.0643646
0.398859
0.0634747
0.392079
0.0630835
0.0629303
0.408528
0.105966
0.417485
0.108831
0.426461
0.111279
0.43529
0.113225
0.443802
0.114628
0.451836
0.115465
0.45925
0.115726
0.465926
0.115417
0.471782
0.114565
0.476763
0.11321
0.480848
0.111402
0.484039
0.1092
0.48636
0.106668
0.487855
0.103871
0.488576
0.100873
0.48858
0.0977328
0.487923
0.0945072
0.486658
0.0912545
0.484854
0.0880383
0.482583
0.0849193
0.479912
0.0819416
0.476881
0.0791285
0.473499
0.076498
0.469765
0.0740873
0.465684
0.0719671
0.461294
0.0702368
0.456668
0.0689902
0.451881
0.0682618
0.446968
0.0679963
0.0679937
0.416237
0.0977203
0.424667
0.100401
0.433185
0.102762
0.441677
0.104732
0.450026
0.106279
0.458112
0.107379
0.465823
0.108015
0.473056
0.108184
0.479728
0.107893
0.485773
0.107165
0.491146
0.106029
0.495823
0.104524
0.499796
0.102695
0.503074
0.100593
0.505678
0.098268
0.507639
0.095772
0.508989
0.0931569
0.509768
0.0904762
0.51002
0.087786
0.509798
0.0851414
0.50915
0.0825897
0.508111
0.0801678
0.506698
0.0779103
0.504923
0.0758626
0.502801
0.0740894
0.500366
0.072671
0.497674
0.0716829
0.494772
0.0711632
0.491676
0.0710922
0.0713383
0.423889
0.0899439
0.431853
0.0924375
0.439936
0.0946791
0.448057
0.0966115
0.45613
0.0982055
0.464069
0.0994396
0.471788
0.100296
0.479205
0.100767
0.486247
0.100851
0.492853
0.100559
0.498973
0.0999087
0.504571
0.0989261
0.509623
0.0976428
0.514121
0.0960956
0.518063
0.0943251
0.521461
0.0923746
0.524329
0.0902889
0.52669
0.0881155
0.528572
0.0859039
0.530009
0.0837043
0.531035
0.0815637
0.531677
0.0795253
0.531956
0.0776318
0.531886
0.0759326
0.531487
0.0744883
0.530789
0.0733688
0.529831
0.0726406
0.528646
0.0723485
0.527234
0.0725044
0.07304
0.43151
0.0825709
0.439068
0.0848796
0.446759
0.0869879
0.454523
0.0888477
0.462295
0.0904334
0.47001
0.0917253
0.4776
0.0927062
0.485002
0.0933648
0.492156
0.0936971
0.499008
0.0937068
0.505512
0.0934044
0.511631
0.0928068
0.517338
0.0919365
0.522612
0.0908213
0.527444
0.0894932
0.531831
0.0879877
0.535776
0.0863431
0.539291
0.0846008
0.542391
0.0828044
0.545096
0.0809993
0.547429
0.0792307
0.549411
0.0775433
0.551059
0.075983
0.552392
0.0746003
0.553427
0.0734531
0.554191
0.0726052
0.554712
0.0721196
0.555011
0.0720488
0.555086
0.0724299
0.0732487
0.439128
0.0755468
0.446333
0.0776746
0.453679
0.0796421
0.461118
0.0814085
0.4686
0.0829514
0.476073
0.0842526
0.483483
0.0852957
0.49078
0.0860684
0.497912
0.0865642
0.504836
0.086783
0.511511
0.0867301
0.517901
0.0864167
0.523978
0.0858588
0.529722
0.0850776
0.535117
0.0840984
0.540154
0.0829505
0.544831
0.0816664
0.54915
0.0802819
0.553118
0.0788358
0.556749
0.0773688
0.560056
0.0759235
0.563055
0.0745438
0.565763
0.0732756
0.568194
0.072169
0.570368
0.0712795
0.572306
0.0706672
0.574031
0.0703942
0.575561
0.0705194
0.576892
0.0710989
0.0721603
0.446775
0.0688258
0.453673
0.0707767
0.460716
0.0725992
0.467866
0.0742585
0.475083
0.075735
0.482323
0.0770123
0.489543
0.078075
0.496701
0.0789104
0.503755
0.0795108
0.510664
0.0798733
0.517395
0.08
0.523914
0.0798975
0.530195
0.0795774
0.536217
0.0790556
0.541963
0.0783524
0.547422
0.0774918
0.552587
0.0765015
0.557456
0.0754125
0.562033
0.0742589
0.566324
0.0730776
0.57034
0.071908
0.574092
0.0707919
0.577594
0.0697737
0.580861
0.068902
0.58391
0.0682298
0.586763
0.0678149
0.589438
0.0677186
0.591953
0.0680046
0.594311
0.0687407
0.0699839
0.454493
0.0623684
0.461124
0.0641462
0.467902
0.0658212
0.474797
0.0673638
0.481775
0.0687568
0.488801
0.0699859
0.495839
0.0710366
0.502853
0.0718968
0.509806
0.0725579
0.516664
0.0730156
0.523395
0.0732692
0.529969
0.0733227
0.536363
0.0731837
0.542554
0.0728644
0.548526
0.0723806
0.554266
0.0717521
0.559765
0.0710023
0.565019
0.0701579
0.570029
0.069249
0.574798
0.0683087
0.579333
0.0673732
0.583644
0.0664812
0.587742
0.0656752
0.591643
0.0650012
0.595363
0.0645097
0.598922
0.0642561
0.60234
0.0643008
0.605635
0.0647092
0.608821
0.0655551
0.0669131
0.462329
0.0561397
0.468727
0.057748
0.475274
0.0592742
0.481945
0.0606929
0.488712
0.0619897
0.495547
0.0631517
0.502417
0.064166
0.509293
0.0650212
0.516142
0.0657087
0.522934
0.0662232
0.529641
0.0665626
0.536236
0.0667283
0.542694
0.0667255
0.548995
0.066563
0.555123
0.0662532
0.561063
0.0658122
0.566805
0.0652596
0.572345
0.0646183
0.577679
0.0639146
0.58281
0.063178
0.587742
0.0624412
0.592483
0.06174
0.597045
0.0611137
0.60144
0.0606055
0.605687
0.0602632
0.609804
0.0601393
0.613812
0.0602921
0.617735
0.0607865
0.621593
0.0616971
0.0631062
0.470335
0.0501082
0.476533
0.0515501
0.48288
0.0529267
0.489357
0.0542163
0.49594
0.0554068
0.502605
0.056487
0.509325
0.0574455
0.516075
0.0582719
0.522825
0.0589579
0.529551
0.0594979
0.536224
0.0598889
0.542822
0.0601308
0.549321
0.0602267
0.555701
0.0601829
0.561945
0.0600089
0.568039
0.0597178
0.573973
0.0593258
0.579739
0.0588523
0.585334
0.0583201
0.590757
0.0577552
0.596011
0.0571867
0.601104
0.0566472
0.606045
0.0561728
0.610847
0.0558032
0.615527
0.0555829
0.620106
0.055561
0.624605
0.0557928
0.629051
0.0563405
0.633472
0.0572758
0.0586816
0.478569
0.0442443
0.484596
0.0455226
0.490774
0.0467491
0.497085
0.0479056
0.50351
0.0489819
0.510028
0.0499685
0.516618
0.0508555
0.523256
0.0516336
0.529919
0.0522952
0.536582
0.0528347
0.543222
0.0532488
0.549817
0.0535362
0.556345
0.0536988
0.562787
0.0537408
0.569126
0.0536696
0.575348
0.0534955
0.581442
0.0532318
0.5874
0.0528949
0.593216
0.0525042
0.598888
0.0520824
0.60442
0.0516552
0.609816
0.0512515
0.615084
0.0509039
0.620239
0.0506485
0.625296
0.0505259
0.630276
0.0505815
0.635202
0.0508662
0.640105
0.051438
0.645017
0.0523633
0.053721
0.487093
0.0385196
0.492979
0.0396365
0.499015
0.0407126
0.505188
0.0417329
0.511481
0.0426887
0.517878
0.0435722
0.524358
0.0443749
0.530903
0.0450888
0.537491
0.0457069
0.544102
0.0462242
0.550714
0.0466371
0.557306
0.046944
0.563859
0.0471456
0.570355
0.0472449
0.576777
0.0472474
0.583112
0.0471611
0.589346
0.046997
0.595473
0.0467685
0.601485
0.0464921
0.60738
0.0461872
0.613159
0.0458761
0.618827
0.0455842
0.62439
0.0453402
0.629862
0.0451765
0.635259
0.0451292
0.640601
0.0452394
0.645914
0.0455531
0.651229
0.0461227
0.656584
0.0470082
0.0482821
0.495972
0.032906
0.501746
0.0338632
0.50767
0.0347887
0.513732
0.03567
0.519921
0.0365003
0.52622
0.0372729
0.532614
0.0379808
0.539086
0.0386171
0.545617
0.039176
0.552188
0.0396528
0.558781
0.0400441
0.565377
0.0403483
0.571957
0.0405653
0.578505
0.0406971
0.585005
0.0407477
0.591442
0.0407235
0.597806
0.0406331
0.604087
0.0404877
0.610278
0.0403008
0.616377
0.0400888
0.622382
0.0398706
0.628299
0.039668
0.634133
0.0395059
0.639897
0.0394125
0.645607
0.0394194
0.651283
0.0395627
0.656953
0.0398831
0.66265
0.0404265
0.668412
0.0412455
0.0424045
0.505279
0.0273754
0.510968
0.0281741
0.516808
0.0289483
0.52279
0.0296884
0.528901
0.0303887
0.53513
0.0310439
0.541463
0.0316483
0.547884
0.0321962
0.554377
0.0326827
0.560926
0.0331037
0.567514
0.0334564
0.574123
0.0337389
0.580737
0.0339511
0.587341
0.034094
0.593918
0.0341707
0.600455
0.034186
0.606941
0.0341467
0.613367
0.0340617
0.619726
0.0339421
0.626014
0.0338011
0.63223
0.0336546
0.638377
0.0335206
0.644463
0.0334202
0.650498
0.0333772
0.656499
0.0334185
0.662487
0.0335749
0.668489
0.033881
0.674539
0.0343765
0.680679
0.035106
0.0361269
0.515081
0.0218984
0.520716
0.0225388
0.526503
0.0231614
0.532434
0.0237581
0.538498
0.0243246
0.544685
0.0248569
0.550983
0.0253504
0.557378
0.0258007
0.563857
0.0262038
0.570404
0.0265565
0.577004
0.0268562
0.583642
0.0271014
0.590301
0.0272917
0.596967
0.0274278
0.603626
0.0275118
0.610265
0.0275474
0.616872
0.0275396
0.623438
0.0274954
0.629957
0.0274235
0.636424
0.0273343
0.642838
0.0272405
0.649202
0.0271567
0.655522
0.0270997
0.661811
0.0270889
0.668083
0.0271463
0.67436
0.0272973
0.680671
0.0275702
0.68705
0.0279976
0.69354
0.0286159
0.0294717
0.525468
0.016445
0.53108
0.0169273
0.536845
0.0173967
0.542755
0.0178477
0.548803
0.0182769
0.554978
0.0186815
0.56127
0.019058
0.567668
0.0194031
0.574158
0.0197138
0.580727
0.0199876
0.58736
0.0202227
0.594044
0.0204177
0.600764
0.0205723
0.607505
0.0206867
0.614254
0.0207626
0.620999
0.0208023
0.627729
0.0208098
0.634434
0.02079
0.641108
0.0207493
0.647747
0.0206956
0.654349
0.0206384
0.660917
0.0205886
0.667458
0.0205591
0.673982
0.0205648
0.680506
0.0206224
0.687052
0.0207515
0.693648
0.0209743
0.700329
0.0213163
0.707138
0.0218068
0.0224871
0.536505
0.0109819
0.542128
0.0113044
0.547905
0.0116201
0.553829
0.0119233
0.559894
0.0122119
0.566091
0.0124845
0.572411
0.0127387
0.578842
0.0129722
0.585372
0.0131832
0.59199
0.0133698
0.598682
0.0135309
0.605434
0.0136655
0.612233
0.0137733
0.619066
0.0138544
0.625918
0.0139099
0.632779
0.0139413
0.639638
0.0139511
0.646485
0.0139426
0.653314
0.0139202
0.660121
0.0138889
0.666904
0.0138553
0.673666
0.0138267
0.680413
0.0138118
0.687158
0.0138207
0.693915
0.0138651
0.700708
0.0139584
0.707566
0.0141163
0.714525
0.0143572
0.72163
0.0147021
0.0151801
0.548296
0.00547272
0.553962
0.00563904
0.559784
0.00579832
0.565757
0.00595013
0.571874
0.0060948
0.578127
0.00623152
0.584506
0.00635897
0.591003
0.00647593
0.597604
0.0065814
0.6043
0.00667456
0.611076
0.00675473
0.61792
0.00682146
0.624819
0.00687455
0.631759
0.0069141
0.638728
0.00694055
0.645715
0.00695473
0.652708
0.00695787
0.659699
0.00695166
0.666681
0.00693826
0.673649
0.00692035
0.680604
0.00690116
0.687546
0.00688452
0.694483
0.00687492
0.701426
0.00687757
0.708392
0.00689856
0.715406
0.0069451
0.722496
0.00702594
0.729701
0.0071527
0.73706
0.00734307
0.00764151
0.551682
0.557321
0.56312
0.56907
0.575165
0.581396
0.587755
0.594231
0.600812
0.607487
0.614242
0.621063
0.627938
0.634852
0.641792
0.648747
0.655705
0.662657
0.669595
0.676515
0.683416
0.690301
0.697176
0.704053
0.710952
0.717897
0.724923
0.732076
0.739419
)
;

boundaryField
{
    inlet
    {
        type            calculated;
        value           nonuniform List<scalar> 
45
(
-0.2
-0.2
-0.2
-0.2
-0.2
-0.2
-0.2
-0.2
-0.2
-0.2
-0.2
-0.2
-0.2
-0.2
-0.2
-0.20766
-0.212683
-0.217828
-0.223097
-0.228493
-0.23402
-0.239681
-0.245479
-0.251417
-0.257499
-0.263728
-0.270107
-0.276641
-0.283333
-0.290186
-0.297206
-0.304395
-0.311758
-0.3193
-0.327023
-0.334934
-0.343036
-0.351334
-0.359832
-0.368536
-0.377451
-0.386582
-0.395933
-0.40551
-0.415319
)
;
    }
    outlet
    {
        type            calculated;
        value           nonuniform List<scalar> 
45
(
0.0169926
0.0248481
0.0211565
0.0132132
0.00321819
-0.00648871
-0.0142948
-0.0208137
-0.0263275
-0.031006
-0.0349592
-0.0382569
-0.0409496
-0.0430674
-0.0446168
-0.0473345
-0.0487178
-0.0490165
-0.0477571
-0.0444461
-0.0393623
-0.0297885
0.0604469
0.154449
0.240904
0.3182
0.385313
0.441905
0.488332
0.525532
0.554877
0.57798
0.596488
0.611891
0.6254
0.637897
0.649978
0.662023
0.67429
0.686956
0.700195
0.714122
0.728937
0.744598
0.74706
)
;
    }
    flap
    {
        type            calculated;
        value           uniform 0;
    }
    upperWall
    {
        type            calculated;
        value           uniform 0;
    }
    lowerWall
    {
        type            calculated;
        value           uniform 0;
    }
    frontAndBack
    {
        type            empty;
        value           nonuniform 0();
    }
}


// ************************************************************************* //
