/*--------------------------------*- C++ -*----------------------------------*\
  =========                 |
  \\      /  F ield         | OpenFOAM: The Open Source CFD Toolbox
   \\    /   O peration     | Website:  https://openfoam.org
    \\  /    A nd           | Version:  dev
     \\/     M anipulation  |
\*---------------------------------------------------------------------------*/
FoamFile
{
    version     2.0;
    format      ascii;
    class       surfaceScalarField;
    location    "1.7";
    object      phi;
}
// * * * * * * * * * * * * * * * * * * * * * * * * * * * * * * * * * * * * * //

dimensions      [0 3 -1 0 0 0 0];

internalField   nonuniform List<scalar> 
5457
(
0.198417
0.00158328
0.196478
0.00193905
0.194187
0.00229044
0.191501
0.00268649
0.188416
0.00308454
0.184936
0.00348044
0.181053
0.00388247
0.176755
0.00429802
0.172023
0.00473223
0.166834
0.00518913
0.161162
0.00567221
0.154977
0.00618443
0.148249
0.00672797
0.140945
0.00730385
0.133034
0.00791144
0.124486
0.00854773
0.11528
0.00920646
0.105403
0.00987698
0.0948598
0.0105431
0.0836781
0.0111817
0.0719162
0.0117619
0.0596716
0.0122447
0.0470875
0.012584
0.0343532
0.0127343
0.021666
0.0126872
0.00902869
0.0126374
-0.00290263
0.0119313
-0.00845471
0.00555208
-0.00802992
-0.000424784
-0.00802992
0.199927
0.00165603
0.199173
0.00269319
0.19796
0.00350375
0.196324
0.0043226
0.19426
0.00514797
0.191766
0.00597422
0.188836
0.00681337
0.185455
0.00767892
0.181606
0.00858118
0.177266
0.00952847
0.172411
0.0105281
0.167009
0.0115862
0.161029
0.0127078
0.154437
0.0138954
0.1472
0.0151485
0.139286
0.0164622
0.130667
0.017825
0.121327
0.0192171
0.111263
0.020607
0.100495
0.0219499
0.089073
0.023184
0.0770885
0.0242291
0.0646864
0.0249861
0.0520835
0.0253372
0.0396282
0.0251425
0.0280812
0.0241844
0.0185636
0.0214489
0.00876274
0.015353
0.00116552
0.00717244
-0.00686441
0.19978
0.00187637
0.199084
0.00338871
0.197941
0.00464701
0.196401
0.0058621
0.194472
0.00707742
0.192149
0.00829691
0.189428
0.00953467
0.186298
0.0108084
0.182747
0.0121331
0.178754
0.0135213
0.174298
0.0149839
0.169353
0.0165307
0.163892
0.0181694
0.157882
0.0199052
0.151292
0.0217389
0.144088
0.0236655
0.136242
0.0256714
0.127728
0.0277311
0.118532
0.0298033
0.108655
0.0318264
0.0981255
0.0337137
0.0870059
0.0353487
0.0754125
0.0365795
0.0635389
0.0372108
0.0517003
0.0369812
0.0403666
0.035518
0.0297097
0.0321058
0.019148
0.0259146
0.00957891
0.0167415
0.0027145
0.199702
0.0021742
0.199005
0.0040857
0.197882
0.00576989
0.196369
0.0073759
0.194477
0.00896886
0.192207
0.0105666
0.189556
0.0121862
0.186516
0.0138483
0.183077
0.0155715
0.179227
0.0173717
0.174948
0.0192627
0.170222
0.0212568
0.165027
0.0233643
0.15934
0.0255921
0.153136
0.0279428
0.14639
0.0304123
0.139074
0.0329867
0.131167
0.0356386
0.122648
0.038322
0.113508
0.0409661
0.103753
0.0434687
0.0934132
0.0456887
0.082555
0.0474377
0.0712956
0.0484702
0.0598071
0.0484697
0.0482865
0.0470386
0.0367852
0.0436071
0.0251699
0.0375299
0.0133268
0.0285847
0.0160413
0.199667
0.00250769
0.198962
0.00479065
0.197858
0.00687356
0.196373
0.00886049
0.194521
0.010821
0.192303
0.0127849
0.189715
0.0147739
0.186753
0.016811
0.183407
0.0189173
0.179667
0.0211114
0.17552
0.0234095
0.170952
0.0258256
0.165944
0.0283713
0.160481
0.0310552
0.154543
0.0338807
0.148111
0.0368446
0.141164
0.0399337
0.133682
0.0431206
0.125646
0.0463586
0.117037
0.0495744
0.107846
0.0526604
0.0980692
0.0554652
0.0877224
0.0577845
0.07684
0.0593526
0.065474
0.0598356
0.0536779
0.0588348
0.0414294
0.0558556
0.0285706
0.0503887
0.0148444
0.0423109
0.0308857
0.199652
0.00285579
0.198946
0.00549641
0.197866
0.00795387
0.196419
0.0103076
0.194615
0.0126243
0.192458
0.0149421
0.189945
0.0172876
0.18707
0.0196859
0.183826
0.0221608
0.180205
0.0247328
0.176194
0.02742
0.171782
0.030238
0.166954
0.0331996
0.161695
0.0363142
0.155989
0.0395862
0.14982
0.0430132
0.143171
0.0465832
0.136021
0.0502706
0.128349
0.0540307
0.12013
0.0577931
0.111337
0.061453
0.101941
0.0648615
0.0919103
0.0678154
0.0812135
0.0700493
0.0698184
0.0712307
0.0576864
0.0709667
0.0447365
0.0688055
0.0308327
0.0642925
0.0158655
0.0572781
0.0467512
0.199649
0.00320665
0.198951
0.00619409
0.197899
0.00900587
0.196497
0.0117103
0.194751
0.01437
0.192665
0.0170279
0.190238
0.0197152
0.187464
0.0224597
0.184338
0.0252871
0.18085
0.02822
0.176992
0.0312781
0.172752
0.0344785
0.168116
0.0378354
0.163071
0.0413591
0.157602
0.0450553
0.151692
0.048923
0.145323
0.0529524
0.138472
0.0571211
0.131114
0.0613891
0.123214
0.0656932
0.114729
0.0699381
0.105604
0.0739867
0.0957695
0.0776497
0.0851434
0.0806754
0.0736308
0.0827433
0.0611302
0.0834673
0.047531
0.0824047
0.0327424
0.0790811
0.0167752
0.0732453
0.0635264
0.199654
0.00355291
0.198972
0.00687591
0.197954
0.010024
0.196602
0.0130619
0.194923
0.0160495
0.192918
0.0190323
0.190588
0.0220454
0.187929
0.0251193
0.184934
0.0282815
0.181598
0.0315565
0.17791
0.0349658
0.17386
0.0385281
0.169437
0.0422588
0.164626
0.0461701
0.159412
0.0502693
0.153777
0.054558
0.1477
0.0590297
0.141154
0.0636671
0.134105
0.0684379
0.126509
0.0732895
0.118305
0.0781417
0.109415
0.0828769
0.0997357
0.0873287
0.0891414
0.0912697
0.0774852
0.0943995
0.0646144
0.0963381
0.0503923
0.0966268
0.0347515
0.0947219
0.0177819
0.0902149
0.0813083
0.199663
0.00388965
0.199004
0.00753544
0.198025
0.0110027
0.196731
0.0143564
0.195125
0.017655
0.193211
0.0209459
0.190989
0.0242674
0.188456
0.0276523
0.185608
0.03113
0.182438
0.0347267
0.178938
0.0384658
0.175098
0.0423674
0.170908
0.046449
0.166354
0.0507244
0.161419
0.0552039
0.156085
0.0598924
0.150326
0.0647885
0.144111
0.0698817
0.137399
0.0751503
0.130133
0.0805559
0.122236
0.0860382
0.113608
0.0915055
0.104113
0.0968233
0.0935839
0.101799
0.0818213
0.106162
0.0686139
0.109546
0.0537752
0.111465
0.0372191
0.111278
0.0190751
0.108359
0.100383
0.199676
0.00421335
0.199044
0.0081674
0.198111
0.0119364
0.196879
0.0155877
0.195355
0.0191794
0.19354
0.0227605
0.191436
0.0263715
0.189041
0.0300475
0.186351
0.0338198
0.183362
0.0377163
0.180066
0.0417618
0.176455
0.0459783
0.172519
0.0503851
0.168244
0.0549989
0.163615
0.0598327
0.158611
0.0648962
0.153206
0.0701941
0.147363
0.0757249
0.141034
0.0814794
0.134153
0.087437
0.126629
0.0935616
0.11834
0.0997941
0.109123
0.106041
0.0987641
0.112157
0.0870045
0.117922
0.0735508
0.122999
0.0581194
0.126897
0.0405333
0.128864
0.0208927
0.127999
0.121276
0.199692
0.00452134
0.199092
0.00876751
0.198208
0.0128204
0.197045
0.0167504
0.195608
0.0206163
0.1939
0.0244683
0.191923
0.0283488
0.189676
0.032295
0.187156
0.0363397
0.18436
0.0405122
0.181283
0.044839
0.177917
0.0493438
0.174254
0.054048
0.170282
0.0589709
0.165986
0.0641293
0.161344
0.0695377
0.15633
0.075208
0.150906
0.0811489
0.14502
0.0873654
0.1386
0.0938572
0.131545
0.100616
0.123718
0.107622
0.114928
0.114831
0.104921
0.122165
0.093365
0.129477
0.0798542
0.13651
0.0639358
0.142815
0.0452149
0.147585
0.0236028
0.149611
0.144879
0.19971
0.00481157
0.199145
0.00933225
0.198315
0.0136505
0.197226
0.0178397
0.195882
0.0219601
0.194288
0.0260627
0.192445
0.0301917
0.190354
0.0343859
0.188014
0.0386793
0.185423
0.0431029
0.182578
0.0476842
0.179473
0.0524488
0.176101
0.05742
0.172452
0.0626197
0.168513
0.0680683
0.164265
0.0737857
0.159682
0.0797909
0.154728
0.0861031
0.149351
0.0927422
0.14348
0.0997291
0.13701
0.107086
0.129799
0.114833
0.121639
0.12299
0.112244
0.13156
0.101211
0.14051
0.0879952
0.149726
0.0718871
0.158923
0.0520652
0.167407
0.0278775
0.173799
0.172756
0.199729
0.00508242
0.199203
0.00985875
0.19843
0.0144229
0.197418
0.0188514
0.196173
0.0232057
0.194698
0.0275379
0.192996
0.0318936
0.191069
0.0363126
0.188918
0.0408303
0.186542
0.0454786
0.18394
0.0502863
0.181109
0.0552803
0.178043
0.0604857
0.174736
0.0659266
0.171177
0.071627
0.167352
0.0776113
0.163237
0.0839053
0.158802
0.090538
0.154002
0.0975431
0.148769
0.104961
0.143011
0.112844
0.13659
0.121255
0.129305
0.130275
0.12086
0.140005
0.110811
0.150559
0.0984848
0.162052
0.0828605
0.174548
0.0624146
0.187853
0.03512
0.201094
0.207876
0.19975
0.00533263
0.199264
0.0103447
0.198552
0.0151348
0.197621
0.019782
0.196478
0.0243492
0.195126
0.0288893
0.193571
0.033449
0.191815
0.0380689
0.189859
0.0427855
0.187707
0.0476313
0.185357
0.0526361
0.18281
0.0578276
0.180063
0.0632324
0.177113
0.0688764
0.173954
0.0747861
0.170576
0.0809897
0.166962
0.0875186
0.163091
0.0944094
0.158927
0.101707
0.15442
0.109469
0.149495
0.117769
0.144041
0.126708
0.137892
0.136424
0.13079
0.147107
0.12232
0.159029
0.11179
0.172583
0.0979702
0.188368
0.0785184
0.207305
0.0486704
0.230942
0.256547
0.199771
0.00556123
0.199328
0.0107883
0.198679
0.0157837
0.197832
0.0206286
0.196794
0.0253872
0.19557
0.0301131
0.194166
0.0348536
0.192585
0.0396502
0.19083
0.0445397
0.188907
0.0495551
0.186816
0.0547267
0.184561
0.0600828
0.182143
0.0656506
0.179562
0.0714572
0.176817
0.0775308
0.173905
0.083902
0.170818
0.0906054
0.167545
0.0976826
0.164067
0.105186
0.160354
0.113181
0.156364
0.121759
0.152031
0.131041
0.147256
0.141199
0.141881
0.152482
0.135646
0.165264
0.128083
0.180146
0.118254
0.198197
0.103911
0.221647
0.0777336
0.257119
0.33428
0.00761386
-0.00761386
0.0142066
-0.00659272
0.019804
-0.00559744
0.0246477
-0.00484365
0.0288983
-0.00425066
0.0326449
-0.00374656
0.0359438
-0.00329888
0.0388346
-0.00289085
0.0413457
-0.00251114
0.0435004
-0.00215461
0.0453131
-0.00181271
0.0467647
-0.00145164
0.0478537
-0.00108897
0.0486185
-0.000764784
0.0490828
-0.000464316
0.0492884
-0.000205617
0.0493045
-1.61e-05
0.0491887
0.000115775
0.0489166
0.000272145
0.0483833
0.000533244
0.0475295
0.000853828
0.0463967
0.00113281
0.0451239
0.00127276
0.0438999
0.00122403
0.0429239
0.000975983
0.0423668
0.000557127
0.0422716
9.51959e-05
0.0429151
-0.000643529
0.0446002
-0.00168508
-0.00299061
0.00556145
-0.0131753
0.0109488
-0.0119801
0.01568
-0.0103286
0.0198008
-0.00896445
0.0234276
-0.00787745
0.0266319
-0.00695083
0.0294529
-0.00611994
0.0319133
-0.00535126
0.0340279
-0.00462573
0.0358179
-0.00394454
0.0373126
-0.00330751
0.0384643
-0.00260332
0.0392917
-0.0019164
0.0398084
-0.00128143
0.0395928
-0.000248722
0.038426
0.000961144
0.0362866
0.00212337
0.0334954
0.0029069
0.0303812
0.00338636
0.0272132
0.00370124
0.0241767
0.00389039
0.0214378
0.00387169
0.0191636
0.00354689
0.0174708
0.00291684
0.0163974
0.00204939
0.015945
0.00100953
0.0163193
-0.000279038
0.0178056
-0.00212986
0.0207442
-0.00462368
-0.007193
0.00373435
-0.0169097
0.00738131
-0.015627
0.0105819
-0.0135292
0.0133474
-0.01173
0.0157178
-0.0102478
0.0177234
-0.0089564
0.0193816
-0.00777817
0.0206903
-0.00665994
0.0216278
-0.00556327
0.0221972
-0.00451395
0.0225421
-0.00365244
0.0223978
-0.00245895
0.0210233
-0.000541913
0.0183767
0.00136515
0.0153468
0.00278121
0.012435
0.00387295
0.00956154
0.00499679
0.00660935
0.00585909
0.003645
0.00635072
0.00084423
0.00650201
-0.00160337
0.006338
-0.00360671
0.00587503
-0.00513312
0.00507331
-0.00611156
0.00389528
-0.00644467
0.0023825
-0.00602162
0.000586482
-0.00462636
-0.00167429
-0.00220537
-0.00455085
0.00119987
-0.00802891
-0.0105591
0.00202959
-0.0189393
0.00380246
-0.0173999
0.00527456
-0.0150013
0.00644283
-0.0128982
0.00728973
-0.0110947
0.00780804
-0.00947471
0.00799831
-0.00796843
0.00784783
-0.00650946
0.00729419
-0.00500963
0.00611523
-0.003335
0.00373694
-0.00127415
0.00049401
0.000783984
-0.00225959
0.00221169
-0.00454704
0.0036526
-0.006899
0.00513317
-0.00940772
0.00638168
-0.0118516
0.00744063
-0.014172
0.00817958
-0.0163203
0.008499
-0.0182101
0.00839179
-0.0197573
0.00788514
-0.0208857
0.00700347
-0.0215508
0.00573837
-0.0217324
0.0040769
-0.0213954
0.00204555
-0.0204824
-0.000326534
-0.0190332
-0.00312348
-0.0172107
-0.00637333
-0.0154148
-0.00982482
-0.0124782
0.000189023
-0.0191283
0.000118661
-0.0173295
-0.000233168
-0.0146495
-0.000766296
-0.0123651
-0.00161248
-0.0102485
-0.00279679
-0.0082904
-0.00435954
-0.00640569
-0.00634495
-0.00452405
-0.00878972
-0.00256487
-0.0116074
-0.000517343
-0.014199
0.00131745
-0.0163583
0.00294327
-0.0186269
0.00448031
-0.0209453
0.00597105
-0.0231811
0.00736895
-0.0253452
0.00854581
-0.0273495
0.00944485
-0.0291386
0.00996868
-0.0306818
0.0100423
-0.0319393
0.00964928
-0.0328645
0.00881034
-0.0334166
0.00755556
-0.0335827
0.00590444
-0.0333806
0.00387483
-0.0328344
0.00149936
-0.0319754
-0.00118557
-0.030887
-0.0042119
-0.0297411
-0.00751916
-0.028693
-0.0108729
-0.0135828
-0.00155853
-0.0175697
-0.00355339
-0.0153347
-0.00565366
-0.0125492
-0.00793902
-0.0100798
-0.0103877
-0.00779978
-0.0130088
-0.00566936
-0.0157943
-0.00362019
-0.0187027
-0.00161568
-0.0215418
0.000274261
-0.0240526
0.00199353
-0.0263413
0.00360607
-0.0286002
0.00520218
-0.03084
0.0067201
-0.0330093
0.00814037
-0.0350401
0.00939973
-0.0369008
0.0104066
-0.0385435
0.0110875
-0.0399362
0.0113614
-0.0410639
0.01117
-0.0419122
0.0104976
-0.0424653
0.0093634
-0.0427136
0.00780383
-0.0426672
0.00585804
-0.042359
0.00356669
-0.041831
0.000971297
-0.0411423
-0.00187426
-0.0403869
-0.00496728
-0.0396712
-0.00823487
-0.0390449
-0.0114992
-0.014157
-0.00334251
-0.0142272
-0.00703468
-0.0116425
-0.010715
-0.00886894
-0.014358
-0.00643677
-0.0179341
-0.00422363
-0.0214014
-0.00220204
-0.0246994
-0.000322188
-0.0276711
0.00135596
-0.0303234
0.00292661
-0.0327995
0.00446963
-0.0351931
0.00599969
-0.0374797
0.00748873
-0.0396499
0.00889028
-0.0416699
0.0101604
-0.0435032
0.011233
-0.045124
0.0120274
-0.0465056
0.012469
-0.0476325
0.0124883
-0.048501
0.0120386
-0.0491118
0.0111083
-0.0494672
0.00971881
-0.0495761
0.00791271
-0.0494601
0.00574211
-0.0491587
0.00326531
-0.0487191
0.000531669
-0.0482083
-0.00238502
-0.0477087
-0.0054669
-0.0472894
-0.00865418
-0.0469789
-0.0118097
-0.0143493
-0.00502486
-0.00920238
-0.0101694
-0.00649802
-0.0150779
-0.00396036
-0.0196368
-0.00187794
-0.0237922
-6.82104e-05
-0.0274772
0.00148302
-0.0307168
0.00291735
-0.0336516
0.00429075
-0.0363987
0.00567375
-0.0389814
0.00705234
-0.0414001
0.00841833
-0.0436505
0.00973918
-0.0457272
0.010967
-0.0476132
0.0120464
-0.0492891
0.0129088
-0.0507394
0.0134778
-0.0519513
0.0136808
-0.0529188
0.0134559
-0.053644
0.0127638
-0.0541335
0.0115978
-0.0543978
0.00998306
-0.0544546
0.00796953
-0.0543342
0.00562169
-0.0540801
0.00301127
-0.0537502
0.000201774
-0.0534003
-0.00273493
-0.0531065
-0.00576074
-0.0529197
-0.00884099
-0.0528681
-0.0118613
-0.0142501
-0.00664614
-0.00255624
-0.0129521
-0.000192012
-0.018419
0.00150646
-0.0232169
0.00292
-0.0274039
0.00411875
-0.0311313
0.00521046
-0.0345054
0.00629142
-0.0375939
0.00737932
-0.040422
0.00850177
-0.0430198
0.00965014
-0.0454032
0.0108018
-0.0475812
0.0119171
-0.0495572
0.012943
-0.0513271
0.0138164
-0.0528835
0.0144652
-0.0542194
0.0148136
-0.0553292
0.0147906
-0.0562116
0.0143383
-0.0568703
0.0134225
-0.0573135
0.012041
-0.0575545
0.0102241
-0.0576152
0.00803016
-0.0575298
0.00553628
-0.0573457
0.00282719
-0.0571235
-2.0464e-05
-0.0569215
-0.00293688
-0.0568022
-0.00588008
-0.0568124
-0.0088308
-0.0569799
-0.0116937
-0.0139289
-0.00749158
0.00493534
-0.0141497
0.00646607
-0.0199285
0.00728531
-0.0249737
0.00796515
-0.0294023
0.00854738
-0.0333162
0.00912441
-0.0367888
0.00976394
-0.0398987
0.0104892
-0.0426998
0.0113029
-0.0452339
0.0121842
-0.0475298
0.0130976
-0.0496069
0.0139943
-0.0514775
0.0148136
-0.0531465
0.0154854
-0.0546142
0.0159329
-0.0558788
0.0160782
-0.056938
0.0158498
-0.0577909
0.0151913
-0.0584398
0.0140714
-0.0588908
0.012492
-0.0591565
0.0104897
-0.059259
0.00813268
-0.0592344
0.0055117
-0.0591333
0.00272613
-0.0590179
-0.000135845
-0.0589482
-0.00300663
-0.058981
-0.00584732
-0.0591639
-0.00864788
-0.0595218
-0.0113358
-0.013425
-0.0076496
0.0125849
-0.0146783
0.0134948
-0.0207989
0.0134059
-0.0260358
0.013202
-0.0305283
0.0130399
-0.0344142
0.0130103
-0.0378048
0.0131545
-0.0407964
0.0134809
-0.0434625
0.013969
-0.0458556
0.0145773
-0.0480127
0.0152548
-0.0499606
0.0159422
-0.051718
0.016571
-0.0532957
0.0170631
-0.0546985
0.0173357
-0.0559266
0.0173063
-0.0569776
0.0169008
-0.0578481
0.0160618
-0.0585354
0.0147587
-0.0590402
0.0129968
-0.0593709
0.0108204
-0.0595475
0.00830928
-0.0596054
0.00556959
-0.0595977
0.00271842
-0.0595882
-0.000145336
-0.0596387
-0.00295614
-0.0598056
-0.00568042
-0.0601415
-0.00831198
-0.0606707
-0.0108065
-0.0127512
-0.00804225
0.0206272
-0.0154038
0.0208564
-0.0215971
0.0195991
-0.0267165
0.0183214
-0.0309906
0.017314
-0.0346131
0.0166328
-0.0377277
0.0162691
-0.0404514
0.0162046
-0.0428711
0.0163887
-0.0450436
0.0167498
-0.0470077
0.0172188
-0.0487933
0.0177279
-0.0504234
0.0182011
-0.0519125
0.0185522
-0.0532671
0.0186903
-0.0544876
0.0185268
-0.055569
0.0179823
-0.0565026
0.0169954
-0.0572776
0.0155337
-0.0578856
0.0136047
-0.0583266
0.0112614
-0.0586146
0.00859729
-0.0587814
0.00573637
-0.0588809
0.00281795
-0.0589799
-4.63934e-05
-0.0591425
-0.00279348
-0.0594273
-0.00539564
-0.0598972
-0.00784205
-0.0605849
-0.0101189
-0.0119081
-0.00885874
0.0294859
-0.0166143
0.0286119
-0.0226059
0.0255908
-0.0272181
0.0229336
-0.030938
0.0210339
-0.0340392
0.019734
-0.0366725
0.0189024
-0.0389702
0.0185023
-0.0410293
0.0184479
-0.0428991
0.0186196
-0.0446103
0.01893
-0.0461925
0.0193101
-0.0476719
0.0196804
-0.0490653
0.0199456
-0.0503801
0.0200051
-0.0516156
0.0197623
-0.0527637
0.0191304
-0.0538088
0.0180405
-0.054729
0.0164539
-0.0555019
0.0143777
-0.0561138
0.0118733
-0.0565666
0.00905007
-0.0568843
0.00605405
-0.0571161
0.00304971
-0.0573337
0.000171245
-0.0576053
-0.00252189
-0.0579917
-0.00500922
-0.0585734
-0.0072603
-0.0594087
-0.00928363
-0.0108915
-0.0104099
0.0398958
-0.018829
0.037031
-0.0241782
0.03094
-0.027689
0.0264444
-0.0304436
0.0237885
-0.0327615
0.0220519
-0.0347033
0.0208442
-0.0364098
0.0202088
-0.0379971
0.0200351
-0.0394836
0.0201061
-0.0408759
0.0203223
-0.0422017
0.020636
-0.0434931
0.0209718
-0.0447696
0.0212222
-0.0460391
0.0212746
-0.047301
0.0210242
-0.0485458
0.0203752
-0.0497519
0.0192465
-0.0508848
0.0175868
-0.0519033
0.0153962
-0.0527714
0.0127414
-0.0534707
0.00974938
-0.0540058
0.00658916
-0.0544179
0.00346175
-0.054781
0.000534368
-0.0551683
-0.00213463
-0.0556406
-0.00453689
-0.0563035
-0.0065974
-0.0572716
-0.00831553
-0.00969774
-0.0134858
0.0533817
-0.0230243
0.0465695
-0.0268592
0.0347749
-0.0281587
0.0277439
-0.0294452
0.025075
-0.0307922
0.0233989
-0.0318449
0.0218969
-0.0327816
0.0211455
-0.0338036
0.0210571
-0.0348391
0.0211416
-0.0358394
0.0213225
-0.0368379
0.0216346
-0.0378827
0.0220165
-0.0389969
0.0223364
-0.0401877
0.0224654
-0.0414581
0.0222947
-0.0428041
0.0217212
-0.0442045
0.020647
-0.0456166
0.0189989
-0.0469783
0.0167579
-0.0482227
0.0139858
-0.0492965
0.0108232
-0.0501668
0.00745939
-0.0508496
0.00414456
-0.0514202
0.00110499
-0.0519545
-0.00160038
-0.0525053
-0.00398609
-0.0532078
-0.00589488
-0.0542808
-0.00724251
-0.0083171
0.207446
0.00577493
0.207032
0.0112027
0.206427
0.0163887
0.205639
0.0214162
0.204676
0.0263502
0.203544
0.0312449
0.20225
0.0361479
0.200799
0.0411012
0.199197
0.0461417
0.197449
0.0513025
0.195562
0.0566141
0.19354
0.0621045
0.191389
0.0678014
0.189115
0.0737318
0.186721
0.0799245
0.184213
0.0864105
0.181592
0.0932256
0.178862
0.100413
0.176023
0.108025
0.173072
0.116132
0.170006
0.124824
0.166822
0.134225
0.163515
0.144506
0.160087
0.155909
0.156566
0.168786
0.153048
0.183664
0.14991
0.201335
0.14885
0.222707
0.160737
0.245233
0.258107
0.23691
0.212489
0.00596829
0.212115
0.0115773
0.211569
0.0169348
0.21086
0.0221253
0.209995
0.0272145
0.208983
0.0322568
0.207831
0.0373
0.206547
0.0423859
0.205137
0.0475513
0.203611
0.0528291
0.201976
0.058249
0.200241
0.0638389
0.198417
0.0696254
0.196514
0.075635
0.194543
0.0818952
0.192518
0.088436
0.190452
0.0952912
0.188364
0.102501
0.186275
0.110115
0.184212
0.118194
0.182218
0.126819
0.180353
0.136091
0.178717
0.146143
0.177482
0.157144
0.176973
0.169295
0.177848
0.182789
0.181531
0.197652
0.190642
0.213596
0.206194
0.229681
0.244947
0.219354
0.217657
0.00613918
0.217326
0.0119081
0.216845
0.017416
0.216222
0.0227483
0.215465
0.0279707
0.214584
0.0331379
0.213587
0.0382972
0.212483
0.0434901
0.211281
0.0487528
0.209993
0.0541174
0.208629
0.0596125
0.207203
0.0652649
0.205729
0.0710997
0.204223
0.0771414
0.202703
0.0834151
0.201191
0.0899477
0.199714
0.0967685
0.198303
0.103911
0.197002
0.111416
0.195865
0.119331
0.194971
0.127713
0.194433
0.136629
0.194421
0.146154
0.195199
0.156366
0.197178
0.167316
0.200967
0.178999
0.207334
0.191284
0.216929
0.204002
0.229443
0.217167
0.228199
0.246191
0.22295
0.00628558
0.222667
0.0121912
0.222256
0.0178267
0.221727
0.0232779
0.221087
0.0286102
0.220347
0.033878
0.219517
0.039128
0.218606
0.0444009
0.217627
0.0497318
0.216592
0.0551517
0.215517
0.0606877
0.214418
0.0663645
0.213313
0.072205
0.212223
0.0782308
0.211175
0.0844636
0.210197
0.0909249
0.209328
0.097638
0.208612
0.104628
0.208107
0.111921
0.20789
0.119548
0.208064
0.127539
0.208767
0.135925
0.210194
0.144728
0.212605
0.153954
0.216346
0.163575
0.221832
0.173513
0.229507
0.18361
0.239929
0.19358
0.254003
0.203093
0.209892
0.27231
0.228373
0.00640563
0.228141
0.012423
0.227806
0.0181618
0.227377
0.0237074
0.226862
0.0291249
0.226272
0.0344677
0.225619
0.0397817
0.224913
0.0451064
0.224169
0.0504757
0.223403
0.0559185
0.22263
0.0614602
0.221872
0.067123
0.22115
0.0729267
0.220491
0.0788894
0.219927
0.0850279
0.219494
0.091358
0.219237
0.097895
0.219211
0.104653
0.219486
0.111646
0.220149
0.118885
0.221313
0.126376
0.223121
0.134117
0.225757
0.142092
0.229451
0.15026
0.234479
0.158547
0.241167
0.166825
0.249887
0.17489
0.261079
0.182388
0.275207
0.188965
0.193538
0.291562
0.233928
0.00649765
0.233751
0.0126002
0.233497
0.0184165
0.233173
0.0240309
0.23279
0.0295075
0.232359
0.0348988
0.231892
0.0402493
0.231401
0.0455969
0.230903
0.0509738
0.230415
0.0564069
0.229956
0.0619192
0.229549
0.06753
0.22922
0.0732556
0.228999
0.0791099
0.228923
0.0851043
0.229033
0.0912483
0.229379
0.0975486
0.230023
0.104009
0.231038
0.110631
0.232516
0.117407
0.234566
0.124325
0.237325
0.131358
0.240955
0.138462
0.245646
0.145569
0.251616
0.152577
0.259104
0.159337
0.268347
0.165646
0.27952
0.171215
0.292709
0.175775
0.178817
0.307429
0.239619
0.00656012
0.239499
0.01272
0.239329
0.0185867
0.239117
0.0242431
0.238872
0.029752
0.238607
0.0351643
0.238333
0.040523
0.238065
0.0458643
0.237821
0.0512181
0.237619
0.0566092
0.23748
0.0620577
0.237431
0.0675798
0.237498
0.0731881
0.237716
0.0788919
0.238123
0.0846974
0.238764
0.0906073
0.239692
0.0966206
0.240969
0.102732
0.24267
0.10893
0.244882
0.115196
0.247706
0.121501
0.251261
0.127803
0.255681
0.134042
0.261115
0.140136
0.267716
0.145976
0.275631
0.151422
0.284978
0.1563
0.295797
0.160396
0.308075
0.163498
0.165343
0.321549
0.245447
0.00659177
0.245388
0.0127799
0.245305
0.018669
0.245209
0.0243397
0.245107
0.0298533
0.245013
0.0352587
0.244939
0.0405972
0.2449
0.0459028
0.244915
0.0512033
0.245004
0.0565207
0.245189
0.0618725
0.245497
0.0672714
0.245959
0.0727263
0.246609
0.078242
0.247487
0.0838196
0.248638
0.0894559
0.250116
0.0951428
0.251981
0.100867
0.254302
0.106609
0.257159
0.112339
0.26064
0.11802
0.264842
0.1236
0.26987
0.129014
0.275827
0.134179
0.282813
0.138991
0.290906
0.143329
0.300151
0.147054
0.310537
0.150011
0.321993
0.152042
0.153018
0.334317
0.251417
0.00659158
0.251419
0.0127779
0.251428
0.0186605
0.25145
0.0243173
0.251496
0.0298075
0.251577
0.0351781
0.251706
0.040468
0.2519
0.0457091
0.252176
0.0509267
0.252556
0.0561404
0.253064
0.0613645
0.253727
0.0666085
0.254576
0.0718778
0.255645
0.077173
0.256974
0.0824907
0.258607
0.0878224
0.260595
0.0931548
0.262994
0.0984683
0.265866
0.103737
0.269278
0.108927
0.273303
0.113994
0.278017
0.118886
0.283494
0.123537
0.289802
0.12787
0.296997
0.131796
0.305112
0.135214
0.314147
0.138019
0.324056
0.140102
0.334741
0.141357
0.141729
0.34603
0.257532
0.00655878
0.257597
0.0127126
0.257698
0.0185592
0.257842
0.0241736
0.258037
0.0296122
0.258295
0.03492
0.25863
0.0401335
0.259057
0.0452822
0.259595
0.0503888
0.260265
0.0554704
0.261091
0.0605384
0.2621
0.0655993
0.263322
0.0706552
0.264792
0.0757032
0.266547
0.0807359
0.268629
0.085741
0.271082
0.0907011
0.273958
0.0955929
0.277308
0.100387
0.281188
0.105047
0.285654
0.109528
0.290761
0.113779
0.296558
0.117741
0.303084
0.121345
0.310362
0.124517
0.318395
0.127181
0.327155
0.129259
0.336578
0.130679
0.34656
0.131375
0.131329
0.35696
0.263793
0.00649288
0.263923
0.0125832
0.264118
0.0183641
0.264384
0.0239072
0.26473
0.0292664
0.265166
0.0344839
0.265706
0.0395939
0.266365
0.0446234
0.267161
0.0495927
0.268115
0.0545161
0.269251
0.0594026
0.270594
0.064256
0.272174
0.0690754
0.274022
0.0738551
0.276173
0.0785849
0.278664
0.0832498
0.281536
0.0878296
0.28483
0.0922993
0.288588
0.0966281
0.292855
0.10078
0.29767
0.104713
0.303069
0.10838
0.309081
0.111728
0.315724
0.114703
0.322996
0.117244
0.330882
0.119296
0.339336
0.120805
0.348291
0.121724
0.357649
0.122018
0.121686
0.367291
0.270206
0.00639369
0.2704
0.0123892
0.27069
0.0180747
0.271079
0.0235182
0.271575
0.0287703
0.272188
0.0338709
0.27293
0.0388514
0.273817
0.0437364
0.274866
0.0485439
0.276096
0.0532859
0.27753
0.0579688
0.279192
0.0625941
0.281108
0.0671588
0.283309
0.0716551
0.285823
0.0760706
0.288684
0.0803888
0.291925
0.0845887
0.295579
0.0886446
0.299681
0.0925267
0.30426
0.0962011
0.309343
0.0996298
0.314951
0.102772
0.321097
0.105583
0.32778
0.10802
0.334986
0.110038
0.342685
0.111597
0.350829
0.112661
0.359347
0.113205
0.368153
0.113211
0.112691
0.377148
0.276773
0.0062613
0.277032
0.0121308
0.277415
0.0176916
0.277926
0.0230073
0.27857
0.0281256
0.279358
0.0330835
0.280299
0.03791
0.281408
0.0426272
0.282701
0.0472508
0.284196
0.0517906
0.285914
0.0562512
0.287876
0.0606321
0.290106
0.0649286
0.29263
0.0691314
0.295473
0.0732274
0.298663
0.0771992
0.302226
0.081026
0.306187
0.0846833
0.31057
0.0881432
0.315396
0.0913752
0.32068
0.0943464
0.326429
0.0970225
0.332643
0.0993686
0.339312
0.101351
0.346412
0.102938
0.353907
0.104102
0.361745
0.104823
0.369862
0.105088
0.378183
0.104891
0.104251
0.386623
0.283498
0.00609607
0.28382
0.0118089
0.284295
0.017216
0.284926
0.0223766
0.285716
0.0273353
0.286674
0.0321261
0.287808
0.0367756
0.289132
0.0413035
0.290659
0.0457235
0.292407
0.0500435
0.294391
0.0542663
0.296633
0.0583903
0.299152
0.0624094
0.30197
0.0663139
0.305107
0.0700901
0.308585
0.0737212
0.312424
0.0771872
0.316642
0.0804657
0.321253
0.0835319
0.326269
0.0863591
0.331695
0.0889201
0.337531
0.0911871
0.343766
0.0931335
0.350382
0.0947346
0.357351
0.0959689
0.364634
0.0968198
0.37218
0.0972764
0.379933
0.097335
0.387826
0.0969989
0.0962884
0.395788
0.290384
0.00589861
0.290768
0.0114247
0.291334
0.0166498
0.292082
0.021629
0.293014
0.0264033
0.294136
0.0310041
0.295456
0.0354553
0.296985
0.0397747
0.298735
0.0439738
0.300719
0.0480591
0.302953
0.0520322
0.305453
0.0558904
0.308235
0.0596271
0.311317
0.0632324
0.314714
0.066693
0.318442
0.0699932
0.322514
0.0731147
0.326942
0.0760376
0.331734
0.0787404
0.336892
0.0812011
0.342414
0.0833975
0.348293
0.0853083
0.354513
0.0869139
0.36105
0.0881973
0.367874
0.089145
0.374946
0.0897482
0.382219
0.0900033
0.389641
0.0899126
0.397156
0.0894841
0.0887388
0.404706
0.297435
0.00566978
0.29788
0.0109799
0.298534
0.0159958
0.299394
0.0207682
0.300463
0.0253348
0.301743
0.0297241
0.30324
0.0339577
0.304964
0.0380513
0.306923
0.0420149
0.309128
0.0458535
0.311593
0.0495679
0.314328
0.0531548
0.317348
0.0566074
0.320664
0.0599163
0.324288
0.063069
0.32823
0.0660513
0.332498
0.0688471
0.337096
0.0714392
0.342026
0.0738099
0.347286
0.0759412
0.352868
0.0778162
0.358757
0.0794189
0.364935
0.0807358
0.371376
0.0817561
0.378049
0.0824724
0.384916
0.0828815
0.391934
0.0829848
0.399058
0.0827884
0.406239
0.0823031
0.0815492
0.413429
0.304654
0.00541061
0.305158
0.0104764
0.305896
0.0152571
0.306866
0.0197987
0.308065
0.0241356
0.309496
0.0282937
0.311161
0.0322922
0.313067
0.036145
0.315221
0.0398607
0.317632
0.0434432
0.320307
0.0468927
0.323256
0.0502056
0.326488
0.0533755
0.330011
0.0563935
0.333831
0.0592486
0.337954
0.0619283
0.342383
0.0644187
0.347116
0.0667057
0.352151
0.0687748
0.35748
0.0706124
0.363091
0.0722056
0.368966
0.0735435
0.375085
0.0746173
0.38142
0.0754209
0.387941
0.0759516
0.394612
0.0762102
0.401396
0.0762012
0.408251
0.0759331
0.415136
0.0754178
0.0746745
0.422011
0.312047
0.00512231
0.312606
0.00991681
0.313426
0.0144372
0.314499
0.0187254
0.315823
0.0228122
0.317395
0.026721
0.319219
0.0304689
0.321296
0.0340679
0.323631
0.0375255
0.326229
0.0408449
0.329096
0.0440256
0.332238
0.0470644
0.335658
0.0499552
0.339361
0.0526903
0.34335
0.0552598
0.347625
0.0576533
0.352184
0.0598593
0.357024
0.0618665
0.362135
0.0636636
0.367507
0.0652405
0.373124
0.0665881
0.378968
0.0676994
0.385016
0.0685694
0.391241
0.0691958
0.397614
0.069579
0.404101
0.0697225
0.41067
0.0696328
0.417283
0.0693196
0.423906
0.0687949
0.0680765
0.430504
0.319616
0.00480618
0.320229
0.00930356
0.321126
0.0135402
0.322298
0.0175536
0.323738
0.0213715
0.325445
0.0250146
0.327416
0.028498
0.329651
0.0318322
0.332153
0.0350236
0.334924
0.0380747
0.337964
0.040985
0.341277
0.0437515
0.344863
0.0463688
0.348724
0.04883
0.352856
0.0511273
0.357258
0.0532517
0.361923
0.0551942
0.366844
0.0569459
0.372008
0.0584987
0.377404
0.0598452
0.383012
0.0609797
0.388814
0.061898
0.394785
0.0625982
0.4009
0.0630806
0.407131
0.0633478
0.413449
0.0634051
0.419821
0.06326
0.426219
0.0629224
0.432609
0.0624042
0.0617215
0.438964
0.327366
0.00446357
0.32803
0.00863935
0.329
0.01257
0.330265
0.0162888
0.331816
0.0198204
0.333648
0.023183
0.335756
0.0263899
0.338138
0.02945
0.340793
0.0323688
0.343719
0.0351483
0.346916
0.0377882
0.350382
0.0402855
0.354115
0.0426359
0.358111
0.0448337
0.362366
0.0468722
0.366873
0.0487446
0.371624
0.0504438
0.376606
0.0519633
0.381808
0.0532972
0.387212
0.0544407
0.392801
0.0553907
0.398554
0.0561454
0.404447
0.0567048
0.410457
0.0570712
0.416556
0.0572486
0.422718
0.0572432
0.428915
0.057063
0.435119
0.0567176
0.441305
0.0562183
0.0555796
0.447447
0.335302
0.00409582
0.336014
0.00792681
0.337054
0.0115306
0.338406
0.0149364
0.34006
0.018166
0.342009
0.0212349
0.344244
0.0241545
0.346761
0.0269327
0.349556
0.029574
0.352624
0.0320801
0.355962
0.0344506
0.359564
0.0366832
0.363426
0.0387742
0.367541
0.040719
0.3719
0.0425125
0.376496
0.0441493
0.381315
0.0456243
0.386346
0.0469328
0.391572
0.048071
0.396977
0.0490361
0.40254
0.0498268
0.408243
0.0504431
0.414061
0.0508865
0.419972
0.0511604
0.425951
0.0512697
0.431973
0.0512209
0.438014
0.0510219
0.44405
0.0506819
0.450057
0.0502113
0.0496227
0.456014
0.343427
0.00370417
0.344186
0.0071684
0.345291
0.0104257
0.346725
0.0135016
0.348477
0.0164147
0.350534
0.019178
0.352887
0.0218013
0.355528
0.0242911
0.358451
0.0266511
0.361649
0.0288829
0.365113
0.0309861
0.368837
0.0329588
0.372814
0.0347981
0.377032
0.0365006
0.381482
0.0380621
0.386153
0.0394789
0.39103
0.0407472
0.396098
0.0418642
0.401342
0.0428274
0.406742
0.0436357
0.41228
0.044289
0.417935
0.0447886
0.423684
0.045137
0.429507
0.0453381
0.435379
0.0453972
0.441279
0.0453207
0.447185
0.0451162
0.453075
0.0447922
0.458928
0.0443579
0.0438245
0.464726
0.351748
0.00328965
0.35255
0.00636622
0.353717
0.00925877
0.35523
0.0119892
0.357072
0.0145727
0.35923
0.0170199
0.361692
0.0193388
0.364449
0.0215346
0.367489
0.0236106
0.370804
0.0255679
0.374384
0.0274062
0.378219
0.0291242
0.382297
0.0307195
0.386608
0.0321896
0.391139
0.0335315
0.395875
0.0347425
0.400802
0.0358202
0.405904
0.0367628
0.411162
0.0375693
0.416558
0.0382395
0.422073
0.0387743
0.427686
0.0391756
0.433376
0.0394466
0.439123
0.0395914
0.444905
0.0396151
0.450702
0.0395238
0.456493
0.0393246
0.462261
0.039025
0.467985
0.0386332
0.0381587
0.473651
0.360269
0.00285291
0.361114
0.00552167
0.36234
0.00803236
0.363926
0.0104031
0.365853
0.0126454
0.368106
0.0147672
0.37067
0.0167746
0.373533
0.0186719
0.376682
0.0204616
0.380105
0.0221445
0.383791
0.0237206
0.387726
0.0251887
0.391899
0.0265471
0.396294
0.027794
0.400898
0.0289274
0.405695
0.0299454
0.410669
0.0308465
0.415802
0.03163
0.421076
0.0322955
0.426472
0.0328437
0.43197
0.0332759
0.437551
0.0335946
0.443195
0.0338028
0.448881
0.0339048
0.454591
0.0339053
0.460305
0.0338099
0.466005
0.0336248
0.471673
0.0333566
0.477294
0.0330123
0.0326001
0.482853
0.368995
0.00239386
0.369882
0.00463502
0.371166
0.00674811
0.372823
0.00874674
0.374831
0.0106375
0.377173
0.0124254
0.379832
0.014115
0.382794
0.0157096
0.386045
0.0172111
0.389569
0.0186201
0.393354
0.0199363
0.397383
0.021159
0.401644
0.0222869
0.406119
0.0233188
0.410793
0.0242533
0.415649
0.0250892
0.42067
0.0258259
0.425837
0.026463
0.431131
0.027001
0.436534
0.0274406
0.442026
0.0277836
0.447588
0.0280325
0.453201
0.0281902
0.458846
0.0282604
0.464503
0.0282476
0.470156
0.0281566
0.475789
0.0279926
0.481384
0.0277613
0.486928
0.0274684
0.0271207
0.492407
0.377934
0.00191091
0.378865
0.00370434
0.380206
0.00540672
0.38193
0.00702324
0.384014
0.00855338
0.386439
0.00999967
0.389189
0.0113657
0.392244
0.0126539
0.39559
0.0138653
0.39921
0.0150001
0.403088
0.0160582
0.407208
0.017039
0.411554
0.0179416
0.416107
0.0187652
0.420852
0.0195088
0.425769
0.0201719
0.430841
0.0207541
0.436048
0.0212556
0.441372
0.0216768
0.446794
0.022019
0.452294
0.0222837
0.457853
0.0224732
0.463453
0.0225902
0.469076
0.0226378
0.474704
0.0226198
0.48032
0.0225401
0.48591
0.0224032
0.491458
0.0222134
0.49695
0.0219757
0.0216955
0.502375
0.387094
0.00139887
0.388075
0.00272244
0.389476
0.00400572
0.391267
0.00523292
0.393425
0.00639467
0.395932
0.00749288
0.398767
0.00853056
0.401912
0.00950893
0.405349
0.0104283
0.409061
0.0112886
0.41303
0.0120897
0.417238
0.012831
0.421667
0.0135122
0.4263
0.0141324
0.431117
0.0146913
0.436101
0.0151885
0.441231
0.015624
0.446488
0.0159979
0.451854
0.016311
0.457309
0.0165643
0.462834
0.0167591
0.468409
0.0168973
0.474018
0.0169812
0.479643
0.0170132
0.485267
0.0169962
0.490873
0.0169333
0.496449
0.0168278
0.501979
0.016683
0.507452
0.0165025
0.0162902
0.512858
0.396487
0.000844696
0.397526
0.00168382
0.398982
0.00254938
0.400835
0.00337972
0.403065
0.00416442
0.40565
0.00490801
0.408568
0.0056123
0.4118
0.00627699
0.415327
0.00690167
0.41913
0.00748613
0.423189
0.00803012
0.427487
0.00853329
0.432004
0.00899524
0.436721
0.00941556
0.441618
0.00979395
0.446676
0.0101303
0.451876
0.0104245
0.457197
0.010677
0.462619
0.0108882
0.468125
0.0110588
0.473694
0.0111901
0.479308
0.0112831
0.48495
0.0113396
0.490602
0.0113613
0.496248
0.0113502
0.501872
0.0113085
0.507462
0.0112384
0.513002
0.0111423
0.518482
0.0110227
0.0108828
0.52389
0.406196
0.00015843
0.407299
0.000581429
0.408806
0.00104189
0.410719
0.00146709
0.413014
0.00186916
0.415669
0.0022536
0.418661
0.00261969
0.421972
0.00296614
0.425581
0.00329235
0.429469
0.00359805
0.433617
0.00388301
0.438003
0.00414693
0.442609
0.00438955
0.447414
0.0046106
0.452398
0.00480992
0.457541
0.0049874
0.462822
0.00514306
0.468222
0.00527706
0.47372
0.00538967
0.479298
0.00548133
0.484935
0.00555259
0.490614
0.00560416
0.496317
0.00563687
0.502027
0.00565167
0.507727
0.0056496
0.513404
0.00563178
0.519043
0.00559939
0.524632
0.00555366
0.530159
0.00549579
0.00542763
0.535614
0.415478
0.416059
0.417101
0.418568
0.420437
0.422691
0.425311
0.428277
0.431569
0.435167
0.43905
0.443197
0.447587
0.452197
0.457007
0.461995
0.467138
0.472415
0.477804
0.483286
0.488838
0.494442
0.500079
0.505731
0.511381
0.517012
0.522612
0.528165
0.533661
0.539089
0.12989
0.107021
0.0414539
0.0884356
0.0575427
-0.0160888
0.210622
0.115753
0.193908
0.10515
0.0895155
0.161935
0.25176
0.110184
0.250859
0.106051
0.0991421
0.241232
0.27918
0.103313
0.282911
0.10232
0.0996244
0.282429
0.298878
0.0959973
0.304932
0.0962661
0.0955452
0.309011
0.314687
0.0887396
0.321545
0.0894072
0.0895382
0.327553
0.32833
0.0819585
0.335066
0.0826717
0.0830892
0.341515
0.340519
0.075756
0.346797
0.0763941
0.076851
0.353035
0.3517
0.0700863
0.357465
0.0706286
0.071045
0.363271
0.362167
0.0648793
0.367458
0.0653372
0.0656998
0.372804
0.372103
0.0600679
0.376982
0.0604578
0.060772
0.38191
0.381623
0.0555927
0.386153
0.055928
0.0562021
0.390723
0.390812
0.0514031
0.395046
0.0516943
0.0519352
0.399313
0.399734
0.0474574
0.403716
0.0477122
0.0479254
0.407726
0.408441
0.0437218
0.412207
0.0439459
0.0441353
0.415998
0.416982
0.0401682
0.420562
0.040366
0.0405347
0.424163
0.425406
0.0367733
0.428824
0.0369482
0.0370985
0.43226
0.43376
0.0335175
0.437036
0.033672
0.0338057
0.440329
0.442098
0.0303835
0.44525
0.0305198
0.0306385
0.448418
0.450475
0.027356
0.453519
0.0274758
0.0275808
0.456576
0.458949
0.0244211
0.461899
0.0245258
0.024618
0.464862
0.467582
0.0215652
0.470452
0.0216561
0.0217364
0.473334
0.47644
0.0187757
0.479243
0.0188536
0.0189227
0.482057
0.485589
0.0160392
0.488338
0.0161049
0.0161633
0.491098
0.495103
0.0133431
0.497811
0.0133972
0.0134455
0.500529
0.505046
0.0106725
0.507728
0.0107153
0.0107535
0.51042
0.515515
0.00801519
0.518183
0.00804728
0.00807618
0.52086
0.526553
0.00535144
0.529228
0.00537253
0.00539091
0.531913
0.538292
0.00267301
0.540982
0.00268244
0.00269129
0.543682
0.541762
0.544444
0.547136
-0.0298129
0.0671059
-0.0348199
0.0515764
-0.0338929
0.0338479
-0.0293711
0.0232221
-0.0284341
0.024138
-0.0290248
0.0239896
-0.0290138
0.0218859
-0.0288927
0.0210243
-0.0293069
0.0214713
-0.0298648
0.0216995
-0.030391
0.0218487
-0.0309697
0.0222132
-0.0316961
0.0227429
-0.032594
0.0232343
-0.0336639
0.0235352
-0.0349204
0.0235512
-0.0363823
0.023183
-0.0380499
0.0223146
-0.0398886
0.0208376
-0.0418198
0.0186891
-0.043724
0.0158899
-0.0454707
0.01257
-0.0469434
0.00893201
-0.0480998
0.00530103
-0.0490433
0.00204846
-0.0498444
-0.00079925
-0.0505244
-0.00330614
-0.0512535
-0.00516572
-0.052438
-0.00605806
-0.00662401
0.0985087
0.130532
0.0527771
0.0973081
0.0148166
0.0718084
-0.0119177
0.0499564
-0.023932
0.0361523
-0.0264849
0.0265426
-0.0247831
0.0201841
-0.0226658
0.0189071
-0.0226173
0.0214228
-0.0227575
0.0218397
-0.0226436
0.0217348
-0.0226007
0.0221703
-0.0228495
0.0229918
-0.0233781
0.0237629
-0.0241466
0.0243037
-0.0251843
0.0245889
-0.0265515
0.0245502
-0.0282977
0.0240608
-0.0304374
0.0229774
-0.0329316
0.0211833
-0.0356459
0.0186042
-0.0383564
0.0152804
-0.0407901
0.0113658
-0.0427361
0.00724698
-0.0443408
0.00365321
-0.0456059
0.000465847
-0.0465214
-0.00239068
-0.047269
-0.00441806
-0.0485103
-0.0048168
-0.00454268
0.204456
0.167308
0.164801
0.136963
0.125838
0.110771
0.0878717
0.0879227
0.0545747
0.0694493
0.0266125
0.0545047
0.00455675
0.0422399
-0.00893088
0.0323947
-0.0137771
0.026269
-0.0142322
0.0222948
-0.0131586
0.0206612
-0.0122056
0.0212174
-0.0118785
0.0226647
-0.0119447
0.023829
-0.0122325
0.0245915
-0.0127931
0.0251495
-0.013736
0.0254931
-0.0151448
0.0254696
-0.0170711
0.0249038
-0.0195878
0.0236999
-0.0227439
0.0217604
-0.0265305
0.019067
-0.0305973
0.0154325
-0.0341143
0.010764
-0.0368653
0.00640419
-0.0389116
0.0025122
-0.0403166
-0.00098572
-0.0411593
-0.00357541
-0.0424082
-0.00356782
-0.0018571
0.267525
0.182212
0.24354
0.160948
0.214815
0.139496
0.183463
0.119275
0.15192
0.100992
0.121592
0.0848328
0.0931164
0.0707153
0.0669657
0.0585455
0.0447185
0.0485162
0.0268112
0.040202
0.0138799
0.0335926
0.00623791
0.0288593
0.00289479
0.0260078
0.00196935
0.0247545
0.00190211
0.0246587
0.00185183
0.0251998
0.00147285
0.025872
0.000633748
0.0263087
-0.000721355
0.0262589
-0.00255433
0.0255329
-0.00490564
0.0241117
-0.00777507
0.0219365
-0.0114444
0.0191019
-0.0168733
0.0161929
-0.0228284
0.0123593
-0.0272508
0.00693458
-0.0297532
0.00151672
-0.0309177
-0.00241093
-0.0323782
-0.0021073
0.00135515
0.307253
0.18397
0.296721
0.171479
0.279773
0.156444
0.258403
0.140646
0.234353
0.125042
0.208954
0.110231
0.183127
0.0965429
0.157553
0.0841192
0.133035
0.0730339
0.109997
0.06324
0.0888608
0.0547292
0.0701976
0.0475225
0.0545937
0.0416118
0.0423906
0.0369575
0.033535
0.0335143
0.0275481
0.0311867
0.0236408
0.0297794
0.0209786
0.0289709
0.0188987
0.0283388
0.016957
0.0274746
0.0149321
0.0261366
0.0126657
0.0242028
0.0100911
0.0216766
0.00757429
0.0187097
0.00484496
0.0150886
0.000560303
0.0112192
-0.00593496
0.00801198
-0.0131374
0.00479153
-0.0174342
0.00218952
0.00420677
0.333463
0.17806
0.332543
0.172399
0.325572
0.163415
0.31371
0.152507
0.298123
0.14063
0.279874
0.12848
0.259863
0.116554
0.238819
0.105163
0.217349
0.0945039
0.195908
0.0846807
0.174886
0.0757516
0.154658
0.0677502
0.135587
0.0606832
0.118007
0.0545375
0.102227
0.0492939
0.0884944
0.0449196
0.0769243
0.0413494
0.067437
0.0384582
0.0597326
0.0360432
0.053359
0.0338482
0.0478714
0.0316241
0.0429392
0.0291351
0.0384354
0.0261804
0.0344858
0.0226593
0.0310636
0.0185107
0.0282532
0.0140297
0.026334
0.00993117
0.0243205
0.00680503
0.0211838
0.00532623
0.00782217
0.351289
0.168286
0.356505
0.167183
0.356936
0.162984
0.352941
0.156503
0.345119
0.148451
0.334163
0.139437
0.320758
0.129958
0.305526
0.120395
0.289005
0.111024
0.271652
0.102033
0.253855
0.0935489
0.23595
0.0856557
0.218231
0.0784019
0.200964
0.0718042
0.184399
0.065859
0.168772
0.0605465
0.154297
0.055825
0.141135
0.0516202
0.129359
0.0478187
0.118931
0.044276
0.109723
0.0408327
0.101539
0.0373187
0.0941427
0.0335768
0.0872939
0.0295081
0.0807241
0.0250805
0.0743195
0.0204343
0.0683307
0.01592
0.0631519
0.0119839
0.0588211
0.00965706
0.0115942
0.364222
0.157099
0.372804
0.1586
0.378103
0.157686
0.379938
0.154667
0.378436
0.149954
0.373907
0.143966
0.366762
0.137104
0.357441
0.129716
0.346376
0.122089
0.333965
0.114445
0.320563
0.106951
0.306489
0.0997301
0.292023
0.0928677
0.277415
0.0864123
0.26289
0.0803842
0.248655
0.0747812
0.234903
0.0695769
0.221804
0.0647191
0.209493
0.0601302
0.198054
0.055715
0.187516
0.05137
0.177844
0.0469907
0.168932
0.0424891
0.160617
0.0378235
0.152671
0.0330258
0.144848
0.0282574
0.136937
0.0238316
0.128736
0.0201846
0.12034
0.0180528
0.0189077
0.374541
0.145829
0.38456
0.148582
0.392612
0.149634
0.398278
0.149001
0.40138
0.146852
0.401931
0.143415
0.400085
0.13895
0.396081
0.13372
0.390203
0.127967
0.382746
0.121901
0.374001
0.115695
0.364243
0.109488
0.353727
0.103384
0.342685
0.0974542
0.331328
0.0917408
0.319849
0.0862602
0.308422
0.0810043
0.2972
0.075941
0.286311
0.0710191
0.275851
0.0661751
0.265877
0.0613439
0.256399
0.0564687
0.24737
0.0515178
0.238686
0.0465077
0.230184
0.0415277
0.221673
0.0367687
0.212968
0.0325362
0.203912
0.0292413
0.194542
0.0274228
0.0276976
0.383568
0.135065
0.393871
0.138279
0.403157
0.140348
0.410985
0.141173
0.417056
0.14078
0.421211
0.139259
0.423416
0.136745
0.423735
0.133401
0.422304
0.129399
0.419299
0.124906
0.414919
0.120075
0.409375
0.115033
0.402872
0.109887
0.395608
0.104718
0.38777
0.0995789
0.379528
0.0945023
0.371036
0.0894962
0.362429
0.0845487
0.353815
0.0796323
0.345279
0.0747116
0.336869
0.0697534
0.328599
0.064739
0.320438
0.059679
0.312313
0.0546324
0.304117
0.0497239
0.295726
0.0451592
0.287036
0.0412269
0.277999
0.0382785
0.268744
0.0366775
0.0366442
0.391988
0.124987
0.402002
0.128264
0.411582
0.130768
0.420376
0.132379
0.42809
0.133066
0.434505
0.132844
0.439489
0.131761
0.442989
0.1299
0.445023
0.127366
0.445658
0.124271
0.445004
0.120729
0.44319
0.116847
0.440361
0.112716
0.436667
0.108412
0.432254
0.103992
0.42726
0.0994963
0.421811
0.0949442
0.416019
0.0903408
0.409972
0.0856794
0.403735
0.0809488
0.397345
0.0761433
0.39081
0.0712741
0.384107
0.0663825
0.377185
0.0615543
0.369977
0.0569317
0.362417
0.0527195
0.354466
0.0491778
0.346153
0.0465914
0.337631
0.0451995
0.0450426
0.400119
0.11559
0.409627
0.118757
0.419015
0.12138
0.428038
0.123356
0.436462
0.124642
0.444084
0.125221
0.450748
0.125098
0.456345
0.124303
0.460822
0.122889
0.46417
0.120923
0.46642
0.118479
0.467633
0.115634
0.467889
0.112459
0.467284
0.109017
0.465918
0.105359
0.463889
0.101525
0.46129
0.0975425
0.458204
0.0934269
0.454696
0.0891876
0.450812
0.0848327
0.446578
0.0803779
0.441995
0.0758563
0.437048
0.0713298
0.431704
0.0668987
0.425925
0.0627102
0.419687
0.0589579
0.412995
0.0558697
0.405912
0.0536741
0.398578
0.0525342
0.0524142
0.408099
0.106804
0.417062
0.109794
0.426059
0.112384
0.434926
0.114489
0.443496
0.116072
0.451613
0.117105
0.459133
0.117578
0.465943
0.117493
0.471961
0.116871
0.477136
0.115747
0.48145
0.114165
0.484911
0.112174
0.487548
0.109822
0.489406
0.107158
0.490541
0.104224
0.491013
0.101054
0.490879
0.0976764
0.490192
0.0941144
0.488992
0.0903871
0.487309
0.0865161
0.485155
0.0825317
0.48253
0.0784818
0.47942
0.0744396
0.475807
0.0705115
0.471676
0.0668412
0.467027
0.0636064
0.461892
0.0610054
0.456341
0.0592252
0.450487
0.0583884
0.0584392
0.415983
0.0985468
0.424438
0.10134
0.432995
0.103826
0.441546
0.105939
0.449974
0.107643
0.458166
0.108914
0.466009
0.109735
0.473405
0.110097
0.480271
0.110004
0.486545
0.109473
0.492185
0.108526
0.497167
0.107192
0.501487
0.105502
0.505154
0.103491
0.508187
0.10119
0.510613
0.0986279
0.512458
0.0958313
0.513748
0.0928248
0.514502
0.0896334
0.514731
0.0862866
0.514439
0.0828239
0.51362
0.0793007
0.512264
0.0757953
0.510362
0.0724135
0.507913
0.0692909
0.504931
0.0665885
0.501457
0.0644793
0.497559
0.0631228
0.493323
0.0626245
0.0629407
0.4238
0.0907439
0.431803
0.0933371
0.439939
0.0956899
0.448132
0.097746
0.456299
0.0994758
0.464356
0.100857
0.472221
0.10187
0.479814
0.102503
0.487066
0.102753
0.493916
0.102623
0.500316
0.102126
0.506232
0.101276
0.511639
0.100095
0.516527
0.098604
0.52089
0.096827
0.52473
0.0947875
0.528052
0.0925089
0.530861
0.090016
0.533159
0.087336
0.534943
0.0845024
0.536208
0.0815586
0.536945
0.0785633
0.537146
0.0755945
0.536806
0.0727537
0.535931
0.0701658
0.534544
0.0679758
0.532686
0.066337
0.530418
0.065391
0.527802
0.0652404
0.0658702
0.431574
0.0833332
0.439181
0.0857296
0.446937
0.0879347
0.454782
0.0899008
0.462656
0.0916021
0.470495
0.0930177
0.478236
0.0941288
0.485817
0.0949215
0.493182
0.0953884
0.500277
0.0955279
0.507058
0.0953443
0.513488
0.0948461
0.519538
0.0940456
0.525184
0.0929581
0.53041
0.091601
0.535204
0.0899935
0.539556
0.0881566
0.543458
0.086114
0.5469
0.0838936
0.549873
0.08153
0.552363
0.0790678
0.554362
0.0765651
0.555859
0.0740969
0.556855
0.071758
0.557358
0.0696625
0.557394
0.0679403
0.557002
0.0667291
0.556233
0.0661598
0.555135
0.0663383
0.0672848
0.43933
0.0762629
0.446593
0.0784668
0.45401
0.0805176
0.461536
0.0823744
0.469124
0.0840143
0.476724
0.0854182
0.484284
0.0865681
0.491757
0.0874491
0.499093
0.0880518
0.50625
0.0883714
0.513186
0.0884077
0.519868
0.0881646
0.526264
0.0876496
0.532349
0.0868734
0.5381
0.0858493
0.5435
0.0845935
0.548532
0.0831248
0.55318
0.0814659
0.55743
0.0796441
0.561266
0.0776938
0.564675
0.0756587
0.567646
0.0735946
0.570171
0.0715721
0.57225
0.0696781
0.573897
0.068016
0.575135
0.0667027
0.576
0.0658634
0.576539
0.0656214
0.576789
0.0660877
0.0673165
0.447103
0.0694893
0.454064
0.0715056
0.461183
0.0733989
0.468423
0.0751341
0.475746
0.0766912
0.483112
0.0780527
0.490478
0.0792015
0.497804
0.0801229
0.50505
0.0808063
0.512177
0.0812448
0.519148
0.0814358
0.525933
0.0813798
0.532502
0.0810811
0.538828
0.0805473
0.544888
0.0797889
0.550662
0.0788196
0.556131
0.0776565
0.561275
0.0763211
0.56608
0.0748396
0.570529
0.0732452
0.574607
0.0715797
0.578306
0.0698957
0.58162
0.0682584
0.584551
0.066747
0.587113
0.0654547
0.589328
0.0644872
0.591233
0.0639588
0.592867
0.0639867
0.59427
0.0646855
0.0661366
0.454932
0.0629751
0.461629
0.0648084
0.468485
0.0665429
0.475471
0.0681485
0.482554
0.0696075
0.489702
0.0709046
0.49688
0.0720237
0.504052
0.0729509
0.511183
0.0736751
0.51824
0.0741883
0.525189
0.0744862
0.532002
0.0745673
0.53865
0.0744335
0.545107
0.0740901
0.55135
0.0735454
0.557359
0.0728111
0.563112
0.0719028
0.568593
0.0708401
0.573785
0.069648
0.578672
0.0683579
0.583243
0.067009
0.587489
0.06565
0.591406
0.0643405
0.595001
0.0631523
0.598286
0.0621694
0.601286
0.0614873
0.604034
0.0612106
0.606571
0.0614503
0.608935
0.0623212
0.0639229
0.462864
0.0566871
0.469331
0.058342
0.475956
0.0599174
0.482717
0.0613877
0.489587
0.0627378
0.496537
0.0639539
0.503539
0.0650218
0.510562
0.0659282
0.517575
0.0666623
0.524547
0.067216
0.53145
0.0675837
0.538254
0.0677628
0.544934
0.0677535
0.551465
0.0675592
0.557824
0.0671866
0.56399
0.0666455
0.569943
0.0659497
0.575666
0.0651173
0.581142
0.0641713
0.58636
0.0631407
0.591307
0.0620618
0.595978
0.060979
0.600372
0.0599466
0.604495
0.0590291
0.608362
0.058302
0.611998
0.0578513
0.615436
0.0577725
0.618717
0.0581695
0.621885
0.0591538
0.0608342
0.470953
0.0505953
0.47722
0.0520757
0.483645
0.0534925
0.490209
0.0548238
0.49689
0.0560567
0.503664
0.0571792
0.510507
0.0581788
0.517392
0.0590434
0.524292
0.0597629
0.531178
0.0603292
0.538026
0.0607364
0.544807
0.0609812
0.551498
0.0610628
0.558074
0.0609831
0.564513
0.0607473
0.570795
0.0603636
0.576901
0.0598443
0.582813
0.0592053
0.588516
0.0584675
0.594
0.0576574
0.599254
0.0568078
0.604274
0.0559589
0.609061
0.0551593
0.613623
0.0544669
0.617976
0.0539489
0.622145
0.0536825
0.626163
0.0537542
0.630073
0.0542598
0.633922
0.0553045
0.0569983
0.479258
0.0446712
0.485353
0.0459807
0.491606
0.0472396
0.498
0.0484293
0.504518
0.0495388
0.511139
0.050558
0.517842
0.0514758
0.524604
0.0522816
0.531401
0.0529663
0.538208
0.0535222
0.545
0.0539436
0.551755
0.0542268
0.558447
0.0543702
0.565055
0.054375
0.571558
0.0542451
0.577934
0.0539874
0.584166
0.0536122
0.590238
0.0531336
0.596135
0.0525703
0.601847
0.0519457
0.607365
0.0512892
0.612688
0.0506365
0.617816
0.0500308
0.62276
0.0495233
0.627535
0.0491736
0.632167
0.0490503
0.636691
0.0492308
0.641149
0.0498018
0.645593
0.05086
0.0525108
0.487841
0.0388872
0.493792
0.0400292
0.499901
0.0411309
0.506153
0.042177
0.512534
0.0431584
0.519025
0.0440664
0.525609
0.0448916
0.532266
0.0456249
0.538974
0.0462582
0.545712
0.0467845
0.552457
0.0471985
0.559187
0.0474965
0.565881
0.0476768
0.572516
0.0477397
0.579073
0.0476882
0.585532
0.047528
0.591877
0.0472678
0.59809
0.0469197
0.604161
0.0465
0.610077
0.0460292
0.615834
0.0455329
0.621427
0.0450426
0.626862
0.044596
0.632148
0.0442377
0.637302
0.0440199
0.642349
0.0440027
0.647325
0.0442546
0.652275
0.0448525
0.657252
0.045883
0.0474441
0.496769
0.033216
0.502605
0.0341928
0.508598
0.0351382
0.514735
0.0360393
0.521005
0.0368887
0.527392
0.0376793
0.533881
0.0384032
0.540453
0.0390527
0.54709
0.0396207
0.553774
0.0401013
0.560482
0.0404898
0.567196
0.0407826
0.573895
0.0409779
0.580559
0.0410758
0.587169
0.0410784
0.593707
0.0409903
0.600156
0.0408188
0.606501
0.0405741
0.612731
0.04027
0.618836
0.0399241
0.624811
0.0395584
0.630654
0.0391998
0.636369
0.0388807
0.641967
0.0386394
0.647466
0.0385207
0.652893
0.0385765
0.658281
0.0388658
0.663678
0.0394558
0.669139
0.0404218
0.0418514
0.506115
0.0276297
0.511864
0.0284434
0.51777
0.0292327
0.523822
0.0299875
0.530008
0.0307018
0.536318
0.0313698
0.542736
0.0319852
0.549247
0.0325415
0.555835
0.0330329
0.562482
0.0334544
0.56917
0.0338018
0.57588
0.0340723
0.582594
0.034264
0.589293
0.0343769
0.595959
0.0344123
0.602575
0.0343741
0.609126
0.034268
0.615597
0.0341026
0.621978
0.0338891
0.62826
0.0336423
0.634438
0.0333806
0.640511
0.0331263
0.646486
0.0329065
0.652372
0.0327533
0.658188
0.0327043
0.663962
0.032803
0.669728
0.0330993
0.675534
0.0336499
0.681437
0.0345191
0.0357846
0.51595
0.0220992
0.521643
0.0227507
0.527492
0.0233843
0.533488
0.0239915
0.539622
0.0245679
0.545882
0.025109
0.552258
0.0256097
0.558734
0.026065
0.565297
0.0264703
0.57193
0.0268214
0.578617
0.0271152
0.58534
0.027349
0.592082
0.0275214
0.598827
0.0276322
0.605557
0.0276824
0.612256
0.0276748
0.61891
0.0276141
0.625506
0.0275069
0.632033
0.0273624
0.638483
0.0271922
0.644852
0.0270111
0.651141
0.0268371
0.657356
0.026692
0.663508
0.0266016
0.669616
0.0265963
0.675707
0.0267114
0.681819
0.0269873
0.687999
0.0274704
0.694305
0.0282129
0.0292783
0.526366
0.0165941
0.532032
0.0170842
0.537855
0.0175613
0.543827
0.0180194
0.54994
0.0184553
0.556183
0.0188656
0.562546
0.0192465
0.569017
0.0195943
0.575582
0.0199055
0.582226
0.0201772
0.588935
0.0204066
0.595692
0.0205921
0.602481
0.0207322
0.609286
0.0208269
0.616092
0.0208768
0.622882
0.020884
0.629645
0.020852
0.636366
0.0207856
0.643036
0.0206918
0.649649
0.0205794
0.656201
0.0204595
0.662692
0.0203456
0.66913
0.0202544
0.675526
0.0202054
0.681901
0.0202217
0.688282
0.0203303
0.694707
0.0205623
0.701223
0.0209537
0.70789
0.0215459
0.0223936
0.537427
0.0110809
0.543103
0.0114083
0.548935
0.0117288
0.554918
0.0120364
0.561044
0.0123291
0.567305
0.012605
0.573689
0.0128617
0.580187
0.0130966
0.586785
0.0133074
0.59347
0.013492
0.600228
0.0136488
0.607044
0.0137764
0.613902
0.0138741
0.620787
0.0139416
0.627685
0.0139795
0.63458
0.013989
0.641459
0.0139725
0.648311
0.0139333
0.655127
0.013876
0.6619
0.0138066
0.668627
0.0137325
0.67531
0.0136629
0.681955
0.0136091
0.688576
0.0135844
0.695194
0.0136044
0.701836
0.0136877
0.708542
0.013856
0.715362
0.0141346
0.722355
0.0145526
0.0151483
0.54924
0.00552247
0.554957
0.00569121
0.560833
0.00585281
0.566863
0.00600677
0.573039
0.00615335
0.579352
0.00629164
0.585794
0.0064202
0.592353
0.00653766
0.599017
0.00664287
0.605774
0.00673483
0.61261
0.00681267
0.619511
0.00687573
0.626462
0.00692358
0.633447
0.00695614
0.640453
0.00697365
0.647465
0.00697681
0.654471
0.00696677
0.661459
0.00694527
0.66842
0.00691466
0.675349
0.00687801
0.682242
0.00683917
0.689102
0.0068029
0.695936
0.00677496
0.702758
0.00676226
0.70959
0.00677299
0.716461
0.00681692
0.723411
0.00690588
0.73049
0.00705496
0.737757
0.00728564
0.00764612
0.552658
0.558349
0.564202
0.570209
0.576362
0.582654
0.589074
0.595612
0.602255
0.608989
0.615802
0.622678
0.629601
0.636557
0.643531
0.650508
0.657475
0.66442
0.671335
0.678213
0.685052
0.691855
0.69863
0.705392
0.712165
0.718982
0.725888
0.732943
0.740228
)
;

boundaryField
{
    inlet
    {
        type            calculated;
        value           nonuniform List<scalar> 
45
(
-0.2
-0.2
-0.2
-0.2
-0.2
-0.2
-0.2
-0.2
-0.2
-0.2
-0.2
-0.2
-0.2
-0.2
-0.2
-0.20766
-0.212683
-0.217828
-0.223097
-0.228493
-0.23402
-0.239681
-0.245479
-0.251417
-0.257499
-0.263728
-0.270107
-0.276641
-0.283333
-0.290186
-0.297206
-0.304395
-0.311758
-0.3193
-0.327023
-0.334934
-0.343036
-0.351334
-0.359832
-0.368536
-0.377451
-0.386582
-0.395933
-0.40551
-0.415319
)
;
    }
    outlet
    {
        type            calculated;
        value           nonuniform List<scalar> 
45
(
0.0475908
0.0249466
0.00456599
-0.0134957
-0.0275884
-0.0384707
-0.0467865
-0.0529673
-0.0573011
-0.0600257
-0.0613446
-0.061428
-0.0604253
-0.0584654
-0.0556615
-0.0541311
-0.0505916
-0.0450938
-0.0355905
-0.0202859
0.0175684
0.0550491
0.113027
0.185752
0.259797
0.329233
0.391206
0.444462
0.488821
0.524873
0.55372
0.576758
0.595449
0.611149
0.624973
0.637758
0.650081
0.662318
0.674732
0.687504
0.700811
0.714775
0.7296
0.745259
0.747874
)
;
    }
    flap
    {
        type            calculated;
        value           uniform 0;
    }
    upperWall
    {
        type            calculated;
        value           uniform 0;
    }
    lowerWall
    {
        type            calculated;
        value           uniform 0;
    }
    frontAndBack
    {
        type            empty;
        value           nonuniform 0();
    }
}


// ************************************************************************* //
