/*--------------------------------*- C++ -*----------------------------------*\
  =========                 |
  \\      /  F ield         | OpenFOAM: The Open Source CFD Toolbox
   \\    /   O peration     | Website:  https://openfoam.org
    \\  /    A nd           | Version:  dev
     \\/     M anipulation  |
\*---------------------------------------------------------------------------*/
FoamFile
{
    version     2.0;
    format      ascii;
    class       volVectorField;
    location    "1.6";
    object      U;
}
// * * * * * * * * * * * * * * * * * * * * * * * * * * * * * * * * * * * * * //

dimensions      [0 1 -1 0 0 0 0];

internalField   nonuniform List<vector> 
2790
(
(9.94398 0 0.0205281)
(9.87569 0 0.0295965)
(9.77513 0 0.0360011)
(9.64931 0 0.0425695)
(9.50391 0 0.0493996)
(9.33984 0 0.0564423)
(9.15627 0 0.063829)
(8.95231 0 0.0717231)
(8.72711 0 0.0802646)
(8.4797 0 0.0895804)
(8.20887 0 0.0997976)
(7.91324 0 0.111047)
(7.59127 0 0.123459)
(7.24138 0 0.137162)
(6.86193 0 0.152268)
(6.45142 0 0.168865)
(6.00852 0 0.186993)
(5.53234 0 0.206616)
(5.02264 0 0.22759)
(4.48012 0 0.249614)
(3.90684 0 0.272183)
(3.30652 0 0.294535)
(2.68498 0 0.315629)
(2.05034 0 0.334289)
(1.41158 0 0.350573)
(0.797803 0 0.372729)
(0.110365 0 0.323672)
(-0.465609 0 -0.113127)
(-0.453028 0 -0.29198)
(-0.229459 0 -0.420127)
(9.99849 0 0.0407179)
(9.98142 0 0.0624092)
(9.93567 0 0.0791747)
(9.86404 0 0.0966643)
(9.7708 0 0.115166)
(9.65692 0 0.134529)
(9.52178 0 0.155014)
(9.36454 0 0.176977)
(9.18436 0 0.200736)
(8.98029 0 0.226571)
(8.75113 0 0.254759)
(8.49548 0 0.285568)
(8.21179 0 0.31925)
(7.89842 0 0.356018)
(7.55364 0 0.396012)
(7.1758 0 0.439254)
(6.7634 0 0.485585)
(6.31528 0 0.534584)
(5.83087 0 0.585465)
(5.31048 0 0.636965)
(4.75572 0 0.687221)
(4.16994 0 0.733666)
(3.55877 0 0.772966)
(2.93097 0 0.801082)
(2.2993 0 0.813677)
(1.69212 0 0.807034)
(1.10585 0 0.746579)
(0.6578 0 0.547207)
(0.180887 0 0.221199)
(-0.0074042 0 -0.454307)
(9.99558 0 0.0432321)
(9.97552 0 0.075316)
(9.93173 0 0.103404)
(9.86477 0 0.132437)
(9.7776 0 0.163129)
(9.67132 0 0.195468)
(9.5456 0 0.229807)
(9.39981 0 0.26666)
(9.23329 0 0.306517)
(9.04525 0 0.349843)
(8.83468 0 0.397095)
(8.60039 0 0.448733)
(8.34102 0 0.505192)
(8.05508 0 0.566855)
(7.74096 0 0.633996)
(7.39704 0 0.706714)
(7.02172 0 0.784824)
(6.61357 0 0.86772)
(6.17156 0 0.954204)
(5.69525 0 1.04228)
(5.18521 0 1.12893)
(4.6435 0 1.20985)
(4.07427 0 1.27923)
(3.48476 0 1.3294)
(2.88611 0 1.35012)
(2.29855 0 1.32638)
(1.7306 0 1.22063)
(1.21496 0 0.973281)
(0.699746 0 0.570704)
(0.356055 0 -0.158529)
(9.99402 0 0.0495344)
(9.97177 0 0.0932682)
(9.9278 0 0.133653)
(9.86212 0 0.174302)
(9.77676 0 0.216531)
(9.67275 0 0.260758)
(9.55004 0 0.307521)
(9.40817 0 0.357496)
(9.24666 0 0.411359)
(9.06494 0 0.469757)
(8.86227 0 0.533337)
(8.63776 0 0.602741)
(8.39041 0 0.678593)
(8.11908 0 0.761461)
(7.82257 0 0.851797)
(7.4996 0 0.949847)
(7.14885 0 1.05552)
(6.76907 0 1.16822)
(6.35913 0 1.28661)
(5.91825 0 1.4083)
(5.44618 0 1.52954)
(4.94363 0 1.64479)
(4.41275 0 1.74627)
(3.85778 0 1.82337)
(3.28523 0 1.86151)
(2.7057 0 1.84045)
(2.1248 0 1.72608)
(1.55344 0 1.47805)
(0.957324 0 1.08357)
(0.509469 0 0.500731)
(9.9933 0 0.0572588)
(9.96991 0 0.111039)
(9.92585 0 0.162208)
(9.86133 0 0.213467)
(9.77781 0 0.266483)
(9.67612 0 0.32204)
(9.55626 0 0.380821)
(9.41789 0 0.443594)
(9.2606 0 0.511146)
(9.08393 0 0.584239)
(8.88727 0 0.663634)
(8.66994 0 0.750087)
(8.43114 0 0.844336)
(8.17001 0 0.947066)
(7.88563 0 1.05884)
(7.57705 0 1.18003)
(7.24326 0 1.31064)
(6.88323 0 1.45015)
(6.49594 0 1.59721)
(6.08042 0 1.74934)
(5.63587 0 1.90247)
(5.16184 0 2.05043)
(4.65849 0 2.18434)
(4.1269 0 2.29194)
(3.56905 0 2.35679)
(2.98848 0 2.35753)
(2.38637 0 2.26507)
(1.76595 0 2.0476)
(1.08971 0 1.69079)
(0.53678 0 1.15215)
(9.99301 0 0.0655939)
(9.96919 0 0.128799)
(9.92549 0 0.190241)
(9.8624 0 0.25199)
(9.78111 0 0.315734)
(9.68221 0 0.382474)
(9.56572 0 0.453021)
(9.43138 0 0.528233)
(9.27883 0 0.608992)
(9.10765 0 0.696172)
(8.91733 0 0.79064)
(8.70728 0 0.893256)
(8.47681 0 1.00486)
(8.2252 0 1.12623)
(7.95169 0 1.25804)
(7.65544 0 1.40075)
(7.33561 0 1.55448)
(6.99126 0 1.7188)
(6.62135 0 1.89251)
(6.22472 0 2.07321)
(5.80004 0 2.25688)
(5.34585 0 2.4373)
(4.86055 0 2.60535)
(4.34257 0 2.74843)
(3.79027 0 2.84979)
(3.20245 0 2.88843)
(2.57643 0 2.83833)
(1.91334 0 2.67145)
(1.17271 0 2.37321)
(0.550146 0 1.89235)
(9.99296 0 0.0741403)
(9.96923 0 0.146429)
(9.9263 0 0.217634)
(9.86496 0 0.289466)
(9.78624 0 0.36354)
(9.69061 0 0.441012)
(9.57806 0 0.522836)
(9.44837 0 0.609969)
(9.30126 0 0.703391)
(9.13636 0 0.804072)
(8.95319 0 0.912976)
(8.75123 0 1.03105)
(8.52985 0 1.15923)
(8.28838 0 1.29837)
(8.0261 0 1.44925)
(7.74222 0 1.6124)
(7.43585 0 1.78809)
(7.106 0 1.97607)
(6.75146 0 2.17532)
(6.37072 0 2.38376)
(5.96189 0 2.59772)
(5.52251 0 2.81142)
(5.04947 0 3.01626)
(4.53903 0 3.20014)
(3.98674 0 3.3469)
(3.38803 0 3.43618)
(2.73739 0 3.4434)
(2.03638 0 3.34129)
(1.24189 0 3.11276)
(0.563738 0 2.69118)
(9.99305 0 0.0826636)
(9.96977 0 0.16374)
(9.92799 0 0.244225)
(9.86872 0 0.325681)
(9.79294 0 0.40966)
(9.70102 0 0.497421)
(9.59294 0 0.590044)
(9.46853 0 0.688582)
(9.32757 0 0.7941)
(9.16971 0 0.907658)
(8.99456 0 1.03031)
(8.80161 0 1.16309)
(8.5903 0 1.30702)
(8.35998 0 1.46307)
(8.10993 0 1.63209)
(7.8393 0 1.81478)
(7.54713 0 2.01155)
(7.23223 0 2.22238)
(6.89312 0 2.4466)
(6.52786 0 2.68257)
(6.13388 0 2.92727)
(5.70775 0 3.17573)
(5.24498 0 3.42039)
(4.73991 0 3.6503)
(4.18572 0 3.85039)
(3.57508 0 4.00105)
(2.89988 0 4.07798)
(2.16247 0 4.05219)
(1.31641 0 3.90095)
(0.583489 0 3.53835)
(9.99325 0 0.0910141)
(9.97069 0 0.18056)
(9.93038 0 0.269866)
(9.87349 0 0.36047)
(9.80099 0 0.453891)
(9.71319 0 0.551455)
(9.61008 0 0.654347)
(9.49153 0 0.763711)
(9.35736 0 0.880692)
(9.20729 0 1.00643)
(9.04097 0 1.14207)
(8.85796 0 1.28874)
(8.65773 0 1.44754)
(8.43966 0 1.61957)
(8.20301 0 1.8058)
(7.94691 0 2.0071)
(7.67025 0 2.22411)
(7.37167 0 2.45711)
(7.04936 0 2.70587)
(6.70092 0 2.96938)
(6.3231 0 3.24549)
(5.91153 0 3.53039)
(5.4604 0 3.81798)
(4.9622 0 4.09897)
(4.40776 0 4.35991)
(3.78688 0 4.58219)
(3.08812 0 4.74112)
(2.31326 0 4.80431)
(1.41108 0 4.74047)
(0.614634 0 4.44038)
(9.99352 0 0.0990882)
(9.97187 0 0.196749)
(9.93333 0 0.294418)
(9.87911 0 0.393674)
(9.81022 0 0.49603)
(9.72692 0 0.602866)
(9.62923 0 0.715449)
(9.51706 0 0.835007)
(9.39027 0 0.96276)
(9.24867 0 1.09993)
(9.09195 0 1.24773)
(8.91974 0 1.40738)
(8.73156 0 1.5801)
(8.52683 0 1.76709)
(8.30483 0 1.96949)
(8.06465 0 2.18837)
(7.80513 0 2.42463)
(7.52474 0 2.67896)
(7.22141 0 2.95168)
(6.89234 0 3.24256)
(6.53372 0 3.55052)
(6.14031 0 3.87323)
(5.70506 0 4.20647)
(5.21869 0 4.54321)
(4.66941 0 4.87233)
(4.04347 0 5.17693)
(3.32442 0 5.4323)
(2.51052 0 5.60188)
(1.54247 0 5.64309)
(0.66446 0 5.41687)
(9.99383 0 0.10681)
(9.97327 0 0.212188)
(9.93672 0 0.317749)
(9.88545 0 0.425141)
(9.82045 0 0.535895)
(9.74201 0 0.65143)
(9.65014 0 0.773087)
(9.54481 0 0.902163)
(9.42596 0 1.03995)
(9.29343 0 1.18772)
(9.147 0 1.34679)
(8.98637 0 1.51846)
(8.81114 0 1.70405)
(8.62079 0 1.90487)
(8.41465 0 2.12225)
(8.19185 0 2.35748)
(7.95121 0 2.61179)
(7.69113 0 2.88631)
(7.40944 0 3.182)
(7.10311 0 3.49952)
(6.76793 0 3.8391)
(6.39807 0 4.20014)
(5.98549 0 4.58078)
(5.51926 0 4.97696)
(4.98482 0 5.38101)
(4.36397 0 5.77934)
(3.63282 0 6.14903)
(2.78112 0 6.45063)
(1.73428 0 6.62839)
(0.745364 0 6.50244)
(9.99419 0 0.114122)
(9.97483 0 0.226781)
(9.94048 0 0.339744)
(9.89239 0 0.454737)
(9.83155 0 0.57332)
(9.75826 0 0.696952)
(9.67257 0 0.827027)
(9.57451 0 0.964905)
(9.46405 0 1.11193)
(9.34113 0 1.26946)
(9.20561 0 1.43884)
(9.05727 0 1.62147)
(8.8958 0 1.81877)
(8.72078 0 2.03218)
(8.53165 0 2.26319)
(8.32761 0 2.51333)
(8.10759 0 2.78417)
(7.87005 0 3.07731)
(7.61288 0 3.3944)
(7.33306 0 3.73708)
(7.02635 0 4.10697)
(6.68673 0 4.50548)
(6.30568 0 4.93352)
(5.87116 0 5.39083)
(5.36619 0 5.87477)
(4.76768 0 6.37775)
(4.04185 0 6.88292)
(3.1628 0 7.35347)
(2.02595 0 7.72343)
(0.881504 0 7.75721)
(9.99459 0 0.12098)
(9.97653 0 0.240449)
(9.94453 0 0.360303)
(9.89982 0 0.482343)
(9.84337 0 0.608165)
(9.7755 0 0.739259)
(9.69631 0 0.877066)
(9.60585 0 1.02299)
(9.50419 0 1.17843)
(9.39134 0 1.34479)
(9.26725 0 1.52348)
(9.13179 0 1.71596)
(8.98479 0 1.92372)
(8.82595 0 2.14834)
(8.65484 0 2.39147)
(8.47084 0 2.65484)
(8.27305 0 2.94036)
(8.06018 0 3.25009)
(7.83037 0 3.58633)
(7.58093 0 3.95172)
(7.30801 0 4.34926)
(7.00601 0 4.78246)
(6.66679 0 5.25529)
(6.27836 0 5.77204)
(5.82276 0 6.33674)
(5.27331 0 6.95152)
(4.58592 0 7.61297)
(3.71183 0 8.30075)
(2.49007 0 8.95886)
(1.12575 0 9.29463)
(9.995 0 0.127348)
(9.97834 0 0.253127)
(9.94883 0 0.379341)
(9.90766 0 0.507859)
(9.85579 0 0.64031)
(9.79356 0 0.778213)
(9.72111 0 0.923043)
(9.63855 0 1.07624)
(9.54602 0 1.23925)
(9.44361 0 1.41349)
(9.33136 0 1.60042)
(9.20929 0 1.80157)
(9.07733 0 2.01849)
(8.93535 0 2.25284)
(8.78311 0 2.50641)
(8.62023 0 2.78112)
(8.44609 0 3.07915)
(8.25977 0 3.40295)
(8.05987 0 3.75541)
(7.84437 0 4.14001)
(7.61027 0 4.56103)
(7.35314 0 5.02388)
(7.0664 0 5.5355)
(6.73999 0 6.10491)
(6.358 0 6.74384)
(5.89485 0 7.46743)
(5.30247 0 8.29499)
(4.51157 0 9.2473)
(3.27208 0 10.3428)
(1.60746 0 11.3631)
(9.99544 0 0.133198)
(9.98023 0 0.264764)
(9.95331 0 0.396786)
(9.91583 0 0.53119)
(9.86869 0 0.669634)
(9.81227 0 0.81366)
(9.74676 0 0.964765)
(9.67232 0 1.12442)
(9.58917 0 1.29407)
(9.49748 0 1.4752)
(9.39741 0 1.66927)
(9.28909 0 1.87783)
(9.1726 0 2.10249)
(9.048 0 2.34498)
(8.91529 0 2.60717)
(8.77435 0 2.89111)
(8.62494 0 3.19918)
(8.46662 0 3.53411)
(8.29866 0 3.89921)
(8.11995 0 4.29857)
(7.92879 0 4.7374)
(7.72265 0 5.22252)
(7.49773 0 5.76317)
(7.24818 0 6.37216)
(6.96461 0 7.06794)
(6.63158 0 7.87842)
(6.21646 0 8.84919)
(5.66997 0 10.0637)
(4.69667 0 11.7313)
(2.69307 0 14.6025)
(0.267177 0 -0.336187)
(0.587883 0 -0.268328)
(0.909661 0 -0.215093)
(1.19278 0 -0.177457)
(1.43429 0 -0.14944)
(1.64322 0 -0.127045)
(1.82644 0 -0.108413)
(1.98731 0 -0.0925881)
(2.12759 0 -0.07888)
(2.24846 0 -0.0667321)
(2.35057 0 -0.0557262)
(2.43439 0 -0.0459231)
(2.50125 0 -0.0368043)
(2.55262 0 -0.0295457)
(2.59001 0 -0.0283837)
(2.61696 0 -0.0327377)
(2.63665 0 -0.0378355)
(2.64394 0 -0.0382104)
(2.62944 0 -0.0319503)
(2.59284 0 -0.0215333)
(2.5381 0 -0.0100568)
(2.47297 0 -0.000308877)
(2.40752 0 0.00592968)
(2.35235 0 0.00808308)
(2.31745 0 0.0060034)
(2.30599 0 0.00125438)
(2.31483 0 -0.00110931)
(2.35831 0 -0.00517168)
(2.4509 0 -0.0156274)
(2.65945 0 -0.0337269)
(0.150293 0 -0.577127)
(0.433279 0 -0.487381)
(0.691868 0 -0.4016)
(0.92427 0 -0.336867)
(1.12457 0 -0.287006)
(1.29807 0 -0.24579)
(1.44926 0 -0.210326)
(1.58026 0 -0.179269)
(1.69218 0 -0.151651)
(1.78591 0 -0.126525)
(1.86147 0 -0.102427)
(1.91771 0 -0.0813811)
(1.95463 0 -0.0662817)
(1.9727 0 -0.0505222)
(1.93981 0 -0.0276966)
(1.8473 0 -0.0021631)
(1.71397 0 0.0220439)
(1.56501 0 0.0449537)
(1.4185 0 0.0648653)
(1.27848 0 0.0790687)
(1.15001 0 0.0853295)
(1.03917 0 0.0822075)
(0.95222 0 0.069883)
(0.894521 0 0.0491672)
(0.874756 0 0.0261015)
(0.875732 0 0.00552717)
(0.917446 0 -0.0177186)
(1.01567 0 -0.0558426)
(1.16587 0 -0.1073)
(1.44171 0 -0.158498)
(0.0779329 0 -0.819227)
(0.280149 0 -0.727214)
(0.439538 0 -0.614087)
(0.590528 0 -0.521853)
(0.716004 0 -0.447658)
(0.819169 0 -0.384532)
(0.901749 0 -0.328842)
(0.963892 0 -0.278899)
(1.00529 0 -0.233827)
(1.02653 0 -0.193349)
(1.0265 0 -0.154212)
(1.0012 0 -0.106931)
(0.900041 0 -0.0474606)
(0.74165 0 0.0141312)
(0.603559 0 0.0718802)
(0.47161 0 0.114919)
(0.334125 0 0.141075)
(0.195716 0 0.1545)
(0.0632614 0 0.159068)
(-0.0542146 0 0.15542)
(-0.149392 0 0.143312)
(-0.222464 0 0.122135)
(-0.269687 0 0.0920825)
(-0.28932 0 0.0555549)
(-0.286249 0 0.0190466)
(-0.23466 0 -0.0233209)
(-0.147274 0 -0.0774602)
(-0.0109059 0 -0.143778)
(0.146057 0 -0.221174)
(0.380543 0 -0.284007)
(0.024013 0 -0.942284)
(0.133866 0 -0.839726)
(0.185538 0 -0.703613)
(0.245907 0 -0.590936)
(0.283054 0 -0.496821)
(0.302025 0 -0.414514)
(0.301772 0 -0.339855)
(0.280444 0 -0.270147)
(0.234591 0 -0.202838)
(0.161349 0 -0.132415)
(0.0290472 0 -0.0511015)
(-0.13883 0 0.0284609)
(-0.251714 0 0.0896581)
(-0.369402 0 0.134338)
(-0.490075 0 0.170165)
(-0.610035 0 0.200401)
(-0.726592 0 0.219983)
(-0.834938 0 0.22666)
(-0.930692 0 0.221453)
(-1.00932 0 0.20544)
(-1.06673 0 0.179201)
(-1.10001 0 0.143685)
(-1.10752 0 0.100017)
(-1.0906 0 0.0494221)
(-1.05627 0 -0.00829827)
(-0.98035 0 -0.0718026)
(-0.885657 0 -0.140036)
(-0.774792 0 -0.211749)
(-0.656745 0 -0.287935)
(-0.551184 0 -0.347717)
(-0.0258261 0 -0.969584)
(-0.0130233 0 -0.853683)
(-0.0649127 0 -0.703809)
(-0.100179 0 -0.578457)
(-0.156819 0 -0.468497)
(-0.228701 0 -0.370164)
(-0.318475 0 -0.279053)
(-0.426223 0 -0.191839)
(-0.551877 0 -0.105555)
(-0.699515 0 -0.0199264)
(-0.834827 0 0.0532328)
(-0.945706 0 0.111044)
(-1.0633 0 0.163122)
(-1.17995 0 0.21031)
(-1.29304 0 0.24677)
(-1.39925 0 0.272138)
(-1.49569 0 0.284306)
(-1.57944 0 0.281879)
(-1.64776 0 0.265437)
(-1.69795 0 0.236241)
(-1.72771 0 0.195757)
(-1.73562 0 0.145746)
(-1.72151 0 0.0882003)
(-1.68638 0 0.0250049)
(-1.6304 0 -0.0439919)
(-1.55678 0 -0.115169)
(-1.47486 0 -0.186852)
(-1.39041 0 -0.259537)
(-1.3143 0 -0.330914)
(-1.26693 0 -0.386087)
(-0.0798878 0 -0.900312)
(-0.161943 0 -0.770914)
(-0.303802 0 -0.618582)
(-0.43039 0 -0.488055)
(-0.567269 0 -0.371631)
(-0.710252 0 -0.266647)
(-0.859172 0 -0.169182)
(-1.0125 0 -0.0767163)
(-1.16911 0 0.00994802)
(-1.30036 0 0.0820998)
(-1.42266 0 0.144571)
(-1.54383 0 0.19994)
(-1.66184 0 0.248592)
(-1.77394 0 0.289098)
(-1.87776 0 0.318605)
(-1.97085 0 0.335245)
(-2.05102 0 0.337313)
(-2.11639 0 0.323968)
(-2.16526 0 0.29578)
(-2.19612 0 0.254215)
(-2.20782 0 0.201247)
(-2.19999 0 0.139123)
(-2.17365 0 0.0700782)
(-2.13237 0 -0.00355029)
(-2.0721 0 -0.079158)
(-2.00588 0 -0.153199)
(-1.93832 0 -0.223961)
(-1.876 0 -0.29232)
(-1.8276 0 -0.357849)
(-1.80389 0 -0.410003)
(-0.134554 0 -0.744672)
(-0.297796 0 -0.608107)
(-0.5173 0 -0.461274)
(-0.715102 0 -0.335117)
(-0.910177 0 -0.223492)
(-1.09937 0 -0.121665)
(-1.28206 0 -0.0274929)
(-1.44547 0 0.053211)
(-1.58599 0 0.121298)
(-1.72166 0 0.183389)
(-1.85129 0 0.239928)
(-1.97472 0 0.289701)
(-2.09053 0 0.33149)
(-2.19698 0 0.363492)
(-2.29237 0 0.383535)
(-2.37502 0 0.389765)
(-2.44343 0 0.380763)
(-2.49638 0 0.356011)
(-2.5328 0 0.316185)
(-2.55186 0 0.262967)
(-2.5531 0 0.198777)
(-2.53683 0 0.126403)
(-2.5046 0 0.048399)
(-2.45986 0 -0.0326959)
(-2.40374 0 -0.11193)
(-2.34541 0 -0.185839)
(-2.29025 0 -0.253269)
(-2.24505 0 -0.315508)
(-2.21604 0 -0.374164)
(-2.20539 0 -0.421358)
(-0.18722 0 -0.516328)
(-0.417435 0 -0.383831)
(-0.699019 0 -0.253574)
(-0.948089 0 -0.138277)
(-1.17795 0 -0.0342971)
(-1.38033 0 0.0490584)
(-1.55722 0 0.117218)
(-1.7197 0 0.17891)
(-1.87144 0 0.23653)
(-2.01352 0 0.289857)
(-2.14594 0 0.337661)
(-2.26865 0 0.378633)
(-2.38101 0 0.411138)
(-2.48207 0 0.433215)
(-2.57076 0 0.442801)
(-2.64598 0 0.438128)
(-2.70676 0 0.417977)
(-2.75222 0 0.38203)
(-2.78167 0 0.331087)
(-2.79457 0 0.267023)
(-2.79084 0 0.192571)
(-2.77121 0 0.110925)
(-2.73736 0 0.0253606)
(-2.69146 0 -0.0605461)
(-2.63989 0 -0.141451)
(-2.58852 0 -0.21365)
(-2.54353 0 -0.276278)
(-2.5119 0 -0.331362)
(-2.4977 0 -0.382268)
(-2.49586 0 -0.423232)
(-0.244056 0 -0.244107)
(-0.526859 0 -0.0865071)
(-0.83654 0 0.0237636)
(-1.0994 0 0.101695)
(-1.32951 0 0.160196)
(-1.53674 0 0.214071)
(-1.72455 0 0.264626)
(-1.8959 0 0.312301)
(-2.05274 0 0.357053)
(-2.19651 0 0.398502)
(-2.32811 0 0.435257)
(-2.44803 0 0.465622)
(-2.55628 0 0.487628)
(-2.6525 0 0.499129)
(-2.73612 0 0.498016)
(-2.80647 0 0.482527)
(-2.86282 0 0.451526)
(-2.90447 0 0.40479)
(-2.93073 0 0.343223)
(-2.94111 0 0.268891)
(-2.93561 0 0.184837)
(-2.91519 0 0.0946636)
(-2.88203 0 0.00239286)
(-2.83824 0 -0.0869117)
(-2.79105 0 -0.168068)
(-2.74563 0 -0.23743)
(-2.70895 0 -0.294233)
(-2.68843 0 -0.341318)
(-2.68629 0 -0.383651)
(-2.69131 0 -0.417804)
(-0.262898 0 0.184875)
(-0.563405 0 0.246469)
(-0.886792 0 0.290188)
(-1.16269 0 0.327285)
(-1.40728 0 0.359509)
(-1.62412 0 0.389667)
(-1.81701 0 0.419182)
(-1.98979 0 0.448834)
(-2.14545 0 0.478185)
(-2.28627 0 0.506048)
(-2.4138 0 0.530586)
(-2.52904 0 0.549645)
(-2.6325 0 0.560885)
(-2.72423 0 0.561901)
(-2.80403 0 0.550436)
(-2.87144 0 0.524642)
(-2.92587 0 0.483356)
(-2.96658 0 0.426365)
(-2.99276 0 0.354635)
(-3.00371 0 0.270427)
(-2.99932 0 0.177178)
(-2.98046 0 0.0790949)
(-2.94908 0 -0.0190629)
(-2.90896 0 -0.111264)
(-2.86587 0 -0.192069)
(-2.82547 0 -0.257876)
(-2.79559 0 -0.308091)
(-2.78437 0 -0.346382)
(-2.79256 0 -0.379358)
(-2.80348 0 -0.406438)
(-0.258254 0 0.524402)
(-0.573038 0 0.568852)
(-0.913417 0 0.572589)
(-1.19785 0 0.569817)
(-1.44488 0 0.566785)
(-1.65944 0 0.567461)
(-1.8472 0 0.572807)
(-2.01313 0 0.582605)
(-2.16121 0 0.595496)
(-2.29434 0 0.609349)
(-2.41451 0 0.621628)
(-2.52306 0 0.629652)
(-2.62078 0 0.630662)
(-2.70802 0 0.621936)
(-2.78476 0 0.60098)
(-2.85067 0 0.565782)
(-2.90514 0 0.515061)
(-2.94733 0 0.448531)
(-2.97612 0 0.367159)
(-2.99046 0 0.27336)
(-2.98984 0 0.171015)
(-2.97481 0 0.0651381)
(-2.94682 0 -0.0385301)
(-2.91092 0 -0.133451)
(-2.87182 0 -0.213718)
(-2.83576 0 -0.275552)
(-2.81149 0 -0.318584)
(-2.80819 0 -0.347279)
(-2.82561 0 -0.370021)
(-2.84199 0 -0.389692)
(-0.264448 0 0.904223)
(-0.594401 0 0.914667)
(-0.941281 0 0.863942)
(-1.21932 0 0.811418)
(-1.45362 0 0.768187)
(-1.65259 0 0.737117)
(-1.82421 0 0.717382)
(-1.97457 0 0.707364)
(-2.10839 0 0.704417)
(-2.22891 0 0.705182)
(-2.33824 0 0.706258)
(-2.43777 0 0.704409)
(-2.5284 0 0.696461)
(-2.61063 0 0.679332)
(-2.68451 0 0.650233)
(-2.74975 0 0.606917)
(-2.8057 0 0.54791)
(-2.85134 0 0.472769)
(-2.88523 0 0.382377)
(-2.90578 0 0.279257)
(-2.91184 0 0.167766)
(-2.90326 0 0.0539089)
(-2.88082 0 -0.0554126)
(-2.85025 0 -0.153223)
(-2.81559 0 -0.233107)
(-2.7836 0 -0.29085)
(-2.7641 0 -0.326281)
(-2.76768 0 -0.344591)
(-2.79364 0 -0.356036)
(-2.81537 0 -0.367653)
(-0.286803 0 1.3129)
(-0.640033 0 1.27524)
(-0.985286 0 1.15004)
(-1.23879 0 1.03609)
(-1.44197 0 0.949732)
(-1.61051 0 0.887667)
(-1.75435 0 0.844352)
(-1.88002 0 0.816569)
(-1.99271 0 0.8002)
(-2.09561 0 0.790181)
(-2.19039 0 0.782119)
(-2.27818 0 0.772353)
(-2.35984 0 0.757378)
(-2.43591 0 0.733736)
(-2.50645 0 0.698309)
(-2.57116 0 0.648587)
(-2.62937 0 0.582867)
(-2.67996 0 0.500475)
(-2.72122 0 0.402105)
(-2.75096 0 0.290255)
(-2.76715 0 0.169664)
(-2.76858 0 0.0473538)
(-2.75498 0 -0.0684041)
(-2.73191 0 -0.169889)
(-2.70312 0 -0.250057)
(-2.67571 0 -0.303953)
(-2.66064 0 -0.331624)
(-2.67031 0 -0.338868)
(-2.70439 0 -0.337709)
(-2.73156 0 -0.340157)
(-0.335832 0 1.76515)
(-0.732322 0 1.65562)
(-1.06763 0 1.41559)
(-1.26856 0 1.22245)
(-1.41534 0 1.09485)
(-1.53696 0 1.00772)
(-1.6414 0 0.944969)
(-1.73315 0 0.903488)
(-1.81788 0 0.878114)
(-1.89831 0 0.861005)
(-1.9748 0 0.84671)
(-2.04774 0 0.831629)
(-2.11795 0 0.812149)
(-2.18597 0 0.78442)
(-2.25184 0 0.744957)
(-2.31524 0 0.691016)
(-2.37562 0 0.620656)
(-2.43194 0 0.532882)
(-2.48239 0 0.428023)
(-2.5243 0 0.308316)
(-2.55464 0 0.178666)
(-2.57076 0 0.0471486)
(-2.57081 0 -0.0760952)
(-2.55894 0 -0.18233)
(-2.53913 0 -0.263876)
(-2.51822 0 -0.314611)
(-2.50815 0 -0.334816)
(-2.52344 0 -0.330612)
(-2.56527 0 -0.315209)
(-2.59803 0 -0.306578)
(-0.457382 0 2.47005)
(-0.912223 0 2.16286)
(-1.22795 0 1.66214)
(-1.32222 0 1.33513)
(-1.37256 0 1.1808)
(-1.43111 0 1.08685)
(-1.48697 0 1.01106)
(-1.53576 0 0.961248)
(-1.58605 0 0.933743)
(-1.64006 0 0.914524)
(-1.69478 0 0.897247)
(-1.74938 0 0.87975)
(-1.80491 0 0.858701)
(-1.86204 0 0.829671)
(-1.92065 0 0.78874)
(-1.98043 0 0.733046)
(-2.04108 0 0.660509)
(-2.10198 0 0.569776)
(-2.16164 0 0.460684)
(-2.21739 0 0.335005)
(-2.26555 0 0.197454)
(-2.30227 0 0.056794)
(-2.3238 0 -0.0747851)
(-2.32981 0 -0.187306)
(-2.32521 0 -0.272189)
(-2.31554 0 -0.321379)
(-2.31305 0 -0.335271)
(-2.33417 0 -0.319853)
(-2.38333 0 -0.288224)
(-2.42186 0 -0.265528)
(9.99589 0 0.138603)
(9.98221 0 0.275517)
(9.95803 0 0.412894)
(9.9244 0 0.552704)
(9.88223 0 0.696629)
(9.83191 0 0.846224)
(9.77366 0 1.003)
(9.70775 0 1.16843)
(9.63445 0 1.344)
(9.55403 0 1.53115)
(9.46676 0 1.73139)
(9.37291 0 1.94627)
(9.27274 0 2.17741)
(9.1665 0 2.42656)
(9.05445 0 2.69563)
(8.93681 0 2.98675)
(8.81377 0 3.30236)
(8.68547 0 3.64536)
(8.55198 0 4.01925)
(8.41332 0 4.42839)
(8.26942 0 4.87841)
(8.12021 0 5.37675)
(7.96566 0 5.93356)
(7.80611 0 6.56318)
(7.64288 0 7.28664)
(7.48114 0 8.13654)
(7.33456 0 9.16686)
(7.29426 0 10.4713)
(7.76244 0 12.195)
(7.9659 0 14.9159)
(9.99638 0 0.143573)
(9.9843 0 0.285391)
(9.96298 0 0.427647)
(9.93339 0 0.572345)
(9.89638 0 0.721179)
(9.85237 0 0.875711)
(9.80164 0 1.03745)
(9.74452 0 1.20788)
(9.68136 0 1.38847)
(9.61253 0 1.58065)
(9.53841 0 1.78593)
(9.45943 0 2.00583)
(9.37601 0 2.24197)
(9.28865 0 2.49606)
(9.19785 0 2.76999)
(9.10419 0 3.06588)
(9.00833 0 3.38614)
(8.91101 0 3.73362)
(8.81316 0 4.11175)
(8.71596 0 4.52478)
(8.62102 0 4.9781)
(8.53074 0 5.47872)
(8.44885 0 6.03592)
(8.38168 0 6.66222)
(8.3405 0 7.37475)
(8.34756 0 8.19679)
(8.44206 0 9.15821)
(8.68031 0 10.2917)
(9.33186 0 11.5404)
(9.83007 0 12.6132)
(9.99688 0 0.14802)
(9.98647 0 0.294222)
(9.96811 0 0.440824)
(9.9427 0 0.589846)
(9.91102 0 0.742988)
(9.87352 0 0.901805)
(9.83053 0 1.0678)
(9.78243 0 1.24243)
(9.72965 0 1.42714)
(9.67265 0 1.62335)
(9.61195 0 1.83252)
(9.54809 0 2.05612)
(9.4817 0 2.29571)
(9.41347 0 2.55295)
(9.34419 0 2.82965)
(9.27479 0 3.12779)
(9.20635 0 3.44964)
(9.14022 0 3.79782)
(9.07808 0 4.17545)
(9.02215 0 4.58626)
(8.97544 0 5.03484)
(8.94224 0 5.5268)
(8.92886 0 6.06909)
(8.94483 0 6.67002)
(9.00467 0 7.33888)
(9.13054 0 8.0841)
(9.35342 0 8.90712)
(9.68251 0 9.7961)
(10.2465 0 10.6984)
(10.9308 0 11.4013)
(9.99739 0 0.151893)
(9.9887 0 0.301902)
(9.97339 0 0.452256)
(9.95226 0 0.604977)
(9.92604 0 0.761756)
(9.89519 0 0.924132)
(9.86009 0 1.09358)
(9.82117 0 1.27154)
(9.77893 0 1.4594)
(9.73393 0 1.65854)
(9.68678 0 1.87036)
(9.63817 0 2.09625)
(9.58888 0 2.33769)
(9.53981 0 2.59621)
(9.492 0 2.87346)
(9.44668 0 3.17125)
(9.40533 0 3.49157)
(9.36978 0 3.83667)
(9.34231 0 4.20912)
(9.32589 0 4.61188)
(9.32445 0 5.04832)
(9.34327 0 5.52223)
(9.38959 0 6.0377)
(9.47329 0 6.59861)
(9.60751 0 7.2076)
(9.809 0 7.86414)
(10.1003 0 8.56089)
(10.4897 0 9.28283)
(11.0434 0 10.0196)
(11.8304 0 10.6579)
(9.99792 0 0.155142)
(9.99098 0 0.30834)
(9.97877 0 0.46181)
(9.962 0 0.61756)
(9.94132 0 0.777263)
(9.91721 0 0.942429)
(9.89008 0 1.1145)
(9.86041 0 1.29486)
(9.82878 0 1.48485)
(9.79581 0 1.68579)
(9.76222 0 1.89897)
(9.7288 0 2.1257)
(9.69648 0 2.36733)
(9.66633 0 2.62522)
(9.63959 0 2.90083)
(9.61776 0 3.19568)
(9.60259 0 3.51143)
(9.59626 0 3.84985)
(9.60145 0 4.21284)
(9.62153 0 4.60242)
(9.66082 0 5.02069)
(9.7248 0 5.46962)
(9.82052 0 5.95078)
(9.95689 0 6.46481)
(10.1449 0 7.01055)
(10.3974 0 7.58403)
(10.7316 0 8.17705)
(11.1589 0 8.77485)
(11.7017 0 9.36589)
(12.4478 0 9.87546)
(9.99845 0 0.157727)
(9.99327 0 0.31345)
(9.9842 0 0.469357)
(9.97182 0 0.627429)
(9.95672 0 0.789306)
(9.93937 0 0.956457)
(9.92023 0 1.13027)
(9.89982 0 1.31209)
(9.87876 0 1.50316)
(9.85773 0 1.70473)
(9.83754 0 1.91798)
(9.81908 0 2.1441)
(9.80338 0 2.38426)
(9.79164 0 2.63966)
(9.78526 0 2.91149)
(9.78589 0 3.20098)
(9.79549 0 3.50935)
(9.81641 0 3.83787)
(9.85149 0 4.18774)
(9.90423 0 4.56006)
(9.97887 0 4.95573)
(10.0806 0 5.37519)
(10.2157 0 5.81816)
(10.3917 0 6.28316)
(10.6173 0 6.76689)
(10.9021 0 7.26356)
(11.2571 0 7.76395)
(11.69 0 8.25255)
(12.2016 0 8.71273)
(12.8704 0 9.10318)
(9.99898 0 0.159606)
(9.99557 0 0.317154)
(9.98964 0 0.474785)
(9.98165 0 0.634436)
(9.97212 0 0.797703)
(9.9615 0 0.966005)
(9.95029 0 1.14067)
(9.93904 0 1.32296)
(9.92839 0 1.51405)
(9.9191 0 1.71507)
(9.91201 0 1.9271)
(9.90808 0 2.15117)
(9.90844 0 2.38828)
(9.91435 0 2.6394)
(9.9273 0 2.90547)
(9.94903 0 3.18736)
(9.98156 0 3.48591)
(10.0273 0 3.80182)
(10.089 0 4.13565)
(10.1701 0 4.4877)
(10.2745 0 4.85786)
(10.4067 0 5.24541)
(10.5719 0 5.64878)
(10.7762 0 6.06514)
(11.0257 0 6.49003)
(11.3269 0 6.91676)
(11.6856 0 7.33603)
(12.106 0 7.73451)
(12.5817 0 8.09776)
(13.1811 0 8.40551)
(9.9995 0 0.160747)
(9.99786 0 0.319385)
(9.99504 0 0.477995)
(9.9914 0 0.638455)
(9.98737 0 0.802305)
(9.9834 0 0.9709)
(9.97998 0 1.1455)
(9.9777 0 1.32728)
(9.97722 0 1.51732)
(9.97932 0 1.71664)
(9.98488 0 1.92618)
(9.99491 0 2.14682)
(10.0105 0 2.37936)
(10.0331 0 2.62456)
(10.0641 0 2.88306)
(10.1053 0 3.15542)
(10.1586 0 3.44207)
(10.2264 0 3.74323)
(10.3113 0 4.05889)
(10.4163 0 4.38868)
(10.5448 0 4.73172)
(10.7006 0 5.08651)
(10.8878 0 5.45065)
(11.1107 0 5.82065)
(11.3735 0 6.19162)
(11.6799 0 6.55705)
(12.0326 0 6.90873)
(12.4332 0 7.23644)
(12.8739 0 7.52921)
(13.4121 0 7.77589)
(10 0 0.16112)
(10.0001 0 0.32009)
(10.0004 0 0.478908)
(10.001 0 0.639385)
(10.0023 0 0.802991)
(10.0049 0 0.971011)
(10.009 0 1.14462)
(10.0155 0 1.32491)
(10.0248 0 1.51285)
(10.0378 0 1.70934)
(10.0555 0 1.91518)
(10.0787 0 2.13108)
(10.1087 0 2.35767)
(10.1467 0 2.59545)
(10.1943 0 2.84483)
(10.253 0 3.10604)
(10.3248 0 3.37915)
(10.4118 0 3.66398)
(10.5163 0 3.96005)
(10.6409 0 4.26649)
(10.7884 0 4.5819)
(10.9617 0 4.9043)
(11.1639 0 5.23089)
(11.3978 0 5.558)
(11.666 0 5.8809)
(11.9704 0 6.19381)
(12.3116 0 6.48992)
(12.6895 0 6.7615)
(13.0964 0 7.00033)
(13.5805 0 7.19969)
(10.0005 0 0.160706)
(10.0023 0 0.319224)
(10.0055 0 0.477464)
(10.0103 0 0.63715)
(10.0169 0 0.799679)
(10.0257 0 0.966254)
(10.0372 0 1.13797)
(10.052 0 1.3158)
(10.0707 0 1.50062)
(10.0941 0 1.6932)
(10.1231 0 1.8942)
(10.1586 0 2.10417)
(10.2019 0 2.32354)
(10.2541 0 2.55261)
(10.3165 0 2.79155)
(10.3909 0 3.04032)
(10.4787 0 3.29868)
(10.582 0 3.56613)
(10.7026 0 3.84184)
(10.8427 0 4.1246)
(11.0045 0 4.41272)
(11.1902 0 4.70397)
(11.4017 0 4.99548)
(11.6408 0 5.2837)
(11.9089 0 5.56439)
(12.2065 0 5.83262)
(12.5331 0 6.08291)
(12.8875 0 6.30946)
(13.2626 0 6.50631)
(13.7 0 6.66938)
(10.001 0 0.159488)
(10.0044 0 0.31676)
(10.0105 0 0.473621)
(10.0193 0 0.631705)
(10.031 0 0.792321)
(10.0458 0 0.956589)
(10.0642 0 1.1255)
(10.0869 0 1.29994)
(10.1145 0 1.48067)
(10.1476 0 1.66833)
(10.1871 0 1.86344)
(10.2341 0 2.06639)
(10.2894 0 2.27746)
(10.3542 0 2.49674)
(10.4299 0 2.72419)
(10.5178 0 2.95955)
(10.6193 0 3.20235)
(10.736 0 3.45184)
(10.8696 0 3.70697)
(11.0216 0 3.96631)
(11.1936 0 4.22807)
(11.3871 0 4.48996)
(11.6035 0 4.74924)
(11.8435 0 5.00269)
(12.1076 0 5.24661)
(12.3955 0 5.47696)
(12.7061 0 5.68947)
(13.0375 0 5.87982)
(13.3836 0 6.04385)
(13.7808 0 6.1791)
(10.0015 0 0.157458)
(10.0065 0 0.312681)
(10.0153 0 0.467363)
(10.028 0 0.623033)
(10.0444 0 0.78091)
(10.0649 0 0.942023)
(10.0899 0 1.10727)
(10.12 0 1.27743)
(10.1558 0 1.45315)
(10.1979 0 1.63495)
(10.2471 0 1.82322)
(10.3044 0 2.01822)
(10.3705 0 2.22005)
(10.4466 0 2.42866)
(10.5337 0 2.64383)
(10.6331 0 2.86513)
(10.7459 0 3.0919)
(10.8735 0 3.32326)
(11.0169 0 3.558)
(11.1776 0 3.79465)
(11.3564 0 4.03138)
(11.5544 0 4.26601)
(11.7721 0 4.49604)
(12.0098 0 4.71863)
(12.2673 0 4.93072)
(12.5439 0 5.12904)
(12.838 0 5.31033)
(13.1477 0 5.47146)
(13.4677 0 5.60955)
(13.8304 0 5.72311)
(10.0019 0 0.154615)
(10.0084 0 0.306988)
(10.0199 0 0.458691)
(10.0361 0 0.611144)
(10.057 0 0.765472)
(10.0829 0 0.92261)
(10.1141 0 1.08336)
(10.1511 0 1.2484)
(10.1944 0 1.41826)
(10.2447 0 1.59335)
(10.3027 0 1.77395)
(10.3691 0 1.96019)
(10.4448 0 2.15203)
(10.5306 0 2.3493)
(10.6275 0 2.55163)
(10.7364 0 2.75848)
(10.8584 0 2.96909)
(10.9943 0 3.18246)
(11.1451 0 3.39736)
(11.3115 0 3.61232)
(11.4943 0 3.82558)
(11.6938 0 4.03517)
(11.9103 0 4.23887)
(12.1435 0 4.43427)
(12.3929 0 4.61885)
(12.6573 0 4.79007)
(12.9353 0 4.94547)
(13.2248 0 5.08278)
(13.5214 0 5.20006)
(13.8542 0 5.29645)
(10.0024 0 0.150966)
(10.0102 0 0.299693)
(10.0241 0 0.447628)
(10.0437 0 0.596079)
(10.0689 0 0.746072)
(10.0997 0 0.898448)
(10.1365 0 1.05391)
(10.1798 0 1.21304)
(10.2301 0 1.37627)
(10.2878 0 1.54391)
(10.3535 0 1.71613)
(10.428 0 1.89293)
(10.5119 0 2.0742)
(10.606 0 2.25964)
(10.711 0 2.44881)
(10.8276 0 2.64107)
(10.9567 0 2.8356)
(11.0988 0 3.03138)
(11.2546 0 3.22721)
(11.4246 0 3.42167)
(11.609 0 3.61317)
(11.8079 0 3.79993)
(12.0212 0 3.98005)
(12.2484 0 4.15154)
(12.4886 0 4.31237)
(12.7408 0 4.46059)
(13.0033 0 4.59436)
(13.2742 0 4.71208)
(13.55 0 4.81244)
(13.8569 0 4.895)
(10.0027 0 0.146521)
(10.0119 0 0.290822)
(10.0281 0 0.434218)
(10.0508 0 0.577904)
(10.0798 0 0.722806)
(10.1152 0 0.869673)
(10.1572 0 1.01912)
(10.2062 0 1.17162)
(10.2626 0 1.32753)
(10.3268 0 1.48706)
(10.3994 0 1.65028)
(10.4809 0 1.81713)
(10.5718 0 1.98738)
(10.6727 0 2.1607)
(10.7842 0 2.33655)
(10.9069 0 2.51427)
(11.0413 0 2.69302)
(11.1878 0 2.87181)
(11.3467 0 3.04949)
(11.5182 0 3.22476)
(11.7023 0 3.39619)
(11.899 0 3.56224)
(12.1078 0 3.72132)
(12.3279 0 3.8718)
(12.5586 0 4.01209)
(12.7986 0 4.1407)
(13.0465 0 4.25628)
(13.3005 0 4.35771)
(13.5576 0 4.44413)
(13.8419 0 4.51536)
(10.0031 0 0.1413)
(10.0134 0 0.280411)
(10.0317 0 0.418521)
(10.0573 0 0.556707)
(10.0898 0 0.6958)
(10.1293 0 0.836457)
(10.1759 0 0.979201)
(10.23 0 1.12443)
(10.2919 0 1.27241)
(10.3618 0 1.42327)
(10.4403 0 1.577)
(10.5277 0 1.73349)
(10.6244 0 1.89244)
(10.7309 0 2.05347)
(10.8475 0 2.21602)
(10.9748 0 2.37941)
(11.1128 0 2.54283)
(11.262 0 2.70535)
(11.4223 0 2.86588)
(11.5939 0 3.02328)
(11.7764 0 3.1763)
(11.9696 0 3.32363)
(12.1729 0 3.46395)
(12.3855 0 3.59596)
(12.6065 0 3.71843)
(12.8348 0 3.83023)
(13.069 0 3.93038)
(13.3075 0 4.01812)
(13.5479 0 4.0929)
(13.8123 0 4.1547)
(10.0034 0 0.135326)
(10.0148 0 0.268511)
(10.035 0 0.400614)
(10.0632 0 0.5326)
(10.0989 0 0.665204)
(10.142 0 0.798997)
(10.1928 0 0.934421)
(10.2514 0 1.07179)
(10.3179 0 1.21131)
(10.3928 0 1.35303)
(10.4762 0 1.4969)
(10.5685 0 1.64273)
(10.6699 0 1.79021)
(10.7808 0 1.93892)
(10.9013 0 2.08831)
(11.0317 0 2.23771)
(11.1721 0 2.38635)
(11.3226 0 2.53337)
(11.4831 0 2.67781)
(11.6534 0 2.81865)
(11.8332 0 2.95483)
(12.0221 0 3.08525)
(12.2193 0 3.20884)
(12.4242 0 3.32458)
(12.6357 0 3.43152)
(12.8528 0 3.52881)
(13.0742 0 3.61578)
(13.2987 0 3.69189)
(13.5241 0 3.75682)
(13.771 0 3.81065)
(10.0037 0 0.128626)
(10.0161 0 0.255176)
(10.038 0 0.380584)
(10.0685 0 0.505706)
(10.107 0 0.631187)
(10.1534 0 0.757514)
(10.2077 0 0.885056)
(10.2702 0 1.01406)
(10.3408 0 1.14466)
(10.4198 0 1.27687)
(10.5074 0 1.41057)
(10.6036 0 1.54556)
(10.7087 0 1.6815)
(10.8228 0 1.81797)
(10.9461 0 1.95443)
(11.0786 0 2.09026)
(11.2202 0 2.22474)
(11.3709 0 2.35709)
(11.5305 0 2.48647)
(11.6987 0 2.612)
(11.875 0 2.73279)
(12.059 0 2.84795)
(12.2499 0 2.9566)
(12.4469 0 3.05796)
(12.6492 0 3.15129)
(12.8557 0 3.23599)
(13.0654 0 3.31158)
(13.2772 0 3.37771)
(13.4891 0 3.4342)
(13.7205 0 3.4812)
(10.004 0 0.121233)
(10.0172 0 0.240469)
(10.0406 0 0.35853)
(10.0731 0 0.476164)
(10.1141 0 0.59393)
(10.1633 0 0.712242)
(10.2208 0 0.831399)
(10.2866 0 0.951589)
(10.3606 0 1.07289)
(10.4431 0 1.19528)
(10.5339 0 1.31861)
(10.6333 0 1.44265)
(10.7412 0 1.56708)
(10.8576 0 1.69146)
(10.9827 0 1.8153)
(11.1162 0 1.93802)
(11.2581 0 2.05898)
(11.4082 0 2.17748)
(11.5661 0 2.29281)
(11.7315 0 2.40422)
(11.9038 0 2.51095)
(12.0826 0 2.6123)
(12.267 0 2.70757)
(12.4564 0 2.79616)
(12.6499 0 2.87751)
(12.8466 0 2.95119)
(13.0455 0 3.01688)
(13.2456 0 3.07435)
(13.4455 0 3.12353)
(13.663 0 3.16458)
(10.0042 0 0.113177)
(10.0182 0 0.224458)
(10.0429 0 0.334555)
(10.0772 0 0.444118)
(10.1204 0 0.553625)
(10.172 0 0.663421)
(10.2321 0 0.773745)
(10.3007 0 0.884733)
(10.3775 0 0.996423)
(10.4627 0 1.10875)
(10.5562 0 1.22157)
(10.6579 0 1.33463)
(10.7678 0 1.44762)
(10.8858 0 1.56013)
(11.0119 0 1.67171)
(11.1457 0 1.78182)
(11.2871 0 1.88991)
(11.4359 0 1.99537)
(11.5915 0 2.09759)
(11.7536 0 2.19595)
(11.9217 0 2.28983)
(12.0951 0 2.37866)
(12.2732 0 2.4619)
(12.4552 0 2.53909)
(12.6404 0 2.60983)
(12.8279 0 2.6738)
(13.017 0 2.73078)
(13.2067 0 2.78067)
(13.3957 0 2.82343)
(13.6009 0 2.85925)
(10.0044 0 0.104493)
(10.0191 0 0.207209)
(10.0449 0 0.308762)
(10.0808 0 0.409711)
(10.1257 0 0.51046)
(10.1795 0 0.611289)
(10.2418 0 0.712384)
(10.3126 0 0.813838)
(10.3918 0 0.915655)
(10.4791 0 1.01775)
(10.5746 0 1.11997)
(10.678 0 1.22208)
(10.7892 0 1.32375)
(10.9081 0 1.42464)
(11.0345 0 1.52432)
(11.168 0 1.62233)
(11.3084 0 1.71818)
(11.4553 0 1.81136)
(11.6083 0 1.90135)
(11.7669 0 1.98763)
(11.9306 0 2.06973)
(12.0987 0 2.14717)
(12.2706 0 2.21954)
(12.4457 0 2.28651)
(12.6232 0 2.34776)
(12.8023 0 2.4031)
(12.9823 0 2.45238)
(13.1626 0 2.49555)
(13.3419 0 2.53262)
(13.5362 0 2.56378)
(10.0046 0 0.0952119)
(10.0198 0 0.188788)
(10.0466 0 0.281254)
(10.0838 0 0.373087)
(10.1303 0 0.464621)
(10.1858 0 0.556077)
(10.2499 0 0.647594)
(10.3226 0 0.739229)
(10.4035 0 0.830963)
(10.4926 0 0.922702)
(10.5895 0 1.01428)
(10.6941 0 1.10548)
(10.8061 0 1.19601)
(10.9253 0 1.28554)
(11.0515 0 1.37371)
(11.1842 0 1.46011)
(11.3232 0 1.54432)
(11.468 0 1.62592)
(11.6181 0 1.70447)
(11.7731 0 1.77956)
(11.9324 0 1.8508)
(12.0954 0 1.91783)
(12.2615 0 1.98034)
(12.43 0 2.03806)
(12.6004 0 2.09079)
(12.7719 0 2.13839)
(12.9438 0 2.18077)
(13.1156 0 2.21793)
(13.2863 0 2.24989)
(13.4709 0 2.27685)
(10.0047 0 0.0853622)
(10.0205 0 0.169252)
(10.0481 0 0.252124)
(10.0864 0 0.334377)
(10.1343 0 0.41628)
(10.1911 0 0.497999)
(10.2567 0 0.579629)
(10.3309 0 0.661199)
(10.4132 0 0.742673)
(10.5034 0 0.823951)
(10.6013 0 0.904875)
(10.7066 0 0.985237)
(10.819 0 1.06478)
(10.9382 0 1.14322)
(11.0638 0 1.22024)
(11.1954 0 1.29548)
(11.3327 0 1.3686)
(11.4752 0 1.43925)
(11.6224 0 1.50707)
(11.7738 0 1.57174)
(11.9289 0 1.63293)
(12.087 0 1.69039)
(12.2477 0 1.74387)
(12.4103 0 1.79318)
(12.5741 0 1.83818)
(12.7387 0 1.87877)
(12.9034 0 1.91492)
(13.0677 0 1.94663)
(13.2307 0 1.97397)
(13.4068 0 1.9971)
(10.0049 0 0.0749642)
(10.0211 0 0.148648)
(10.0495 0 0.221449)
(10.0887 0 0.293699)
(10.1376 0 0.365596)
(10.1956 0 0.437253)
(10.2624 0 0.50873)
(10.3376 0 0.580033)
(10.421 0 0.651114)
(10.5121 0 0.721871)
(10.6106 0 0.792157)
(10.7163 0 0.861783)
(10.8287 0 0.930527)
(10.9475 0 0.998138)
(11.0722 0 1.06434)
(11.2026 0 1.12886)
(11.3381 0 1.19139)
(11.4782 0 1.25165)
(11.6226 0 1.30937)
(11.7706 0 1.36427)
(11.9217 0 1.41612)
(12.0753 0 1.46471)
(12.231 0 1.50987)
(12.3882 0 1.55145)
(12.5463 0 1.58937)
(12.7047 0 1.62356)
(12.863 0 1.65401)
(13.0207 0 1.68076)
(13.1771 0 1.70385)
(13.3457 0 1.72345)
(10.005 0 0.0640249)
(10.0216 0 0.126998)
(10.0507 0 0.18929)
(10.0907 0 0.251149)
(10.1406 0 0.312691)
(10.1995 0 0.373973)
(10.2672 0 0.435026)
(10.3433 0 0.495844)
(10.4273 0 0.556372)
(10.519 0 0.616515)
(10.6179 0 0.67614)
(10.7237 0 0.735084)
(10.8358 0 0.793156)
(10.9541 0 0.850145)
(11.0779 0 0.905827)
(11.2069 0 0.959967)
(11.3405 0 1.01233)
(11.4784 0 1.06268)
(11.62 0 1.11081)
(11.7648 0 1.15651)
(11.9123 0 1.19959)
(12.062 0 1.2399)
(12.2132 0 1.27732)
(12.3656 0 1.31174)
(12.5186 0 1.3431)
(12.6717 0 1.37138)
(12.8245 0 1.39657)
(12.9764 0 1.4187)
(13.127 0 1.43785)
(13.2892 0 1.45412)
(10.0051 0 0.0525237)
(10.0222 0 0.104292)
(10.0519 0 0.155688)
(10.0927 0 0.206855)
(10.1432 0 0.257796)
(10.2029 0 0.308508)
(10.2713 0 0.358996)
(10.3479 0 0.409234)
(10.4325 0 0.459164)
(10.5245 0 0.508695)
(10.6236 0 0.557712)
(10.7292 0 0.606076)
(10.841 0 0.653632)
(10.9586 0 0.700207)
(11.0814 0 0.745623)
(11.209 0 0.789695)
(11.341 0 0.832239)
(11.4768 0 0.873078)
(11.6159 0 0.912042)
(11.7579 0 0.948981)
(11.9022 0 0.983758)
(12.0483 0 1.01626)
(12.1957 0 1.0464)
(12.344 0 1.0741)
(12.4926 0 1.09934)
(12.6412 0 1.12209)
(12.7892 0 1.14236)
(12.9363 0 1.1602)
(13.082 0 1.17565)
(13.2388 0 1.18883)
(10.0053 0 0.040378)
(10.0229 0 0.0804222)
(10.0534 0 0.120487)
(10.0949 0 0.160513)
(10.1461 0 0.200395)
(10.2063 0 0.240117)
(10.2752 0 0.279678)
(10.3523 0 0.319045)
(10.4372 0 0.358158)
(10.5294 0 0.396932)
(10.6284 0 0.435269)
(10.7339 0 0.473056)
(10.8452 0 0.510167)
(10.9621 0 0.546465)
(11.0839 0 0.58181)
(11.2103 0 0.616059)
(11.3407 0 0.649073)
(11.4747 0 0.680718)
(11.6116 0 0.710869)
(11.7512 0 0.739413)
(11.8927 0 0.766254)
(12.0359 0 0.791311)
(12.1801 0 0.814522)
(12.3249 0 0.835843)
(12.47 0 0.855251)
(12.6148 0 0.87274)
(12.7589 0 0.888325)
(12.9021 0 0.902034)
(13.0439 0 0.913911)
(13.1964 0 0.924046)
(10.0056 0 0.0274053)
(10.0239 0 0.0557322)
(10.0552 0 0.0847751)
(10.0973 0 0.113871)
(10.1489 0 0.142793)
(10.2096 0 0.171564)
(10.2789 0 0.200199)
(10.3563 0 0.228665)
(10.4414 0 0.25691)
(10.5337 0 0.284873)
(10.6327 0 0.312484)
(10.7379 0 0.339665)
(10.8488 0 0.366328)
(10.965 0 0.392379)
(11.0861 0 0.417719)
(11.2114 0 0.44225)
(11.3405 0 0.465875)
(11.4729 0 0.488503)
(11.6081 0 0.510049)
(11.7456 0 0.530436)
(11.885 0 0.549599)
(12.0258 0 0.567484)
(12.1674 0 0.584051)
(12.3096 0 0.599273)
(12.4517 0 0.613137)
(12.5936 0 0.625641)
(12.7347 0 0.636798)
(12.8748 0 0.64663)
(13.0134 0 0.655173)
(13.1623 0 0.662495)
(10.0068 0 0.0112957)
(10.0271 0 0.0266682)
(10.0595 0 0.0439233)
(10.1019 0 0.0614568)
(10.1537 0 0.078951)
(10.2146 0 0.0964491)
(10.284 0 0.113947)
(10.3615 0 0.131387)
(10.4466 0 0.14871)
(10.5387 0 0.165862)
(10.6374 0 0.182791)
(10.7423 0 0.199443)
(10.8528 0 0.215757)
(10.9684 0 0.231675)
(11.0887 0 0.247133)
(11.2131 0 0.262071)
(11.3412 0 0.276432)
(11.4725 0 0.29016)
(11.6064 0 0.303207)
(11.7424 0 0.315527)
(11.8802 0 0.327085)
(12.0192 0 0.337852)
(12.1591 0 0.347806)
(12.2993 0 0.356935)
(12.4394 0 0.365234)
(12.5792 0 0.372706)
(12.7182 0 0.379365)
(12.8561 0 0.385227)
(12.9927 0 0.390321)
(13.1393 0 0.394706)
(9.9959 0 0.000940733)
(10.007 0 0.00498493)
(10.0278 0 0.0103023)
(10.0578 0 0.0158512)
(10.0977 0 0.0214703)
(10.1471 0 0.0271867)
(10.2055 0 0.0329913)
(10.2725 0 0.0388501)
(10.3476 0 0.0447312)
(10.4303 0 0.0506088)
(10.52 0 0.056459)
(10.6163 0 0.0622574)
(10.7187 0 0.0679784)
(10.8266 0 0.073596)
(10.9396 0 0.0790842)
(11.0571 0 0.0844175)
(11.1786 0 0.089571)
(11.3035 0 0.0945217)
(11.4315 0 0.0992484)
(11.5618 0 0.103732)
(11.6942 0 0.107957)
(11.828 0 0.111909)
(11.9628 0 0.115579)
(12.0982 0 0.11896)
(12.2337 0 0.122048)
(12.369 0 0.124842)
(12.5037 0 0.127344)
(12.6375 0 0.12956)
(12.77 0 0.131493)
(12.9124 0 0.133174)
(9.49987 0 13.0596)
(6.29305 0 10.6894)
(-0.778982 0 5.66472)
(10.3754 0 11.1546)
(9.80423 0 9.80162)
(8.21534 0 8.02687)
(11.4455 0 11.0831)
(11.6492 0 10.5107)
(11.3844 0 9.6072)
(12.3264 0 10.7091)
(12.6639 0 10.537)
(12.7625 0 10.1222)
(12.8878 0 9.9858)
(13.2515 0 9.97718)
(13.4883 0 9.83915)
(13.2612 0 9.22065)
(13.6179 0 9.27836)
(13.8964 0 9.26923)
(13.5292 0 8.51286)
(13.8581 0 8.58698)
(14.129 0 8.62445)
(13.7213 0 7.86596)
(14.0164 0 7.93477)
(14.2633 0 7.98193)
(13.8558 0 7.27367)
(14.1191 0 7.33237)
(14.3403 0 7.37669)
(13.9466 0 6.73063)
(14.1824 0 6.78003)
(14.3804 0 6.81881)
(14.0032 0 6.23042)
(14.2156 0 6.27222)
(14.3939 0 6.30568)
(14.0324 0 5.76661)
(14.2249 0 5.80234)
(14.3865 0 5.83133)
(14.0388 0 5.33371)
(14.2146 0 5.36455)
(14.3621 0 5.38988)
(14.0265 0 4.92719)
(14.1879 0 4.95405)
(14.3234 0 4.97636)
(13.9986 0 4.54337)
(14.1476 0 4.56691)
(14.2727 0 4.58666)
(13.9578 0 4.1792)
(14.096 0 4.19993)
(14.2121 0 4.21748)
(13.9066 0 3.83215)
(14.0354 0 3.85045)
(14.1436 0 3.86609)
(13.8473 0 3.50009)
(13.9678 0 3.51627)
(14.0691 0 3.53021)
(13.7821 0 3.18119)
(13.8953 0 3.19549)
(13.9904 0 3.20789)
(13.7131 0 2.87383)
(13.8198 0 2.88645)
(13.9094 0 2.89745)
(13.6423 0 2.57652)
(13.7432 0 2.5876)
(13.828 0 2.59732)
(13.5716 0 2.28794)
(13.6674 0 2.29761)
(13.7479 0 2.30613)
(13.5028 0 2.00664)
(13.5941 0 2.015)
(13.6709 0 2.0224)
(13.4376 0 1.73156)
(13.5249 0 1.7387)
(13.5985 0 1.74504)
(13.3776 0 1.46088)
(13.4616 0 1.46684)
(13.5324 0 1.47215)
(13.3242 0 1.19432)
(13.4054 0 1.19917)
(13.4738 0 1.20351)
(13.2794 0 0.928263)
(13.3582 0 0.931987)
(13.4247 0 0.935329)
(13.2434 0 0.665552)
(13.3205 0 0.668251)
(13.3856 0 0.670672)
(13.219 0 0.39647)
(13.2948 0 0.397963)
(13.3587 0 0.39928)
(12.99 0 0.133804)
(13.0637 0 0.134305)
(13.126 0 0.134754)
(-2.48091 0 1.77497)
(-1.38414 0 1.74243)
(-1.62115 0 1.3409)
(-1.43878 0 1.20739)
(-1.28985 0 1.2096)
(-1.2752 0 1.14562)
(-1.28278 0 1.04123)
(-1.27747 0 0.981466)
(-1.28555 0 0.963795)
(-1.31045 0 0.949317)
(-1.33993 0 0.93184)
(-1.37129 0 0.914788)
(-1.40729 0 0.895583)
(-1.44903 0 0.868429)
(-1.49577 0 0.828814)
(-1.54706 0 0.774172)
(-1.60326 0 0.702577)
(-1.6649 0 0.612337)
(-1.73184 0 0.502623)
(-1.80266 0 0.374394)
(-1.87448 0 0.23154)
(-1.94292 0 0.0824872)
(-2.00127 0 -0.059213)
(-2.03535 0 -0.180583)
(-2.05577 0 -0.271862)
(-2.06656 0 -0.322253)
(-2.07828 0 -0.332092)
(-2.10755 0 -0.307077)
(-2.16437 0 -0.257391)
(-2.20961 0 -0.216354)
(6.0605 0 5.43213)
(3.71126 0 3.57958)
(1.61561 0 2.22544)
(-0.099066 0 1.21674)
(-0.902535 0 0.962272)
(-1.04913 0 0.936279)
(-1.05251 0 0.904926)
(-0.962179 0 0.937683)
(-0.914224 0 0.977836)
(-0.915596 0 0.97223)
(-0.91948 0 0.948197)
(-0.921906 0 0.931627)
(-0.93291 0 0.918083)
(-0.954479 0 0.89628)
(-0.983596 0 0.860575)
(-1.01883 0 0.809722)
(-1.06145 0 0.742607)
(-1.11353 0 0.65722)
(-1.17696 0 0.55191)
(-1.25282 0 0.426881)
(-1.3412 0 0.285364)
(-1.44209 0 0.13354)
(-1.55464 0 -0.0195502)
(-1.63321 0 -0.154108)
(-1.69423 0 -0.25734)
(-1.743 0 -0.310915)
(-1.78364 0 -0.320192)
(-1.82857 0 -0.291078)
(-1.89619 0 -0.22322)
(-1.95171 0 -0.157053)
(10.3088 0 7.59803)
(8.59693 0 5.83745)
(6.69444 0 4.40402)
(4.89437 0 3.23502)
(3.267 0 2.32816)
(1.89216 0 1.6348)
(0.773731 0 1.1308)
(-0.0703833 0 0.860524)
(-0.396827 0 0.8535)
(-0.456834 0 0.871579)
(-0.447357 0 0.88685)
(-0.411006 0 0.911406)
(-0.39196 0 0.925783)
(-0.391959 0 0.915331)
(-0.400081 0 0.882859)
(-0.412472 0 0.835304)
(-0.431638 0 0.773904)
(-0.460424 0 0.696142)
(-0.500419 0 0.600466)
(-0.553416 0 0.487713)
(-0.62452 0 0.359799)
(-0.731869 0 0.218518)
(-0.876452 0 0.0632235)
(-1.06658 0 -0.101279)
(-1.18487 0 -0.218363)
(-1.30048 0 -0.268432)
(-1.39346 0 -0.286602)
(-1.46457 0 -0.264943)
(-1.54512 0 -0.178725)
(-1.61601 0 -0.0756701)
(12.437 0 8.77411)
(11.562 0 7.34327)
(10.3313 0 6.03949)
(8.95664 0 4.89269)
(7.53358 0 3.91584)
(6.14141 0 3.10237)
(4.83061 0 2.43439)
(3.61887 0 1.89258)
(2.55825 0 1.47404)
(1.69545 0 1.1683)
(1.03588 0 0.972891)
(0.595094 0 0.88158)
(0.365291 0 0.860134)
(0.275162 0 0.854815)
(0.250372 0 0.841277)
(0.249568 0 0.816909)
(0.251235 0 0.776818)
(0.246875 0 0.714531)
(0.235163 0 0.629528)
(0.215193 0 0.527438)
(0.185278 0 0.415661)
(0.134921 0 0.299243)
(0.05891 0 0.182831)
(-0.0309362 0 0.0652529)
(-0.323097 0 -0.0718354)
(-0.633924 0 -0.18472)
(-0.821904 0 -0.257176)
(-0.941541 0 -0.250007)
(-1.05291 0 -0.142217)
(-1.13472 0 0.0115583)
(13.6051 0 9.09843)
(13.3135 0 8.10421)
(12.6868 0 7.06634)
(11.8285 0 6.07184)
(10.82 0 5.16309)
(9.72831 0 4.35624)
(8.60491 0 3.65173)
(7.48356 0 3.04332)
(6.39504 0 2.52649)
(5.37189 0 2.09396)
(4.43281 0 1.73829)
(3.59471 0 1.45321)
(2.88016 0 1.23226)
(2.30157 0 1.06393)
(1.85112 0 0.934816)
(1.51765 0 0.834457)
(1.29192 0 0.751471)
(1.15543 0 0.672536)
(1.08169 0 0.58959)
(1.04525 0 0.501537)
(1.02621 0 0.409474)
(1.0091 0 0.313555)
(0.983889 0 0.216685)
(0.947777 0 0.134967)
(0.877892 0 0.0813717)
(0.751953 0 0.0208976)
(0.565368 0 -0.0399793)
(0.169943 0 -0.105103)
(-0.227735 0 -0.0882525)
(-0.456907 0 0.121097)
(14.2332 0 8.92731)
(14.3067 0 8.31835)
(14.1288 0 7.58068)
(13.7194 0 6.80093)
(13.1237 0 6.03023)
(12.3927 0 5.29937)
(11.571 0 4.62571)
(10.6938 0 4.01766)
(9.78998 0 3.47778)
(8.8845 0 3.00312)
(7.99653 0 2.58923)
(7.14225 0 2.23129)
(6.33768 0 1.92353)
(5.59658 0 1.65914)
(4.92682 0 1.43106)
(4.33254 0 1.23178)
(3.81551 0 1.05237)
(3.37167 0 0.884117)
(2.99278 0 0.722493)
(2.67519 0 0.56867)
(2.42222 0 0.426859)
(2.23593 0 0.301485)
(2.10981 0 0.197495)
(2.02883 0 0.121853)
(1.97155 0 0.0733868)
(1.91726 0 0.0512647)
(1.83707 0 0.0644887)
(1.6883 0 0.111286)
(1.53265 0 0.146379)
(0.990826 0 0.273098)
(14.5445 0 8.5037)
(14.8202 0 8.17211)
(14.9393 0 7.69512)
(14.8687 0 7.13248)
(14.6193 0 6.52896)
(14.2229 0 5.91808)
(13.712 0 5.32386)
(13.1152 0 4.7619)
(12.4573 0 4.2409)
(11.7599 0 3.76427)
(11.0416 0 3.33264)
(10.3184 0 2.94467)
(9.60415 0 2.59714)
(8.91065 0 2.28561)
(8.24709 0 2.00529)
(7.62021 0 1.75115)
(7.03463 0 1.51791)
(6.4919 0 1.30078)
(5.99031 0 1.09612)
(5.52614 0 0.900987)
(5.09438 0 0.713351)
(4.68975 0 0.534215)
(4.31131 0 0.370278)
(3.96764 0 0.233767)
(3.6746 0 0.13728)
(3.44345 0 0.0911797)
(3.26661 0 0.0994956)
(3.11697 0 0.157118)
(2.98936 0 0.25841)
(2.64652 0 0.425264)
(14.6834 0 7.96808)
(15.0482 0 7.81102)
(15.3372 0 7.52827)
(15.493 0 7.15079)
(15.5023 0 6.70963)
(15.3784 0 6.23239)
(15.1405 0 5.74191)
(14.8072 0 5.2555)
(14.3967 0 4.78515)
(13.9265 0 4.33839)
(13.4128 0 3.9195)
(12.8698 0 3.53022)
(12.31 0 3.17021)
(11.7442 0 2.83771)
(11.1813 0 2.53024)
(10.6281 0 2.24497)
(10.0898 0 1.97895)
(9.56932 0 1.72949)
(9.06743 0 1.49457)
(8.58274 0 1.27305)
(8.11227 0 1.06504)
(7.65192 0 0.872187)
(7.19727 0 0.697248)
(6.74494 0 0.543534)
(6.29502 0 0.415529)
(5.85529 0 0.3217)
(5.44293 0 0.274457)
(5.07884 0 0.286243)
(4.78508 0 0.368907)
(4.41922 0 0.537819)
(14.7339 0 7.40629)
(15.1194 0 7.34589)
(15.4859 0 7.19095)
(15.772 0 6.95234)
(15.9522 0 6.64727)
(16.0268 0 6.29414)
(16.0031 0 5.91045)
(15.89 0 5.51144)
(15.6983 0 5.10928)
(15.4398 0 4.71302)
(15.1267 0 4.3289)
(14.7704 0 3.96082)
(14.3815 0 3.61074)
(13.969 0 3.27913)
(13.5409 0 2.96559)
(13.1036 0 2.66916)
(12.6617 0 2.38871)
(12.2186 0 2.12327)
(11.7757 0 1.87244)
(11.333 0 1.63659)
(10.8894 0 1.41696)
(10.4422 0 1.21557)
(9.98837 0 1.0351)
(9.52493 0 0.878723)
(9.04973 0 0.749793)
(8.56287 0 0.651907)
(8.06868 0 0.589293)
(7.57912 0 0.568626)
(7.12249 0 0.60264)
(6.59692 0 0.715385)
(14.7387 0 6.86173)
(15.1108 0 6.84868)
(15.4968 0 6.7691)
(15.8424 0 6.62384)
(16.1195 0 6.42036)
(16.3216 0 6.16882)
(16.4484 0 5.88045)
(16.5012 0 5.56645)
(16.4841 0 5.23699)
(16.4032 0 4.90058)
(16.2661 0 4.56387)
(16.0805 0 4.23177)
(15.8541 0 3.90764)
(15.5942 0 3.59355)
(15.307 0 3.29067)
(14.9978 0 2.99961)
(14.6706 0 2.72076)
(14.3284 0 2.45458)
(13.973 0 2.20195)
(13.605 0 1.96426)
(13.2241 0 1.7435)
(12.8294 0 1.54223)
(12.4192 0 1.36339)
(11.9921 0 1.21006)
(11.5469 0 1.08501)
(11.0832 0 0.99051)
(10.6026 0 0.928489)
(10.1104 0 0.901182)
(9.62461 0 0.912624)
(9.03227 0 0.972984)
(14.7179 0 6.34985)
(15.0635 0 6.35748)
(15.4386 0 6.31871)
(15.7987 0 6.23094)
(16.1187 0 6.0966)
(16.3904 0 5.92039)
(16.61 0 5.70846)
(16.7746 0 5.46792)
(16.8833 0 5.20603)
(16.9376 0 4.9296)
(16.9409 0 4.64454)
(16.8972 0 4.35573)
(16.8114 0 4.06701)
(16.6882 0 3.78131)
(16.5319 0 3.50082)
(16.3464 0 3.22727)
(16.1348 0 2.96216)
(15.8996 0 2.70705)
(15.6424 0 2.46373)
(15.364 0 2.23435)
(15.0649 0 2.02149)
(14.7449 0 1.82806)
(14.4037 0 1.65714)
(14.0411 0 1.51168)
(13.6571 0 1.39415)
(13.2523 0 1.30628)
(12.8285 0 1.24886)
(12.3892 0 1.22171)
(11.9476 0 1.22335)
(11.3886 0 1.25075)
(14.6802 0 5.87275)
(14.9969 0 5.88846)
(15.3486 0 5.87073)
(15.6992 0 5.81652)
(16.0282 0 5.7263)
(16.3286 0 5.60197)
(16.596 0 5.44653)
(16.8261 0 5.26397)
(17.0154 0 5.05895)
(17.1624 0 4.83628)
(17.2674 0 4.60058)
(17.3316 0 4.35601)
(17.3571 0 4.10625)
(17.3462 0 3.85439)
(17.3014 0 3.6031)
(17.225 0 3.35473)
(17.1192 0 3.11148)
(16.9855 0 2.87558)
(16.8252 0 2.64944)
(16.6392 0 2.43571)
(16.4282 0 2.23733)
(16.1926 0 2.05741)
(15.9329 0 1.89905)
(15.6498 0 1.7651)
(15.3441 0 1.65783)
(15.0172 0 1.57858)
(14.6714 0 1.52741)
(14.31 0 1.50264)
(13.9431 0 1.49981)
(13.4662 0 1.50913)
(14.6299 0 5.42768)
(14.9196 0 5.4461)
(15.2448 0 5.43921)
(15.5758 0 5.40444)
(15.8958 0 5.34168)
(16.1999 0 5.25167)
(16.4846 0 5.1358)
(16.7457 0 4.99622)
(16.9792 0 4.83573)
(17.1824 0 4.65748)
(17.3535 0 4.4648)
(17.492 0 4.26095)
(17.5979 0 4.049)
(17.6717 0 3.83185)
(17.7144 0 3.61218)
(17.7269 0 3.39252)
(17.7101 0 3.17539)
(17.665 0 2.96335)
(17.5923 0 2.7591)
(17.4927 0 2.56556)
(17.3669 0 2.38579)
(17.2157 0 2.22295)
(17.0398 0 2.08011)
(16.8405 0 1.95999)
(16.6192 0 1.86468)
(16.3778 0 1.79524)
(16.1187 0 1.75129)
(15.8447 0 1.73038)
(15.5635 0 1.7269)
(15.1882 0 1.72896)
(14.569 0 5.01062)
(14.835 0 5.02959)
(15.1349 0 5.02861)
(15.4436 0 5.00558)
(15.747 0 4.96025)
(16.0418 0 4.89296)
(16.3259 0 4.80439)
(16.596 0 4.69572)
(16.8483 0 4.56864)
(17.0799 0 4.42524)
(17.2885 0 4.26781)
(17.4725 0 4.09878)
(17.631 0 3.92063)
(17.7632 0 3.73583)
(17.8689 0 3.54682)
(17.948 0 3.35606)
(18.0007 0 3.16605)
(18.0272 0 2.97943)
(18.0277 0 2.79894)
(18.0027 0 2.62753)
(17.9527 0 2.46823)
(17.8786 0 2.32412)
(17.7813 0 2.19814)
(17.6622 0 2.09287)
(17.523 0 2.01022)
(17.3658 0 1.95111)
(17.1927 0 1.91497)
(17.0063 0 1.89919)
(16.8117 0 1.89823)
(16.543 0 1.90064)
(14.4993 0 4.6177)
(14.7446 0 4.63637)
(15.0218 0 4.63887)
(15.3089 0 4.62345)
(15.5937 0 4.58983)
(15.874 0 4.53817)
(16.1487 0 4.46884)
(16.4153 0 4.38253)
(16.6708 0 4.28034)
(16.9126 0 4.16369)
(17.1385 0 4.03422)
(17.3466 0 3.89376)
(17.5355 0 3.74426)
(17.7039 0 3.58779)
(17.851 0 3.42646)
(17.9762 0 3.26253)
(18.079 0 3.09833)
(18.1591 0 2.93636)
(18.2165 0 2.77927)
(18.2514 0 2.62985)
(18.2641 0 2.49098)
(18.2554 0 2.36558)
(18.2264 0 2.25639)
(18.1783 0 2.16582)
(18.1129 0 2.09565)
(18.0323 0 2.04671)
(17.9384 0 2.01852)
(17.833 0 2.00872)
(17.7195 0 2.01255)
(17.5535 0 2.02019)
(14.4222 0 4.24561)
(14.6495 0 4.2636)
(14.9067 0 4.26829)
(15.174 0 4.25816)
(15.4407 0 4.23293)
(15.7053 0 4.19265)
(15.9671 0 4.13748)
(16.2245 0 4.06789)
(16.4751 0 3.98462)
(16.7166 0 3.88868)
(16.9472 0 3.78133)
(17.1651 0 3.66398)
(17.3689 0 3.5382)
(17.5572 0 3.40571)
(17.729 0 3.26836)
(17.8833 0 3.12812)
(18.0195 0 2.98713)
(18.1371 0 2.84765)
(18.2358 0 2.71214)
(18.3156 0 2.58316)
(18.3769 0 2.46337)
(18.4202 0 2.35545)
(18.4465 0 2.26192)
(18.4572 0 2.185)
(18.4539 0 2.12636)
(18.4385 0 2.08686)
(18.4126 0 2.06621)
(18.3778 0 2.0626)
(18.3356 0 2.07236)
(18.2627 0 2.08779)
(14.3393 0 3.89158)
(14.5509 0 3.9087)
(14.7904 0 3.91478)
(15.04 0 3.9085)
(15.2901 0 3.88958)
(15.5394 0 3.85798)
(15.7877 0 3.81375)
(16.0338 0 3.75718)
(16.2758 0 3.68879)
(16.5119 0 3.60933)
(16.7404 0 3.51979)
(16.9599 0 3.42129)
(17.169 0 3.31514)
(17.3664 0 3.20279)
(17.5512 0 3.08584)
(17.7225 0 2.96604)
(17.8794 0 2.84527)
(18.0214 0 2.72559)
(18.1483 0 2.60919)
(18.2599 0 2.49841)
(18.3566 0 2.39564)
(18.4389 0 2.3033)
(18.5077 0 2.22368)
(18.5643 0 2.15881)
(18.6102 0 2.1103)
(18.6471 0 2.07905)
(18.6764 0 2.06507)
(18.6995 0 2.06719)
(18.7169 0 2.08294)
(18.7239 0 2.1068)
(14.2521 0 3.55327)
(14.4498 0 3.5694)
(14.6738 0 3.57633)
(14.9077 0 3.57292)
(15.1428 0 3.55887)
(15.3779 0 3.53411)
(15.6132 0 3.4986)
(15.8478 0 3.45251)
(16.0801 0 3.39619)
(16.3085 0 3.33023)
(16.5317 0 3.25538)
(16.7484 0 3.17257)
(16.9575 0 3.08289)
(17.1579 0 2.98757)
(17.3485 0 2.88801)
(17.5287 0 2.78573)
(17.6976 0 2.68242)
(17.8549 0 2.57991)
(18.0001 0 2.48014)
(18.1334 0 2.3852)
(18.2549 0 2.29724)
(18.3652 0 2.2184)
(18.4651 0 2.15077)
(18.5559 0 2.0962)
(18.6389 0 2.05623)
(18.7157 0 2.03185)
(18.7877 0 2.02339)
(18.8559 0 2.0303)
(18.9207 0 2.05122)
(18.993 0 2.08265)
(14.1622 0 3.2287)
(14.3478 0 3.24377)
(14.558 0 3.25115)
(14.778 0 3.24985)
(14.9995 0 3.23961)
(15.2217 0 3.22031)
(15.445 0 3.19188)
(15.6685 0 3.15439)
(15.891 0 3.10808)
(16.1112 0 3.05339)
(16.3279 0 2.9909)
(16.5399 0 2.92138)
(16.7464 0 2.84574)
(16.9463 0 2.76502)
(17.1387 0 2.68042)
(17.3231 0 2.59329)
(17.4987 0 2.5051)
(17.6651 0 2.41747)
(17.8222 0 2.33213)
(17.9698 0 2.25092)
(18.1084 0 2.17574)
(18.2383 0 2.10851)
(18.3605 0 2.0511)
(18.476 0 2.00521)
(18.5861 0 1.97231)
(18.6923 0 1.95347)
(18.7961 0 1.9493)
(18.8983 0 1.95982)
(18.9991 0 1.98459)
(19.1227 0 2.02181)
(14.0713 0 2.91615)
(14.2461 0 2.93008)
(14.4442 0 2.9376)
(14.6517 0 2.93785)
(14.8611 0 2.93058)
(15.0717 0 2.91567)
(15.2839 0 2.89302)
(15.4972 0 2.86264)
(15.7104 0 2.82471)
(15.9224 0 2.77953)
(16.1322 0 2.72756)
(16.3389 0 2.66943)
(16.5416 0 2.60588)
(16.7393 0 2.5378)
(16.9315 0 2.46621)
(17.1174 0 2.39229)
(17.2965 0 2.31731)
(17.4685 0 2.24269)
(17.6331 0 2.16995)
(17.7905 0 2.1007)
(17.9408 0 2.03663)
(18.0846 0 1.97943)
(18.2226 0 1.93077)
(18.3559 0 1.89222)
(18.4857 0 1.86517)
(18.6133 0 1.85076)
(18.7402 0 1.8498)
(18.8675 0 1.86277)
(18.9952 0 1.8899)
(19.1577 0 1.93072)
(13.9812 0 2.61402)
(14.1464 0 2.62678)
(14.3337 0 2.6342)
(14.5302 0 2.63552)
(14.7288 0 2.63055)
(14.929 0 2.61915)
(15.1311 0 2.60123)
(15.3349 0 2.57677)
(15.5395 0 2.54586)
(15.7437 0 2.50874)
(15.9468 0 2.46577)
(16.148 0 2.41743)
(16.3463 0 2.36436)
(16.5412 0 2.30728)
(16.732 0 2.24708)
(16.918 0 2.18474)
(17.0988 0 2.12137)
(17.2741 0 2.0582)
(17.4438 0 1.99655)
(17.6078 0 1.93782)
(17.7665 0 1.8835)
(17.9203 0 1.83506)
(18.0698 0 1.79402)
(18.2162 0 1.76177)
(18.3604 0 1.73965)
(18.5039 0 1.72881)
(18.6478 0 1.73019)
(18.7936 0 1.74459)
(18.9414 0 1.7727)
(19.1331 0 1.81495)
(13.8933 0 2.32092)
(14.0502 0 2.33247)
(14.2279 0 2.33958)
(14.4146 0 2.34161)
(14.6037 0 2.33839)
(14.7945 0 2.3298)
(14.9877 0 2.31574)
(15.1829 0 2.29618)
(15.3795 0 2.27117)
(15.5765 0 2.24088)
(15.7732 0 2.2056)
(15.9689 0 2.16571)
(16.1629 0 2.12172)
(16.3546 0 2.07425)
(16.5433 0 2.02401)
(16.7286 0 1.97186)
(16.91 0 1.91874)
(17.0873 0 1.86569)
(17.2604 0 1.81385)
(17.4292 0 1.76445)
(17.594 0 1.71875)
(17.7552 0 1.67807)
(17.9134 0 1.64372)
(18.0696 0 1.61699)
(18.2248 0 1.59909)
(18.3802 0 1.59116)
(18.5371 0 1.59423)
(18.6969 0 1.60925)
(18.8599 0 1.63718)
(19.0737 0 1.67901)
(13.8095 0 2.03536)
(13.959 0 2.04566)
(14.1284 0 2.05229)
(14.3065 0 2.05473)
(14.4871 0 2.05281)
(14.6696 0 2.04644)
(14.8547 0 2.03553)
(15.0423 0 2.02002)
(15.2316 0 1.99996)
(15.422 0 1.97547)
(15.6128 0 1.94676)
(15.8033 0 1.91415)
(15.993 0 1.87803)
(16.1814 0 1.83892)
(16.3678 0 1.79743)
(16.5519 0 1.75424)
(16.7332 0 1.71016)
(16.9116 0 1.66607)
(17.0869 0 1.62295)
(17.2591 0 1.58183)
(17.4285 0 1.5438)
(17.5953 0 1.51)
(17.7603 0 1.48159)
(17.9242 0 1.4597)
(18.0879 0 1.44545)
(18.2526 0 1.43992)
(18.4197 0 1.44415)
(18.5905 0 1.45914)
(18.7655 0 1.48597)
(18.9964 0 1.52592)
(13.7312 0 1.75622)
(13.8743 0 1.76524)
(14.0364 0 1.77127)
(14.207 0 1.77386)
(14.3802 0 1.77289)
(14.5555 0 1.76826)
(14.7335 0 1.7599)
(14.9143 0 1.74776)
(15.0972 0 1.73185)
(15.2816 0 1.71228)
(15.4669 0 1.6892)
(15.6527 0 1.66286)
(15.8383 0 1.63358)
(16.0234 0 1.60178)
(16.2074 0 1.56795)
(16.39 0 1.53266)
(16.5708 0 1.49658)
(16.7496 0 1.46044)
(16.9264 0 1.42506)
(17.101 0 1.39131)
(17.2738 0 1.36013)
(17.445 0 1.33247)
(17.6151 0 1.30933)
(17.785 0 1.29172)
(17.9556 0 1.28063)
(18.1278 0 1.27706)
(18.303 0 1.28198)
(18.4827 0 1.2964)
(18.6674 0 1.32141)
(18.9118 0 1.35833)
(13.66 0 1.48158)
(13.7976 0 1.4893)
(13.9534 0 1.49461)
(14.1176 0 1.49715)
(14.2845 0 1.4968)
(14.4535 0 1.49351)
(14.6254 0 1.48721)
(14.8002 0 1.47785)
(14.9774 0 1.46543)
(15.1565 0 1.45003)
(15.337 0 1.43178)
(15.5185 0 1.41085)
(15.7004 0 1.38751)
(15.8824 0 1.36209)
(16.0641 0 1.33498)
(16.245 0 1.30665)
(16.425 0 1.27763)
(16.6038 0 1.24854)
(16.7814 0 1.22004)
(16.9577 0 1.19286)
(17.1329 0 1.16776)
(17.3074 0 1.14555)
(17.4816 0 1.12709)
(17.6562 0 1.11321)
(17.8322 0 1.10481)
(18.0104 0 1.10275)
(18.1922 0 1.10793)
(18.3791 0 1.1213)
(18.5718 0 1.14385)
(18.8269 0 1.17691)
(13.5973 0 1.21125)
(13.7302 0 1.21765)
(13.8808 0 1.22216)
(14.0396 0 1.22448)
(14.2011 0 1.22454)
(14.3649 0 1.22229)
(14.5316 0 1.21767)
(14.7013 0 1.21063)
(14.8737 0 1.20119)
(15.0483 0 1.18938)
(15.2246 0 1.1753)
(15.4022 0 1.15911)
(15.5808 0 1.14099)
(15.76 0 1.12121)
(15.9394 0 1.10006)
(16.1188 0 1.07793)
(16.2978 0 1.05524)
(16.4763 0 1.03247)
(16.6542 0 1.01015)
(16.8316 0 0.988866)
(17.0086 0 0.96924)
(17.1855 0 0.951931)
(17.3628 0 0.937629)
(17.5411 0 0.927045)
(17.7212 0 0.920913)
(17.9042 0 0.919984)
(18.0913 0 0.92504)
(18.284 0 0.936907)
(18.4831 0 0.956471)
(18.747 0 0.984956)
(13.5446 0 0.941336)
(13.6738 0 0.946357)
(13.8201 0 0.949949)
(13.9745 0 0.951892)
(14.1316 0 0.952128)
(14.2911 0 0.95062)
(14.4535 0 0.947319)
(14.6191 0 0.942193)
(14.7875 0 0.935242)
(14.9583 0 0.926499)
(15.1311 0 0.916036)
(15.3055 0 0.903958)
(15.4813 0 0.890414)
(15.658 0 0.875593)
(15.8355 0 0.859731)
(16.0133 0 0.843106)
(16.1913 0 0.826044)
(16.3693 0 0.80891)
(16.5473 0 0.792113)
(16.7253 0 0.776102)
(16.9035 0 0.761357)
(17.0821 0 0.748392)
(17.2616 0 0.737747)
(17.4426 0 0.729984)
(17.6259 0 0.725691)
(17.8125 0 0.725477)
(18.0037 0 0.729989)
(18.2009 0 0.739918)
(18.4051 0 0.756018)
(18.6754 0 0.779403)
(13.503 0 0.675019)
(13.6293 0 0.678712)
(13.7723 0 0.681411)
(13.9233 0 0.682946)
(14.0771 0 0.683284)
(14.2331 0 0.682402)
(14.3923 0 0.680267)
(14.5546 0 0.676854)
(14.7199 0 0.672159)
(14.8877 0 0.666208)
(15.0577 0 0.659046)
(15.2296 0 0.650748)
(15.4031 0 0.641415)
(15.5778 0 0.63118)
(15.7536 0 0.620207)
(15.9301 0 0.608692)
(16.1072 0 0.596862)
(16.2847 0 0.584976)
(16.4626 0 0.573325)
(16.6409 0 0.562226)
(16.8197 0 0.552023)
(16.9994 0 0.543083)
(17.1804 0 0.535796)
(17.3633 0 0.530573)
(17.5489 0 0.527844)
(17.7381 0 0.528067)
(17.9323 0 0.531731)
(18.1328 0 0.539375)
(18.3409 0 0.551598)
(18.6165 0 0.569332)
(13.4741 0 0.401736)
(13.5983 0 0.403962)
(13.739 0 0.4056)
(13.8875 0 0.406505)
(14.0389 0 0.406679)
(14.1925 0 0.406122)
(14.3493 0 0.404816)
(14.5093 0 0.402745)
(14.6723 0 0.399909)
(14.838 0 0.396321)
(15.0059 0 0.392013)
(15.1759 0 0.387027)
(15.3476 0 0.381426)
(15.5208 0 0.37529)
(15.6953 0 0.368716)
(15.8707 0 0.361822)
(16.047 0 0.354745)
(16.2239 0 0.347642)
(16.4015 0 0.340685)
(16.5797 0 0.334069)
(16.7588 0 0.327999)
(16.939 0 0.322699)
(17.1208 0 0.318407)
(17.3048 0 0.315373)
(17.4916 0 0.313865)
(17.6824 0 0.31417)
(17.8784 0 0.316608)
(18.0811 0 0.321556)
(18.2917 0 0.329496)
(18.5698 0 0.341431)
(13.2382 0 0.135714)
(13.3588 0 0.136704)
(13.4955 0 0.137488)
(13.64 0 0.138001)
(13.7873 0 0.138252)
(13.9369 0 0.138247)
(14.0896 0 0.13798)
(14.2454 0 0.137443)
(14.4042 0 0.136633)
(14.5656 0 0.135557)
(14.7292 0 0.134222)
(14.8949 0 0.132645)
(15.0623 0 0.130847)
(15.2311 0 0.128854)
(15.4011 0 0.126701)
(15.5721 0 0.12443)
(15.7439 0 0.122089)
(15.9164 0 0.119732)
(16.0895 0 0.117423)
(16.2633 0 0.115228)
(16.4379 0 0.113224)
(16.6138 0 0.111488)
(16.7912 0 0.110107)
(16.9708 0 0.109172)
(17.1535 0 0.108779)
(17.3402 0 0.109036)
(17.5324 0 0.110065)
(17.7316 0 0.112028)
(17.9397 0 0.115162)
(18.2167 0 0.120201)
)
;

boundaryField
{
    inlet
    {
        type            fixedValue;
        value           uniform (10 0 0);
    }
    outlet
    {
        type            zeroGradient;
    }
    flap
    {
        type            movingWallVelocity;
        value           nonuniform List<vector> 
33
(
(0 0 6.93889e-16)
(0 0 0)
(0 0 0)
(0 0 0)
(0 0 0)
(0 0 0)
(0 0 0)
(0 0 0)
(0 0 0)
(0 0 0)
(0 0 0)
(0 0 -1.11022e-14)
(0 0 -1.11022e-14)
(0 0 -1.11022e-14)
(0 0 -2.22045e-14)
(6.93889e-16 -2.77556e-15 0)
(0 -2.77556e-15 0)
(0 0 0)
(0 0 6.93889e-16)
(0 0 0)
(0 0 0)
(0 0 0)
(0 0 0)
(0 0 0)
(0 0 -5.55112e-15)
(0 0 0)
(0 0 -1.11022e-14)
(0 0 0)
(0 0 0)
(0 0 0)
(0 0 0)
(0 -2.77556e-15 -1.11022e-14)
(0 0 -1.11022e-14)
)
;
    }
    upperWall
    {
        type            noSlip;
    }
    lowerWall
    {
        type            noSlip;
    }
    frontAndBack
    {
        type            empty;
    }
}


// ************************************************************************* //
