/*--------------------------------*- C++ -*----------------------------------*\
  =========                 |
  \\      /  F ield         | OpenFOAM: The Open Source CFD Toolbox
   \\    /   O peration     | Website:  https://openfoam.org
    \\  /    A nd           | Version:  dev
     \\/     M anipulation  |
\*---------------------------------------------------------------------------*/
FoamFile
{
    version     2.0;
    format      ascii;
    class       surfaceScalarField;
    location    "2.1";
    object      phi;
}
// * * * * * * * * * * * * * * * * * * * * * * * * * * * * * * * * * * * * * //

dimensions      [0 3 -1 0 0 0 0];

internalField   nonuniform List<scalar> 
5457
(
0.198417
0.00158262
0.19648
0.0019378
0.194191
0.00228867
0.191507
0.00268429
0.188425
0.003082
0.184947
0.00347763
0.181068
0.00387947
0.176773
0.00429492
0.172043
0.00472911
0.166857
0.00518607
0.161188
0.00566929
0.155006
0.00618174
0.148281
0.00672557
0.140979
0.00730182
0.133069
0.00790985
0.124522
0.00854666
0.115317
0.00920595
0.105439
0.00987708
0.0948956
0.0105438
0.0837125
0.0111831
0.0719485
0.0117641
0.0597009
0.0122476
0.047113
0.0125879
0.0343738
0.0127392
0.02168
0.0126938
0.0090319
0.0126481
-0.00291656
0.0119485
-0.00846983
0.00555327
-0.00804
-0.000429822
-0.00804
0.199928
0.0016547
0.199175
0.00269068
0.197964
0.00350021
0.19633
0.0043182
0.194269
0.00514287
0.191778
0.00596858
0.18885
0.00680737
0.185472
0.00767271
0.181626
0.00857493
0.17729
0.00952235
0.172437
0.0105222
0.167038
0.0115808
0.161061
0.012703
0.154471
0.0138913
0.147236
0.0151453
0.139322
0.01646
0.130704
0.017824
0.121364
0.0192172
0.111299
0.0206085
0.10053
0.0219526
0.0891059
0.023188
0.0771189
0.0242346
0.0647137
0.024993
0.0521072
0.0253457
0.0396481
0.0251529
0.0280992
0.024197
0.0185879
0.0214597
0.00879041
0.0153508
0.00118062
0.00717997
-0.00685939
0.19978
0.00187437
0.199086
0.00338495
0.197945
0.00464173
0.196407
0.00585553
0.19448
0.00706982
0.19216
0.00828851
0.189442
0.00952571
0.186316
0.0107991
0.182767
0.0121237
0.178777
0.0135121
0.174324
0.0149752
0.169382
0.0165226
0.163923
0.0181622
0.157915
0.019899
0.151327
0.021734
0.144125
0.0236621
0.136279
0.0256696
0.127765
0.0277311
0.118569
0.0298052
0.108691
0.0318302
0.0981596
0.0337194
0.087038
0.0353563
0.075442
0.036589
0.0635657
0.037222
0.0517248
0.0369938
0.0403903
0.0355314
0.0297326
0.0321175
0.0191617
0.0259216
0.00959369
0.016748
0.00273431
0.199703
0.00217154
0.199007
0.0040807
0.197886
0.00576286
0.196374
0.00736717
0.194485
0.00895875
0.192219
0.0105554
0.18957
0.0121743
0.186533
0.013836
0.183098
0.0155591
0.17925
0.0173595
0.174974
0.019251
0.170251
0.021246
0.165059
0.0233545
0.159374
0.0255837
0.153172
0.0279361
0.146426
0.0304075
0.139112
0.032984
0.131205
0.0356383
0.122686
0.0383241
0.113545
0.0409707
0.103789
0.0434758
0.0934471
0.0456982
0.0825866
0.0474495
0.0713247
0.0484839
0.0598337
0.0484849
0.0483106
0.0470545
0.0368056
0.0436225
0.0251839
0.0375434
0.0133331
0.0285988
0.0160674
0.199667
0.00250437
0.198963
0.00478441
0.197862
0.00686478
0.196379
0.00884959
0.19453
0.0108084
0.192314
0.0127709
0.189729
0.0147591
0.18677
0.0167956
0.183427
0.0189017
0.17969
0.0210961
0.175547
0.0233948
0.170981
0.0258118
0.165976
0.028359
0.160515
0.0310445
0.15458
0.033872
0.148149
0.0368383
0.141203
0.0399299
0.133721
0.0431197
0.125685
0.0463607
0.117076
0.0495796
0.107883
0.0526686
0.0981049
0.0554764
0.0877559
0.0577985
0.0768709
0.0593689
0.0655019
0.0598538
0.0537023
0.0588542
0.0414493
0.0558755
0.0285843
0.0504084
0.0148505
0.0423327
0.0309178
0.199653
0.00285182
0.198948
0.00548892
0.197869
0.00794335
0.196425
0.0102945
0.194624
0.0126092
0.192469
0.0149254
0.189959
0.0172697
0.187087
0.0196674
0.183847
0.022142
0.180228
0.0247143
0.176221
0.0274022
0.171811
0.0302213
0.166986
0.0331845
0.161729
0.0363011
0.156026
0.0395754
0.149859
0.0430052
0.143211
0.0465783
0.136061
0.050269
0.12839
0.0540326
0.12017
0.0577987
0.111377
0.0614622
0.101979
0.0648743
0.0919458
0.0678316
0.0812462
0.0700685
0.0698476
0.0712524
0.0577115
0.0709903
0.0447565
0.0688305
0.0308462
0.0643186
0.0158716
0.0573072
0.0467895
0.19965
0.00320201
0.198953
0.00618536
0.197903
0.0089936
0.196503
0.011695
0.19476
0.0143523
0.192677
0.0170083
0.190252
0.0196943
0.187481
0.0224381
0.184358
0.0252652
0.180874
0.0281983
0.177019
0.0312572
0.172782
0.0344589
0.168149
0.0378175
0.163107
0.0413434
0.15764
0.0450422
0.151732
0.0489131
0.145364
0.052946
0.138515
0.0571184
0.131157
0.0613906
0.123256
0.0656989
0.114771
0.0699481
0.105644
0.074001
0.0958072
0.0776682
0.0851781
0.0806977
0.0736616
0.0827689
0.0611563
0.0834957
0.0475514
0.0824353
0.0327561
0.0791139
0.0167816
0.0732817
0.0635711
0.199654
0.00354761
0.198974
0.00686594
0.197957
0.01001
0.196608
0.0130445
0.194931
0.0160293
0.192929
0.0190099
0.190602
0.0220214
0.187946
0.0250944
0.184955
0.0282562
0.181622
0.0315315
0.177937
0.0349416
0.173891
0.0385052
0.16947
0.0422379
0.164662
0.0461516
0.159451
0.0502538
0.153818
0.0545459
0.147742
0.0590215
0.141198
0.0636631
0.134149
0.0684386
0.126553
0.0732951
0.118349
0.0781524
0.109457
0.0828926
0.0997761
0.0873494
0.0891786
0.0912952
0.0775183
0.0944293
0.0646423
0.0963716
0.050414
0.0966636
0.0347661
0.0947618
0.0177889
0.0902589
0.08136
0.199664
0.00388369
0.199006
0.00752421
0.198029
0.0109869
0.196737
0.0143367
0.195134
0.0176322
0.193223
0.0209207
0.191004
0.0242404
0.188474
0.0276241
0.185629
0.0311014
0.182462
0.0346983
0.178965
0.0384382
0.175129
0.0423413
0.170942
0.0464249
0.166391
0.050703
0.161459
0.0551857
0.156127
0.0598779
0.15037
0.0647782
0.144157
0.0698762
0.137446
0.0751499
0.13018
0.0805611
0.122283
0.0860492
0.113653
0.0915225
0.104157
0.0968462
0.0936243
0.101828
0.0818573
0.106196
0.0686443
0.109585
0.0537989
0.111509
0.037235
0.111326
0.0190828
0.108411
0.100443
0.199677
0.00420673
0.199046
0.00815493
0.198114
0.0119189
0.196885
0.0155658
0.195363
0.0191541
0.193552
0.0227324
0.191451
0.0263414
0.189059
0.0300161
0.186372
0.0337878
0.183386
0.0376844
0.180094
0.0417307
0.176486
0.0459487
0.172553
0.0503577
0.168282
0.0549742
0.163656
0.0598115
0.158655
0.064879
0.153252
0.0701814
0.147411
0.0757174
0.141083
0.0814776
0.134203
0.0874414
0.12668
0.0935726
0.11839
0.099812
0.10917
0.106066
0.0988086
0.112189
0.0870445
0.11796
0.0735847
0.123044
0.058146
0.126948
0.0405513
0.12892
0.0209015
0.128061
0.121344
0.199693
0.00451406
0.199094
0.0087538
0.198212
0.0128012
0.197051
0.0167264
0.195617
0.0205884
0.193912
0.0244373
0.191938
0.0283156
0.189693
0.0322603
0.187177
0.0363042
0.184385
0.0404767
0.181311
0.0448043
0.177949
0.0493106
0.17429
0.054017
0.170321
0.0589428
0.166028
0.0641047
0.16139
0.0695174
0.156378
0.0751926
0.150957
0.0811391
0.145073
0.0873617
0.138654
0.0938603
0.1316
0.100627
0.123772
0.10764
0.11498
0.114857
0.10497
0.1222
0.0934099
0.129521
0.0798928
0.136562
0.0639663
0.142874
0.0452358
0.147651
0.0236132
0.149683
0.144957
0.19971
0.00480364
0.199147
0.00931731
0.198319
0.0136294
0.197231
0.0178135
0.19589
0.0219296
0.194299
0.0260288
0.192459
0.0301553
0.190372
0.0343477
0.188035
0.0386403
0.185448
0.0430638
0.182607
0.0476458
0.179506
0.0524118
0.176137
0.0573853
0.172492
0.0625879
0.168557
0.0680402
0.164312
0.0737619
0.159733
0.0797722
0.154781
0.0860904
0.149407
0.0927361
0.143537
0.0997302
0.137069
0.107095
0.129858
0.114851
0.121697
0.123018
0.1123
0.131597
0.101263
0.140557
0.0880401
0.149784
0.0719231
0.158991
0.0520902
0.167484
0.0278899
0.173884
0.172847
0.19973
0.00507384
0.199205
0.00984259
0.198434
0.0144002
0.197424
0.018823
0.196181
0.0231726
0.194709
0.0275012
0.19301
0.031854
0.191087
0.036271
0.18894
0.0407877
0.186568
0.0454357
0.183969
0.0502441
0.181142
0.0552394
0.17808
0.060447
0.174777
0.0658908
0.171222
0.0715949
0.167401
0.0775837
0.16329
0.083883
0.158858
0.0905218
0.154061
0.0975337
0.148831
0.10496
0.143075
0.112851
0.136655
0.121271
0.12937
0.130303
0.120924
0.140044
0.11087
0.150611
0.0985378
0.162117
0.082904
0.174625
0.0624453
0.187943
0.0351354
0.201194
0.207983
0.19975
0.0053234
0.199266
0.0103273
0.198556
0.0151103
0.197627
0.0197514
0.196486
0.0243136
0.195138
0.0288497
0.193586
0.0334062
0.191833
0.038024
0.189881
0.0427393
0.187732
0.0475847
0.185386
0.0525899
0.182843
0.0577827
0.1801
0.0631895
0.177155
0.0688363
0.174
0.0747497
0.170626
0.0809578
0.167017
0.0874921
0.16315
0.0943891
0.15899
0.101694
0.154486
0.109463
0.149564
0.117773
0.144113
0.126722
0.137965
0.13645
0.130862
0.147147
0.12239
0.159083
0.111854
0.172653
0.0980241
0.188455
0.0785574
0.207409
0.0486897
0.231061
0.256673
0.199772
0.00555137
0.19933
0.0107698
0.198682
0.0157575
0.197838
0.0205959
0.196802
0.025349
0.195582
0.0300706
0.19418
0.0348076
0.192602
0.0396018
0.190852
0.0444897
0.188932
0.0495045
0.186846
0.0546763
0.184595
0.0600335
0.182181
0.0656032
0.179605
0.0714126
0.176864
0.0774898
0.173957
0.0838654
0.170875
0.090574
0.167607
0.0976575
0.164133
0.105168
0.160425
0.113171
0.156439
0.121759
0.15211
0.131052
0.147338
0.141222
0.141964
0.15252
0.135729
0.165319
0.128161
0.180221
0.118322
0.198294
0.103962
0.221769
0.0777575
0.257266
0.33443
0.00610143
-0.00610143
0.0116642
-0.0055628
0.0164479
-0.00478365
0.0205674
-0.00411952
0.0241503
-0.00358288
0.0272924
-0.00314213
0.0300682
-0.00277582
0.0325362
-0.00246791
0.0347361
-0.0021999
0.0366854
-0.0019493
0.0383797
-0.00169435
0.0398065
-0.00142682
0.0409684
-0.00116188
0.041889
-0.000920565
0.0425783
-0.00068932
0.0430085
-0.00043017
0.0431754
-0.000166954
0.0431686
6.85481e-06
0.0430087
0.000159896
0.0427593
0.000249353
0.0424967
0.000262563
0.0423305
0.00016625
0.04235
-1.94859e-05
0.0426001
-0.000250097
0.0430783
-0.000478213
0.0437651
-0.000686776
0.0446495
-0.000884455
0.0457507
-0.00110117
0.0471085
-0.00135784
-0.00152995
0.00492581
-0.0110272
0.00973641
-0.0103734
0.013977
-0.00902423
0.0176723
-0.00781483
0.0209229
-0.00683354
0.0238095
-0.0060287
0.026392
-0.00535832
0.0287173
-0.00479322
0.0308203
-0.00430286
0.0327193
-0.00384829
0.0344106
-0.00338564
0.0358736
-0.00288991
0.0371003
-0.00238849
0.0381226
-0.00194291
0.038979
-0.00154569
0.0396421
-0.00109328
0.0401079
-0.000632812
0.040369
-0.000254232
0.040349
0.000179923
0.039955
0.00064331
0.0391332
0.00108443
0.0379392
0.00136027
0.0364876
0.00143209
0.0349425
0.00129503
0.0335054
0.000958874
0.032376
0.00044258
0.0316097
-0.000118093
0.0313084
-0.000799882
0.0317023
-0.0017518
-0.00293574
0.00369155
-0.0147188
0.00725283
-0.0139347
0.010379
-0.0121505
0.0130974
-0.0105332
0.0154691
-0.00920522
0.0175444
-0.00810405
0.0193633
-0.00717723
0.0209573
-0.00638718
0.0223527
-0.00569826
0.0235698
-0.00506539
0.0246098
-0.00442565
0.0254365
-0.00371663
0.0260035
-0.00295544
0.0263681
-0.00230751
0.0266333
-0.00181095
0.0264898
-0.000949702
0.0255025
0.000354464
0.02366
0.00158822
0.0214295
0.00241045
0.0191079
0.00296488
0.0168043
0.00338809
0.0145818
0.00358274
0.012541
0.00347288
0.0108124
0.00302362
0.00954636
0.00222492
0.00889835
0.00109058
0.00900232
-0.000222056
0.00989633
-0.0016939
0.0116348
-0.00349023
-0.00517321
0.0024287
-0.0171475
0.00458037
-0.0160863
0.00638438
-0.0139545
0.00790785
-0.0120566
0.00917467
-0.010472
0.0102037
-0.00913311
0.0110109
-0.00798436
0.0116055
-0.00698182
0.0119957
-0.00608843
0.0122025
-0.00527225
0.0122605
-0.00448362
0.0121484
-0.00360449
0.011718
-0.00252507
0.0105082
-0.00109771
0.00832003
0.000377208
0.00581554
0.00155479
0.00377212
0.00239789
0.00204384
0.0033165
0.000338123
0.00411618
-0.00133884
0.00464184
-0.00284072
0.00488997
-0.00409365
0.00483567
-0.00502792
0.00440715
-0.00558954
0.00358525
-0.00577083
0.0024062
-0.00560607
0.000925824
-0.00499772
-0.000830407
-0.00389907
-0.00279255
-0.0026008
-0.0047885
-0.00629995
0.00103
-0.0181775
0.0016639
-0.0167202
0.002025
-0.0143156
0.00220791
-0.0122395
0.00219126
-0.0104554
0.00198305
-0.00892489
0.00157984
-0.00758115
0.000955937
-0.00635792
6.76153e-05
-0.00520011
-0.0011234
-0.00408123
-0.00264621
-0.00296081
-0.00449506
-0.00175564
-0.0066162
-0.000403929
-0.00854613
0.000832222
-0.0100375
0.00186853
-0.0113466
0.0028639
-0.0127221
0.00377342
-0.0140035
0.00459788
-0.015134
0.00524673
-0.0161052
0.00561296
-0.0168697
0.00565449
-0.0173755
0.00534149
-0.0176088
0.00464047
-0.0175833
0.00355978
-0.0173399
0.00216272
-0.016905
0.00049095
-0.0163354
-0.00139999
-0.0156696
-0.00345836
-0.0150345
-0.00542356
-0.00697244
-0.000508857
-0.0176686
-0.00143287
-0.0157962
-0.00255558
-0.0131929
-0.00382077
-0.0109744
-0.00523195
-0.00904421
-0.00678677
-0.00737007
-0.00847852
-0.0058894
-0.0102923
-0.00454409
-0.012199
-0.00329344
-0.0141828
-0.00209749
-0.0162253
-0.00091831
-0.0181927
0.000211747
-0.019838
0.00124144
-0.0212113
0.00220549
-0.0225023
0.00315958
-0.0236935
0.00405506
-0.024775
0.00485497
-0.0256997
0.00552256
-0.0264343
0.00598134
-0.0269731
0.00615176
-0.0273069
0.00598823
-0.0274305
0.00546509
-0.0273625
0.00457253
-0.0271371
0.0033343
-0.0267771
0.00180274
-0.0263125
2.63475e-05
-0.0258221
-0.00189039
-0.0254022
-0.00387822
-0.0250501
-0.00577568
-0.00730423
-0.00208073
-0.0155879
-0.00457753
-0.0132994
-0.00713757
-0.0106328
-0.00972751
-0.00838441
-0.0123068
-0.00646497
-0.0148431
-0.00483374
-0.0173109
-0.0034216
-0.0197008
-0.00215421
-0.021997
-0.000997185
-0.0241521
5.76127e-05
-0.026062
0.000991525
-0.0276961
0.0018459
-0.0291476
0.00269288
-0.0304813
0.00353925
-0.031677
0.00435521
-0.032723
0.00510114
-0.0336044
0.00573634
-0.0342971
0.00621527
-0.0347892
0.00647339
-0.0350845
0.00644711
-0.0351911
0.00609476
-0.0351227
0.00539671
-0.0349073
0.00435712
-0.0345828
0.00300988
-0.0341861
0.00140595
-0.0337713
-0.000388455
-0.0334021
-0.00225959
-0.0331461
-0.0041342
-0.0329879
-0.00593383
-0.00737777
-0.00362885
-0.0119591
-0.00756008
-0.00936819
-0.0113674
-0.00682545
-0.0149794
-0.0047725
-0.0183698
-0.00307456
-0.0215131
-0.00169043
-0.0244008
-0.000533824
-0.0269901
0.000435021
-0.0292476
0.00126037
-0.0311951
0.00200507
-0.0329238
0.0027202
-0.0345088
0.00343091
-0.0359477
0.00413183
-0.0372261
0.0048176
-0.0383334
0.00546256
-0.0392629
0.00603058
-0.0400068
0.00648031
-0.0405556
0.00676407
-0.0409076
0.00682541
-0.0410719
0.0066114
-0.0410638
0.00608659
-0.0409056
0.00523859
-0.0406307
0.00408214
-0.0402806
0.00265982
-0.039902
0.00102739
-0.0395606
-0.000729915
-0.0393091
-0.00251108
-0.039186
-0.00425733
-0.0391877
-0.00593211
-0.00725083
-0.00510617
-0.00685289
-0.0103502
-0.0041242
-0.0152063
-0.00196927
-0.0195884
-0.000390449
-0.0234115
0.000748506
-0.0266987
0.00159685
-0.0295099
0.00227735
-0.0319413
0.00286638
-0.0340986
0.00341774
-0.0360429
0.00394929
-0.0377963
0.00447362
-0.0393662
0.0050008
-0.0407586
0.0055243
-0.0419703
0.00602928
-0.0429973
0.00648953
-0.0438372
0.00687045
-0.0444881
0.00713126
-0.044949
0.007225
-0.0452243
0.00710071
-0.045326
0.00671304
-0.0452728
0.00603336
-0.0450911
0.00505693
-0.0448158
0.00380686
-0.0444892
0.00233318
-0.0441625
0.000700703
-0.0439027
-0.000989741
-0.0437575
-0.00265622
-0.0437536
-0.00426122
-0.0438928
-0.00579299
-0.00698345
-0.0068794
2.65155e-05
-0.0130685
0.00206486
-0.0183682
0.00333049
-0.0228396
0.00408089
-0.0266202
0.00452915
-0.0298793
0.00485596
-0.0327211
0.00511915
-0.0352179
0.00536313
-0.0374177
0.00561758
-0.0393622
0.00589374
-0.0410837
0.00619516
-0.0426017
0.00651886
-0.0439282
0.00685076
-0.0450673
0.00716842
-0.0460205
0.00744272
-0.0467894
0.00763934
-0.0473767
0.0077185
-0.0477864
0.00763474
-0.0480265
0.00734085
-0.0481104
0.00679693
-0.0480578
0.00598069
-0.0478956
0.0048948
-0.0476587
0.00356991
-0.0473881
0.0020626
-0.0471371
0.000449752
-0.0469653
-0.00116157
-0.0469214
-0.00270018
-0.0470291
-0.00415345
-0.0472904
-0.00553173
-0.00660324
-0.00762975
0.00765627
-0.0143347
0.00876984
-0.0199568
0.00895252
-0.0246799
0.00880406
-0.0286629
0.00851217
-0.0320244
0.00821743
-0.0348886
0.00798338
-0.0373594
0.00783392
-0.0395079
0.00776605
-0.0413835
0.00776932
-0.043024
0.00783572
-0.0444573
0.00795215
-0.0457006
0.00809407
-0.046762
0.0082298
-0.0476456
0.0083263
-0.048356
0.00834973
-0.0488995
0.00826203
-0.049284
0.00801924
-0.0495193
0.00757615
-0.0496187
0.00689632
-0.0496007
0.00596269
-0.0494905
0.00478461
-0.0493205
0.00339992
-0.0491308
0.00187287
-0.0489723
0.000291219
-0.0488969
-0.00123698
-0.0489517
-0.00264529
-0.049166
-0.0039392
-0.0495414
-0.00515636
-0.00611416
-0.00814783
0.0158041
-0.0154747
0.0160967
-0.0214597
0.0149375
-0.0262897
0.013634
-0.0302307
0.0124532
-0.033482
0.0114688
-0.0362043
0.0107056
-0.0385267
0.0101564
-0.0405332
0.00977251
-0.0422736
0.00950975
-0.0437869
0.00934903
-0.045106
0.00927127
-0.0462515
0.00923949
-0.0472311
0.00920947
-0.0480487
0.00914386
-0.0487104
0.00901139
-0.049226
0.00877766
-0.0496067
0.00839992
-0.0498633
0.00783275
-0.0500078
0.00704083
-0.0500558
0.00601074
-0.0500286
0.00475734
-0.0499535
0.00332484
-0.0498661
0.00178549
-0.0498114
0.000236523
-0.0498361
-0.00121233
-0.0499873
-0.00249405
-0.0503037
-0.00362278
-0.050791
-0.00466907
-0.00551131
-0.00926571
0.0250698
-0.0172651
0.0240961
-0.0233146
0.020987
-0.0278788
0.0181983
-0.031475
0.0160494
-0.0343782
0.0143719
-0.0367726
0.0131
-0.0388169
0.0122007
-0.0405973
0.0115529
-0.042144
0.0110565
-0.0434881
0.0106931
-0.0446677
0.0104509
-0.0457057
0.0102774
-0.0466042
0.010108
-0.0473616
0.00990131
-0.0479845
0.00963423
-0.0484869
0.00928011
-0.0488839
0.00879696
-0.0491869
0.00813571
-0.0494051
0.00725905
-0.0495498
0.0061554
-0.0496363
0.00484382
-0.0496848
0.00337338
-0.0497221
0.00182279
-0.049784
0.000298365
-0.0499117
-0.00108454
-0.0501561
-0.00224971
-0.0505698
-0.0032091
-0.0511708
-0.00406807
-0.00478622
-0.0113054
0.0363752
-0.0202724
0.0330631
-0.0259033
0.0266179
-0.0295878
0.0218828
-0.0324548
0.0189164
-0.0347597
0.0166769
-0.0366255
0.0149657
-0.0382598
0.013835
-0.0397472
0.0130403
-0.0410554
0.0123647
-0.0421923
0.01183
-0.0432118
0.0114704
-0.0441417
0.0112073
-0.0449686
0.0109349
-0.0456775
0.0106102
-0.0462738
0.0102305
-0.0467788
0.00978507
-0.0472131
0.00923133
-0.0475881
0.00851065
-0.0479087
0.00757972
-0.048181
0.00642766
-0.0484139
0.00507669
-0.0486186
0.00357807
-0.0488086
0.00201287
-0.0490046
0.000494333
-0.0492416
-0.000847514
-0.0495751
-0.0019162
-0.0500785
-0.00270576
-0.0507959
-0.00335067
-0.0039279
-0.0150848
0.05146
-0.0254204
0.0433987
-0.0297768
0.0309743
-0.0314046
0.0235106
-0.033091
0.0206028
-0.0345963
0.0181822
-0.0357134
0.0160828
-0.0367967
0.0149183
-0.0379676
0.0142112
-0.0390155
0.0134126
-0.0399045
0.012719
-0.0407421
0.012308
-0.0415774
0.0120427
-0.0423575
0.011715
-0.043039
0.0112917
-0.0436263
0.0108178
-0.044154
0.0103128
-0.0446525
0.00972982
-0.0451306
0.00898874
-0.0455864
0.00803548
-0.04602
0.00686127
-0.0464354
0.0054921
-0.0468348
0.00397752
-0.0472146
0.00239265
-0.0475723
0.000852008
-0.0479313
-0.000488481
-0.0483506
-0.0014969
-0.0489309
-0.00212549
-0.0497631
-0.0025185
-0.00291336
0.207447
0.00576442
0.207033
0.0111829
0.20643
0.0163608
0.205645
0.0213813
0.204684
0.0263094
0.203556
0.0311994
0.202265
0.0360987
0.200817
0.0410492
0.199219
0.0460879
0.197476
0.0512478
0.195593
0.0565594
0.193575
0.0620507
0.191429
0.0677493
0.18916
0.0736823
0.186771
0.0798783
0.184268
0.0863685
0.181653
0.0931887
0.178929
0.100382
0.176095
0.108001
0.17315
0.116116
0.170091
0.124818
0.166912
0.13423
0.16361
0.144524
0.160187
0.155943
0.156668
0.168838
0.153149
0.183739
0.150004
0.201439
0.148925
0.222848
0.160761
0.24543
0.25841
0.236781
0.21249
0.00595713
0.212117
0.0115563
0.211572
0.0169051
0.210865
0.0220882
0.210004
0.0271711
0.208995
0.0322082
0.207846
0.0372473
0.206565
0.0423301
0.20516
0.0474935
0.203637
0.0527701
0.202007
0.0581898
0.200278
0.0637803
0.198459
0.0695682
0.196561
0.0755801
0.194596
0.0818434
0.192576
0.088388
0.190517
0.0952479
0.188435
0.102463
0.186353
0.110084
0.184298
0.118171
0.182312
0.126805
0.180454
0.136088
0.178826
0.146153
0.1776
0.157169
0.177098
0.16934
0.177979
0.182858
0.181664
0.197753
0.19077
0.213743
0.206309
0.229891
0.245251
0.219467
0.217657
0.00612737
0.217328
0.0118858
0.216848
0.0173846
0.216228
0.0227089
0.215474
0.0279247
0.214596
0.0330863
0.213602
0.0382412
0.212502
0.0434306
0.211304
0.0486909
0.21002
0.054054
0.208661
0.0595486
0.20724
0.0652013
0.205771
0.0710371
0.204271
0.0770807
0.202757
0.0833571
0.201252
0.0898931
0.199782
0.0967182
0.198379
0.103866
0.197086
0.111377
0.195958
0.119299
0.195073
0.127689
0.194546
0.136615
0.194546
0.146153
0.195336
0.156378
0.197329
0.167347
0.201134
0.179053
0.207521
0.191367
0.217142
0.204122
0.229699
0.217334
0.228423
0.246527
0.222951
0.00627312
0.222669
0.0121677
0.22226
0.0177936
0.221733
0.0232363
0.221096
0.0285615
0.220359
0.0338233
0.219532
0.0390685
0.218625
0.0443376
0.21765
0.0496658
0.21662
0.0550839
0.21555
0.0606189
0.214455
0.0662956
0.213356
0.0721368
0.212272
0.0781641
0.21123
0.084399
0.21026
0.0908632
0.209399
0.0975799
0.208691
0.104574
0.208196
0.111872
0.20799
0.119505
0.208175
0.127504
0.208892
0.135898
0.210333
0.144711
0.212762
0.15395
0.216524
0.163585
0.222036
0.173541
0.229743
0.18366
0.24021
0.193655
0.254346
0.203198
0.210033
0.272737
0.228374
0.00639254
0.228143
0.0123983
0.22781
0.0181269
0.227383
0.0236637
0.226871
0.0290736
0.226284
0.03441
0.225634
0.0397188
0.224932
0.0450394
0.224192
0.0504055
0.22343
0.0558461
0.222662
0.0613865
0.221909
0.0670487
0.221193
0.0728526
0.220541
0.0788163
0.219984
0.0849563
0.219558
0.0912886
0.21931
0.0978283
0.219294
0.10459
0.219579
0.111587
0.220254
0.11883
0.221431
0.126327
0.223255
0.134074
0.225909
0.142057
0.229625
0.150234
0.234679
0.158531
0.241399
0.166821
0.25016
0.174899
0.261403
0.182412
0.275597
0.189004
0.193593
0.292037
0.233929
0.00648394
0.233753
0.0125743
0.2335
0.01838
0.233179
0.023985
0.232799
0.0294537
0.23237
0.0348382
0.231906
0.040183
0.23142
0.0455261
0.230926
0.0508994
0.230442
0.05633
0.229988
0.0618405
0.229586
0.0674502
0.229263
0.0731755
0.229049
0.0790301
0.22898
0.0850254
0.229098
0.0911708
0.229454
0.097473
0.230107
0.103936
0.231134
0.11056
0.232625
0.11734
0.23469
0.124261
0.237467
0.131298
0.241117
0.138407
0.245832
0.145519
0.251831
0.152532
0.259354
0.159298
0.268641
0.165612
0.279867
0.171186
0.293123
0.175748
0.17879
0.307926
0.239619
0.00654581
0.239501
0.012693
0.239332
0.0185486
0.239122
0.0241952
0.23888
0.0296956
0.238617
0.0351008
0.238347
0.0404535
0.238083
0.0457898
0.237843
0.0511397
0.237645
0.0565277
0.237512
0.061974
0.237468
0.0674945
0.237541
0.0731019
0.237766
0.0788054
0.23818
0.084611
0.23883
0.0905214
0.239767
0.0965356
0.241055
0.102648
0.242768
0.108847
0.244993
0.115115
0.247833
0.121421
0.251407
0.127724
0.255849
0.133965
0.261308
0.14006
0.267939
0.145901
0.275891
0.151346
0.285281
0.156222
0.296152
0.160314
0.308492
0.163409
0.165241
0.322041
0.245448
0.0065769
0.245389
0.0127518
0.245308
0.0186293
0.245214
0.0242898
0.245115
0.0297945
0.245023
0.0351924
0.244952
0.0405245
0.244917
0.0458248
0.244936
0.0511208
0.245029
0.0564348
0.245219
0.0617838
0.245533
0.0671807
0.246001
0.0726341
0.246657
0.0781488
0.247543
0.0837258
0.248703
0.0893616
0.25019
0.0950483
0.252065
0.100772
0.254399
0.106514
0.25727
0.112244
0.260767
0.117924
0.264988
0.123503
0.270038
0.128915
0.276021
0.134077
0.283036
0.138885
0.291164
0.143218
0.300451
0.146936
0.310883
0.149881
0.322395
0.151898
0.152854
0.334781
0.251418
0.00657619
0.251421
0.0127489
0.251431
0.0186193
0.251455
0.0242656
0.251503
0.0297465
0.251586
0.0351091
0.251718
0.0403923
0.251916
0.0456277
0.252196
0.0508405
0.25258
0.0560502
0.253093
0.0612711
0.253761
0.0665125
0.254616
0.0717797
0.255691
0.0770732
0.257028
0.0823894
0.258669
0.0877198
0.260667
0.0930508
0.263076
0.098363
0.26596
0.10363
0.269386
0.108818
0.273427
0.113883
0.27816
0.118771
0.283657
0.123418
0.28999
0.127745
0.297213
0.131663
0.305359
0.135071
0.314431
0.137864
0.324382
0.139931
0.335113
0.141167
0.141514
0.346453
0.257532
0.00654291
0.257598
0.0126827
0.257701
0.0185168
0.257846
0.0241202
0.258044
0.0295492
0.258304
0.0348487
0.258641
0.040055
0.259071
0.0451976
0.259613
0.0502991
0.260287
0.0553762
0.261117
0.0604405
0.262131
0.0654984
0.26336
0.0705515
0.264836
0.0755971
0.266598
0.0806276
0.268687
0.0856305
0.27115
0.0905882
0.274035
0.0954774
0.277397
0.100268
0.28129
0.104924
0.285772
0.109401
0.290895
0.113647
0.296712
0.117601
0.303259
0.121197
0.310563
0.124359
0.318623
0.127011
0.327414
0.129073
0.336871
0.130474
0.34689
0.131148
0.131075
0.35733
0.263794
0.0064766
0.263924
0.0125524
0.26412
0.0183205
0.264388
0.0238523
0.264736
0.0292016
0.265174
0.0344105
0.265716
0.039513
0.266378
0.044536
0.267177
0.0494997
0.268135
0.0544183
0.269275
0.0593007
0.270623
0.0641505
0.272208
0.0689666
0.274062
0.0737433
0.276219
0.0784701
0.278718
0.0831319
0.281598
0.0877084
0.284901
0.0921744
0.28867
0.096499
0.292948
0.100646
0.297777
0.104573
0.303191
0.108232
0.309221
0.111572
0.315882
0.114536
0.323175
0.117065
0.331084
0.119102
0.339563
0.120593
0.348545
0.121492
0.35793
0.121762
0.121403
0.367601
0.270207
0.00637707
0.270401
0.0123578
0.270692
0.0180302
0.271082
0.023462
0.271579
0.028704
0.272194
0.0337956
0.272939
0.0387683
0.273828
0.0436466
0.27488
0.0484482
0.276113
0.0531849
0.277551
0.0578633
0.279216
0.0624845
0.281138
0.0670455
0.283343
0.0715381
0.285863
0.07595
0.28873
0.0802644
0.291979
0.0844601
0.295642
0.0885114
0.299752
0.0923883
0.304342
0.0960565
0.309436
0.099478
0.315057
0.102611
0.321217
0.105413
0.327915
0.107838
0.335138
0.109842
0.342855
0.111385
0.351017
0.112432
0.359554
0.112955
0.368379
0.112937
0.11239
0.377392
0.276773
0.00624441
0.277032
0.0120989
0.277416
0.0176463
0.277928
0.0229502
0.278574
0.0280581
0.279363
0.0330069
0.280306
0.0378253
0.281417
0.0425354
0.282712
0.0471528
0.28421
0.0516871
0.285931
0.0561427
0.287896
0.0605191
0.29013
0.0648114
0.292658
0.0690101
0.295506
0.0731018
0.298701
0.0770693
0.30227
0.0808913
0.306238
0.0845433
0.310629
0.0879972
0.315464
0.0912222
0.320756
0.0941854
0.326515
0.0968522
0.332741
0.0991876
0.339421
0.101158
0.346533
0.10273
0.35404
0.103879
0.36189
0.104581
0.370019
0.104826
0.37835
0.104606
0.103941
0.386799
0.283498
0.00607901
0.28382
0.0117767
0.284296
0.0171702
0.284928
0.0223189
0.285719
0.027267
0.286677
0.0320484
0.287813
0.0366897
0.289138
0.0412103
0.290667
0.0456238
0.292416
0.049938
0.294403
0.0541556
0.296648
0.0582747
0.29917
0.0622893
0.301991
0.0661892
0.305132
0.0699608
0.308614
0.073587
0.312457
0.0770478
0.31668
0.0803205
0.321297
0.0833801
0.32632
0.0861999
0.331753
0.0887524
0.337595
0.0910098
0.343837
0.0929452
0.350461
0.0945338
0.357437
0.0957542
0.364727
0.0965893
0.37228
0.0970285
0.380037
0.0970678
0.387933
0.0967107
0.0959775
0.395896
0.290384
0.00588149
0.290768
0.0113924
0.291335
0.0166039
0.292082
0.021571
0.293015
0.0263347
0.294137
0.0309259
0.295458
0.0353688
0.296988
0.0396807
0.298738
0.0438732
0.300724
0.0479525
0.302959
0.0519201
0.305461
0.0557732
0.308245
0.059505
0.311329
0.0631055
0.314728
0.0665612
0.318459
0.0698562
0.322535
0.0729722
0.326966
0.0758889
0.331762
0.078585
0.336923
0.081038
0.34245
0.0832259
0.348333
0.0851271
0.354556
0.0867219
0.361097
0.0879932
0.367923
0.0889275
0.374997
0.0895159
0.38227
0.0897548
0.389692
0.0896466
0.397203
0.0891993
0.088434
0.404747
0.297435
0.00565271
0.297879
0.0109476
0.298533
0.01595
0.299394
0.0207104
0.300462
0.0252663
0.301742
0.0296461
0.30324
0.0338712
0.304963
0.0379573
0.306922
0.0419141
0.309128
0.0457466
0.311593
0.0494554
0.314329
0.0530369
0.31735
0.0564846
0.320667
0.0597884
0.324292
0.062936
0.328235
0.065913
0.332504
0.0687031
0.337104
0.0712891
0.342036
0.073653
0.347297
0.0757768
0.35288
0.0776434
0.35877
0.0792368
0.364948
0.0805435
0.371389
0.0815524
0.37806
0.0822563
0.384924
0.082652
0.391938
0.0827408
0.399056
0.0825289
0.406228
0.0820272
0.0812562
0.413406
0.304654
0.00539373
0.305157
0.0104445
0.305895
0.0152118
0.306864
0.0197415
0.308063
0.0240678
0.309492
0.0282164
0.311157
0.0322065
0.313063
0.0360518
0.315216
0.0397606
0.317626
0.043337
0.320301
0.0467807
0.323249
0.0500883
0.326481
0.0532531
0.330003
0.056266
0.333823
0.059116
0.337946
0.0617903
0.342374
0.0642751
0.347107
0.066556
0.352141
0.0686186
0.357469
0.070449
0.363078
0.0720343
0.368951
0.0733635
0.375067
0.0744278
0.381398
0.0752211
0.387914
0.0757408
0.394578
0.0759875
0.401353
0.0759659
0.408198
0.0756846
0.415069
0.0751555
0.074398
0.421927
0.312046
0.00510576
0.312605
0.00988554
0.313424
0.0143929
0.314496
0.0186693
0.315819
0.0227457
0.31739
0.0266451
0.319212
0.0303846
0.321287
0.0339762
0.323621
0.0374271
0.326217
0.0407403
0.329083
0.0439154
0.332222
0.0469488
0.335641
0.0498346
0.339342
0.0525646
0.343329
0.0551291
0.347602
0.0575174
0.352159
0.059718
0.356996
0.0617194
0.362104
0.0635103
0.367473
0.0650805
0.373086
0.0664209
0.378925
0.0675243
0.384967
0.0683859
0.391185
0.0690032
0.397549
0.0693767
0.404027
0.0695101
0.410583
0.0694098
0.417182
0.0690856
0.423788
0.0685497
0.06782
0.430366
0.319615
0.00479011
0.320228
0.0092732
0.321123
0.0134971
0.322293
0.0174991
0.323732
0.0213068
0.325437
0.0249408
0.327405
0.0284161
0.329638
0.031743
0.332138
0.0349278
0.334905
0.0379729
0.337943
0.0408777
0.341253
0.0436389
0.344836
0.0462512
0.348693
0.0487076
0.352822
0.051
0.35722
0.0531195
0.361881
0.0550569
0.366797
0.0568033
0.371957
0.0583504
0.377346
0.0596908
0.382949
0.0608188
0.388743
0.0617303
0.394705
0.0624232
0.400811
0.0628978
0.40703
0.063157
0.413335
0.0632059
0.419692
0.0630521
0.426072
0.0627059
0.432443
0.0621789
0.0614875
0.438775
0.327365
0.00444814
0.328028
0.00861021
0.328997
0.0125286
0.330259
0.0162365
0.331808
0.0197583
0.333636
0.0231122
0.335741
0.0263112
0.33812
0.0293642
0.340771
0.0322767
0.343694
0.0350504
0.346887
0.0376849
0.350348
0.0401773
0.354077
0.0425229
0.358068
0.0447161
0.362318
0.0467501
0.36682
0.0486179
0.371564
0.0503124
0.376541
0.051827
0.381735
0.0531558
0.387132
0.0542941
0.392712
0.0552385
0.398455
0.0559873
0.404338
0.0565406
0.410335
0.0569006
0.416421
0.0570715
0.422567
0.0570594
0.428747
0.0568725
0.434932
0.0565204
0.441096
0.0560146
0.0553696
0.447214
0.335301
0.00408121
0.336012
0.00789921
0.337049
0.0114914
0.338399
0.0148869
0.34005
0.0181071
0.341994
0.0211677
0.344226
0.0240799
0.346739
0.0268514
0.349529
0.0294866
0.352592
0.0319872
0.355924
0.0343527
0.359521
0.0365805
0.363377
0.0386671
0.367485
0.0406077
0.371838
0.042397
0.376426
0.0440296
0.381238
0.0455004
0.386261
0.0468046
0.391478
0.0479384
0.396873
0.048899
0.402427
0.049685
0.408117
0.0502965
0.413923
0.050735
0.41982
0.0510038
0.425783
0.051108
0.431789
0.0510541
0.437811
0.0508501
0.443826
0.0505054
0.44981
0.0500301
0.0494373
0.455743
0.343426
0.00369055
0.344183
0.00714267
0.345285
0.0103892
0.346717
0.0134554
0.348464
0.0163597
0.350516
0.0191153
0.352864
0.0217317
0.355501
0.0242152
0.358418
0.0265696
0.361609
0.0287962
0.365067
0.0308947
0.368784
0.0328631
0.372753
0.0346984
0.376964
0.0363969
0.381406
0.0379547
0.386068
0.0393678
0.390936
0.0406325
0.395995
0.0417457
0.401228
0.0427053
0.406617
0.0435098
0.412143
0.0441593
0.417784
0.0446551
0.423519
0.0449996
0.429326
0.0451969
0.435182
0.0452522
0.441064
0.0451721
0.44695
0.0449641
0.452819
0.0446369
0.458649
0.0441997
0.0436638
0.464423
0.351747
0.00327719
0.352547
0.00634267
0.353711
0.00922533
0.355219
0.0119469
0.357057
0.0145224
0.359209
0.0169626
0.361666
0.0192751
0.364416
0.0214652
0.36745
0.023536
0.370757
0.0254886
0.374329
0.0273227
0.378156
0.0290367
0.382226
0.0306284
0.386527
0.032095
0.391049
0.0334336
0.395775
0.0346414
0.400691
0.0357161
0.405782
0.0366556
0.411028
0.0374591
0.416411
0.0381263
0.421912
0.0386581
0.427511
0.0390565
0.433186
0.0393246
0.438916
0.0394666
0.444681
0.0394876
0.450459
0.039394
0.456231
0.0391926
0.461976
0.0388911
0.467678
0.0384978
0.0380222
0.47332
0.360268
0.00284178
0.36111
0.00550066
0.362332
0.0080025
0.363914
0.0103653
0.365836
0.0126006
0.368082
0.014716
0.37064
0.0167177
0.373495
0.0186099
0.376636
0.020395
0.380051
0.0220738
0.383728
0.0236461
0.387654
0.0251107
0.391816
0.026466
0.396201
0.0277099
0.400794
0.0288404
0.40558
0.0298557
0.410542
0.0307543
0.415662
0.0315353
0.420923
0.0321984
0.426305
0.0327443
0.431789
0.0331743
0.437354
0.0334908
0.442982
0.0336971
0.448651
0.0337971
0.454343
0.0337959
0.460038
0.0336991
0.465718
0.0335128
0.471365
0.0332437
0.476964
0.0328989
0.0324867
0.482499
0.368994
0.00238424
0.369878
0.00461685
0.371158
0.00672229
0.372809
0.00871408
0.374811
0.0105987
0.377146
0.0123811
0.379798
0.0140658
0.382752
0.015656
0.385993
0.0171536
0.389508
0.0185589
0.393282
0.0198719
0.397301
0.0210916
0.40155
0.0222169
0.406014
0.0232462
0.410676
0.0241784
0.41552
0.0250122
0.420527
0.0257468
0.42568
0.0263821
0.430961
0.0269181
0.436349
0.0273561
0.441826
0.0276975
0.447371
0.0279449
0.452967
0.0281012
0.458594
0.0281703
0.464233
0.0281566
0.469868
0.0280648
0.47548
0.0279004
0.481055
0.0276689
0.486578
0.0273762
0.027029
0.492035
0.377932
0.00190296
0.37886
0.00368932
0.380197
0.00538537
0.381915
0.00699622
0.383992
0.00852129
0.38641
0.00996304
0.389151
0.011325
0.392197
0.0126096
0.395533
0.0138177
0.399143
0.0149496
0.403009
0.016005
0.407118
0.0169834
0.411451
0.0178838
0.415992
0.0187054
0.420723
0.0194472
0.425626
0.0201086
0.430684
0.0206892
0.435877
0.0211893
0.441186
0.0216092
0.446592
0.0219502
0.452075
0.0222138
0.457618
0.0224023
0.463201
0.0225185
0.468805
0.0225655
0.474415
0.022547
0.480013
0.0224671
0.485583
0.0223302
0.491111
0.0221408
0.496584
0.0219036
0.0216243
0.501988
0.387092
0.00139274
0.38807
0.00271084
0.389466
0.00398924
0.39125
0.00521206
0.393402
0.0063699
0.3959
0.00746459
0.398726
0.00849913
0.401861
0.00947469
0.405287
0.0103915
0.408987
0.0112496
0.412944
0.0120486
0.417139
0.0127882
0.421555
0.0134676
0.426174
0.0140864
0.430977
0.0146439
0.435946
0.0151399
0.441061
0.0155742
0.446303
0.0159472
0.451653
0.0162594
0.457091
0.0165118
0.462599
0.016706
0.468158
0.0168436
0.473749
0.0169271
0.479356
0.0169588
0.484961
0.0169416
0.49055
0.0168788
0.496106
0.0167735
0.501618
0.0166293
0.507072
0.0164495
0.0162381
0.512458
0.396485
0.000840559
0.39752
0.00167588
0.398971
0.00253809
0.400818
0.00336545
0.40304
0.00414747
0.405616
0.00488866
0.408524
0.00559081
0.411745
0.00625358
0.41526
0.00687654
0.419051
0.00745946
0.423097
0.00800207
0.427381
0.00850401
0.431884
0.00896485
0.436586
0.00938418
0.441469
0.00976168
0.446511
0.0100972
0.451695
0.0103907
0.456999
0.0106426
0.462406
0.0108532
0.467894
0.0110234
0.473446
0.0111542
0.479042
0.011247
0.484666
0.0113033
0.4903
0.0113249
0.495928
0.0113139
0.501534
0.0112723
0.507105
0.0112025
0.512628
0.0111069
0.518089
0.0109879
0.0108488
0.523479
0.406194
0.000156483
0.407293
0.000577331
0.408795
0.00103611
0.4107
0.00145978
0.412987
0.00186047
0.415632
0.00224368
0.418615
0.00260867
0.421914
0.00295414
0.425511
0.00327948
0.429386
0.0035844
0.43352
0.00386866
0.437892
0.00413197
0.442482
0.00437403
0.447272
0.0045946
0.45224
0.00479348
0.457367
0.00497058
0.462632
0.0051259
0.468015
0.00525961
0.473496
0.00537197
0.479056
0.00546342
0.484676
0.00553452
0.490337
0.00558598
0.496021
0.00561863
0.501713
0.00563343
0.507395
0.00563143
0.513054
0.00561374
0.518675
0.00558156
0.524245
0.00553611
0.529755
0.00547861
0.0054109
0.535193
0.415476
0.416053
0.417089
0.418549
0.420409
0.422653
0.425262
0.428216
0.431495
0.43508
0.438948
0.44308
0.447455
0.452049
0.456843
0.461813
0.466939
0.472199
0.477571
0.483034
0.488569
0.494155
0.499773
0.505407
0.511038
0.516652
0.522233
0.527769
0.533248
0.538659
0.129507
0.107274
0.0406213
0.0888853
0.0575326
-0.0169113
0.210794
0.115948
0.194262
0.105417
0.0896743
0.16212
0.25216
0.110315
0.251362
0.106215
0.0992945
0.241741
0.27966
0.103392
0.283464
0.102412
0.0997156
0.283042
0.299403
0.0960261
0.305518
0.0962967
0.0955738
0.30966
0.315229
0.0887231
0.322139
0.0893869
0.0895122
0.3282
0.328861
0.0819031
0.335638
0.082609
0.0830178
0.342133
0.341016
0.075668
0.347328
0.0762969
0.0767433
0.353603
0.352148
0.0699723
0.357941
0.0705044
0.0709094
0.363775
0.362557
0.0647454
0.367869
0.0651928
0.0655438
0.373234
0.372426
0.0599201
0.37732
0.0602995
0.0606024
0.382261
0.381876
0.0554363
0.386414
0.0557616
0.056025
0.390992
0.390993
0.0512427
0.39523
0.0515247
0.0517558
0.399499
0.399842
0.0472973
0.403823
0.0475437
0.047748
0.40783
0.408478
0.0435655
0.41224
0.0437822
0.0439638
0.416024
0.416953
0.0400186
0.420525
0.0402099
0.0403719
0.424117
0.425313
0.0366327
0.428721
0.0368021
0.0369467
0.432146
0.433611
0.0333875
0.436875
0.0335375
0.0336667
0.440155
0.441898
0.0302654
0.445037
0.030398
0.0305131
0.448191
0.450229
0.0272504
0.45326
0.0273674
0.0274696
0.456303
0.458665
0.0243282
0.461601
0.0244309
0.024521
0.46455
0.467266
0.0214851
0.470122
0.0215744
0.0216533
0.47299
0.476097
0.0187078
0.478887
0.0187847
0.0188529
0.481687
0.485224
0.015983
0.487961
0.0160481
0.0161059
0.490708
0.49472
0.0132979
0.497417
0.0133517
0.0133998
0.500123
0.504649
0.0106374
0.50732
0.0106802
0.0107184
0.510002
0.515106
0.00798967
0.517764
0.00802178
0.00805073
0.520432
0.526134
0.00533481
0.528799
0.00535595
0.00537442
0.531476
0.537862
0.00266485
0.540544
0.00267433
0.00268324
0.543235
0.541324
0.543998
0.546681
-0.0322699
0.0668185
-0.0389579
0.0500868
-0.0387988
0.0308152
-0.0340858
0.0187975
-0.0340231
0.0205401
-0.034976
0.019135
-0.0351337
0.0162406
-0.0354327
0.0152173
-0.0363905
0.0151689
-0.0372097
0.0142318
-0.0377901
0.0132994
-0.0384196
0.0129375
-0.0392274
0.0128505
-0.0400428
0.0125305
-0.0407625
0.0120114
-0.0413965
0.0114518
-0.0420103
0.0109266
-0.0426522
0.0103717
-0.0433203
0.00965684
-0.0439963
0.00871151
-0.0446734
0.00753841
-0.0453544
0.00617304
-0.0460347
0.00465785
-0.04669
0.00304794
-0.0472829
0.00144486
-0.0478147
4.33495e-05
-0.0483438
-0.000967752
-0.0490102
-0.00145915
-0.0499914
-0.00153728
-0.00163315
0.098349
0.13059
0.0514307
0.0970051
0.0107369
0.0715091
-0.0186844
0.0482187
-0.0320613
0.0339171
-0.0353198
0.0223935
-0.0332201
0.0141408
-0.0314872
0.0134844
-0.0326952
0.016377
-0.0334196
0.0149561
-0.0334877
0.0133675
-0.0337145
0.0131644
-0.0345609
0.0136969
-0.0354704
0.01344
-0.0362396
0.0127805
-0.0369204
0.0121327
-0.0376485
0.0116547
-0.0385036
0.0112268
-0.0394447
0.010598
-0.0404125
0.00967934
-0.0413904
0.00851628
-0.0423893
0.00717194
-0.0434102
0.00567878
-0.0444158
0.0040535
-0.045338
0.00236705
-0.0461143
0.000819679
-0.0467881
-0.000293942
-0.0475348
-0.000712457
-0.0486649
-0.000407182
-2.06259e-05
0.204863
0.167468
0.164892
0.136976
0.125727
0.110675
0.0865987
0.0873466
0.051972
0.0685439
0.0209993
0.0533661
-0.00517282
0.040313
-0.0214362
0.0297478
-0.0275234
0.0224642
-0.028804
0.0162367
-0.0273989
0.0119624
-0.0264473
0.0122127
-0.0275897
0.0148393
-0.0286737
0.014524
-0.0293993
0.0135061
-0.0299854
0.0127188
-0.0307561
0.0124254
-0.0318821
0.0123528
-0.0332107
0.0119265
-0.0345832
0.0110518
-0.0359569
0.00989004
-0.0373527
0.00856776
-0.0387822
0.00710823
-0.040198
0.0054693
-0.0414943
0.0036634
-0.0425597
0.001885
-0.0433692
0.000515622
-0.0440528
-2.89176e-05
-0.0451088
0.00064885
0.00183091
0.268184
0.182326
0.2442
0.16096
0.215466
0.139409
0.183797
0.119016
0.15179
0.100551
0.120907
0.0842493
0.0913735
0.0698463
0.0637613
0.0573599
0.039409
0.0468166
0.0178402
0.0378055
-0.000587815
0.0303904
-0.0125399
0.0241648
-0.0176115
0.0199109
-0.0194988
0.0164113
-0.0198861
0.0138934
-0.0198202
0.0126529
-0.0202112
0.0128164
-0.021431
0.0135726
-0.0229984
0.0134939
-0.0246185
0.0126718
-0.026306
0.0115775
-0.0281667
0.0104285
-0.0302203
0.00916181
-0.0323251
0.00757403
-0.034267
0.0056053
-0.0358825
0.00350057
-0.037106
0.00173908
-0.037915
0.000780073
-0.0388293
0.00156321
0.00397627
0.308004
0.183983
0.297547
0.171417
0.280652
0.156303
0.259271
0.140397
0.235157
0.124664
0.209678
0.109729
0.183623
0.0959012
0.157685
0.0832977
0.132575
0.0719269
0.108599
0.061781
0.0860994
0.05289
0.0651743
0.04509
0.0467304
0.0383547
0.0306651
0.0324767
0.0170624
0.0274961
0.00628416
0.0234311
-0.00126722
0.0203678
-0.00567914
0.0179845
-0.00817672
0.0159915
-0.00977774
0.0142729
-0.0110656
0.0128654
-0.0125112
0.0118741
-0.0144256
0.0110762
-0.0168542
0.0100026
-0.0197442
0.00849537
-0.0229474
0.00670373
-0.0259956
0.00478728
-0.0281233
0.00290779
-0.0291435
0.00258343
0.00661025
0.334218
0.177965
0.333393
0.172241
0.326516
0.163181
0.314736
0.152177
0.299212
0.140187
0.28102
0.127922
0.261049
0.115871
0.240024
0.104324
0.218504
0.0934463
0.196923
0.0833618
0.175656
0.0741577
0.15495
0.0657952
0.13511
0.0581952
0.11626
0.0513261
0.0985449
0.0452117
0.0821219
0.0398542
0.0672829
0.0352067
0.054145
0.0311224
0.042658
0.0274785
0.0326819
0.024249
0.0241349
0.0214125
0.0170937
0.0189152
0.011582
0.016588
0.00739507
0.0141895
0.0042037
0.0116867
0.00157081
0.00933662
-0.00107787
0.00743597
-0.00465793
0.00648784
-0.0088634
0.0067889
0.0112541
0.352003
0.168095
0.357316
0.166928
0.357847
0.16265
0.353952
0.156073
0.346228
0.147911
0.335375
0.138775
0.322087
0.12916
0.306975
0.119435
0.290559
0.109863
0.273286
0.100635
0.255555
0.0918883
0.237675
0.0836756
0.219869
0.0760016
0.202312
0.0688829
0.185175
0.0623481
0.168624
0.056406
0.152811
0.051019
0.13783
0.0461032
0.123717
0.0415917
0.1105
0.037466
0.0982058
0.0337069
0.086866
0.030255
0.0764534
0.0270006
0.0668039
0.0238389
0.0577296
0.0207611
0.0492049
0.0178613
0.0413433
0.0152976
0.0343972
0.0134339
0.0281794
0.0130067
0.01732
0.364869
0.156829
0.373535
0.158262
0.378921
0.157264
0.380848
0.154146
0.379441
0.149318
0.375015
0.1432
0.367985
0.136191
0.358786
0.128633
0.347843
0.120806
0.335547
0.11293
0.32226
0.105175
0.308285
0.097651
0.293859
0.0904269
0.279187
0.0835548
0.264455
0.0770804
0.249831
0.0710298
0.235455
0.0653955
0.221418
0.0601403
0.20778
0.0552293
0.194597
0.0506487
0.181919
0.0463855
0.169771
0.0424026
0.15813
0.0386422
0.146904
0.0350647
0.13597
0.0316948
0.125204
0.0286272
0.114477
0.0260248
0.103722
0.0241895
0.0929811
0.0237471
0.0263106
0.375105
0.145499
0.385188
0.14818
0.393306
0.149145
0.399042
0.148411
0.402217
0.146143
0.402846
0.142571
0.401083
0.137954
0.397166
0.13255
0.391373
0.126599
0.383997
0.120307
0.375322
0.113849
0.365613
0.107361
0.355097
0.100942
0.34398
0.0946723
0.332445
0.0886158
0.320657
0.0828175
0.308755
0.0772974
0.296842
0.0720531
0.284995
0.067077
0.273276
0.0623677
0.261737
0.0579245
0.250403
0.0537358
0.239261
0.0497845
0.228253
0.0460732
0.217295
0.0426527
0.206292
0.0396301
0.195143
0.0371738
0.183786
0.0355462
0.17238
0.0351531
0.0364246
0.384041
0.134692
0.394387
0.137834
0.403715
0.139817
0.411586
0.140539
0.417701
0.140029
0.421898
0.138374
0.424144
0.135708
0.424502
0.132192
0.423102
0.127999
0.420116
0.123294
0.415736
0.118229
0.410161
0.112936
0.403579
0.107524
0.396167
0.102084
0.388091
0.0966918
0.379502
0.0914067
0.370531
0.0862687
0.361283
0.0813009
0.351842
0.0765183
0.342273
0.0719361
0.332629
0.0675689
0.322936
0.0634285
0.313192
0.0595285
0.303365
0.0559006
0.293404
0.0526127
0.283258
0.0497764
0.272885
0.0475474
0.262307
0.046124
0.251754
0.0457063
0.0462466
0.392365
0.124588
0.402403
0.127795
0.412005
0.130215
0.420816
0.131728
0.428542
0.132302
0.434964
0.131951
0.439948
0.130724
0.443438
0.128702
0.445447
0.12599
0.446039
0.122701
0.445315
0.118954
0.443394
0.114856
0.44041
0.110508
0.436495
0.105999
0.431781
0.101406
0.426392
0.0967948
0.420444
0.0922171
0.414032
0.0877128
0.407236
0.0833141
0.400121
0.079051
0.392737
0.0749534
0.385114
0.0710517
0.37726
0.0673818
0.369166
0.0639949
0.36081
0.0609685
0.352176
0.0584109
0.343269
0.0564545
0.334157
0.0552355
0.325036
0.0548279
0.0550302
0.4004
0.11518
0.409916
0.118279
0.419307
0.120825
0.428325
0.12271
0.436736
0.123892
0.444335
0.124352
0.450963
0.124097
0.456509
0.123156
0.460915
0.121584
0.464167
0.119449
0.466291
0.11683
0.467338
0.113809
0.467381
0.110466
0.466502
0.106878
0.464793
0.103115
0.462345
0.0992426
0.459247
0.095316
0.455576
0.0913836
0.451402
0.0874883
0.446782
0.0836711
0.441761
0.0799738
0.436373
0.0764404
0.430633
0.0731215
0.424548
0.0700801
0.418118
0.0673979
0.411354
0.0651755
0.404286
0.0635225
0.39699
0.0625311
0.389601
0.0622168
0.0623553
0.408286
0.106393
0.417244
0.109321
0.426228
0.11184
0.435073
0.113864
0.443612
0.115353
0.451682
0.116282
0.45914
0.116639
0.465869
0.116427
0.471782
0.11567
0.476826
0.114405
0.480975
0.112681
0.484232
0.110552
0.48662
0.108078
0.488177
0.10532
0.488954
0.102338
0.489009
0.0991883
0.488399
0.0959259
0.487182
0.0926008
0.485409
0.0892606
0.483128
0.0859526
0.480376
0.0827257
0.477184
0.0796326
0.473573
0.0767321
0.46956
0.0740934
0.465159
0.0717982
0.460396
0.069939
0.45531
0.068608
0.449969
0.0678729
0.444452
0.0677332
0.0679959
0.416079
0.0981448
0.424517
0.100883
0.433051
0.103307
0.441568
0.105347
0.449951
0.106971
0.45808
0.108152
0.465844
0.108875
0.47314
0.109131
0.479882
0.108928
0.486004
0.108284
0.491459
0.107226
0.49622
0.105791
0.500278
0.10402
0.503639
0.101959
0.506322
0.0996551
0.508353
0.0971573
0.509765
0.0945139
0.510593
0.0917729
0.510871
0.0889823
0.510632
0.0861912
0.509906
0.0834518
0.508719
0.0808202
0.507092
0.078359
0.505046
0.076139
0.502605
0.0742397
0.499797
0.0727462
0.496665
0.07174
0.493259
0.0712792
0.489622
0.07137
0.0718721
0.42381
0.0903589
0.431789
0.0929039
0.439893
0.0952023
0.448043
0.0971973
0.456155
0.0988591
0.464142
0.100166
0.471918
0.101098
0.479403
0.101647
0.486522
0.101809
0.493212
0.101593
0.499423
0.101015
0.505116
0.100098
0.510267
0.0988696
0.514861
0.0973642
0.518898
0.0956189
0.522381
0.0936737
0.525325
0.0915705
0.527745
0.089353
0.52966
0.0870666
0.531092
0.0847597
0.53206
0.0824838
0.532584
0.0802957
0.532685
0.0782579
0.532384
0.0764399
0.531706
0.0749177
0.530682
0.0737709
0.529347
0.0730746
0.52774
0.0728867
0.525879
0.0732307
0.074024
0.431504
0.0829713
0.439082
0.0853262
0.446799
0.0874852
0.454596
0.0894004
0.462409
0.0910458
0.470174
0.0924012
0.477823
0.0934486
0.485294
0.0941757
0.492526
0.0945771
0.499465
0.0946547
0.506063
0.0944171
0.512282
0.0938788
0.518091
0.09306
0.52347
0.0919857
0.528404
0.0906851
0.532886
0.0891909
0.536918
0.0875391
0.540502
0.0857685
0.543648
0.0839211
0.546365
0.0820423
0.548667
0.0801817
0.550569
0.0783939
0.552088
0.0767395
0.553243
0.0752849
0.554058
0.074102
0.554563
0.0732659
0.554789
0.072849
0.554763
0.0729129
0.554493
0.0735007
0.0745841
0.439189
0.0759285
0.446418
0.0780976
0.453793
0.0801102
0.461268
0.0819254
0.468793
0.0835207
0.476316
0.0848775
0.483786
0.0859787
0.491151
0.0868112
0.498361
0.0873674
0.505369
0.0876459
0.512136
0.0876503
0.518625
0.0873901
0.524806
0.0868793
0.530655
0.0861368
0.536154
0.085186
0.541291
0.0840537
0.546059
0.0827709
0.550456
0.0813719
0.554482
0.0798947
0.558143
0.0783814
0.561446
0.0768784
0.564403
0.0754373
0.567027
0.0741152
0.569337
0.0729747
0.571356
0.0720836
0.573108
0.0715131
0.574623
0.0713343
0.575922
0.0716138
0.577011
0.0724115
0.0737447
0.446898
0.0691855
0.453823
0.0711732
0.460897
0.0730357
0.468085
0.0747379
0.475345
0.0762603
0.482637
0.0775862
0.489916
0.0786994
0.49714
0.0795868
0.504268
0.0802398
0.511259
0.0806544
0.518078
0.0808314
0.524692
0.0807761
0.531073
0.0804984
0.537197
0.0800128
0.543045
0.0793377
0.548603
0.0784957
0.553861
0.0775131
0.558813
0.0764203
0.563456
0.0752515
0.567792
0.074045
0.571827
0.0728439
0.575568
0.0716961
0.579029
0.0706546
0.582225
0.0697781
0.585179
0.0691301
0.587914
0.0687782
0.590456
0.0687924
0.592826
0.0692433
0.595035
0.0702026
0.0717217
0.454672
0.0627036
0.461332
0.064514
0.468143
0.0662243
0.475076
0.0678045
0.482099
0.0692377
0.489176
0.070509
0.496272
0.0716036
0.50335
0.0725089
0.510374
0.0732156
0.51731
0.0737186
0.524125
0.0740163
0.53079
0.0741114
0.537278
0.0740106
0.543566
0.0737245
0.549636
0.073268
0.555471
0.0726597
0.561062
0.0719223
0.5664
0.0710822
0.571482
0.07017
0.576306
0.0692204
0.580878
0.0682726
0.585203
0.0673707
0.589294
0.0665637
0.593166
0.0659059
0.59684
0.0654566
0.600338
0.0652798
0.603687
0.0654438
0.606909
0.0660206
0.610023
0.0670888
0.0687215
0.462559
0.0564484
0.468987
0.0580855
0.475569
0.0596425
0.482279
0.0610942
0.489091
0.0624258
0.495976
0.0636245
0.502902
0.0646768
0.50984
0.0655711
0.516758
0.0662981
0.523624
0.0668519
0.530411
0.0672297
0.53709
0.0674322
0.543637
0.0674634
0.55003
0.0673314
0.556251
0.0670477
0.562283
0.0666278
0.568114
0.0660907
0.573737
0.0654594
0.579146
0.064761
0.58434
0.0640265
0.589321
0.0632914
0.594096
0.0625956
0.598676
0.0619839
0.603076
0.0615063
0.607315
0.0612178
0.611416
0.0611783
0.615407
0.0614533
0.619313
0.0621142
0.623161
0.0632409
0.0649174
0.470609
0.050389
0.476839
0.051856
0.483222
0.0532594
0.489738
0.0545777
0.496366
0.0557983
0.50308
0.0569101
0.509856
0.0579015
0.516665
0.0587616
0.523482
0.0594817
0.530278
0.0600558
0.537027
0.0604802
0.543705
0.0607543
0.550288
0.0608806
0.556755
0.0608645
0.563087
0.0607152
0.56927
0.0604453
0.57529
0.0600706
0.581138
0.0596111
0.586809
0.0590902
0.5923
0.0585353
0.597614
0.057978
0.602755
0.0574544
0.607734
0.0570049
0.612565
0.0566749
0.617268
0.0565148
0.621866
0.0565803
0.626387
0.0569329
0.63086
0.0576408
0.635319
0.0587815
0.0604418
0.478883
0.044496
0.484943
0.045796
0.491157
0.0470457
0.497508
0.0482269
0.503977
0.0493291
0.510544
0.0503428
0.517188
0.051258
0.523884
0.052065
0.53061
0.0527559
0.537341
0.0533247
0.544054
0.0537677
0.550725
0.0540833
0.557332
0.0542727
0.563857
0.0543399
0.570281
0.0542917
0.576588
0.0541382
0.582766
0.0538928
0.588804
0.0535722
0.594698
0.0531966
0.600443
0.0527899
0.606041
0.05238
0.611497
0.0519988
0.61682
0.0516823
0.622023
0.0514713
0.627127
0.0514115
0.632154
0.0515535
0.637132
0.051954
0.642097
0.0526766
0.647085
0.0537932
0.0553877
0.487442
0.0387414
0.493361
0.0398769
0.499434
0.0409728
0.505647
0.042014
0.511984
0.0429919
0.518428
0.0438985
0.524961
0.0447251
0.531563
0.0454634
0.538212
0.0461065
0.544888
0.0466488
0.551569
0.0470866
0.558235
0.0474179
0.564864
0.047643
0.57144
0.0477647
0.577943
0.0477882
0.58436
0.0477216
0.590677
0.0475757
0.596884
0.0473645
0.602976
0.0471052
0.608947
0.0468183
0.614799
0.046528
0.620536
0.046262
0.626167
0.046052
0.631704
0.0459341
0.637166
0.0459488
0.642578
0.0461416
0.647969
0.0465634
0.653374
0.0472716
0.658836
0.0483315
0.0498208
0.496352
0.0330974
0.502159
0.0340702
0.508119
0.0350123
0.514222
0.0359112
0.520454
0.0367599
0.526801
0.0375518
0.533246
0.0382797
0.539773
0.0389365
0.546363
0.0395163
0.552998
0.0400142
0.559658
0.0404266
0.566324
0.0407515
0.572978
0.0409888
0.579603
0.0411402
0.586181
0.0412096
0.5927
0.0412035
0.599145
0.0411305
0.605507
0.0410022
0.611779
0.0408329
0.617958
0.0406399
0.624042
0.0404436
0.630036
0.0402679
0.635948
0.04014
0.641791
0.0400912
0.647583
0.0401566
0.653349
0.040376
0.659118
0.0407944
0.664927
0.0414621
0.670823
0.0424362
0.0437862
0.505684
0.0275358
0.511407
0.0283474
0.517284
0.0291353
0.523306
0.0298897
0.529461
0.0306051
0.535736
0.0312761
0.542119
0.0318968
0.548594
0.0324615
0.555145
0.0329651
0.561756
0.0334035
0.568409
0.0337736
0.575087
0.0340735
0.581773
0.0343027
0.588451
0.0344623
0.595105
0.0345554
0.601722
0.0345867
0.608289
0.0345632
0.614797
0.0344942
0.621239
0.0343913
0.62761
0.0342688
0.63391
0.0341435
0.640143
0.0340353
0.646316
0.033967
0.652442
0.033965
0.658539
0.034059
0.664633
0.0342829
0.670752
0.0346749
0.676936
0.0352781
0.683231
0.0361414
0.0373267
0.51551
0.0220277
0.521179
0.0226783
0.527003
0.0233116
0.532973
0.0239196
0.53908
0.0244981
0.545313
0.0250428
0.551661
0.0255493
0.558109
0.0260128
0.564645
0.0264295
0.571252
0.026796
0.577916
0.0271096
0.584621
0.0273688
0.591351
0.0275729
0.59809
0.0277227
0.604826
0.0278203
0.611543
0.0278693
0.618231
0.0278751
0.62488
0.0278449
0.631484
0.0277878
0.638037
0.0277152
0.64454
0.0276404
0.650996
0.0275795
0.657412
0.0275507
0.663802
0.0275755
0.670183
0.027678
0.67658
0.0278859
0.683024
0.0282305
0.689555
0.0287474
0.69622
0.0294762
0.0304675
0.525917
0.0165428
0.531562
0.0170327
0.537364
0.0175101
0.543314
0.0179695
0.549404
0.0184077
0.555626
0.0188215
0.561967
0.0192076
0.568418
0.0195626
0.574964
0.0198835
0.581592
0.0201677
0.588288
0.0204132
0.595038
0.0206188
0.601827
0.0207838
0.608641
0.0209088
0.615466
0.0209952
0.62229
0.0210456
0.629101
0.0210638
0.635891
0.0210553
0.642652
0.0210268
0.649381
0.0209866
0.656076
0.020945
0.662742
0.0209139
0.669385
0.0209073
0.676019
0.0209413
0.682663
0.0210346
0.68934
0.0212085
0.696083
0.0214873
0.702932
0.0218988
0.709933
0.0224749
0.0232603
0.536971
0.0110478
0.542628
0.0113754
0.548442
0.0116965
0.554406
0.0120053
0.560514
0.0122999
0.566756
0.0125786
0.573125
0.0128392
0.579608
0.0130794
0.586194
0.0132972
0.592871
0.0134908
0.599625
0.0136589
0.606444
0.0138006
0.613312
0.0139156
0.620217
0.014004
0.627145
0.0140667
0.634085
0.0141055
0.641026
0.0141229
0.647959
0.0141224
0.654877
0.0141086
0.661777
0.0140871
0.668657
0.0140647
0.675522
0.0140494
0.682378
0.0140508
0.68924
0.0140798
0.696125
0.0141492
0.70306
0.0142738
0.710076
0.0144705
0.717216
0.0147593
0.724528
0.0151631
0.0157134
0.548777
0.00550645
0.554477
0.00567535
0.560336
0.00583735
0.566349
0.00599203
0.572509
0.00613972
0.578808
0.0062796
0.585237
0.00641033
0.591786
0.00653068
0.598444
0.00663963
0.605198
0.00673634
0.612037
0.00682014
0.618947
0.00689055
0.625915
0.00694736
0.632928
0.00699067
0.639974
0.00702094
0.647041
0.00703903
0.654117
0.00704623
0.661195
0.00704432
0.668268
0.00703561
0.675332
0.00702297
0.682387
0.00700987
0.689436
0.00700047
0.696487
0.00699964
0.703554
0.00701308
0.710656
0.00704744
0.717819
0.00711053
0.725078
0.00721186
0.732473
0.00736384
0.740051
0.00758505
0.00792165
0.552188
0.557863
0.563701
0.569693
0.575832
0.582112
0.588522
0.595053
0.601693
0.608429
0.615249
0.62214
0.629087
0.636078
0.643099
0.650138
0.657184
0.664228
0.671264
0.678287
0.685297
0.692297
0.699297
0.70631
0.713357
0.720468
0.72768
0.735043
0.742628
)
;

boundaryField
{
    inlet
    {
        type            calculated;
        value           nonuniform List<scalar> 
45
(
-0.2
-0.2
-0.2
-0.2
-0.2
-0.2
-0.2
-0.2
-0.2
-0.2
-0.2
-0.2
-0.2
-0.2
-0.2
-0.20766
-0.212683
-0.217828
-0.223097
-0.228493
-0.23402
-0.239681
-0.245479
-0.251417
-0.257499
-0.263728
-0.270107
-0.276641
-0.283333
-0.290186
-0.297206
-0.304395
-0.311758
-0.3193
-0.327023
-0.334934
-0.343036
-0.351334
-0.359832
-0.368536
-0.377451
-0.386582
-0.395933
-0.40551
-0.415319
)
;
    }
    outlet
    {
        type            calculated;
        value           nonuniform List<scalar> 
45
(
0.0486385
0.0331081
0.0138722
-0.00147406
-0.014362
-0.0247183
-0.0329144
-0.0393146
-0.0441601
-0.0476706
-0.0500304
-0.0513939
-0.0518958
-0.0516542
-0.0507776
-0.0512716
-0.0502774
-0.0469603
-0.0409747
-0.0317775
-0.0135073
0.0221135
0.0839906
0.162266
0.241932
0.316252
0.382276
0.438812
0.485746
0.523727
0.553933
0.577851
0.597058
0.613023
0.626965
0.639795
0.652139
0.664402
0.676857
0.68969
0.703079
0.71714
0.732075
0.747843
0.75055
)
;
    }
    flap
    {
        type            calculated;
        value           uniform 0;
    }
    upperWall
    {
        type            calculated;
        value           uniform 0;
    }
    lowerWall
    {
        type            calculated;
        value           uniform 0;
    }
    frontAndBack
    {
        type            empty;
        value           nonuniform 0();
    }
}


// ************************************************************************* //
