/*--------------------------------*- C++ -*----------------------------------*\
  =========                 |
  \\      /  F ield         | OpenFOAM: The Open Source CFD Toolbox
   \\    /   O peration     | Website:  https://openfoam.org
    \\  /    A nd           | Version:  dev
     \\/     M anipulation  |
\*---------------------------------------------------------------------------*/
FoamFile
{
    version     2.0;
    format      ascii;
    class       surfaceScalarField;
    location    "7.4";
    object      phi;
}
// * * * * * * * * * * * * * * * * * * * * * * * * * * * * * * * * * * * * * //

dimensions      [0 3 -1 0 0 0 0];

internalField   nonuniform List<scalar> 
5457
(
0.198418
0.00158237
0.19648
0.00193734
0.194192
0.00228804
0.191509
0.00268353
0.188428
0.00308113
0.184951
0.0034767
0.181072
0.0038785
0.176778
0.00429394
0.17205
0.00472815
0.166865
0.00518515
0.161197
0.00566844
0.155016
0.00618098
0.148291
0.00672492
0.14099
0.00730131
0.13308
0.00790948
0.124534
0.00854644
0.115328
0.00920589
0.105451
0.00987719
0.0949064
0.0105441
0.0837229
0.0111835
0.0719582
0.0117647
0.0597098
0.0122484
0.0471211
0.0125887
0.0343809
0.0127402
0.0216858
0.0126951
0.00903563
0.0126502
-0.00291746
0.0119531
-0.00847267
0.0055552
-0.00804322
-0.00042945
-0.00804322
0.199928
0.00165419
0.199176
0.00268975
0.197965
0.00349894
0.196332
0.00431666
0.194272
0.00514113
0.191782
0.0059667
0.188855
0.00680541
0.185478
0.00767073
0.181633
0.00857299
0.177298
0.00952049
0.172446
0.0105205
0.167047
0.0115793
0.161071
0.0127016
0.154482
0.0138902
0.147247
0.0151445
0.139334
0.0164596
0.130716
0.0178238
0.121376
0.0192174
0.111311
0.020609
0.100541
0.0219535
0.0891162
0.0231892
0.0771285
0.024236
0.0647225
0.0249948
0.052115
0.0253478
0.0396547
0.0251554
0.0281047
0.0242002
0.0185941
0.0214637
0.00879623
0.0153531
0.00118301
0.00718377
-0.0068602
0.199781
0.00187362
0.199087
0.00338357
0.197946
0.00463983
0.196409
0.00585322
0.194483
0.0070672
0.192164
0.00828569
0.189447
0.00952278
0.186321
0.0107962
0.182774
0.0121208
0.178785
0.0135093
0.174333
0.0149726
0.169392
0.0165203
0.163933
0.0181602
0.157926
0.0198974
0.151338
0.0217328
0.144136
0.0236613
0.13629
0.0256693
0.127777
0.0277313
0.11858
0.0298059
0.108702
0.0318314
0.0981697
0.0337211
0.0870473
0.0353584
0.0754505
0.0365916
0.0635733
0.0372249
0.0517315
0.0369973
0.0403963
0.0355354
0.0297381
0.0321219
0.0191654
0.0259258
0.00959722
0.0167519
0.00273702
0.199703
0.00217054
0.199008
0.00407885
0.197887
0.00576032
0.196376
0.00736409
0.194488
0.00895527
0.192222
0.0105516
0.189575
0.0121704
0.186539
0.0138321
0.183105
0.0155552
0.179258
0.0173557
0.174983
0.0192475
0.170261
0.0212429
0.165069
0.0233519
0.159385
0.0255816
0.153183
0.0279345
0.146438
0.0304065
0.139123
0.0329838
0.131216
0.0356387
0.122697
0.0383252
0.113556
0.0409724
0.103799
0.0434781
0.093456
0.0457011
0.0825947
0.0474529
0.0713318
0.0484878
0.0598399
0.0484892
0.0483159
0.0470593
0.0368101
0.0436277
0.0251872
0.0375486
0.0133352
0.0286039
0.0160722
0.199667
0.00250311
0.198964
0.00478209
0.197863
0.0068616
0.196381
0.00884572
0.194533
0.010804
0.192318
0.0127662
0.189734
0.0147542
0.186776
0.0167906
0.183434
0.0188969
0.179698
0.0210914
0.175556
0.0233904
0.17099
0.0258079
0.165987
0.0283556
0.160526
0.0310418
0.154591
0.0338701
0.14816
0.0368371
0.141214
0.0399296
0.133733
0.0431203
0.125696
0.0463621
0.117086
0.0495819
0.107893
0.0526718
0.0981137
0.0554802
0.0877636
0.057803
0.0768775
0.0593739
0.0655075
0.0598592
0.0537068
0.05886
0.0414529
0.0558816
0.0285869
0.0504146
0.0148519
0.0423389
0.0309241
0.199653
0.0028503
0.198949
0.00548612
0.197871
0.0079395
0.196427
0.0102899
0.194627
0.0126039
0.192473
0.0149196
0.189964
0.0172637
0.187093
0.0196614
0.183854
0.0221361
0.180237
0.0247086
0.17623
0.0273969
0.171821
0.0302165
0.166997
0.0331804
0.161741
0.0362977
0.156038
0.039573
0.149871
0.0430037
0.143223
0.0465779
0.136073
0.0502698
0.128401
0.0540345
0.120181
0.0578017
0.111387
0.0614663
0.101988
0.0648793
0.0919533
0.0678373
0.0812524
0.0700748
0.0698525
0.0712591
0.0577152
0.0709973
0.0447592
0.0688376
0.030848
0.0643258
0.0158725
0.0573144
0.0467967
0.19965
0.00320023
0.198954
0.00618208
0.197905
0.00898909
0.196505
0.0116895
0.194763
0.0143461
0.192681
0.0170016
0.190257
0.0196873
0.187488
0.0224309
0.184366
0.0252581
0.180883
0.0281915
0.177029
0.0312508
0.172792
0.0344531
0.16816
0.0378125
0.163119
0.0413393
0.157652
0.0450392
0.151745
0.0489113
0.145377
0.0529456
0.138528
0.0571194
0.131169
0.061393
0.123268
0.0657028
0.114781
0.0699533
0.105653
0.0740073
0.0958149
0.0776754
0.0851841
0.0807056
0.0736661
0.0827772
0.0611593
0.0835041
0.0475533
0.0824436
0.0327572
0.0791219
0.0167821
0.0732895
0.0635788
0.199655
0.00354557
0.198975
0.00686217
0.197959
0.0100048
0.19661
0.0130382
0.194934
0.0160221
0.192934
0.0190021
0.190608
0.0220133
0.187953
0.0250861
0.184963
0.028248
0.181631
0.0315235
0.177947
0.0349341
0.173902
0.0384984
0.169482
0.042232
0.164675
0.0461467
0.159464
0.0502501
0.153832
0.0545437
0.147756
0.0590209
0.141212
0.0636643
0.134163
0.0684415
0.126566
0.0732998
0.118361
0.0781587
0.109467
0.0829005
0.0997843
0.0873585
0.0891847
0.0913051
0.0775224
0.0944396
0.0646446
0.0963818
0.0504149
0.0966733
0.0347662
0.0947707
0.0177887
0.0902669
0.0813675
0.199664
0.00388138
0.199006
0.00751995
0.19803
0.010981
0.196739
0.0143296
0.195137
0.0176241
0.193227
0.0209118
0.191009
0.0242311
0.188481
0.0276146
0.185637
0.0310919
0.182471
0.0346891
0.178976
0.0384295
0.175141
0.0423333
0.170955
0.0464178
0.166405
0.0506971
0.161474
0.0551812
0.156142
0.0598751
0.150386
0.0647773
0.144173
0.0698774
0.137461
0.0751532
0.130194
0.0805666
0.122296
0.0860569
0.113665
0.0915321
0.104166
0.0968575
0.0936308
0.10184
0.0818612
0.106209
0.0686458
0.109597
0.0537986
0.11152
0.0372339
0.111335
0.0190819
0.108419
0.100449
0.199677
0.00420414
0.199047
0.00815016
0.198116
0.0119123
0.196888
0.0155578
0.195367
0.0191449
0.193556
0.0227224
0.191456
0.0263308
0.189066
0.0300053
0.186381
0.033777
0.183396
0.0376738
0.180105
0.0417206
0.176499
0.0459393
0.172567
0.0503494
0.168297
0.0549672
0.163672
0.0598061
0.158672
0.0648754
0.153269
0.07018
0.147428
0.0757184
0.1411
0.0814812
0.134219
0.0874477
0.126694
0.0935817
0.118403
0.0998236
0.10918
0.10608
0.0988156
0.112205
0.0870481
0.117977
0.0735852
0.12306
0.058144
0.126962
0.0405482
0.128931
0.0208992
0.128068
0.121349
0.199693
0.0045112
0.199095
0.00874851
0.198213
0.0127939
0.197053
0.0167174
0.19562
0.0205782
0.193916
0.0244261
0.191943
0.0283038
0.189701
0.0322481
0.187186
0.0362919
0.184395
0.0404647
0.181323
0.0447927
0.177962
0.0492998
0.174304
0.0540073
0.170337
0.0589344
0.166045
0.0640981
0.161408
0.0695128
0.156397
0.0751904
0.150976
0.0811397
0.145092
0.0873654
0.138672
0.0938673
0.131617
0.100637
0.123787
0.107654
0.114992
0.114874
0.104978
0.122219
0.0934135
0.129541
0.0798919
0.136582
0.0639617
0.142892
0.0452295
0.147663
0.0236084
0.149689
0.144957
0.199711
0.0048005
0.199148
0.0093115
0.19832
0.0136214
0.197234
0.0178036
0.195894
0.0219183
0.194304
0.0260164
0.192465
0.0301422
0.190379
0.0343341
0.188044
0.0386266
0.185459
0.0430501
0.182619
0.0476326
0.17952
0.0523994
0.176153
0.0573739
0.172509
0.0625779
0.168576
0.0680321
0.164332
0.0737561
0.159754
0.0797691
0.154803
0.0860903
0.149429
0.0927396
0.143559
0.0997377
0.137089
0.107106
0.129875
0.114868
0.121712
0.123038
0.112309
0.131621
0.101266
0.140584
0.0880373
0.149811
0.0719145
0.159015
0.0520783
0.1675
0.0278804
0.173887
0.172837
0.19973
0.00507041
0.199205
0.00983624
0.198435
0.0143914
0.197427
0.0188122
0.196185
0.0231603
0.194714
0.0274875
0.193016
0.0318395
0.191095
0.0362559
0.188949
0.0407723
0.186579
0.0454204
0.183982
0.0502291
0.181156
0.0552251
0.178097
0.0604337
0.174795
0.065879
0.171242
0.071585
0.167422
0.0775762
0.163313
0.0838784
0.158883
0.0905206
0.154086
0.0975367
0.148856
0.104967
0.143099
0.112864
0.136677
0.12129
0.129388
0.130327
0.120936
0.140074
0.110875
0.150645
0.0985328
0.162153
0.0828892
0.174658
0.0624234
0.187965
0.0351158
0.201194
0.207953
0.199751
0.00531969
0.199267
0.0103205
0.198557
0.0151008
0.19763
0.0197397
0.19649
0.0243
0.195143
0.0288347
0.193592
0.0333902
0.191841
0.0380073
0.189891
0.0427222
0.187744
0.0475675
0.1854
0.052573
0.182858
0.0577663
0.180118
0.0631741
0.177175
0.0688224
0.174022
0.0747377
0.17065
0.0809483
0.167043
0.0874856
0.163177
0.0943864
0.159018
0.101696
0.154515
0.109471
0.149592
0.117786
0.144139
0.126743
0.137988
0.136478
0.130878
0.147183
0.122397
0.159127
0.111847
0.172702
0.0980004
0.188505
0.0785174
0.207448
0.0486466
0.231065
0.2566
0.199772
0.00554737
0.19933
0.0107623
0.198684
0.0157472
0.197841
0.0205832
0.196806
0.0253344
0.195587
0.0300543
0.194187
0.0347902
0.192611
0.0395834
0.190862
0.0444708
0.188944
0.0494854
0.18686
0.0546573
0.184611
0.060015
0.1822
0.0655855
0.179626
0.0713963
0.176888
0.0774753
0.173983
0.0838533
0.170904
0.0905651
0.167637
0.0976525
0.164165
0.105168
0.160459
0.113177
0.156473
0.121772
0.152143
0.131073
0.147367
0.141254
0.141987
0.152563
0.13574
0.165374
0.128154
0.180288
0.118288
0.198371
0.103891
0.221846
0.0776529
0.257303
0.334253
0.00382124
-0.00382124
0.00745268
-0.00363143
0.0104265
-0.00297384
0.0127153
-0.00228879
0.0143927
-0.00167735
0.0155466
-0.00115393
0.0162615
-0.000714926
0.016617
-0.000355441
0.0166927
-7.57346e-05
0.0165485
0.000144225
0.0162562
0.000292286
0.0158716
0.000384568
0.0154377
0.000433926
0.0149891
0.000448549
0.0145524
0.000436773
0.0141458
0.000406538
0.0137815
0.000364336
0.0134657
0.000315826
0.0132003
0.00026537
0.0129837
0.000216548
0.012811
0.000172709
0.0126744
0.000136642
0.0125659
0.000108471
0.0124716
9.42705e-05
0.0123775
9.41136e-05
0.0122717
0.000105816
0.0121455
0.000126232
0.0119986
0.000146859
0.0118417
0.000156924
0.000129153
0.00353273
-0.00735397
0.00692406
-0.00702276
0.00977154
-0.00582132
0.0120567
-0.00457395
0.01385
-0.00347064
0.0152301
-0.002534
0.0162696
-0.00175449
0.0170328
-0.00111863
0.0175689
-0.000611802
0.0179287
-0.000215618
0.018146
7.50203e-05
0.0182508
0.000279801
0.0182877
0.000397017
0.0182907
0.000445555
0.0182849
0.000442546
0.018288
0.000403444
0.0183112
0.000341164
0.0183599
0.000267085
0.0184357
0.000189547
0.0185369
0.000115373
0.0186585
5.10991e-05
0.0187923
2.83592e-06
0.0189361
-3.53204e-05
0.0190796
-4.92324e-05
0.019213
-3.92566e-05
0.0193261
-7.31648e-06
0.0194112
4.10924e-05
0.0194702
8.79112e-05
0.0195125
0.000114579
0.00011349
0.00298893
-0.0103429
0.00577206
-0.00980589
0.00807793
-0.00812719
0.00992735
-0.00642337
0.0113898
-0.00493309
0.0125298
-0.00367403
0.0134056
-0.00263029
0.0140685
-0.00178151
0.0145651
-0.00110836
0.0149441
-0.0005946
0.0152442
-0.000225113
0.0154957
2.83198e-05
0.015692
0.00020073
0.0158573
0.000280191
0.0160032
0.000296651
0.016139
0.000267676
0.0162689
0.000211259
0.0163935
0.000142471
0.0165127
7.03693e-05
0.0166258
2.28428e-06
0.0167374
-6.05602e-05
0.0168579
-0.000117587
0.0169857
-0.000163165
0.0171211
-0.000184649
0.0172594
-0.000177516
0.0173957
-0.000143599
0.0175283
-9.15285e-05
0.0176575
-4.13129e-05
0.0177756
-3.50824e-06
4.29438e-05
0.00238944
-0.0127323
0.00445119
-0.0118676
0.00609181
-0.00976781
0.007396
-0.00772756
0.00843003
-0.00596712
0.00924119
-0.00448519
0.00987026
-0.00325936
0.0103507
-0.00226197
0.0107121
-0.00146972
0.0109854
-0.0008679
0.0112053
-0.00044501
0.0114032
-0.000169565
0.0115813
2.26274e-05
0.0117358
0.000125658
0.0118644
0.000168045
0.0119708
0.000161286
0.0120552
0.000126856
0.012117
8.07064e-05
0.0121598
2.75462e-05
0.0121887
-2.66581e-05
0.0122107
-8.24897e-05
0.0122267
-0.000133585
0.0122368
-0.00017331
0.012244
-0.000191859
0.012247
-0.000180484
0.0122424
-0.00013897
0.0122309
-8.00896e-05
0.0122111
-2.15032e-05
0.0121816
2.59736e-05
7.39878e-05
0.00169152
-0.0144239
0.00294526
-0.0131214
0.00384484
-0.0106674
0.00453812
-0.00842083
0.00508188
-0.00651088
0.00550899
-0.0049123
0.00584413
-0.0035945
0.00610209
-0.00251994
0.00629298
-0.00166061
0.00643026
-0.00100518
0.00654034
-0.000555093
0.00663834
-0.000267566
0.00673729
-7.63139e-05
0.00680431
5.86317e-05
0.00683116
0.000141193
0.00682195
0.000170497
0.00677693
0.000171873
0.00669545
0.000162195
0.00658026
0.000142733
0.00643795
0.000115655
0.00627123
8.42264e-05
0.00608351
5.41316e-05
0.00587805
3.21523e-05
0.00565883
2.73568e-05
0.00541941
5.89374e-05
0.00513944
0.000141004
0.00481669
0.000242659
0.00447905
0.000316134
0.00416888
0.000336144
0.000296467
0.00089059
-0.0153145
0.00124674
-0.0134775
0.00134952
-0.0107702
0.0013802
-0.00845152
0.00136747
-0.00649816
0.00134038
-0.00488521
0.00131421
-0.00356832
0.00128932
-0.00249505
0.00125685
-0.00162815
0.00121579
-0.000964114
0.00118834
-0.00052764
0.00112836
-0.00020759
0.000995793
5.62531e-05
0.000801815
0.00025261
0.000559855
0.000383152
0.000267612
0.000462741
-7.94218e-05
0.000518907
-0.000480886
0.00056366
-0.000935943
0.000597789
-0.00143382
0.000613532
-0.0019539
0.000604304
-0.00247151
0.000571742
-0.00296331
0.000523952
-0.00340831
0.000472355
-0.00378284
0.000433476
-0.0040762
0.000434361
-0.00431419
0.000480648
-0.00453081
0.000532754
-0.00472973
0.000535062
0.000468554
-8.61295e-05
-0.0152283
-0.000646272
-0.0129174
-0.00136983
-0.0100466
-0.00208024
-0.00774112
-0.00274252
-0.00583588
-0.00333013
-0.0042976
-0.00383475
-0.00306369
-0.00426479
-0.00206501
-0.00465448
-0.00123846
-0.0050882
-0.000530389
-0.0056615
4.56531e-05
-0.00627693
0.000407846
-0.00680683
0.000586151
-0.00725716
0.000702942
-0.00767226
0.00079825
-0.00807931
0.00086979
-0.00848167
0.000921264
-0.00887887
0.000960864
-0.00927318
0.000992098
-0.00967007
0.00101042
-0.0100729
0.00100716
-0.010477
0.000975794
-0.0108685
0.000915485
-0.0112297
0.000833574
-0.0115455
0.000749226
-0.0118042
0.000693089
-0.0120056
0.000682064
-0.0121645
0.00069166
-0.0123018
0.00067234
0.000619565
-0.00108846
-0.0141399
-0.00269058
-0.0113153
-0.00431564
-0.00842153
-0.0058677
-0.00618906
-0.00728352
-0.00442006
-0.00855422
-0.0030269
-0.00968815
-0.00192975
-0.0107048
-0.00104837
-0.0116189
-0.000324313
-0.0123825
0.00023321
-0.012951
0.000614115
-0.0134005
0.000857396
-0.0138325
0.00101812
-0.0142564
0.00112683
-0.0146654
0.00120724
-0.0150609
0.00126534
-0.0154435
0.00130384
-0.0158108
0.00132817
-0.016163
0.00134431
-0.0165059
0.0013533
-0.0168473
0.00134857
-0.0171898
0.00131822
-0.0175258
0.00125152
-0.0178402
0.00114799
-0.018117
0.001026
-0.0183437
0.000919792
-0.0185163
0.000854702
-0.0186458
0.000821108
-0.0187589
0.00078542
0.000748362
-0.00223976
-0.0119001
-0.00491437
-0.00864066
-0.00753588
-0.00580002
-0.00993921
-0.00378573
-0.0120528
-0.00230649
-0.0138664
-0.00121326
-0.0153955
-0.000400672
-0.0166374
0.000193548
-0.0175821
0.000620326
-0.0182814
0.00093259
-0.0188412
0.00117383
-0.0193321
0.00134834
-0.0197782
0.00146424
-0.0201949
0.00154354
-0.0205907
0.00160299
-0.0209707
0.00164534
-0.0213348
0.00166797
-0.0216796
0.00167289
-0.0220041
0.00166888
-0.0223147
0.00166392
-0.0226214
0.00165524
-0.0229297
0.00162648
-0.023234
0.00155582
-0.0235185
0.00143253
-0.0237651
0.00127258
-0.0239617
0.00111638
-0.0241079
0.00100093
-0.0242171
0.000930328
-0.0243154
0.000883681
0.000860346
-0.00359697
-0.00830314
-0.00744385
-0.00479379
-0.0110834
-0.00216042
-0.0142661
-0.00060309
-0.0168884
0.000315845
-0.018942
0.000840376
-0.0204963
0.0011536
-0.0216693
0.00136652
-0.0225822
0.00153324
-0.0233235
0.00167388
-0.0239366
0.00178698
-0.0244554
0.00186708
-0.0249079
0.00191676
-0.0253161
0.00195172
-0.025697
0.00198389
-0.0260606
0.00200899
-0.0264071
0.00201446
-0.0267309
0.00199669
-0.0270304
0.00196837
-0.0273137
0.00194719
-0.0275944
0.00193593
-0.0278808
0.00191296
-0.0281674
0.00184237
-0.0284346
0.00169972
-0.0286596
0.00149759
-0.0288299
0.00128672
-0.0289507
0.00112166
-0.0290407
0.00102035
-0.0291246
0.000967561
0.000954872
-0.00554336
-0.00275977
-0.0110578
0.000720611
-0.0154528
0.00223458
-0.0188169
0.00276108
-0.0213502
0.00284909
-0.0232934
0.00278354
-0.0248209
0.00268119
-0.0260309
0.0025765
-0.0269907
0.00249306
-0.0277605
0.00244359
-0.0283914
0.00241789
-0.0289178
0.00239349
-0.0293642
0.0023632
-0.0297552
0.00234268
-0.0301158
0.00234449
-0.0304618
0.00235499
-0.0307923
0.00234505
-0.031097
0.00230135
-0.0313714
0.00224275
-0.0316268
0.00220258
-0.0318835
0.00219271
-0.0321549
0.00218429
-0.032434
0.00212149
-0.0326945
0.00196023
-0.0329052
0.00170827
-0.0330513
0.00143279
-0.0331449
0.00121528
-0.0332138
0.00108931
-0.0332821
0.00103578
0.00103159
-0.00787739
0.00511762
-0.0143083
0.00715156
-0.0190152
0.0069414
-0.0225534
0.00629935
-0.0252305
0.00552616
-0.0272537
0.00480673
-0.0288024
0.0042299
-0.0300055
0.00377964
-0.0309437
0.00343124
-0.0316879
0.00318781
-0.032299
0.00302891
-0.0328091
0.00290365
-0.0332326
0.00278668
-0.0335921
0.00270217
-0.0339226
0.00267503
-0.0342486
0.00268095
-0.0345663
0.00266277
-0.0348546
0.00258961
-0.0351023
0.00249046
-0.0353255
0.00242581
-0.0355565
0.0024237
-0.0358168
0.00244452
-0.036098
0.00240269
-0.0363627
0.00222493
-0.0365656
0.00191126
-0.0366867
0.00155386
-0.0367479
0.00127646
-0.0367915
0.00113292
-0.0368429
0.00108716
0.0010909
-0.00979397
0.0149116
-0.017511
0.0148685
-0.022866
0.0122965
-0.0265652
0.00999855
-0.0292112
0.00817215
-0.0311171
0.0067126
-0.0325427
0.00565549
-0.0336467
0.00488363
-0.0344922
0.00427676
-0.0351521
0.00384776
-0.0357052
0.00358199
-0.03618
0.00337844
-0.0365657
0.00317233
-0.0368753
0.00301184
-0.037161
0.00296072
-0.0374637
0.0029836
-0.0377743
0.00297341
-0.038051
0.00286629
-0.0382685
0.00270796
-0.0384501
0.00260742
-0.0386487
0.00262231
-0.0389001
0.00269596
-0.0391939
0.00269642
-0.0394757
0.00250673
-0.0396782
0.00211383
-0.0397707
0.00164634
-0.039789
0.00129475
-0.0398002
0.00114413
-0.0398351
0.00112205
0.00113502
-0.0130128
0.0279244
-0.0224837
0.0243394
-0.0278452
0.017658
-0.031089
0.0132424
-0.0334024
0.0104855
-0.034941
0.00825113
-0.0360516
0.00676608
-0.0369614
0.00579345
-0.0376518
0.00496714
-0.0381651
0.00436104
-0.0386225
0.0040394
-0.0390547
0.0038107
-0.0393942
0.00351178
-0.0396285
0.00324619
-0.0398444
0.00317655
-0.0401188
0.00325802
-0.0404342
0.00328884
-0.0407096
0.00314164
-0.0408914
0.00288981
-0.041014
0.00272999
-0.041167
0.00277532
-0.0414106
0.00293954
-0.0417299
0.00301575
-0.0420458
0.0028226
-0.0422573
0.00232532
-0.042314
0.00170307
-0.0422712
0.00125193
-0.0422384
0.00111136
-0.0422604
0.00114404
0.00117135
-0.0185345
0.0464589
-0.030013
0.0358179
-0.0346668
0.0223118
-0.0362075
0.0147831
-0.0378637
0.0121418
-0.0386721
0.00905956
-0.0391946
0.00728852
-0.0398934
0.00649227
-0.0404423
0.00551599
-0.0407292
0.00464801
-0.0410295
0.00433965
-0.0414227
0.00420391
-0.0417196
0.00380874
-0.0418451
0.00337167
-0.0419495
0.0032809
-0.042192
0.00350052
-0.0425382
0.00363512
-0.042834
0.00343736
-0.0429713
0.00302715
-0.0430023
0.00276098
-0.0430842
0.00285718
-0.0433186
0.00317393
-0.0436804
0.00337764
-0.0440533
0.00319541
-0.0442866
0.00255862
-0.0442958
0.00171235
-0.0441611
0.0011172
-0.0440646
0.0010149
-0.0440833
0.00116272
0.00121946
0.207447
0.00576012
0.207034
0.0111749
0.206432
0.0163497
0.205647
0.0213676
0.204688
0.0262935
0.203561
0.0311817
0.202272
0.0360796
0.200826
0.041029
0.19923
0.046067
0.197489
0.0512266
0.195608
0.056538
0.193593
0.0620296
0.19145
0.0677289
0.189183
0.073663
0.186798
0.0798607
0.184298
0.0863533
0.181686
0.0931766
0.178965
0.100374
0.176134
0.107998
0.173192
0.11612
0.170134
0.12483
0.166955
0.134252
0.163651
0.144558
0.160222
0.155991
0.156691
0.168905
0.153151
0.183829
0.149964
0.201557
0.148803
0.223006
0.160443
0.245663
0.258872
0.235824
0.21249
0.00595252
0.212118
0.0115477
0.211574
0.0168932
0.210868
0.0220734
0.210008
0.0271539
0.209001
0.0321891
0.207854
0.0372266
0.206574
0.0423081
0.205171
0.0474705
0.203651
0.0527464
0.202023
0.0581658
0.200297
0.0637563
0.198481
0.0695447
0.196586
0.0755575
0.194625
0.0818222
0.192609
0.088369
0.190554
0.0952319
0.188476
0.102451
0.186398
0.110077
0.184347
0.118171
0.182364
0.126813
0.180509
0.136106
0.178882
0.146185
0.177653
0.15722
0.177144
0.169414
0.178007
0.182965
0.181656
0.197908
0.19069
0.213973
0.206113
0.23024
0.245793
0.219193
0.217658
0.00612244
0.217329
0.0118767
0.21685
0.0173718
0.21623
0.0226931
0.215478
0.0279062
0.214602
0.0330656
0.21361
0.0382186
0.212511
0.0434066
0.211316
0.0486657
0.210035
0.0540278
0.208679
0.0595218
0.207261
0.0651742
0.205795
0.0710101
0.204298
0.0770543
0.202789
0.0833318
0.201288
0.0898695
0.199823
0.0966972
0.198425
0.103849
0.197138
0.111365
0.196015
0.119293
0.195137
0.127691
0.194615
0.136628
0.194621
0.14618
0.195416
0.156425
0.197411
0.167419
0.201216
0.17916
0.207602
0.191523
0.21723
0.204345
0.229825
0.217644
0.228846
0.246772
0.222951
0.00626787
0.22267
0.0121579
0.222262
0.0177799
0.221736
0.0232193
0.2211
0.0285416
0.220365
0.033801
0.219539
0.0390441
0.218634
0.0443114
0.217662
0.0496382
0.216635
0.0550549
0.215568
0.060589
0.214477
0.0662651
0.213381
0.0721059
0.212302
0.0781334
0.211265
0.0843688
0.2103
0.0908343
0.209444
0.0975529
0.208743
0.10455
0.208255
0.111853
0.208057
0.119491
0.208251
0.127497
0.208978
0.135902
0.21043
0.144728
0.212871
0.153984
0.216648
0.163642
0.222181
0.173628
0.229919
0.183785
0.240435
0.193828
0.254649
0.203431
0.21034
0.273155
0.228374
0.00638697
0.228144
0.0123879
0.227812
0.0181124
0.227386
0.0236455
0.226875
0.0290523
0.22629
0.0343861
0.225641
0.0396925
0.224942
0.045011
0.224205
0.0503753
0.223445
0.0558143
0.222681
0.0613533
0.221932
0.0670145
0.22122
0.0728176
0.220573
0.0787808
0.220021
0.0849208
0.219601
0.0912536
0.21936
0.0977945
0.219352
0.104558
0.219646
0.111558
0.220331
0.118806
0.22152
0.126308
0.223357
0.134064
0.226028
0.142057
0.229763
0.150248
0.234843
0.158562
0.241597
0.166874
0.250404
0.174978
0.26171
0.182522
0.275991
0.18915
0.193777
0.292554
0.233929
0.00647804
0.233754
0.0125633
0.233502
0.0183645
0.233182
0.0239657
0.232803
0.029431
0.232376
0.0348125
0.231914
0.0401547
0.23143
0.0454954
0.230939
0.0508666
0.230458
0.0562951
0.230007
0.0618039
0.22961
0.067412
0.229291
0.0731359
0.229083
0.0789894
0.229019
0.084984
0.229144
0.091129
0.229507
0.0974313
0.23017
0.103895
0.231207
0.110521
0.23271
0.117303
0.23479
0.124228
0.237584
0.131271
0.241255
0.138386
0.245995
0.145507
0.252026
0.152531
0.259591
0.15931
0.268931
0.165638
0.280226
0.171227
0.293573
0.175803
0.178852
0.308497
0.23962
0.0065396
0.239502
0.0126814
0.239334
0.0185323
0.239125
0.0241748
0.238884
0.0296716
0.238623
0.0350734
0.238355
0.0404232
0.238094
0.0457567
0.237856
0.0511041
0.237662
0.0564897
0.237532
0.0619337
0.237492
0.0674521
0.23757
0.0730575
0.2378
0.0787592
0.238221
0.0845631
0.238878
0.0904722
0.239824
0.0964854
0.241122
0.102597
0.242846
0.108796
0.245085
0.115064
0.247942
0.121372
0.251535
0.127677
0.256001
0.133921
0.261489
0.140019
0.268155
0.145865
0.276151
0.151314
0.285597
0.156193
0.296537
0.160286
0.308963
0.163377
0.165199
0.322616
0.245448
0.00657038
0.24539
0.0127396
0.24531
0.0186121
0.245217
0.0242683
0.245119
0.029769
0.245029
0.0351634
0.24496
0.0404922
0.244928
0.0457894
0.244949
0.0510825
0.245045
0.0563936
0.245239
0.0617399
0.245557
0.067134
0.24603
0.0725847
0.246693
0.0780968
0.247585
0.0836711
0.248752
0.0893045
0.250249
0.0949889
0.252135
0.100711
0.254481
0.10645
0.257367
0.112179
0.260882
0.117857
0.265124
0.123435
0.270198
0.128846
0.276212
0.134006
0.283264
0.138812
0.291436
0.143142
0.300775
0.146853
0.311272
0.14979
0.322858
0.151791
0.152726
0.335331
0.251418
0.00656937
0.251422
0.0127361
0.251432
0.0186013
0.251458
0.0242429
0.251507
0.0297197
0.251592
0.0350785
0.251726
0.040358
0.251926
0.0455899
0.252209
0.0507994
0.252597
0.0560059
0.253113
0.0612234
0.253786
0.0664615
0.254645
0.0717252
0.255727
0.0770152
0.25707
0.0823279
0.25872
0.0876547
0.260727
0.092982
0.263147
0.0982903
0.266044
0.103553
0.269485
0.108737
0.273545
0.113798
0.278298
0.118682
0.283821
0.123323
0.290183
0.127644
0.297441
0.131554
0.305629
0.134954
0.314749
0.137734
0.324755
0.139784
0.335548
0.140998
0.141317
0.346957
0.257532
0.00653581
0.257599
0.0126694
0.257702
0.018498
0.257849
0.0240965
0.258047
0.0295211
0.258309
0.0348164
0.258649
0.0400188
0.259081
0.0451576
0.259625
0.0502553
0.260302
0.0553287
0.261136
0.0603891
0.262155
0.065443
0.263388
0.0704919
0.26487
0.0755332
0.266639
0.0805591
0.268737
0.0855572
0.271209
0.0905099
0.274105
0.0953937
0.27748
0.100179
0.281388
0.104829
0.285887
0.109299
0.291032
0.113537
0.296872
0.117483
0.303448
0.121068
0.310783
0.124219
0.318881
0.126856
0.327713
0.128901
0.337216
0.130281
0.347286
0.130929
0.130824
0.357779
0.263794
0.00646925
0.263925
0.0125386
0.264122
0.018301
0.264391
0.0238277
0.264739
0.0291723
0.265179
0.0343767
0.265723
0.039475
0.266387
0.0444938
0.267189
0.0494534
0.26815
0.0543678
0.269293
0.0592457
0.270645
0.0640909
0.272235
0.0689021
0.274094
0.0736736
0.276259
0.0783949
0.278765
0.0830508
0.281654
0.0876209
0.284968
0.09208
0.288749
0.0963972
0.293042
0.100536
0.297887
0.104454
0.303321
0.108103
0.309372
0.111432
0.316058
0.114383
0.32338
0.116897
0.331319
0.118917
0.339833
0.120387
0.348852
0.121262
0.358276
0.121504
0.121114
0.367986
0.270207
0.00636949
0.270402
0.0123435
0.270693
0.0180101
0.271084
0.0234366
0.271583
0.0286736
0.272199
0.0337605
0.272945
0.0387288
0.273836
0.0436025
0.27489
0.0483996
0.276126
0.0531316
0.277567
0.057805
0.279237
0.0624211
0.281163
0.0669764
0.283373
0.071463
0.2859
0.0758685
0.288774
0.080176
0.292031
0.0843642
0.295704
0.0884073
0.299826
0.0922752
0.304428
0.0959336
0.309538
0.0993442
0.315176
0.102465
0.321354
0.105253
0.328074
0.107663
0.33532
0.109651
0.343062
0.111174
0.351251
0.112199
0.359816
0.112697
0.36867
0.112651
0.112073
0.377711
0.276774
0.00623665
0.277033
0.0120844
0.277417
0.0176257
0.27793
0.022924
0.278577
0.0280268
0.279366
0.0329706
0.280311
0.0377843
0.281424
0.0424896
0.282721
0.0471021
0.284222
0.0516313
0.285945
0.0560815
0.287914
0.0604522
0.290152
0.0647382
0.292685
0.0689303
0.295539
0.0730148
0.29874
0.0769744
0.302317
0.0807879
0.306293
0.0844305
0.310694
0.0878742
0.31554
0.0910881
0.320845
0.0940389
0.326619
0.0966922
0.332859
0.0990125
0.339557
0.100966
0.346687
0.10252
0.354213
0.103648
0.362083
0.104328
0.370232
0.104548
0.378582
0.104301
0.103607
0.387049
0.283498
0.00607111
0.283821
0.0117619
0.284297
0.0171492
0.284929
0.0222921
0.285721
0.0272349
0.28668
0.0320113
0.287817
0.0366475
0.289144
0.0411631
0.290674
0.0455714
0.292426
0.0498801
0.294415
0.0540919
0.296662
0.0582049
0.299188
0.0622127
0.302013
0.0661053
0.305159
0.069869
0.308647
0.0734866
0.312496
0.076938
0.316726
0.0802005
0.321352
0.0832489
0.326383
0.0860566
0.331826
0.0885958
0.33768
0.0908387
0.343934
0.0927582
0.35057
0.0943294
0.35756
0.0955308
0.364863
0.0963454
0.372429
0.0967622
0.380199
0.0967775
0.388105
0.0963947
0.0956343
0.396078
0.290384
0.0058735
0.290768
0.0113773
0.291335
0.0165826
0.292083
0.0215439
0.293016
0.0263021
0.294139
0.0308881
0.295461
0.0353258
0.296992
0.0396324
0.298744
0.0438195
0.300731
0.0478931
0.302968
0.0518546
0.305472
0.055701
0.308259
0.0594257
0.311346
0.0630184
0.314749
0.0664657
0.318484
0.0697515
0.322565
0.0728575
0.327002
0.0757635
0.331803
0.0784477
0.336972
0.0808879
0.342506
0.0830619
0.348396
0.0849481
0.354628
0.0865266
0.361177
0.0877804
0.368012
0.0886959
0.375093
0.0892641
0.382374
0.0894815
0.389801
0.0893505
0.397316
0.0888794
0.0880893
0.404861
0.297435
0.00564469
0.297879
0.0109325
0.298533
0.0159286
0.299394
0.0206831
0.300463
0.0252334
0.301743
0.0296079
0.303241
0.0338277
0.304965
0.0379084
0.306925
0.0418596
0.309132
0.0456861
0.311598
0.0493885
0.314336
0.0529632
0.317358
0.0564034
0.320677
0.0596991
0.324305
0.062838
0.328251
0.0658055
0.332523
0.0685852
0.337127
0.07116
0.342063
0.0735117
0.347328
0.0756225
0.352915
0.0774749
0.35881
0.0790533
0.364993
0.0803438
0.371438
0.0813355
0.378113
0.0820211
0.384979
0.0823974
0.391995
0.0824659
0.399113
0.0822329
0.406283
0.0817094
0.0809161
0.413456
0.304654
0.00538575
0.305157
0.0104295
0.305895
0.0151904
0.306864
0.0197142
0.308063
0.024035
0.309492
0.0281782
0.311157
0.0321629
0.313063
0.0360027
0.315217
0.0397058
0.317627
0.0432761
0.320302
0.0467133
0.323251
0.0500139
0.326483
0.053171
0.330007
0.0561758
0.333828
0.0590168
0.337952
0.0616814
0.342382
0.0641557
0.347116
0.0664253
0.352152
0.0684757
0.357482
0.070293
0.363093
0.0718643
0.368967
0.0731787
0.375084
0.0742272
0.381415
0.075004
0.38793
0.0755062
0.394593
0.0757347
0.401364
0.0756944
0.408203
0.0753937
0.415068
0.0748449
0.0740676
0.421916
0.312046
0.00509789
0.312605
0.00987071
0.313424
0.0143717
0.314495
0.0186423
0.315817
0.0227132
0.317388
0.0266073
0.31921
0.0303414
0.321285
0.0339275
0.323618
0.0373726
0.326214
0.0406797
0.329079
0.0438482
0.332219
0.0468746
0.335637
0.0497527
0.339338
0.0524745
0.343325
0.05503
0.347598
0.0574086
0.352155
0.0595988
0.356991
0.0615889
0.362099
0.0633679
0.367466
0.0649253
0.373079
0.0662522
0.378916
0.0673413
0.384955
0.0681879
0.39117
0.0687895
0.397529
0.0691468
0.404001
0.0692633
0.410549
0.0691459
0.417139
0.0688042
0.423733
0.0682507
0.0675035
0.430297
0.319615
0.00478243
0.320227
0.00925872
0.321122
0.0134765
0.322292
0.0174728
0.32373
0.0212751
0.325433
0.0249038
0.327401
0.0283737
0.329633
0.0316953
0.332132
0.0348743
0.334898
0.0379134
0.337935
0.0408117
0.341243
0.0435659
0.344825
0.0461707
0.348681
0.0486189
0.352808
0.0509025
0.357204
0.0530125
0.361863
0.0549397
0.366777
0.0566753
0.371934
0.0582108
0.377321
0.059539
0.382919
0.0606541
0.388708
0.0615521
0.394665
0.0622309
0.400763
0.062691
0.406975
0.0629352
0.41327
0.0629687
0.419616
0.0627995
0.425983
0.0624376
0.432338
0.0618951
0.0611884
0.438653
0.327365
0.00444074
0.328027
0.00859624
0.328995
0.0125087
0.330257
0.0162111
0.331804
0.0197276
0.333632
0.0230764
0.335735
0.0262702
0.338113
0.029318
0.340762
0.0322248
0.343683
0.0349927
0.346874
0.0376209
0.350333
0.0401065
0.354059
0.0424448
0.358048
0.0446301
0.362295
0.0466556
0.366793
0.0485143
0.371534
0.050199
0.376506
0.0517033
0.381695
0.0530212
0.387086
0.0541479
0.39266
0.0550803
0.398396
0.0558165
0.40427
0.0563569
0.410257
0.0567036
0.416331
0.0568609
0.422465
0.0568351
0.42863
0.0566343
0.434799
0.0562685
0.440945
0.0557491
0.0550907
0.447043
0.3353
0.00407416
0.336011
0.00788592
0.337047
0.0114724
0.338395
0.0148627
0.340045
0.0180779
0.341988
0.0211335
0.344217
0.0240408
0.346728
0.0268072
0.349516
0.0294371
0.352576
0.0319321
0.355906
0.0342916
0.359499
0.036513
0.363351
0.0385926
0.367456
0.0405256
0.371805
0.0423069
0.376388
0.043931
0.381194
0.0453926
0.386211
0.0466872
0.391421
0.0478108
0.396808
0.0487608
0.402353
0.0495357
0.408034
0.0501356
0.413828
0.0505624
0.419712
0.0508193
0.425662
0.0509113
0.431652
0.0508452
0.437657
0.0506291
0.443653
0.0502723
0.449617
0.0497853
0.0491811
0.455527
0.343426
0.00368395
0.344182
0.00713023
0.345283
0.0103714
0.346713
0.0134327
0.348458
0.0163324
0.350508
0.0190834
0.352854
0.021695
0.355487
0.0241738
0.358401
0.0265232
0.361589
0.0287446
0.365043
0.0308374
0.368756
0.0327997
0.37272
0.0346285
0.376926
0.0363201
0.381362
0.0378704
0.386018
0.0392756
0.390879
0.0405319
0.395929
0.0416363
0.401154
0.0425865
0.406533
0.0433814
0.412048
0.0440209
0.417677
0.0445064
0.423399
0.0448404
0.429191
0.0450271
0.435031
0.0450717
0.440895
0.0449809
0.446762
0.0447624
0.452609
0.0444249
0.458417
0.0439776
0.043432
0.464166
0.351746
0.00327114
0.352545
0.00633126
0.353708
0.00920905
0.355214
0.0119261
0.35705
0.0144973
0.3592
0.0169332
0.361653
0.0192414
0.3644
0.0214272
0.36743
0.0234934
0.370733
0.0254412
0.3743
0.0272701
0.378122
0.0289785
0.382186
0.0305643
0.386481
0.0320246
0.390995
0.0333564
0.395714
0.0345571
0.400622
0.0356241
0.405702
0.0365558
0.410938
0.0373509
0.41631
0.0380095
0.421798
0.0385325
0.427383
0.0389219
0.433042
0.0391808
0.438756
0.0393135
0.444502
0.0393253
0.450261
0.0392225
0.456011
0.0390121
0.461734
0.0387018
0.467411
0.0383
0.0378163
0.473027
0.360267
0.00283637
0.361108
0.00549044
0.362329
0.00798793
0.363908
0.0103467
0.365828
0.0125781
0.368071
0.0146897
0.370625
0.0166876
0.373476
0.0185758
0.376613
0.0203568
0.380023
0.0220313
0.383694
0.023599
0.387614
0.0250587
0.391769
0.0264087
0.396147
0.027647
0.400732
0.0287715
0.405508
0.0297805
0.41046
0.0306725
0.415569
0.0314465
0.420818
0.0321024
0.426186
0.0326408
0.431656
0.0330632
0.437206
0.0333719
0.442816
0.0335703
0.448467
0.0336625
0.454139
0.0336535
0.459813
0.0335489
0.46547
0.033355
0.471093
0.0330786
0.476666
0.0327268
0.0323078
0.482175
0.368993
0.00237955
0.369876
0.004608
0.371154
0.00670966
0.372803
0.00869793
0.374802
0.0105792
0.377133
0.0123583
0.379781
0.0140397
0.38273
0.0156265
0.385967
0.0171205
0.389476
0.0185221
0.393244
0.0198311
0.397256
0.0210466
0.401497
0.0221673
0.405952
0.0231919
0.410605
0.0241189
0.415438
0.0249473
0.420434
0.0256763
0.425575
0.0263056
0.430842
0.0268356
0.436215
0.0272673
0.441676
0.0276023
0.447205
0.0278432
0.452782
0.027993
0.458389
0.0280556
0.464007
0.0280354
0.469619
0.0279373
0.475207
0.0277667
0.480757
0.0275292
0.486253
0.0272308
0.0268782
0.491682
0.377932
0.00189908
0.378858
0.003682
0.380192
0.00537491
0.381907
0.00698285
0.383982
0.00850513
0.386396
0.00994415
0.389132
0.0113034
0.392173
0.0125851
0.395503
0.0137903
0.399106
0.0149191
0.402966
0.0159713
0.407067
0.0169462
0.411391
0.0178429
0.415923
0.0186605
0.420643
0.0193981
0.425536
0.0200551
0.430581
0.0206312
0.43576
0.0211264
0.441054
0.0215414
0.446444
0.0218773
0.451911
0.0221357
0.457435
0.0223191
0.462998
0.02243
0.468582
0.0224718
0.474169
0.0224482
0.479743
0.0223633
0.485288
0.0222215
0.49079
0.0220274
0.496235
0.0217858
0.0215023
0.501611
0.387091
0.00138975
0.388068
0.00270518
0.389461
0.00398115
0.391243
0.00520172
0.39339
0.0063574
0.395884
0.00744998
0.398705
0.0084824
0.401835
0.00945578
0.405255
0.0103703
0.408948
0.011226
0.412897
0.0120225
0.417083
0.0127594
0.42149
0.013436
0.426099
0.0140517
0.430891
0.0146061
0.435847
0.0150987
0.440949
0.0155295
0.446176
0.0158988
0.451511
0.0162073
0.456932
0.0164559
0.462422
0.0166461
0.467961
0.0167799
0.473531
0.0168594
0.479116
0.0168872
0.484698
0.0168662
0.490262
0.0167996
0.495792
0.0166908
0.501277
0.016543
0.506703
0.0163599
0.0161455
0.512059
0.396484
0.000838537
0.397517
0.001672
0.398966
0.00253256
0.400809
0.00335837
0.403028
0.00413892
0.405599
0.00487866
0.408502
0.00557935
0.411717
0.00624063
0.415225
0.00686204
0.419008
0.00744333
0.423046
0.00798421
0.427321
0.00848431
0.431814
0.0089432
0.436506
0.00936047
0.441376
0.00973579
0.446406
0.010069
0.451575
0.0103602
0.456864
0.0106095
0.462254
0.0108176
0.467724
0.0109852
0.473257
0.0111135
0.478833
0.0112036
0.484435
0.0112573
0.490046
0.0112763
0.49565
0.0112626
0.501231
0.0112186
0.506775
0.0111464
0.51227
0.0110484
0.517703
0.0109273
0.0107861
0.523062
0.406193
0.00015553
0.40729
0.000575329
0.408789
0.00103328
0.410691
0.00145615
0.412974
0.00185608
0.415614
0.00223855
0.418591
0.00260279
0.421884
0.00294749
0.425474
0.00327203
0.429341
0.00357611
0.433466
0.00385948
0.437828
0.00412184
0.442409
0.0043629
0.447187
0.0045824
0.452142
0.00478016
0.457255
0.00495608
0.462505
0.00511019
0.467872
0.00524263
0.473336
0.00535369
0.478878
0.00544381
0.484478
0.00551357
0.490118
0.00556368
0.49578
0.00559499
0.501448
0.00560847
0.507105
0.00560516
0.512737
0.0055862
0.518331
0.0055528
0.523873
0.00550619
0.529353
0.0054476
0.00537886
0.53476
0.415475
0.41605
0.417083
0.41854
0.420396
0.422634
0.425237
0.428184
0.431457
0.435033
0.438892
0.443014
0.447377
0.451959
0.456739
0.461695
0.466806
0.472048
0.477402
0.482846
0.488359
0.493923
0.499518
0.505126
0.510732
0.516318
0.521871
0.527377
0.532824
0.538203
0.127996
0.107828
0.0379855
0.0900101
0.0572769
-0.0192914
0.210682
0.116339
0.194683
0.106009
0.0899326
0.162027
0.252533
0.110579
0.251977
0.106564
0.0995956
0.242314
0.280167
0.103567
0.284113
0.102618
0.0999141
0.283794
0.3
0.0961219
0.306219
0.0963989
0.0956704
0.310463
0.315867
0.0887514
0.322855
0.0894108
0.0895275
0.328998
0.329492
0.081876
0.33633
0.0825728
0.0829698
0.342887
0.34161
0.0755963
0.347969
0.0762139
0.0766469
0.354292
0.352688
0.0698656
0.358516
0.0703856
0.0707768
0.364386
0.363032
0.0646122
0.36837
0.0650475
0.065385
0.373762
0.372831
0.0597677
0.377743
0.0601353
0.0604254
0.382702
0.382208
0.0552708
0.386758
0.055585
0.0558364
0.391347
0.39125
0.0510693
0.395494
0.0513408
0.0515609
0.39977
0.400027
0.0471203
0.404011
0.0473571
0.0475513
0.40802
0.408593
0.0433884
0.412354
0.0435963
0.0437688
0.416136
0.417
0.0398444
0.420568
0.0400279
0.0401816
0.424155
0.425297
0.036464
0.428698
0.0366263
0.0367636
0.432116
0.433535
0.0332264
0.436791
0.03337
0.0334926
0.440062
0.441766
0.0301134
0.444896
0.0302405
0.0303498
0.448039
0.450047
0.027109
0.453067
0.0272211
0.0273182
0.456098
0.458437
0.0241985
0.461361
0.0242969
0.0243826
0.464297
0.466997
0.0213679
0.46984
0.0214535
0.0215286
0.472694
0.475791
0.0186038
0.478567
0.0186776
0.0187426
0.481353
0.484886
0.0158928
0.487608
0.0159552
0.0160104
0.49034
0.494353
0.0132219
0.497035
0.0132735
0.0133194
0.499726
0.504257
0.010576
0.506913
0.010617
0.0106535
0.509579
0.514692
0.00794303
0.517335
0.00797387
0.00800154
0.519987
0.525702
0.0053033
0.528352
0.0053236
0.00534121
0.531012
0.537415
0.00264869
0.540081
0.00265774
0.0026662
0.542756
0.540852
0.54351
0.546176
-0.0385793
0.0657468
-0.0486061
0.0458448
-0.0490286
0.0227343
-0.042474
0.00822847
-0.0435113
0.013179
-0.0437209
0.00926916
-0.0435412
0.0071088
-0.0442337
0.00718478
-0.0446823
0.00596459
-0.0444238
0.00438956
-0.0444189
0.00433475
-0.0448746
0.00465957
-0.0452333
0.00416752
-0.0452312
0.00336953
-0.0451244
0.00317411
-0.0453249
0.003701
-0.0457569
0.00406711
-0.0461197
0.00380018
-0.0461963
0.00310374
-0.0460695
0.00263423
-0.0460308
0.00281849
-0.0462637
0.00340681
-0.0467117
0.00382559
-0.0471929
0.0036766
-0.047478
0.00284375
-0.0474188
0.00165319
-0.0471267
0.000825026
-0.0469222
0.000810479
-0.0469578
0.00119832
0.00133304
0.0974259
0.130348
0.0472981
0.0959725
-0.00119206
0.0712245
-0.0362309
0.0432673
-0.0503051
0.0272533
-0.0521225
0.0110865
-0.0470287
0.00201499
-0.0468366
0.00699268
-0.0473175
0.00644546
-0.0464648
0.00353685
-0.0464471
0.00431706
-0.0473526
0.00556512
-0.0479441
0.00475904
-0.0475664
0.00299175
-0.046832
0.00243975
-0.0469661
0.00383508
-0.0476055
0.00470653
-0.0481435
0.00433819
-0.0481673
0.00312753
-0.0477674
0.00223438
-0.0475036
0.00255468
-0.0477332
0.00363636
-0.0483099
0.0044023
-0.0489474
0.00431415
-0.0493099
0.00320622
-0.0491453
0.00148857
-0.048583
0.000262704
-0.0481919
0.000419404
-0.048279
0.0012854
0.00161715
0.205022
0.16764
0.164187
0.136807
0.125175
0.110236
0.0830375
0.085405
0.0444825
0.0658083
0.00339157
0.0521775
-0.0295558
0.0349624
-0.0468264
0.0242632
-0.0524999
0.012119
-0.0512195
0.00225644
-0.0475697
0.000667196
-0.0482735
0.00626892
-0.0492107
0.00569624
-0.0480904
0.00187145
-0.0469005
0.00124991
-0.0473683
0.0043029
-0.04853
0.00586817
-0.0494352
0.0052434
-0.0493435
0.00303581
-0.0483013
0.00119218
-0.0475011
0.00175445
-0.0477559
0.00389125
-0.0485432
0.00518957
-0.0494137
0.0051846
-0.0499023
0.00369491
-0.0496054
0.00119167
-0.048618
-0.000724698
-0.0479257
-0.000272917
-0.0481274
0.00148704
0.00224664
0.268921
0.182513
0.244859
0.160869
0.216047
0.139049
0.183261
0.11819
0.149691
0.0993788
0.118632
0.0832366
0.0859934
0.0676006
0.056021
0.0542356
0.0249492
0.0431909
-0.00700555
0.0342112
-0.0318301
0.0254917
-0.0445932
0.019032
-0.04956
0.010663
-0.0495528
0.00186432
-0.0456646
-0.00263832
-0.0453704
0.00400874
-0.0472569
0.00775459
-0.0487177
0.00670421
-0.0483887
0.00270679
-0.0462774
-0.000919047
-0.045128
0.000604982
-0.0457382
0.00450145
-0.0469494
0.0064008
-0.0482125
0.00644774
-0.0489028
0.00438518
-0.048515
0.000803853
-0.0466503
-0.00258936
-0.0455173
-0.00140597
-0.0459694
0.00193919
0.00347496
0.308926
0.18405
0.298497
0.171298
0.281544
0.156002
0.259891
0.139843
0.23543
0.123841
0.209873
0.108794
0.182846
0.0946273
0.155534
0.0815475
0.128755
0.0699699
0.103169
0.0597971
0.0780957
0.0505653
0.0552349
0.0418928
0.032351
0.033547
0.00613117
0.0280841
-0.0180753
0.0215681
-0.0326332
0.0185666
-0.039811
0.0149324
-0.043248
0.0101411
-0.0439347
0.00339348
-0.0417677
-0.00308599
-0.0400244
-0.00113831
-0.04094
0.00541706
-0.0428038
0.00826463
-0.0444924
0.00813632
-0.0456341
0.00552685
-0.0443438
-0.000486406
-0.0421851
-0.00474814
-0.0406927
-0.00289832
-0.0416302
0.00287667
0.0056465
0.335142
0.177906
0.334389
0.17205
0.327552
0.162839
0.315751
0.151644
0.300138
0.139454
0.281865
0.127067
0.261653
0.114839
0.240179
0.103022
0.21819
0.0919584
0.19614
0.0818477
0.174173
0.0725319
0.152417
0.0636489
0.130574
0.0553895
0.11015
0.0485081
0.0892713
0.0424472
0.0704211
0.0374169
0.0533159
0.0320376
0.03712
0.0263371
0.0190074
0.0215061
-0.00205144
0.0179728
-0.0186247
0.015435
-0.0270759
0.0138682
-0.031234
0.0124227
-0.0338567
0.010759
-0.0353359
0.00700606
-0.035986
0.000163701
-0.0337212
-0.00701298
-0.0334481
-0.00317141
-0.0353465
0.00477506
0.00922732
0.352871
0.167922
0.358275
0.166647
0.358877
0.162237
0.355016
0.155506
0.347284
0.147185
0.336432
0.137919
0.323116
0.128155
0.307889
0.118249
0.291314
0.108534
0.27391
0.0992514
0.256032
0.0904092
0.237765
0.0819167
0.219246
0.0739085
0.20101
0.0667435
0.18303
0.0604275
0.165838
0.0546086
0.149076
0.0487996
0.132354
0.043059
0.115882
0.0379782
0.0998291
0.034026
0.0842404
0.0310236
0.0698189
0.0282897
0.0567862
0.0254555
0.0451733
0.0223719
0.0337303
0.0184491
0.0188089
0.0150851
-0.00138802
0.0131839
-0.017216
0.0126566
-0.023796
0.0113551
0.0152764
0.365652
0.156562
0.374401
0.157898
0.379855
0.156783
0.381829
0.153532
0.380451
0.148563
0.376058
0.142312
0.369048
0.135164
0.359833
0.127463
0.348854
0.119514
0.336553
0.111552
0.323265
0.103697
0.309174
0.0960073
0.294476
0.0886072
0.279511
0.0817083
0.264585
0.0753533
0.249833
0.0693604
0.235103
0.0635294
0.220271
0.0578915
0.205485
0.0527638
0.191028
0.0484829
0.177111
0.0449411
0.163754
0.0416469
0.150876
0.0383329
0.138372
0.0348761
0.125589
0.0312319
0.112544
0.0281305
0.0993288
0.026399
0.0863101
0.0256753
0.0724423
0.0252228
0.027102
0.375788
0.145161
0.385935
0.147752
0.394107
0.14861
0.399885
0.147754
0.403092
0.145356
0.403751
0.141653
0.40201
0.136905
0.398103
0.131371
0.392317
0.1253
0.384963
0.118907
0.37631
0.11235
0.366572
0.105746
0.355957
0.099222
0.344741
0.0929243
0.333177
0.0869171
0.321383
0.0811547
0.309348
0.0755649
0.297054
0.0701848
0.284616
0.0652024
0.272289
0.06081
0.26027
0.05696
0.248525
0.053392
0.236947
0.0499104
0.225383
0.0464399
0.213557
0.0430586
0.201484
0.0402028
0.189483
0.0384
0.177632
0.037527
0.165576
0.037278
0.0379713
0.384618
0.134304
0.395009
0.137361
0.404374
0.139245
0.412273
0.139856
0.418406
0.139223
0.422618
0.137442
0.424873
0.13465
0.425235
0.131009
0.423838
0.126696
0.420861
0.121884
0.41649
0.11672
0.410904
0.111332
0.404285
0.105841
0.396841
0.100368
0.388766
0.0949916
0.380188
0.0897334
0.37116
0.084593
0.361725
0.0796192
0.351995
0.0749325
0.342156
0.0706495
0.332349
0.0667667
0.322581
0.0631595
0.312783
0.0597085
0.302841
0.0563823
0.29262
0.0532793
0.282141
0.0506822
0.271638
0.0489032
0.261228
0.0479367
0.25091
0.0475956
0.0477032
0.392839
0.124167
0.402905
0.127295
0.412526
0.129624
0.421348
0.131033
0.429076
0.131495
0.435493
0.131025
0.440466
0.129677
0.443941
0.127534
0.445933
0.124704
0.446509
0.121308
0.445768
0.117461
0.443825
0.113275
0.440809
0.108857
0.436867
0.10431
0.432144
0.0997147
0.426753
0.095124
0.420771
0.0905749
0.414267
0.0861241
0.40734
0.0818595
0.400125
0.0778642
0.392731
0.0741603
0.38519
0.0707005
0.377469
0.0674296
0.369502
0.0643493
0.36123
0.061551
0.352689
0.0592238
0.34403
0.057562
0.335374
0.0565929
0.326789
0.05618
0.0560416
0.400775
0.11474
0.410303
0.117766
0.419699
0.120228
0.428714
0.122019
0.437111
0.123098
0.444688
0.123448
0.451285
0.123079
0.456795
0.122024
0.46116
0.120339
0.46437
0.118098
0.46645
0.115382
0.46745
0.112275
0.467444
0.108864
0.466522
0.105232
0.46478
0.101456
0.462307
0.0975973
0.459174
0.093708
0.45545
0.0898481
0.45122
0.0860895
0.446583
0.0825006
0.441626
0.0791177
0.436387
0.0759388
0.430863
0.0729545
0.425024
0.0701883
0.418854
0.0677205
0.412394
0.0656839
0.405748
0.0642082
0.399016
0.0633252
0.392257
0.0629386
0.0627874
0.408564
0.105945
0.417524
0.108807
0.426503
0.11125
0.435333
0.113189
0.443846
0.114585
0.45188
0.115414
0.459294
0.115666
0.465969
0.115348
0.471822
0.114486
0.4768
0.11312
0.480881
0.111301
0.484066
0.109089
0.486383
0.106547
0.487872
0.103742
0.48859
0.100738
0.488594
0.0975939
0.487937
0.0943648
0.486676
0.0911089
0.484877
0.0878892
0.482611
0.0847659
0.479946
0.0817831
0.47692
0.0789648
0.473544
0.07633
0.469817
0.0739163
0.465742
0.0717948
0.461361
0.0700653
0.456747
0.0688217
0.451975
0.0680972
0.447079
0.0678344
0.0678331
0.416267
0.097698
0.424699
0.100375
0.433218
0.10273
0.441712
0.104695
0.450061
0.106236
0.458146
0.107328
0.465856
0.107957
0.473087
0.108117
0.479756
0.107817
0.485797
0.107079
0.491165
0.105933
0.495835
0.104418
0.499802
0.102581
0.503074
0.10047
0.505674
0.0981385
0.507631
0.0956367
0.508979
0.0930166
0.509757
0.0903312
0.51001
0.0876363
0.509789
0.0849867
0.509142
0.0824295
0.508105
0.0800023
0.506695
0.0777401
0.504922
0.0756887
0.502804
0.0739132
0.500375
0.072494
0.49769
0.0715065
0.494799
0.0709881
0.491716
0.070918
0.0711642
0.423914
0.0899203
0.431879
0.0924101
0.439962
0.0946472
0.448083
0.0965746
0.456156
0.0981628
0.464094
0.0993904
0.47181
0.10024
0.479225
0.100703
0.486263
0.100779
0.492864
0.100478
0.498979
0.0998187
0.50457
0.0988271
0.509616
0.0975352
0.514106
0.09598
0.518042
0.0942023
0.521434
0.0922451
0.524297
0.0901534
0.526654
0.0879743
0.528533
0.0857573
0.529968
0.083552
0.530991
0.0814057
0.531632
0.0793617
0.531909
0.0774631
0.531838
0.0757595
0.53144
0.0743119
0.530743
0.0731902
0.529789
0.0724607
0.528609
0.0721678
0.527205
0.0723228
0.0728572
0.431529
0.0825467
0.439087
0.0848519
0.446778
0.0869561
0.454542
0.0888112
0.462313
0.0903917
0.470025
0.0916778
0.477613
0.0926523
0.485012
0.0933039
0.492162
0.0936288
0.499009
0.0936308
0.505507
0.0933203
0.51162
0.0927145
0.517319
0.0918363
0.522585
0.0907134
0.527409
0.089378
0.531789
0.0878656
0.535728
0.0862146
0.539236
0.084466
0.54233
0.0826636
0.545029
0.0808525
0.547357
0.0790779
0.549334
0.0773848
0.550978
0.0758191
0.552306
0.0744315
0.553338
0.0732802
0.554099
0.0724289
0.554619
0.0719405
0.55492
0.0718673
0.554997
0.0722459
0.0730622
0.439141
0.0755226
0.446345
0.077647
0.453691
0.0796108
0.461129
0.081373
0.46861
0.0829111
0.47608
0.0842071
0.483488
0.0852445
0.490781
0.086011
0.497909
0.0865003
0.504828
0.0867121
0.511496
0.0866521
0.51788
0.0863312
0.52395
0.085766
0.529686
0.0849776
0.535072
0.0839914
0.540101
0.0828367
0.54477
0.0815461
0.54908
0.0801553
0.553041
0.0787029
0.556664
0.0772298
0.559963
0.0757785
0.562955
0.0743929
0.565655
0.0731192
0.568079
0.0720074
0.570246
0.0711131
0.572179
0.0704966
0.573899
0.0702197
0.575425
0.0703414
0.576754
0.0709171
0.0719747
0.446782
0.068802
0.45368
0.0707498
0.460722
0.0725689
0.46787
0.0742243
0.475085
0.0756966
0.482323
0.0769693
0.48954
0.0780268
0.496695
0.0788568
0.503744
0.0794514
0.510648
0.0798077
0.517372
0.0799279
0.523885
0.0798188
0.530159
0.079492
0.536173
0.0789636
0.54191
0.0782538
0.54736
0.0773867
0.552516
0.0763901
0.557376
0.0752949
0.561944
0.0741352
0.566226
0.0729479
0.570232
0.0717724
0.573975
0.0706504
0.577467
0.0696267
0.580725
0.0687496
0.583766
0.0680724
0.58661
0.0676527
0.589277
0.0675519
0.591785
0.0678335
0.594137
0.0685649
0.0698033
0.454495
0.0623453
0.461125
0.0641203
0.467901
0.0657923
0.474794
0.0673313
0.48177
0.0687206
0.488794
0.0699455
0.495829
0.0709917
0.502839
0.0718471
0.509787
0.072503
0.51664
0.0729552
0.523365
0.0732032
0.529933
0.0732507
0.536319
0.0731058
0.542502
0.0727803
0.548465
0.0722905
0.554196
0.071656
0.559686
0.0709002
0.564931
0.0700499
0.569931
0.0691352
0.57469
0.0681891
0.579215
0.0672479
0.583515
0.0663503
0.587602
0.0655388
0.591493
0.0648595
0.595202
0.0643629
0.59875
0.0641043
0.602158
0.0641441
0.605444
0.0645476
0.608621
0.0653883
0.0667407
0.462326
0.0561177
0.468723
0.0577235
0.475268
0.0592469
0.481937
0.0606625
0.488702
0.0619559
0.495533
0.0631142
0.5024
0.0641245
0.509272
0.0649755
0.516116
0.0656584
0.522903
0.0661681
0.529604
0.0665024
0.536192
0.0666629
0.542643
0.0666547
0.548937
0.0664867
0.555056
0.0661715
0.560987
0.0657249
0.56672
0.0651668
0.57225
0.0645201
0.577574
0.0638109
0.582694
0.0630689
0.587615
0.0623267
0.592346
0.0616202
0.596896
0.0609887
0.60128
0.0604754
0.605515
0.060128
0.60962
0.0599991
0.613617
0.0601469
0.617528
0.0606362
0.621375
0.0615414
0.0629447
0.470327
0.0500876
0.476523
0.0515273
0.482869
0.0529013
0.489343
0.0541882
0.495923
0.0553757
0.502585
0.0564526
0.509302
0.0574076
0.516047
0.0582303
0.522793
0.0589123
0.529513
0.059448
0.536181
0.0598346
0.542772
0.0600719
0.549264
0.060163
0.555636
0.0601143
0.561872
0.0599355
0.567958
0.0596394
0.573882
0.0592423
0.579638
0.0587638
0.585223
0.0582266
0.590635
0.0576567
0.595878
0.0570833
0.60096
0.0565389
0.605889
0.0560596
0.610679
0.0556852
0.615347
0.05546
0.619913
0.0554333
0.6244
0.0556602
0.628833
0.0562028
0.633242
0.0571327
0.0585326
0.478556
0.0442253
0.484582
0.0455016
0.490757
0.0467259
0.497066
0.04788
0.503488
0.0489537
0.510003
0.0499375
0.516589
0.0508214
0.523223
0.0515962
0.529881
0.0522544
0.536539
0.0527902
0.543173
0.0532003
0.549761
0.0534838
0.556282
0.0536422
0.562716
0.0536799
0.569048
0.0536043
0.575261
0.0534258
0.581346
0.0531576
0.587293
0.0528162
0.593099
0.0524211
0.598761
0.0519947
0.604281
0.051563
0.609666
0.0511548
0.614922
0.0508027
0.620065
0.0505428
0.625109
0.0504158
0.630076
0.0504668
0.634989
0.0507469
0.639878
0.0513137
0.644777
0.0522339
0.0535858
0.487076
0.0385025
0.49296
0.0396176
0.498994
0.0406918
0.505164
0.04171
0.511454
0.0426636
0.517847
0.0435446
0.524324
0.0443447
0.530864
0.0450557
0.537448
0.0456709
0.544053
0.0461849
0.550659
0.0465945
0.557245
0.0468979
0.563791
0.047096
0.570279
0.0471916
0.576693
0.0471902
0.583019
0.0471001
0.589245
0.046932
0.595362
0.0466995
0.601363
0.0464192
0.607248
0.0461103
0.613016
0.0457951
0.618671
0.0454992
0.624223
0.0452512
0.629682
0.0450834
0.635066
0.045032
0.640395
0.045138
0.645694
0.0454474
0.650995
0.0460125
0.656336
0.0468931
0.0481617
0.495952
0.0328909
0.501723
0.0338466
0.507644
0.0347705
0.513704
0.03565
0.519889
0.0364783
0.526185
0.0372489
0.532575
0.0379546
0.539042
0.0385885
0.545568
0.0391449
0.552134
0.0396189
0.558721
0.0400074
0.565311
0.0403087
0.571884
0.0405226
0.578424
0.0406512
0.584916
0.0406985
0.591345
0.040671
0.5977
0.0405772
0.603971
0.0404284
0.610152
0.0402381
0.61624
0.0400226
0.622234
0.0398009
0.628139
0.0395948
0.633961
0.0394291
0.639712
0.0393321
0.645409
0.0393354
0.651072
0.039475
0.656728
0.0397914
0.662409
0.0403308
0.668157
0.0411455
0.0422996
0.505254
0.0273625
0.510941
0.0281599
0.516779
0.0289328
0.522757
0.0296715
0.528865
0.0303701
0.535091
0.0310237
0.541419
0.0316262
0.547836
0.0321721
0.554324
0.0326564
0.560868
0.0330752
0.567449
0.0334256
0.574052
0.0337057
0.58066
0.0339153
0.587255
0.0340556
0.593824
0.0341296
0.600353
0.0341421
0.60683
0.0341
0.613247
0.0340121
0.619595
0.0338896
0.625872
0.0337457
0.632077
0.0335961
0.638212
0.0334592
0.644286
0.0333558
0.650308
0.0333096
0.656296
0.0333478
0.66227
0.033501
0.668257
0.0338038
0.674292
0.0342957
0.680417
0.0350214
0.0360381
0.515054
0.0218879
0.520686
0.0225273
0.526471
0.0231488
0.532398
0.0237443
0.538458
0.0243095
0.544642
0.0248404
0.550935
0.0253325
0.557326
0.0257812
0.5638
0.0261826
0.570342
0.0265335
0.576936
0.0268314
0.583567
0.0270747
0.590219
0.0272629
0.596878
0.0273969
0.603529
0.0274788
0.610159
0.0275121
0.616757
0.027502
0.623313
0.0274555
0.629822
0.0273812
0.636278
0.0272897
0.64268
0.0271934
0.649032
0.0271071
0.655341
0.0270477
0.661616
0.0270343
0.667874
0.0270893
0.674138
0.0272375
0.680434
0.0275077
0.686798
0.0279322
0.693272
0.0285473
0.0293995
0.525438
0.0164369
0.531047
0.0169185
0.536809
0.0173871
0.542716
0.0178371
0.54876
0.0182654
0.554931
0.018669
0.56122
0.0190444
0.567612
0.0193883
0.574097
0.0196977
0.580661
0.0199702
0.587288
0.0202039
0.593965
0.0203975
0.600678
0.0205505
0.607411
0.0206634
0.614153
0.0207376
0.620889
0.0207757
0.62761
0.0207814
0.634305
0.0207598
0.640969
0.0207174
0.647597
0.0206619
0.654188
0.0206028
0.660744
0.0205511
0.667271
0.0205198
0.673782
0.0205234
0.680293
0.0205791
0.686824
0.0207061
0.693405
0.0209268
0.70007
0.0212665
0.706863
0.0217546
0.0224321
0.536473
0.0109764
0.542093
0.0112984
0.547867
0.0116135
0.553788
0.0119161
0.559849
0.0122041
0.566042
0.012476
0.572357
0.0127294
0.578783
0.0129622
0.585308
0.0131723
0.591921
0.0133581
0.598606
0.0135182
0.605352
0.0136518
0.612144
0.0137586
0.618969
0.0138387
0.625813
0.013893
0.632665
0.0139233
0.639515
0.0139319
0.646352
0.0139223
0.653171
0.0138986
0.659967
0.0138662
0.666738
0.0138313
0.673488
0.0138014
0.680223
0.0137852
0.686953
0.0137928
0.693697
0.0138359
0.700475
0.0139278
0.707318
0.0140842
0.714261
0.0143235
0.721348
0.0146667
0.0151428
0.548262
0.0054699
0.553925
0.00563596
0.559743
0.00579496
0.565713
0.00594647
0.571826
0.00609081
0.578075
0.00622718
0.58445
0.00635426
0.590941
0.00647081
0.597538
0.00657586
0.604227
0.00666856
0.610997
0.00674825
0.617835
0.00681448
0.624726
0.00686705
0.631659
0.00690606
0.63862
0.00693195
0.645598
0.00694555
0.652581
0.0069481
0.659562
0.00694128
0.666534
0.00692726
0.673491
0.00690872
0.680434
0.00688889
0.687363
0.0068716
0.694287
0.00686133
0.701217
0.0068633
0.708169
0.0068836
0.715168
0.0069294
0.722242
0.00700948
0.72943
0.00713543
0.736772
0.0073249
0.00762228
0.551646
0.557282
0.563077
0.569023
0.575114
0.581341
0.587695
0.594166
0.600742
0.607411
0.614159
0.620973
0.62784
0.634747
0.641678
0.648624
0.655572
0.662513
0.669441
0.676349
0.683238
0.69011
0.696971
0.703835
0.710718
0.717648
0.724657
0.731792
0.739117
)
;

boundaryField
{
    inlet
    {
        type            calculated;
        value           nonuniform List<scalar> 
45
(
-0.2
-0.2
-0.2
-0.2
-0.2
-0.2
-0.2
-0.2
-0.2
-0.2
-0.2
-0.2
-0.2
-0.2
-0.2
-0.20766
-0.212683
-0.217828
-0.223097
-0.228493
-0.23402
-0.239681
-0.245479
-0.251417
-0.257499
-0.263728
-0.270107
-0.276641
-0.283333
-0.290186
-0.297206
-0.304395
-0.311758
-0.3193
-0.327023
-0.334934
-0.343036
-0.351334
-0.359832
-0.368536
-0.377451
-0.386582
-0.395933
-0.40551
-0.415319
)
;
    }
    outlet
    {
        type            calculated;
        value           nonuniform List<scalar> 
45
(
0.0117126
0.0195282
0.0178461
0.0121506
0.0039464
-0.00490181
-0.0124528
-0.0188876
-0.0244274
-0.0292191
-0.0333588
-0.0369022
-0.0398792
-0.0422967
-0.0441314
-0.0470714
-0.0485631
-0.0487569
-0.0471977
-0.0438017
-0.0389273
-0.0298451
0.0606166
0.154707
0.241179
0.318451
0.385511
0.442034
0.488385
0.525512
0.554792
0.577841
0.596309
0.611683
0.625171
0.637654
0.649724
0.66176
0.674019
0.686678
0.69991
0.713831
0.728638
0.744293
0.74674
)
;
    }
    flap
    {
        type            calculated;
        value           uniform 0;
    }
    upperWall
    {
        type            calculated;
        value           uniform 0;
    }
    lowerWall
    {
        type            calculated;
        value           uniform 0;
    }
    frontAndBack
    {
        type            empty;
        value           nonuniform 0();
    }
}


// ************************************************************************* //
