/*--------------------------------*- C++ -*----------------------------------*\
  =========                 |
  \\      /  F ield         | OpenFOAM: The Open Source CFD Toolbox
   \\    /   O peration     | Website:  https://openfoam.org
    \\  /    A nd           | Version:  dev
     \\/     M anipulation  |
\*---------------------------------------------------------------------------*/
FoamFile
{
    version     2.0;
    format      ascii;
    class       volVectorField;
    location    "7.4";
    object      U;
}
// * * * * * * * * * * * * * * * * * * * * * * * * * * * * * * * * * * * * * //

dimensions      [0 1 -1 0 0 0 0];

internalField   nonuniform List<vector> 
2790
(
(9.94399 0 0.0205232)
(9.87572 0 0.0295876)
(9.77521 0 0.0359895)
(9.64944 0 0.0425562)
(9.50409 0 0.0493855)
(9.34007 0 0.0564285)
(9.15655 0 0.0638162)
(8.95263 0 0.0717121)
(8.72747 0 0.080256)
(8.48008 0 0.0895747)
(8.20927 0 0.0997952)
(7.91364 0 0.111048)
(7.59167 0 0.123463)
(7.24176 0 0.137169)
(6.8623 0 0.152277)
(6.45176 0 0.168876)
(6.00884 0 0.187004)
(5.53263 0 0.206627)
(5.02291 0 0.227598)
(4.48038 0 0.249619)
(3.90708 0 0.272184)
(3.30675 0 0.294533)
(2.6852 0 0.315626)
(2.05054 0 0.334293)
(1.41172 0 0.350609)
(0.797967 0 0.372888)
(0.110612 0 0.325023)
(-0.469569 0 -0.114878)
(-0.453789 0 -0.297139)
(-0.231164 0 -0.423853)
(9.9985 0 0.0407029)
(9.98145 0 0.0623827)
(9.93575 0 0.07914)
(9.86416 0 0.0966246)
(9.77097 0 0.115124)
(9.65715 0 0.134488)
(9.52206 0 0.154975)
(9.36486 0 0.176944)
(9.18472 0 0.200709)
(8.98067 0 0.226552)
(8.75152 0 0.254748)
(8.49588 0 0.285566)
(8.21219 0 0.319257)
(7.89881 0 0.356032)
(7.55402 0 0.396031)
(7.17616 0 0.439276)
(6.76375 0 0.485607)
(6.31562 0 0.534603)
(5.8312 0 0.585478)
(5.31082 0 0.63697)
(4.75608 0 0.687218)
(4.17034 0 0.733659)
(3.55922 0 0.772962)
(2.93148 0 0.801097)
(2.29988 0 0.813749)
(1.69289 0 0.80725)
(1.1071 0 0.747236)
(0.658858 0 0.547909)
(0.186386 0 0.224579)
(-0.00819875 0 -0.453747)
(9.99559 0 0.0432068)
(9.97556 0 0.0752714)
(9.9318 0 0.103346)
(9.8649 0 0.132371)
(9.77778 0 0.163059)
(9.67155 0 0.195399)
(9.54588 0 0.229743)
(9.40014 0 0.266604)
(9.23365 0 0.306473)
(9.04564 0 0.349811)
(8.83509 0 0.397078)
(8.60081 0 0.44873)
(8.34144 0 0.505202)
(8.05549 0 0.566876)
(7.74136 0 0.634026)
(7.39742 0 0.706748)
(7.02207 0 0.784856)
(6.61391 0 0.867744)
(6.17189 0 0.954215)
(5.69558 0 1.04227)
(5.18557 0 1.1289)
(4.64389 0 1.2098)
(4.07472 0 1.27917)
(3.4853 0 1.32934)
(2.88678 0 1.35009)
(2.29941 0 1.32642)
(1.73179 0 1.22075)
(1.21621 0 0.972979)
(0.701117 0 0.570115)
(0.358023 0 -0.156606)
(9.99403 0 0.0494991)
(9.97181 0 0.0932059)
(9.92788 0 0.133572)
(9.86225 0 0.174209)
(9.77693 0 0.216433)
(9.67298 0 0.260661)
(9.55032 0 0.307431)
(9.40849 0 0.357417)
(9.24703 0 0.411294)
(9.06533 0 0.46971)
(8.86268 0 0.533309)
(8.63819 0 0.602733)
(8.39084 0 0.678604)
(8.11951 0 0.761489)
(7.82298 0 0.851838)
(7.49998 0 0.949895)
(7.14921 0 1.05557)
(6.7694 0 1.16826)
(6.35945 0 1.28663)
(5.91854 0 1.40829)
(5.44647 0 1.52949)
(4.94393 0 1.6447)
(4.4131 0 1.74615)
(3.8582 0 1.82322)
(3.28575 0 1.86136)
(2.70634 0 1.84031)
(2.12559 0 1.72598)
(1.55422 0 1.47783)
(0.957923 0 1.08365)
(0.509416 0 0.502276)
(9.99331 0 0.0572134)
(9.96994 0 0.110958)
(9.92593 0 0.162103)
(9.86146 0 0.213347)
(9.77799 0 0.266356)
(9.67635 0 0.321914)
(9.55654 0 0.380703)
(9.41822 0 0.44349)
(9.26097 0 0.51106)
(9.08433 0 0.584176)
(8.8877 0 0.663596)
(8.67038 0 0.750074)
(8.43158 0 0.844349)
(8.17045 0 0.947101)
(7.88606 0 1.0589)
(7.57745 0 1.1801)
(7.24363 0 1.31071)
(6.88357 0 1.45021)
(6.49624 0 1.59725)
(6.08068 0 1.74935)
(5.63609 0 1.90244)
(5.16205 0 2.05033)
(4.6587 0 2.18419)
(4.12714 0 2.29174)
(3.56933 0 2.35655)
(2.98882 0 2.3573)
(2.38677 0 2.26492)
(1.76634 0 2.04759)
(1.08996 0 1.69134)
(0.536638 0 1.15408)
(9.99302 0 0.0655383)
(9.96923 0 0.128701)
(9.92556 0 0.190113)
(9.86253 0 0.251843)
(9.78129 0 0.315578)
(9.68245 0 0.382319)
(9.56601 0 0.452876)
(9.43172 0 0.528104)
(9.27921 0 0.608884)
(9.10806 0 0.696091)
(8.91777 0 0.790588)
(8.70774 0 0.893236)
(8.47728 0 1.00487)
(8.22566 0 1.12628)
(7.95213 0 1.25811)
(7.65586 0 1.40084)
(7.336 0 1.55457)
(6.9916 0 1.71889)
(6.62164 0 1.89259)
(6.22495 0 2.07325)
(5.80021 0 2.25688)
(5.34597 0 2.43722)
(4.86063 0 2.60521)
(4.34261 0 2.74822)
(3.79031 0 2.84953)
(3.20249 0 2.88817)
(2.5765 0 2.83818)
(1.91341 0 2.67154)
(1.17271 0 2.37392)
(0.54995 0 1.89431)
(9.99297 0 0.0740744)
(9.96927 0 0.146313)
(9.92637 0 0.217482)
(9.86509 0 0.289291)
(9.78643 0 0.363354)
(9.69085 0 0.440827)
(9.57835 0 0.522661)
(9.44872 0 0.609813)
(9.30165 0 0.70326)
(9.13678 0 0.803972)
(8.95365 0 0.91291)
(8.7517 0 1.03102)
(8.53033 0 1.15924)
(8.28887 0 1.29842)
(8.02658 0 1.44933)
(7.74267 0 1.61251)
(7.43627 0 1.78822)
(7.10636 0 1.9762)
(6.75176 0 2.17545)
(6.37095 0 2.38386)
(5.96203 0 2.59777)
(5.52256 0 2.81141)
(5.04944 0 3.01617)
(4.53891 0 3.19997)
(3.98656 0 3.34666)
(3.38781 0 3.43593)
(2.73716 0 3.44325)
(2.03616 0 3.34141)
(1.2417 0 3.11347)
(0.563491 0 2.69303)
(9.99306 0 0.0825875)
(9.96981 0 0.163605)
(9.92807 0 0.244049)
(9.86885 0 0.325478)
(9.79313 0 0.409445)
(9.70126 0 0.497206)
(9.59324 0 0.589839)
(9.46888 0 0.688398)
(9.32796 0 0.793944)
(9.17015 0 0.907537)
(8.99503 0 1.03023)
(8.80211 0 1.16305)
(8.59081 0 1.30703)
(8.3605 0 1.46312)
(8.11044 0 1.63218)
(7.83979 0 1.81491)
(7.54758 0 2.01171)
(7.23264 0 2.22256)
(6.89346 0 2.44678)
(6.52811 0 2.68274)
(6.13402 0 2.9274)
(5.70776 0 3.17581)
(5.24487 0 3.42039)
(4.73967 0 3.65021)
(4.18536 0 3.85022)
(3.57463 0 4.00085)
(2.8994 0 4.07783)
(2.16201 0 4.05227)
(1.31605 0 3.90155)
(0.583187 0 3.53999)
(9.99326 0 0.0909276)
(9.97072 0 0.180407)
(9.93046 0 0.269666)
(9.87362 0 0.360239)
(9.80118 0 0.453645)
(9.71344 0 0.551208)
(9.61038 0 0.654112)
(9.49189 0 0.763498)
(9.35777 0 0.880509)
(9.20774 0 1.00629)
(9.04146 0 1.14197)
(8.85848 0 1.28868)
(8.65827 0 1.44754)
(8.44021 0 1.61961)
(8.20357 0 1.8059)
(7.94745 0 2.00725)
(7.67076 0 2.22429)
(7.37213 0 2.45733)
(7.04975 0 2.70611)
(6.70121 0 2.96963)
(6.32327 0 3.24572)
(5.91155 0 3.53058)
(5.46025 0 3.81811)
(4.96188 0 4.09901)
(4.40726 0 4.35986)
(3.78624 0 4.58205)
(3.08741 0 4.74098)
(2.31256 0 4.80432)
(1.41054 0 4.7409)
(0.614261 0 4.44171)
(9.99352 0 0.0989912)
(9.97191 0 0.196577)
(9.93341 0 0.294193)
(9.87925 0 0.393414)
(9.81041 0 0.495753)
(9.72717 0 0.602586)
(9.62954 0 0.715181)
(9.51742 0 0.834762)
(9.39069 0 0.962547)
(9.24914 0 1.09975)
(9.09246 0 1.2476)
(8.92029 0 1.40731)
(8.73214 0 1.58009)
(8.52743 0 1.76713)
(8.30543 0 1.96959)
(8.06525 0 2.18853)
(7.80571 0 2.42485)
(7.52527 0 2.67923)
(7.22187 0 2.95199)
(6.89271 0 3.24289)
(6.53395 0 3.55086)
(6.14037 0 3.87356)
(5.70492 0 4.20676)
(5.21832 0 4.54342)
(4.6688 0 4.87244)
(4.04265 0 5.17692)
(3.32347 0 5.4322)
(2.50956 0 5.60179)
(1.54172 0 5.64325)
(0.663985 0 5.41774)
(9.99384 0 0.106703)
(9.9733 0 0.211998)
(9.9368 0 0.317499)
(9.88558 0 0.424852)
(9.82064 0 0.535585)
(9.74226 0 0.651117)
(9.65045 0 0.772785)
(9.54519 0 0.901885)
(9.42639 0 1.0397)
(9.29392 0 1.18752)
(9.14754 0 1.34664)
(8.98696 0 1.51837)
(8.81176 0 1.70401)
(8.62144 0 1.9049)
(8.41532 0 2.12235)
(8.19252 0 2.35765)
(7.95187 0 2.61202)
(7.69176 0 2.88661)
(7.41001 0 3.18236)
(7.10358 0 3.49995)
(6.76826 0 3.83957)
(6.39822 0 4.20064)
(5.9854 0 4.58127)
(5.51889 0 4.9774)
(4.98414 0 5.38135)
(4.36298 0 5.77953)
(3.63159 0 6.14903)
(2.77982 0 6.45045)
(1.73322 0 6.62818)
(0.74472 0 6.50267)
(9.9942 0 0.114005)
(9.97487 0 0.226572)
(9.94056 0 0.339469)
(9.89252 0 0.454419)
(9.83174 0 0.572978)
(9.75852 0 0.696604)
(9.6729 0 0.82669)
(9.57489 0 0.964591)
(9.4645 0 1.11165)
(9.34164 0 1.26922)
(9.20617 0 1.43866)
(9.05788 0 1.62135)
(8.89646 0 1.81871)
(8.72149 0 2.03219)
(8.53239 0 2.26328)
(8.32837 0 2.51349)
(8.10835 0 2.78441)
(7.8708 0 3.07764)
(7.61358 0 3.39482)
(7.33367 0 3.7376)
(7.02683 0 4.10757)
(6.68702 0 4.50615)
(6.3057 0 4.93424)
(5.87084 0 5.39156)
(5.36547 0 5.87543)
(4.76652 0 6.37825)
(4.04028 0 6.88312)
(3.16102 0 7.35325)
(2.02438 0 7.72276)
(0.880542 0 7.75648)
(9.99459 0 0.120852)
(9.97657 0 0.240221)
(9.94461 0 0.360003)
(9.89996 0 0.481995)
(9.84357 0 0.607789)
(9.77576 0 0.738876)
(9.69663 0 0.876692)
(9.60624 0 1.02264)
(9.50465 0 1.17812)
(9.39187 0 1.34452)
(9.26784 0 1.52326)
(9.13245 0 1.7158)
(8.9855 0 1.92363)
(8.82671 0 2.14832)
(8.65565 0 2.39153)
(8.47169 0 2.65499)
(8.27393 0 2.9406)
(8.06107 0 3.25044)
(7.83124 0 3.5868)
(7.58173 0 3.95231)
(7.30869 0 4.34999)
(7.0065 0 4.78332)
(6.667 0 5.25628)
(6.27818 0 5.77312)
(5.82206 0 6.33783)
(5.27197 0 6.95248)
(4.58391 0 7.61358)
(3.70928 0 8.30065)
(2.48757 0 8.95764)
(1.12413 0 9.29228)
(9.99501 0 0.127209)
(9.97838 0 0.25288)
(9.94891 0 0.379015)
(9.9078 0 0.50748)
(9.85599 0 0.6399)
(9.79383 0 0.777793)
(9.72144 0 0.92263)
(9.63895 0 1.07585)
(9.54649 0 1.23889)
(9.44415 0 1.41317)
(9.33198 0 1.60016)
(9.20998 0 1.80137)
(9.07809 0 2.01836)
(8.93618 0 2.25278)
(8.78401 0 2.50643)
(8.62119 0 2.78124)
(8.4471 0 3.07937)
(8.26081 0 3.4033)
(8.06093 0 3.7559)
(7.8454 0 4.14066)
(7.61121 0 4.56187)
(7.35392 0 5.02493)
(7.0669 0 5.53678)
(6.74006 0 6.10641)
(6.35744 0 6.7455)
(5.89342 0 7.46912)
(5.29993 0 8.29639)
(4.50783 0 9.24776)
(3.26776 0 10.3411)
(1.60432 0 11.3575)
(9.99545 0 0.133048)
(9.98027 0 0.264499)
(9.95339 0 0.396435)
(9.91596 0 0.53078)
(9.86889 0 0.66919)
(9.81254 0 0.813202)
(9.74709 0 0.964312)
(9.67273 0 1.12398)
(9.58966 0 1.29367)
(9.49805 0 1.47484)
(9.39806 0 1.66896)
(9.28981 0 1.87758)
(9.17341 0 2.10231)
(9.0489 0 2.34487)
(8.91628 0 2.60714)
(8.77543 0 2.89118)
(8.6261 0 3.19936)
(8.46785 0 3.53443)
(8.29994 0 3.89969)
(8.12125 0 4.29925)
(7.93006 0 4.73832)
(7.7238 0 5.22374)
(7.49864 0 5.76474)
(7.24867 0 6.37412)
(6.96439 0 7.07032)
(6.63025 0 7.88116)
(6.21342 0 8.852)
(5.66446 0 10.0658)
(4.68838 0 11.7303)
(2.68602 0 14.5892)
(0.120317 0 -0.119419)
(0.282113 0 -0.108029)
(0.446359 0 -0.0841277)
(0.582027 0 -0.0609766)
(0.683497 0 -0.0413366)
(0.754643 0 -0.0253293)
(0.800837 0 -0.0125518)
(0.826803 0 -0.00258628)
(0.83662 0 0.00485103)
(0.833989 0 0.00964066)
(0.82227 0 0.0123172)
(0.804555 0 0.0135595)
(0.783424 0 0.0137855)
(0.760849 0 0.0132744)
(0.738339 0 0.0122712)
(0.717002 0 0.0109883)
(0.69758 0 0.00960063)
(0.680512 0 0.00824295)
(0.665984 0 0.00699717)
(0.653987 0 0.00590359)
(0.644337 0 0.00497547)
(0.636698 0 0.00421555)
(0.630675 0 0.00360436)
(0.625733 0 0.00324664)
(0.621171 0 0.00314999)
(0.616323 0 0.0032428)
(0.610649 0 0.00340554)
(0.603878 0 0.00351339)
(0.596196 0 0.00341376)
(0.587019 0 0.00265991)
(0.103876 0 -0.281001)
(0.262683 0 -0.262358)
(0.417413 0 -0.211583)
(0.548629 0 -0.160961)
(0.652252 0 -0.117521)
(0.731851 0 -0.0817694)
(0.791962 0 -0.0529222)
(0.836451 0 -0.0300942)
(0.868411 0 -0.0125215)
(0.890337 0 0.000411197)
(0.904278 0 0.00943618)
(0.911524 0 0.0150431)
(0.914449 0 0.0179829)
(0.914957 0 0.0188592)
(0.914527 0 0.0182613)
(0.914222 0 0.0166661)
(0.914743 0 0.0144689)
(0.916487 0 0.0119896)
(0.91961 0 0.00945587)
(0.924083 0 0.00706848)
(0.92973 0 0.00502495)
(0.936197 0 0.00343013)
(0.943163 0 0.00242865)
(0.950411 0 0.00193898)
(0.957442 0 0.00198329)
(0.963765 0 0.00255885)
(0.968816 0 0.00343709)
(0.9724 0 0.00423795)
(0.974743 0 0.00461592)
(0.976732 0 0.00404084)
(0.0832362 0 -0.445397)
(0.221302 0 -0.415548)
(0.346331 0 -0.338083)
(0.452438 0 -0.261411)
(0.536367 0 -0.195872)
(0.601677 0 -0.142004)
(0.65191 0 -0.0986512)
(0.690018 0 -0.0644887)
(0.718549 0 -0.0382465)
(0.739846 0 -0.018627)
(0.756104 0 -0.00457854)
(0.770004 0 0.00489811)
(0.780669 0 0.0104715)
(0.78935 0 0.0128172)
(0.796882 0 0.0128757)
(0.803774 0 0.0113663)
(0.810336 0 0.00894046)
(0.816679 0 0.00614459)
(0.822802 0 0.00334754)
(0.82861 0 0.000806318)
(0.834082 0 -0.00139752)
(0.83979 0 -0.00313264)
(0.845987 0 -0.00415512)
(0.852561 0 -0.00451422)
(0.859415 0 -0.00414158)
(0.866311 0 -0.00304902)
(0.873159 0 -0.0015078)
(0.879848 0 7.5377e-05)
(0.88617 0 0.0012838)
(0.892193 0 0.00187195)
(0.0631695 0 -0.577118)
(0.17442 0 -0.531092)
(0.26268 0 -0.429838)
(0.338681 0 -0.332781)
(0.397764 0 -0.250879)
(0.444211 0 -0.183796)
(0.480345 0 -0.129863)
(0.507999 0 -0.0873137)
(0.528824 0 -0.0545922)
(0.544401 0 -0.0304635)
(0.556303 0 -0.0139078)
(0.565893 0 -0.00318386)
(0.575588 0 0.00319031)
(0.583631 0 0.00653424)
(0.590526 0 0.00746623)
(0.596279 0 0.00675023)
(0.600963 0 0.00511899)
(0.604574 0 0.00315722)
(0.60715 0 0.00120457)
(0.608848 0 -0.000691499)
(0.610142 0 -0.00250185)
(0.611043 0 -0.00406555)
(0.611613 0 -0.00527084)
(0.611935 0 -0.00583575)
(0.612106 0 -0.00559385)
(0.612125 0 -0.00465655)
(0.611878 0 -0.00354061)
(0.611306 0 -0.0025648)
(0.610067 0 -0.00159158)
(0.608306 0 -0.000163703)
(0.0423195 0 -0.677668)
(0.121171 0 -0.6108)
(0.166877 0 -0.489374)
(0.210154 0 -0.378602)
(0.240994 0 -0.286515)
(0.265818 0 -0.211453)
(0.285366 0 -0.151243)
(0.300431 0 -0.103681)
(0.311724 0 -0.0669998)
(0.319979 0 -0.0399911)
(0.325943 0 -0.0214585)
(0.330645 0 -0.00891235)
(0.335054 0 -0.00125923)
(0.339456 0 0.00258066)
(0.341658 0 0.00404174)
(0.341924 0 0.00394819)
(0.340402 0 0.00303641)
(0.337152 0 0.00180821)
(0.33215 0 0.00032977)
(0.325743 0 -0.00141822)
(0.318018 0 -0.00316119)
(0.309146 0 -0.00457789)
(0.299251 0 -0.00544829)
(0.288391 0 -0.0055495)
(0.276714 0 -0.00463568)
(0.263894 0 -0.00257881)
(0.249285 0 -7.09269e-05)
(0.232916 0 0.00186561)
(0.215968 0 0.00326888)
(0.199478 0 0.00409383)
(0.0200584 0 -0.74147)
(0.0609462 0 -0.650022)
(0.0598572 0 -0.51225)
(0.0681347 0 -0.394239)
(0.067413 0 -0.297259)
(0.0673614 0 -0.218936)
(0.0668167 0 -0.156606)
(0.0660257 0 -0.107497)
(0.064954 0 -0.069412)
(0.0636551 0 -0.0414164)
(0.0617538 0 -0.0240444)
(0.0589981 0 -0.0141692)
(0.055787 0 -0.00573007)
(0.04599 0 0.00133682)
(0.0348536 0 0.00561353)
(0.0213947 0 0.00772186)
(0.00517479 0 0.00872897)
(-0.0136756 0 0.00929588)
(-0.035095 0 0.00957191)
(-0.0589821 0 0.00953647)
(-0.0845971 0 0.00911247)
(-0.110839 0 0.00842566)
(-0.13637 0 0.00771818)
(-0.160185 0 0.00732623)
(-0.181553 0 0.00780629)
(-0.198478 0 0.00943544)
(-0.210237 0 0.011629)
(-0.220489 0 0.0131002)
(-0.231939 0 0.0126412)
(-0.241615 0 0.0101686)
(-0.00519068 0 -0.761399)
(-0.0079164 0 -0.642776)
(-0.0570664 0 -0.493965)
(-0.0879996 0 -0.37532)
(-0.123241 0 -0.279418)
(-0.153348 0 -0.203875)
(-0.179829 0 -0.145279)
(-0.202658 0 -0.0999721)
(-0.222519 0 -0.0644352)
(-0.240893 0 -0.0356517)
(-0.263254 0 -0.013002)
(-0.29913 0 0.00181008)
(-0.329052 0 0.0109389)
(-0.351864 0 0.0174112)
(-0.373051 0 0.0212256)
(-0.393824 0 0.0235346)
(-0.414303 0 0.0251069)
(-0.434311 0 0.0262432)
(-0.453913 0 0.0269418)
(-0.473494 0 0.0269411)
(-0.493475 0 0.0260411)
(-0.513861 0 0.0242838)
(-0.534062 0 0.0219057)
(-0.553228 0 0.019237)
(-0.570506 0 0.0167784)
(-0.584852 0 0.0152499)
(-0.595784 0 0.0150914)
(-0.604526 0 0.01549)
(-0.612345 0 0.0149092)
(-0.617694 0 0.0131817)
(-0.0365603 0 -0.72972)
(-0.08714 0 -0.586812)
(-0.182943 0 -0.436557)
(-0.258784 0 -0.321787)
(-0.332359 0 -0.231854)
(-0.398245 0 -0.162108)
(-0.45754 0 -0.107983)
(-0.510779 0 -0.0651194)
(-0.558496 0 -0.0303872)
(-0.601735 0 -0.00298408)
(-0.635774 0 0.0159002)
(-0.65802 0 0.0259587)
(-0.680696 0 0.0305396)
(-0.702347 0 0.0333472)
(-0.723181 0 0.0354366)
(-0.74337 0 0.0366925)
(-0.762933 0 0.0372486)
(-0.781691 0 0.0373618)
(-0.799557 0 0.0372153)
(-0.816777 0 0.0367815)
(-0.833831 0 0.0358484)
(-0.851037 0 0.0341704)
(-0.868228 0 0.0316303)
(-0.884771 0 0.0283828)
(-0.899781 0 0.0249757)
(-0.912338 0 0.0222393)
(-0.922059 0 0.0206252)
(-0.929612 0 0.0196605)
(-0.935711 0 0.0183716)
(-0.939198 0 0.0168153)
(-0.0743886 0 -0.64427)
(-0.173909 0 -0.481635)
(-0.320626 0 -0.335293)
(-0.443462 0 -0.229642)
(-0.555322 0 -0.151737)
(-0.652091 0 -0.093371)
(-0.73462 0 -0.0494175)
(-0.804108 0 -0.0167475)
(-0.859141 0 0.00670002)
(-0.89845 0 0.02285)
(-0.928541 0 0.0338791)
(-0.954595 0 0.0412697)
(-0.97797 0 0.045743)
(-0.999535 0 0.0481601)
(-1.01985 0 0.0495108)
(-1.0393 0 0.0500983)
(-1.05798 0 0.0499823)
(-1.0757 0 0.0493058)
(-1.09233 0 0.0483176)
(-1.10806 0 0.0471836)
(-1.12344 0 0.0458026)
(-1.1389 0 0.0438082)
(-1.15443 0 0.040792)
(-1.1694 0 0.0366651)
(-1.18282 0 0.0319536)
(-1.19383 0 0.0276743)
(-1.20226 0 0.0246012)
(-1.20875 0 0.0226055)
(-1.2138 0 0.0210056)
(-1.21639 0 0.0197791)
(-0.122713 0 -0.500947)
(-0.276132 0 -0.32721)
(-0.475426 0 -0.195236)
(-0.642328 0 -0.105744)
(-0.787191 0 -0.0445812)
(-0.903207 0 -0.00586047)
(-0.991486 0 0.0181666)
(-1.05769 0 0.0336466)
(-1.10827 0 0.0441233)
(-1.14913 0 0.0518217)
(-1.18252 0 0.0573504)
(-1.21048 0 0.0607513)
(-1.23454 0 0.0623815)
(-1.25591 0 0.0629524)
(-1.27559 0 0.0630376)
(-1.29425 0 0.0626936)
(-1.31207 0 0.0617148)
(-1.32881 0 0.0600909)
(-1.34426 0 0.0581659)
(-1.35867 0 0.0563454)
(-1.37271 0 0.0546511)
(-1.387 0 0.0525578)
(-1.40158 0 0.0492916)
(-1.41567 0 0.0444361)
(-1.42806 0 0.0384548)
(-1.43782 0 0.0326077)
(-1.44497 0 0.0280884)
(-1.45038 0 0.0251498)
(-1.45451 0 0.0232957)
(-1.45652 0 0.0222961)
(-0.192892 0 -0.301574)
(-0.424189 0 -0.118096)
(-0.684616 0 0.00562591)
(-0.871121 0 0.0559999)
(-1.01295 0 0.0745914)
(-1.12159 0 0.0804412)
(-1.2071 0 0.082061)
(-1.2745 0 0.0821623)
(-1.32789 0 0.0818876)
(-1.37051 0 0.081661)
(-1.40509 0 0.0813563)
(-1.43366 0 0.0804937)
(-1.45765 0 0.0789758)
(-1.47834 0 0.0773412)
(-1.49704 0 0.0760395)
(-1.51478 0 0.0748149)
(-1.53179 0 0.0730053)
(-1.54763 0 0.0703391)
(-1.56191 0 0.0673091)
(-1.57494 0 0.0647038)
(-1.58767 0 0.0627553)
(-1.60105 0 0.0607383)
(-1.61515 0 0.0573853)
(-1.62893 0 0.0518271)
(-1.64074 0 0.044442)
(-1.64945 0 0.0368721)
(-1.65529 0 0.0309101)
(-1.65947 0 0.0271954)
(-1.66269 0 0.0252155)
(-1.66421 0 0.0243975)
(-0.296709 0 0.0579287)
(-0.578831 0 0.201354)
(-0.853558 0 0.218117)
(-1.05244 0 0.20807)
(-1.20375 0 0.187973)
(-1.31849 0 0.166602)
(-1.40603 0 0.147958)
(-1.4736 0 0.132726)
(-1.52616 0 0.120665)
(-1.56756 0 0.111789)
(-1.60107 0 0.105423)
(-1.62878 0 0.100128)
(-1.65172 0 0.0951177)
(-1.67092 0 0.0909357)
(-1.68806 0 0.088198)
(-1.70462 0 0.0862955)
(-1.7209 0 0.0838181)
(-1.736 0 0.0800352)
(-1.7491 0 0.075677)
(-1.76054 0 0.0721772)
(-1.7718 0 0.0701377)
(-1.78435 0 0.0685464)
(-1.79838 0 0.0654091)
(-1.8124 0 0.0591944)
(-1.82407 0 0.0501499)
(-1.83183 0 0.0405052)
(-1.83615 0 0.0329681)
(-1.83886 0 0.0286405)
(-1.84107 0 0.0267147)
(-1.84217 0 0.0260635)
(-0.371557 0 0.500336)
(-0.710993 0 0.53118)
(-1.03536 0 0.45482)
(-1.25095 0 0.375689)
(-1.40435 0 0.308755)
(-1.51479 0 0.253231)
(-1.59615 0 0.211378)
(-1.65811 0 0.180597)
(-1.70572 0 0.156997)
(-1.74265 0 0.139779)
(-1.77278 0 0.128005)
(-1.79832 0 0.118762)
(-1.81934 0 0.110091)
(-1.83616 0 0.102978)
(-1.85089 0 0.098881)
(-1.86592 0 0.0968376)
(-1.88162 0 0.0941361)
(-1.89627 0 0.0891915)
(-1.90815 0 0.083124)
(-1.91759 0 0.0785103)
(-1.92694 0 0.0766342)
(-1.9386 0 0.0760439)
(-1.95297 0 0.0736239)
(-1.96791 0 0.0668544)
(-1.97993 0 0.0557666)
(-1.98673 0 0.0434592)
(-1.9891 0 0.0340628)
(-1.98993 0 0.0293364)
(-1.99102 0 0.0277748)
(-1.99174 0 0.0273133)
(-0.495719 0 1.02156)
(-0.927821 0 0.937888)
(-1.28906 0 0.71771)
(-1.48954 0 0.53986)
(-1.62255 0 0.420699)
(-1.71451 0 0.327768)
(-1.77879 0 0.264823)
(-1.82842 0 0.223225)
(-1.86716 0 0.189884)
(-1.8964 0 0.164115)
(-1.92084 0 0.147638)
(-1.94332 0 0.135545)
(-1.96198 0 0.123346)
(-1.97537 0 0.112966)
(-1.98638 0 0.107892)
(-1.99928 0 0.106887)
(-2.01478 0 0.104824)
(-2.02956 0 0.098548)
(-2.0402 0 0.0898916)
(-2.04692 0 0.0835432)
(-2.05355 0 0.0820807)
(-2.06408 0 0.0833279)
(-2.07929 0 0.0823727)
(-2.09601 0 0.075216)
(-2.10902 0 0.0615155)
(-2.11477 0 0.0456043)
(-2.11445 0 0.0338338)
(-2.1127 0 0.0290423)
(-2.11254 0 0.0284209)
(-2.11301 0 0.0282441)
(-0.732687 0 2.04918)
(-1.26991 0 1.61567)
(-1.65593 0 1.01356)
(-1.78646 0 0.62517)
(-1.86099 0 0.491328)
(-1.91686 0 0.382292)
(-1.94873 0 0.309043)
(-1.98021 0 0.261688)
(-2.00993 0 0.214685)
(-2.02918 0 0.176315)
(-2.04463 0 0.15887)
(-2.06311 0 0.149717)
(-2.07955 0 0.13598)
(-2.08834 0 0.121158)
(-2.0936 0 0.114242)
(-2.10353 0 0.115428)
(-2.11973 0 0.115009)
(-2.13589 0 0.106991)
(-2.14537 0 0.0943645)
(-2.14807 0 0.0854665)
(-2.15048 0 0.0851547)
(-2.15934 0 0.0899448)
(-2.17598 0 0.0918654)
(-2.19566 0 0.0847505)
(-2.21054 0 0.0676899)
(-2.21501 0 0.0467225)
(-2.21072 0 0.0316738)
(-2.20527 0 0.0273573)
(-2.20374 0 0.0287553)
(-2.2042 0 0.0291382)
(9.9959 0 0.138443)
(9.98225 0 0.275233)
(9.95811 0 0.412517)
(9.92454 0 0.552263)
(9.88243 0 0.696149)
(9.83217 0 0.845727)
(9.774 0 1.0025)
(9.70817 0 1.16796)
(9.63494 0 1.34355)
(9.55461 0 1.53074)
(9.46743 0 1.73103)
(9.37367 0 1.94596)
(9.2736 0 2.17716)
(9.16747 0 2.42638)
(9.05554 0 2.69553)
(8.93801 0 2.98674)
(8.81509 0 3.30247)
(8.6869 0 3.64561)
(8.55352 0 4.01968)
(8.41495 0 4.42905)
(8.2711 0 4.87936)
(8.12187 0 5.37808)
(7.96718 0 5.93538)
(7.80729 0 6.56561)
(7.64339 0 7.28985)
(7.48043 0 8.14067)
(7.33158 0 9.17203)
(7.28675 0 10.4774)
(7.74316 0 12.2016)
(7.92149 0 14.9193)
(9.99638 0 0.143402)
(9.98434 0 0.285087)
(9.96306 0 0.427244)
(9.93352 0 0.571871)
(9.89657 0 0.720662)
(9.85263 0 0.875173)
(9.80198 0 1.03691)
(9.74494 0 1.20736)
(9.68186 0 1.38796)
(9.61312 0 1.58019)
(9.53911 0 1.78551)
(9.46023 0 2.00546)
(9.37693 0 2.24164)
(9.28969 0 2.4958)
(9.19902 0 2.7698)
(9.10551 0 3.06578)
(9.00981 0 3.38615)
(8.91267 0 3.73376)
(8.81499 0 4.11207)
(8.71796 0 4.52534)
(8.62318 0 4.979)
(8.53301 0 5.48006)
(8.45116 0 6.03787)
(8.38387 0 6.665)
(8.34231 0 7.3787)
(8.3485 0 8.20239)
(8.44123 0 9.16623)
(8.67632 0 10.3036)
(9.3224 0 11.5593)
(9.81106 0 12.65)
(9.99688 0 0.147839)
(9.98651 0 0.293898)
(9.96819 0 0.440393)
(9.94283 0 0.58934)
(9.91122 0 0.742433)
(9.87378 0 0.901224)
(9.83087 0 1.06721)
(9.78285 0 1.24185)
(9.73016 0 1.42658)
(9.67326 0 1.62282)
(9.61266 0 1.83202)
(9.54892 0 2.05566)
(9.48266 0 2.2953)
(9.41458 0 2.55259)
(9.34546 0 2.82934)
(9.27624 0 3.12755)
(9.20801 0 3.44949)
(9.1421 0 3.7978)
(9.08022 0 4.1756)
(9.02455 0 4.58665)
(8.97813 0 5.03556)
(8.94523 0 5.528)
(8.93213 0 6.07096)
(8.94835 0 6.67286)
(9.00837 0 7.34314)
(9.13432 0 8.09048)
(9.35719 0 8.91681)
(9.68653 0 9.81113)
(10.2523 0 10.7222)
(10.94 0 11.4405)
(9.9974 0 0.1517)
(9.98874 0 0.301558)
(9.97347 0 0.451798)
(9.95239 0 0.604437)
(9.92624 0 0.761161)
(9.89545 0 0.923506)
(9.86043 0 1.09294)
(9.82159 0 1.2709)
(9.77944 0 1.45878)
(9.73455 0 1.65794)
(9.68751 0 1.86978)
(9.63903 0 2.0957)
(9.58988 0 2.33717)
(9.54097 0 2.59572)
(9.49335 0 2.87301)
(9.44825 0 3.17085)
(9.40715 0 3.49123)
(9.37188 0 3.83643)
(9.34474 0 4.20902)
(9.32871 0 4.61197)
(9.3277 0 5.04871)
(9.34702 0 5.52307)
(9.39391 0 6.03918)
(9.47829 0 6.60103)
(9.61335 0 7.2114)
(9.81594 0 7.86999)
(10.1089 0 8.56974)
(10.5008 0 9.29603)
(11.0587 0 10.0387)
(11.8524 0 10.6848)
(9.99792 0 0.154939)
(9.99101 0 0.307976)
(9.97884 0 0.461324)
(9.96212 0 0.616986)
(9.94151 0 0.776628)
(9.91746 0 0.941758)
(9.89041 0 1.11381)
(9.86083 0 1.29417)
(9.8293 0 1.48416)
(9.79643 0 1.68511)
(9.76295 0 1.8983)
(9.72967 0 2.12505)
(9.69751 0 2.36669)
(9.66754 0 2.62459)
(9.64102 0 2.90021)
(9.61943 0 3.19508)
(9.60455 0 3.51086)
(9.59857 0 3.84932)
(9.60416 0 4.21239)
(9.62473 0 4.60212)
(9.66458 0 5.0206)
(9.72926 0 5.46986)
(9.82583 0 5.95153)
(9.96326 0 6.4663)
(10.1526 0 7.0131)
(10.407 0 7.58808)
(10.7437 0 8.18313)
(11.1744 0 8.78356)
(11.7222 0 9.37779)
(12.4761 0 9.89091)
(9.99845 0 0.157512)
(9.9933 0 0.313066)
(9.98427 0 0.468844)
(9.97194 0 0.626821)
(9.9569 0 0.788631)
(9.93962 0 0.95574)
(9.92055 0 1.12953)
(9.90023 0 1.31133)
(9.87926 0 1.5024)
(9.85835 0 1.70397)
(9.83828 0 1.91722)
(9.81996 0 2.14333)
(9.80442 0 2.38349)
(9.79288 0 2.63887)
(9.78674 0 2.91068)
(9.78764 0 3.20014)
(9.79757 0 3.5085)
(9.81887 0 3.837)
(9.85443 0 4.18687)
(9.90773 0 4.55923)
(9.98306 0 4.95499)
(10.0856 0 5.37463)
(10.2218 0 5.81788)
(10.3992 0 6.28329)
(10.6265 0 6.76761)
(10.9134 0 7.26508)
(11.2713 0 7.76647)
(11.7081 0 8.25623)
(12.2247 0 8.71764)
(12.9014 0 9.10916)
(9.99898 0 0.159381)
(9.9956 0 0.316751)
(9.98971 0 0.474245)
(9.98177 0 0.633795)
(9.97229 0 0.796989)
(9.96174 0 0.965241)
(9.9506 0 1.13988)
(9.93943 0 1.32214)
(9.92888 0 1.51322)
(9.9197 0 1.71423)
(9.91274 0 1.92624)
(9.90896 0 2.15029)
(9.90948 0 2.38737)
(9.9156 0 2.63844)
(9.9288 0 2.90445)
(9.95082 0 3.18627)
(9.98371 0 3.48473)
(10.0299 0 3.80055)
(10.0921 0 4.1343)
(10.1738 0 4.48626)
(10.279 0 4.85635)
(10.4121 0 5.24387)
(10.5785 0 5.64724)
(10.7842 0 6.06364)
(11.0356 0 6.48861)
(11.3391 0 6.91545)
(11.7009 0 7.33479)
(12.125 0 7.73322)
(12.6055 0 8.09614)
(13.2117 0 8.403)
(9.99951 0 0.160512)
(9.99789 0 0.318964)
(9.9951 0 0.47743)
(9.99151 0 0.637781)
(9.98753 0 0.801551)
(9.98362 0 0.97009)
(9.98028 0 1.14465)
(9.97807 0 1.3264)
(9.97769 0 1.51642)
(9.9799 0 1.71571)
(9.98559 0 1.92522)
(9.99576 0 2.14581)
(10.0116 0 2.37829)
(10.0344 0 2.62341)
(10.0656 0 2.88181)
(10.1071 0 3.15405)
(10.1608 0 3.44055)
(10.229 0 3.74154)
(10.3145 0 4.057)
(10.4201 0 4.38657)
(10.5494 0 4.72937)
(10.7062 0 5.08389)
(10.8946 0 5.44775)
(11.119 0 5.81741)
(11.3836 0 6.18797)
(11.6923 0 6.55288)
(12.0478 0 6.90384)
(12.4518 0 7.23052)
(12.8966 0 7.52177)
(13.4403 0 7.76622)
(10 0 0.160876)
(10.0001 0 0.319651)
(10.0004 0 0.478318)
(10.0011 0 0.63868)
(10.0025 0 0.8022)
(10.0051 0 0.970158)
(10.0093 0 1.14372)
(10.0158 0 1.32397)
(10.0252 0 1.51188)
(10.0384 0 1.70833)
(10.0561 0 1.91411)
(10.0795 0 2.12995)
(10.1097 0 2.35644)
(10.1479 0 2.59411)
(10.1957 0 2.84334)
(10.2548 0 3.10437)
(10.3269 0 3.37726)
(10.4144 0 3.66183)
(10.5194 0 3.9576)
(10.6446 0 4.26367)
(10.7929 0 4.57868)
(10.9672 0 4.90059)
(11.1705 0 5.22661)
(11.4059 0 5.55303)
(11.6758 0 5.8751)
(11.9822 0 6.18696)
(12.3259 0 6.48173)
(12.7066 0 6.75157)
(13.1167 0 6.9881)
(13.605 0 7.18446)
(10.0005 0 0.160453)
(10.0023 0 0.318769)
(10.0056 0 0.476851)
(10.0104 0 0.636416)
(10.0171 0 0.798852)
(10.0259 0 0.965358)
(10.0375 0 1.13702)
(10.0523 0 1.3148)
(10.0711 0 1.49957)
(10.0946 0 1.6921)
(10.1237 0 1.89303)
(10.1594 0 2.1029)
(10.2028 0 2.32216)
(10.2552 0 2.55108)
(10.3179 0 2.78982)
(10.3925 0 3.03836)
(10.4807 0 3.29643)
(10.5844 0 3.56353)
(10.7056 0 3.83883)
(10.8463 0 4.12109)
(11.0088 0 4.40863)
(11.1953 0 4.69919)
(11.4079 0 4.98989)
(11.6483 0 5.27714)
(11.9179 0 5.55665)
(12.2172 0 5.82343)
(12.5458 0 6.07194)
(12.9024 0 6.29628)
(13.28 0 6.49039)
(13.7203 0 6.65009)
(10.001 0 0.159227)
(10.0044 0 0.31629)
(10.0106 0 0.472988)
(10.0194 0 0.630945)
(10.0311 0 0.791463)
(10.0459 0 0.955654)
(10.0645 0 1.12451)
(10.0872 0 1.29889)
(10.1148 0 1.47956)
(10.148 0 1.66715)
(10.1877 0 1.86217)
(10.2347 0 2.06501)
(10.2902 0 2.27593)
(10.3553 0 2.49502)
(10.4312 0 2.72223)
(10.5193 0 2.95731)
(10.6211 0 3.19975)
(10.7382 0 3.44881)
(10.8722 0 3.70342)
(11.0248 0 3.96216)
(11.1975 0 4.22319)
(11.3918 0 4.48422)
(11.609 0 4.74249)
(11.8501 0 4.99473)
(12.1154 0 5.23722)
(12.4047 0 5.46585)
(12.7167 0 5.6763)
(13.0498 0 5.86419)
(13.3976 0 6.02527)
(13.7968 0 6.15704)
(10.0015 0 0.15719)
(10.0065 0 0.312199)
(10.0154 0 0.466712)
(10.028 0 0.622249)
(10.0445 0 0.780023)
(10.065 0 0.941053)
(10.0901 0 1.10623)
(10.1203 0 1.27633)
(10.1561 0 1.45197)
(10.1983 0 1.63369)
(10.2476 0 1.82186)
(10.3049 0 2.01672)
(10.3712 0 2.21838)
(10.4475 0 2.42677)
(10.5348 0 2.64166)
(10.6344 0 2.86262)
(10.7475 0 3.08898)
(10.8754 0 3.31984)
(11.0193 0 3.55398)
(11.1803 0 3.78992)
(11.3597 0 4.02581)
(11.5583 0 4.25945)
(11.7767 0 4.48831)
(12.0153 0 4.70954)
(12.2737 0 4.92003)
(12.5513 0 5.11647)
(12.8464 0 5.29556)
(13.1572 0 5.45412)
(13.4783 0 5.58924)
(13.842 0 5.69939)
(10.0019 0 0.154342)
(10.0084 0 0.306496)
(10.0199 0 0.458025)
(10.0362 0 0.610342)
(10.0571 0 0.764562)
(10.083 0 0.921612)
(10.1142 0 1.08229)
(10.1512 0 1.24725)
(10.1946 0 1.41703)
(10.245 0 1.59203)
(10.3031 0 1.77251)
(10.3696 0 1.95859)
(10.4454 0 2.15024)
(10.5313 0 2.34726)
(10.6284 0 2.54929)
(10.7375 0 2.75576)
(10.8597 0 2.9659)
(10.9959 0 3.17871)
(11.1469 0 3.39294)
(11.3138 0 3.60711)
(11.4969 0 3.81946)
(11.6969 0 4.02797)
(11.9139 0 4.2304)
(12.1477 0 4.42434)
(12.3977 0 4.60723)
(12.6628 0 4.7765)
(12.9414 0 4.92966)
(13.2315 0 5.06442)
(13.5286 0 5.17881)
(13.8618 0 5.27197)
(10.0024 0 0.150689)
(10.0102 0 0.299194)
(10.0241 0 0.446952)
(10.0438 0 0.595263)
(10.0689 0 0.745144)
(10.0997 0 0.897427)
(10.1366 0 1.05281)
(10.18 0 1.21186)
(10.2302 0 1.375)
(10.288 0 1.54254)
(10.3538 0 1.71462)
(10.4283 0 1.89125)
(10.5123 0 2.07231)
(10.6065 0 2.25748)
(10.7116 0 2.44631)
(10.8284 0 2.63816)
(10.9577 0 2.83219)
(11.1 0 3.02738)
(11.256 0 3.22249)
(11.4262 0 3.41612)
(11.6109 0 3.60664)
(11.8101 0 3.79226)
(12.0237 0 3.97107)
(12.2513 0 4.14106)
(12.4918 0 4.30018)
(12.7443 0 4.44646)
(13.007 0 4.57803)
(13.2782 0 4.6933)
(13.554 0 4.79093)
(13.8608 0 4.8705)
(10.0027 0 0.146242)
(10.0119 0 0.290318)
(10.0281 0 0.433536)
(10.0508 0 0.577079)
(10.0798 0 0.721867)
(10.1152 0 0.868638)
(10.1572 0 1.018)
(10.2062 0 1.17042)
(10.2627 0 1.32623)
(10.3269 0 1.48565)
(10.3996 0 1.64873)
(10.4811 0 1.81539)
(10.572 0 1.98542)
(10.673 0 2.15845)
(10.7847 0 2.33395)
(10.9074 0 2.51123)
(11.0419 0 2.68946)
(11.1885 0 2.86763)
(11.3475 0 3.04458)
(11.5191 0 3.21898)
(11.7035 0 3.38941)
(11.9003 0 3.55431)
(12.1092 0 3.71208)
(12.3295 0 3.86107)
(12.5603 0 3.99968)
(12.8003 0 4.1264)
(13.0481 0 4.23988)
(13.302 0 4.33901)
(13.5587 0 4.42291)
(13.8425 0 4.49143)
(10.0031 0 0.141021)
(10.0134 0 0.279907)
(10.0317 0 0.417838)
(10.0573 0 0.55588)
(10.0898 0 0.694857)
(10.1293 0 0.835415)
(10.1759 0 0.978072)
(10.23 0 1.12321)
(10.2919 0 1.27109)
(10.3619 0 1.42183)
(10.4403 0 1.57542)
(10.5277 0 1.73172)
(10.6245 0 1.89044)
(10.731 0 2.05117)
(10.8477 0 2.21335)
(10.9749 0 2.3763)
(11.1131 0 2.5392)
(11.2623 0 2.70108)
(11.4226 0 2.86087)
(11.5942 0 3.01741)
(11.7767 0 3.16943)
(11.9699 0 3.31563)
(12.1732 0 3.45467)
(12.3858 0 3.58524)
(12.6067 0 3.70609)
(12.8347 0 3.81611)
(13.0686 0 3.91431)
(13.3067 0 3.99993)
(13.5466 0 4.07242)
(13.8102 0 4.13179)
(10.0034 0 0.135049)
(10.0148 0 0.26801)
(10.035 0 0.399935)
(10.0632 0 0.531778)
(10.0988 0 0.664265)
(10.142 0 0.797959)
(10.1927 0 0.933294)
(10.2513 0 1.07058)
(10.3179 0 1.20999)
(10.3927 0 1.35159)
(10.4761 0 1.49531)
(10.5684 0 1.64095)
(10.6698 0 1.7882)
(10.7807 0 1.93661)
(10.9012 0 2.08563)
(11.0316 0 2.23459)
(11.172 0 2.38271)
(11.3224 0 2.52911)
(11.4829 0 2.67282)
(11.6531 0 2.81282)
(11.8329 0 2.94803)
(12.0216 0 3.07736)
(12.2186 0 3.19973)
(12.4233 0 3.3141)
(12.6345 0 3.41953)
(12.8512 0 3.51517)
(13.0721 0 3.60034)
(13.296 0 3.67454)
(13.5207 0 3.73742)
(13.7666 0 3.78909)
(10.0037 0 0.128354)
(10.0161 0 0.254683)
(10.0379 0 0.379916)
(10.0684 0 0.504897)
(10.1069 0 0.630261)
(10.1533 0 0.756491)
(10.2076 0 0.883944)
(10.27 0 1.01286)
(10.3407 0 1.14336)
(10.4196 0 1.27544)
(10.5071 0 1.409)
(10.6033 0 1.5438)
(10.7084 0 1.67951)
(10.8225 0 1.81569)
(10.9457 0 1.95179)
(11.0781 0 2.08719)
(11.2197 0 2.22116)
(11.3703 0 2.35291)
(11.5298 0 2.48159)
(11.6978 0 2.60632)
(11.8739 0 2.7262)
(12.0577 0 2.84032)
(12.2483 0 2.94783)
(12.445 0 3.04792)
(12.6468 0 3.13987)
(12.8528 0 3.22306)
(13.0619 0 3.29703)
(13.2729 0 3.36145)
(13.4839 0 3.41612)
(13.7142 0 3.46123)
(10.004 0 0.120966)
(10.0172 0 0.239989)
(10.0405 0 0.357879)
(10.0731 0 0.475375)
(10.114 0 0.593028)
(10.1632 0 0.711244)
(10.2207 0 0.830314)
(10.2864 0 0.950416)
(10.3604 0 1.07162)
(10.4428 0 1.19389)
(10.5336 0 1.31708)
(10.6329 0 1.44094)
(10.7407 0 1.56514)
(10.8571 0 1.68924)
(10.9821 0 1.81274)
(11.1155 0 1.93506)
(11.2573 0 2.05553)
(11.4072 0 2.17347)
(11.5649 0 2.28814)
(11.7301 0 2.39879)
(11.9021 0 2.50468)
(12.0806 0 2.60507)
(12.2646 0 2.6993)
(12.4536 0 2.78673)
(12.6465 0 2.86683)
(12.8426 0 2.93916)
(13.0407 0 3.00341)
(13.2401 0 3.05936)
(13.439 0 3.10695)
(13.6553 0 3.14636)
(10.0042 0 0.11292)
(10.0182 0 0.223995)
(10.0428 0 0.333927)
(10.0771 0 0.443357)
(10.1202 0 0.552756)
(10.1718 0 0.66246)
(10.2319 0 0.7727)
(10.3004 0 0.883603)
(10.3772 0 0.9952)
(10.4623 0 1.10742)
(10.5557 0 1.2201)
(10.6574 0 1.33299)
(10.7672 0 1.44577)
(10.8851 0 1.55802)
(11.011 0 1.66928)
(11.1447 0 1.77901)
(11.286 0 1.88665)
(11.4345 0 1.99159)
(11.5899 0 2.0932)
(11.7518 0 2.19087)
(11.9195 0 2.28398)
(12.0925 0 2.37195)
(12.2702 0 2.45424)
(12.4517 0 2.5304)
(12.6363 0 2.60002)
(12.8231 0 2.6628)
(13.0114 0 2.71852)
(13.2002 0 2.76708)
(13.3882 0 2.80846)
(13.5922 0 2.84287)
(10.0044 0 0.104249)
(10.019 0 0.206769)
(10.0448 0 0.308165)
(10.0807 0 0.408988)
(10.1256 0 0.509634)
(10.1792 0 0.610376)
(10.2415 0 0.711392)
(10.3123 0 0.812766)
(10.3913 0 0.914497)
(10.4786 0 1.01649)
(10.574 0 1.11859)
(10.6773 0 1.22053)
(10.7885 0 1.32202)
(10.9073 0 1.42266)
(11.0334 0 1.52205)
(11.1668 0 1.61972)
(11.307 0 1.71516)
(11.4537 0 1.80786)
(11.6064 0 1.8973)
(11.7647 0 1.98297)
(11.928 0 2.06437)
(12.0957 0 2.14105)
(12.2671 0 2.21259)
(12.4416 0 2.27864)
(12.6185 0 2.33892)
(12.7969 0 2.39322)
(12.9761 0 2.4414)
(13.1554 0 2.48342)
(13.3338 0 2.51931)
(13.5269 0 2.54926)
(10.0046 0 0.0949829)
(10.0198 0 0.188375)
(10.0466 0 0.280694)
(10.0837 0 0.37241)
(10.1302 0 0.463847)
(10.1855 0 0.555223)
(10.2496 0 0.646667)
(10.3222 0 0.738229)
(10.4031 0 0.829884)
(10.492 0 0.92153)
(10.5888 0 1.013)
(10.6933 0 1.10405)
(10.8052 0 1.19441)
(10.9243 0 1.28373)
(11.0503 0 1.37163)
(11.1828 0 1.45772)
(11.3216 0 1.54157)
(11.4661 0 1.62275)
(11.616 0 1.70082)
(11.7706 0 1.77537)
(11.9295 0 1.846)
(12.0921 0 1.91236)
(12.2576 0 1.97414)
(12.4256 0 2.03108)
(12.5953 0 2.08296)
(12.766 0 2.12967)
(12.9372 0 2.17112)
(13.1081 0 2.2073)
(13.2778 0 2.23826)
(13.4612 0 2.26419)
(10.0047 0 0.0851511)
(10.0204 0 0.168872)
(10.0481 0 0.251608)
(10.0863 0 0.333753)
(10.1341 0 0.415568)
(10.1908 0 0.497214)
(10.2564 0 0.578778)
(10.3304 0 0.660284)
(10.4126 0 0.741688)
(10.5028 0 0.822884)
(10.6006 0 0.903708)
(10.7058 0 0.983947)
(10.818 0 1.06334)
(10.937 0 1.14159)
(11.0624 0 1.21838)
(11.1939 0 1.29335)
(11.3309 0 1.36616)
(11.4732 0 1.43644)
(11.6201 0 1.50385)
(11.7711 0 1.56804)
(11.9258 0 1.62872)
(12.0835 0 1.68561)
(12.2436 0 1.73846)
(12.4056 0 1.7871)
(12.5688 0 1.83139)
(12.7327 0 1.87123)
(12.8966 0 1.90658)
(13.0601 0 1.93748)
(13.2222 0 1.96397)
(13.3971 0 1.98624)
(10.0049 0 0.0747738)
(10.021 0 0.148304)
(10.0494 0 0.220984)
(10.0886 0 0.293138)
(10.1374 0 0.364956)
(10.1953 0 0.436548)
(10.262 0 0.507967)
(10.3371 0 0.579214)
(10.4204 0 0.650234)
(10.5114 0 0.720921)
(10.6098 0 0.791121)
(10.7153 0 0.860642)
(10.8276 0 0.929256)
(10.9462 0 0.996707)
(11.0708 0 1.06272)
(11.201 0 1.12701)
(11.3362 0 1.18927)
(11.4761 0 1.24923)
(11.6201 0 1.30659)
(11.7677 0 1.3611)
(11.9184 0 1.41251)
(12.0717 0 1.46062)
(12.2269 0 1.50526)
(12.3835 0 1.54628)
(12.5409 0 1.58361)
(12.6987 0 1.61717)
(12.8563 0 1.64697)
(13.0132 0 1.67304)
(13.1686 0 1.69544)
(13.3362 0 1.71432)
(10.005 0 0.0638578)
(10.0215 0 0.126698)
(10.0506 0 0.188882)
(10.0906 0 0.250657)
(10.1403 0 0.312131)
(10.1992 0 0.373356)
(10.2668 0 0.434361)
(10.3427 0 0.495131)
(10.4267 0 0.555608)
(10.5183 0 0.615693)
(10.617 0 0.675247)
(10.7226 0 0.734104)
(10.8347 0 0.792069)
(10.9527 0 0.848927)
(11.0764 0 0.90445)
(11.2051 0 0.958401)
(11.3386 0 1.01054)
(11.4762 0 1.06064)
(11.6175 0 1.10848)
(11.762 0 1.15386)
(11.9091 0 1.19658)
(12.0583 0 1.2365)
(12.2091 0 1.27349)
(12.3609 0 1.30746)
(12.5133 0 1.33834)
(12.6658 0 1.36611)
(12.8179 0 1.39077)
(12.9691 0 1.41236)
(13.1189 0 1.43094)
(13.2801 0 1.44664)
(10.0051 0 0.0523826)
(10.0221 0 0.104038)
(10.0518 0 0.155344)
(10.0925 0 0.20644)
(10.143 0 0.257324)
(10.2025 0 0.30799)
(10.2708 0 0.358437)
(10.3474 0 0.408637)
(10.4318 0 0.458526)
(10.5237 0 0.508011)
(10.6227 0 0.556971)
(10.7282 0 0.605266)
(10.8398 0 0.652736)
(10.9572 0 0.699207)
(11.0799 0 0.744496)
(11.2073 0 0.788418)
(11.339 0 0.830788)
(11.4745 0 0.871424)
(11.6134 0 0.910161)
(11.755 0 0.946843)
(11.8989 0 0.981338)
(12.0446 0 1.01353)
(12.1916 0 1.04333)
(12.3394 0 1.07068)
(12.4875 0 1.09554)
(12.6354 0 1.11789)
(12.7828 0 1.13774)
(12.9292 0 1.15515)
(13.0742 0 1.17016)
(13.2301 0 1.18288)
(10.0053 0 0.0402652)
(10.0228 0 0.0802188)
(10.0532 0 0.120212)
(10.0947 0 0.160181)
(10.1458 0 0.200018)
(10.2059 0 0.239703)
(10.2747 0 0.279233)
(10.3517 0 0.318571)
(10.4365 0 0.357652)
(10.5286 0 0.396391)
(10.6275 0 0.434686)
(10.7328 0 0.47242)
(10.844 0 0.509466)
(10.9607 0 0.545685)
(11.0824 0 0.580934)
(11.2085 0 0.61507)
(11.3387 0 0.647952)
(11.4724 0 0.679444)
(11.6091 0 0.709422)
(11.7483 0 0.737773)
(11.8895 0 0.764401)
(12.0323 0 0.789225)
(12.1761 0 0.812184)
(12.3205 0 0.833235)
(12.465 0 0.852358)
(12.6093 0 0.869547)
(12.7528 0 0.884819)
(12.8954 0 0.898203)
(13.0365 0 0.909747)
(13.1882 0 0.91954)
(10.0056 0 0.0273232)
(10.0239 0 0.0555838)
(10.0551 0 0.0845742)
(10.0971 0 0.113629)
(10.1486 0 0.142518)
(10.2092 0 0.171262)
(10.2784 0 0.199874)
(10.3557 0 0.22832)
(10.4407 0 0.256543)
(10.5328 0 0.284481)
(10.6317 0 0.312063)
(10.7367 0 0.339207)
(10.8476 0 0.365825)
(10.9636 0 0.39182)
(11.0844 0 0.417093)
(11.2096 0 0.441545)
(11.3385 0 0.465077)
(11.4706 0 0.487598)
(11.6056 0 0.509023)
(11.7428 0 0.529274)
(11.8819 0 0.548287)
(12.0223 0 0.566008)
(12.1635 0 0.582399)
(12.3052 0 0.597432)
(12.447 0 0.611094)
(12.5883 0 0.623387)
(12.7289 0 0.634323)
(12.8684 0 0.643927)
(13.0064 0 0.652233)
(13.1546 0 0.659311)
(10.0068 0 0.0112437)
(10.0271 0 0.026576)
(10.0593 0 0.0437996)
(10.1017 0 0.0613081)
(10.1534 0 0.0787823)
(10.2142 0 0.0962645)
(10.2835 0 0.113749)
(10.3609 0 0.131177)
(10.4458 0 0.148487)
(10.5378 0 0.165624)
(10.6364 0 0.182535)
(10.7412 0 0.199165)
(10.8515 0 0.215453)
(10.967 0 0.231337)
(11.0871 0 0.246755)
(11.2113 0 0.261647)
(11.3392 0 0.275952)
(11.4702 0 0.289617)
(11.6039 0 0.302591)
(11.7397 0 0.314831)
(11.8771 0 0.326301)
(12.0158 0 0.336971)
(12.1553 0 0.34682)
(12.2951 0 0.355838)
(12.4348 0 0.364019)
(12.5741 0 0.371368)
(12.7126 0 0.377897)
(12.85 0 0.383625)
(12.986 0 0.38858)
(13.1319 0 0.392823)
(9.99589 0 0.000921745)
(10.007 0 0.00495259)
(10.0276 0 0.0102597)
(10.0576 0 0.0158004)
(10.0974 0 0.0214128)
(10.1466 0 0.0271239)
(10.205 0 0.032924)
(10.2719 0 0.0387786)
(10.3468 0 0.0446553)
(10.4294 0 0.0505278)
(10.519 0 0.0563717)
(10.6151 0 0.0621622)
(10.7174 0 0.0678733)
(10.8251 0 0.0734787)
(10.938 0 0.0789519)
(11.0553 0 0.0842671)
(11.1765 0 0.0893994)
(11.3013 0 0.0943255)
(11.429 0 0.0990241)
(11.5591 0 0.103476)
(11.6911 0 0.107666)
(11.8245 0 0.11158)
(11.959 0 0.115209)
(12.094 0 0.118545)
(12.229 0 0.121585)
(12.3639 0 0.124329)
(12.4981 0 0.126779)
(12.6313 0 0.128941)
(12.7632 0 0.130818)
(12.9049 0 0.132441)
(9.42499 0 13.0936)
(6.20504 0 10.785)
(-1.10452 0 5.29029)
(10.3604 0 11.231)
(9.80467 0 9.93823)
(8.21414 0 8.10828)
(11.4627 0 11.138)
(11.6801 0 10.5872)
(11.4235 0 9.67074)
(12.3546 0 10.7401)
(12.7013 0 10.574)
(12.8088 0 10.1555)
(12.9219 0 10.0026)
(13.2927 0 9.99569)
(13.5366 0 9.85679)
(13.2973 0 9.22647)
(13.6597 0 9.2838)
(13.9435 0 9.27334)
(13.564 0 8.50915)
(13.8972 0 8.58164)
(14.1719 0 8.61696)
(13.7527 0 7.85455)
(14.051 0 7.92121)
(14.3007 0 7.9658)
(13.8827 0 7.25648)
(14.1483 0 7.31284)
(14.3714 0 7.35449)
(13.9685 0 6.7093)
(14.2059 0 6.75636)
(14.4051 0 6.79253)
(14.0202 0 6.20636)
(14.2335 0 6.24593)
(14.4125 0 6.27693)
(14.0445 0 5.74099)
(14.2375 0 5.77464)
(14.3994 0 5.80139)
(14.0465 0 5.30748)
(14.2224 0 5.33643)
(14.3699 0 5.35976)
(14.0303 0 4.90111)
(14.1915 0 4.92628)
(14.3267 0 4.94681)
(13.9989 0 4.51802)
(14.1475 0 4.54007)
(14.2722 0 4.55827)
(13.9551 0 4.15503)
(14.0928 0 4.17446)
(14.2084 0 4.19066)
(13.9015 0 3.80949)
(14.0297 0 3.82666)
(14.1373 0 3.84113)
(13.8403 0 3.47917)
(13.9601 0 3.49438)
(14.0608 0 3.50731)
(13.7737 0 3.16215)
(13.8861 0 3.17561)
(13.9806 0 3.18716)
(13.7037 0 2.85674)
(13.8096 0 2.86864)
(13.8987 0 2.87892)
(13.6323 0 2.56141)
(13.7325 0 2.57188)
(13.8167 0 2.58099)
(13.5614 0 2.27477)
(13.6564 0 2.28393)
(13.7364 0 2.29194)
(13.4926 0 1.99536)
(13.5832 0 2.0033)
(13.6595 0 2.01027)
(13.4276 0 1.72209)
(13.5143 0 1.72888)
(13.5874 0 1.73487)
(13.368 0 1.45312)
(13.4515 0 1.45879)
(13.5218 0 1.46383)
(13.3151 0 1.18816)
(13.3958 0 1.19279)
(13.4638 0 1.1969)
(13.2707 0 0.923593)
(13.3492 0 0.927154)
(13.4152 0 0.930331)
(13.2353 0 0.662253)
(13.312 0 0.664837)
(13.3767 0 0.667139)
(13.2113 0 0.394519)
(13.2866 0 0.395944)
(13.3502 0 0.397191)
(12.9821 0 0.133044)
(13.0555 0 0.133517)
(13.1174 0 0.133936)
(-2.65369 0 1.44092)
(-2.08604 0 1.11954)
(-2.39346 0 0.605806)
(-2.20849 0 0.608469)
(-2.07222 0 0.688518)
(-2.10057 0 0.487253)
(-2.10098 0 0.300616)
(-2.11826 0 0.249499)
(-2.14225 0 0.210874)
(-2.14227 0 0.180938)
(-2.13835 0 0.179475)
(-2.15299 0 0.177202)
(-2.17172 0 0.153458)
(-2.1766 0 0.12247)
(-2.17272 0 0.110308)
(-2.17741 0 0.119756)
(-2.19549 0 0.126499)
(-2.21494 0 0.118521)
(-2.22314 0 0.100492)
(-2.21933 0 0.0870335)
(-2.21472 0 0.0881283)
(-2.22095 0 0.0983808)
(-2.24001 0 0.104472)
(-2.26447 0 0.0972669)
(-2.28253 0 0.0751596)
(-2.28525 0 0.0464936)
(-2.2748 0 0.0264323)
(-2.26361 0 0.0235169)
(-2.26053 0 0.0290542)
(-2.26149 0 0.0307792)
(6.06956 0 5.45745)
(3.56018 0 3.50309)
(1.41228 0 1.99593)
(-1.63824 0 0.36456)
(-2.12836 0 0.258541)
(-2.41543 0 0.0374231)
(-2.32055 0 0.153535)
(-2.20931 0 0.397602)
(-2.21373 0 0.364745)
(-2.19688 0 0.228278)
(-2.1831 0 0.148722)
(-2.21288 0 0.14886)
(-2.24582 0 0.128238)
(-2.24131 0 0.0992272)
(-2.21229 0 0.10658)
(-2.20376 0 0.13861)
(-2.22759 0 0.154218)
(-2.25613 0 0.138936)
(-2.26504 0 0.103088)
(-2.25142 0 0.0752492)
(-2.23491 0 0.0775871)
(-2.23677 0 0.0992864)
(-2.25982 0 0.11396)
(-2.2917 0 0.108885)
(-2.31473 0 0.0816585)
(-2.31473 0 0.0431135)
(-2.29405 0 0.0158972)
(-2.27334 0 0.0160866)
(-2.26841 0 0.0299056)
(-2.27095 0 0.0349658)
(10.3504 0 7.62279)
(8.58992 0 5.82497)
(6.65981 0 4.37313)
(4.7053 0 3.13473)
(2.9036 0 2.13406)
(1.5117 0 1.28147)
(-1.19146 0 0.202297)
(-1.92459 0 0.14967)
(-2.32098 0 -0.0232758)
(-2.36864 0 -0.1112)
(-2.25365 0 0.0897516)
(-2.21056 0 0.314765)
(-2.24574 0 0.299573)
(-2.22382 0 0.183998)
(-2.1683 0 0.0898094)
(-2.16277 0 0.107375)
(-2.21 0 0.141815)
(-2.25914 0 0.126288)
(-2.26918 0 0.0796174)
(-2.2335 0 0.0510733)
(-2.19038 0 0.0754091)
(-2.18326 0 0.121074)
(-2.21331 0 0.148018)
(-2.25655 0 0.14363)
(-2.28744 0 0.104692)
(-2.28405 0 0.0444924)
(-2.24736 0 -0.0023622)
(-2.21287 0 0.00303903)
(-2.20672 0 0.0326916)
(-2.21319 0 0.0452465)
(12.4936 0 8.78565)
(11.6111 0 7.33479)
(10.3767 0 6.02266)
(8.97253 0 4.83403)
(7.46909 0 3.81078)
(6.02424 0 2.99025)
(4.5164 0 2.28753)
(3.12725 0 1.68107)
(1.90431 0 1.13109)
(0.621043 0 0.474685)
(-1.34855 0 0.092772)
(-1.81026 0 0.133262)
(-2.15887 0 -0.0102821)
(-2.21796 0 -0.163334)
(-2.08462 0 -0.0701742)
(-2.05026 0 0.180129)
(-2.0919 0 0.289835)
(-2.16977 0 0.267652)
(-2.17709 0 0.165507)
(-2.10474 0 0.051973)
(-2.03681 0 0.0391769)
(-2.03313 0 0.100761)
(-2.082 0 0.141023)
(-2.14539 0 0.135011)
(-2.19061 0 0.0824528)
(-2.1836 0 0.00310158)
(-2.11635 0 -0.0411757)
(-2.05973 0 -0.0198899)
(-2.05711 0 0.0397198)
(-2.07267 0 0.0668073)
(13.6648 0 9.10413)
(13.3774 0 8.09446)
(12.753 0 7.04154)
(11.8898 0 6.01984)
(10.8603 0 5.08877)
(9.7517 0 4.2836)
(8.59314 0 3.55642)
(7.40219 0 2.89969)
(6.22201 0 2.33987)
(5.08144 0 1.89074)
(3.90278 0 1.52485)
(2.85909 0 1.17148)
(1.89398 0 0.823015)
(1.16961 0 0.428248)
(-0.546646 0 0.03928)
(-1.26891 0 0.165204)
(-1.6455 0 0.176689)
(-1.86247 0 0.0783023)
(-1.92207 0 -0.079928)
(-1.80575 0 -0.163444)
(-1.7958 0 -0.0285902)
(-1.77331 0 0.180825)
(-1.84114 0 0.251787)
(-1.93149 0 0.254691)
(-1.99213 0 0.195721)
(-1.96629 0 0.070161)
(-1.86066 0 -0.0746574)
(-1.80666 0 -0.0516953)
(-1.81728 0 0.0567189)
(-1.85356 0 0.107908)
(14.2896 0 8.9234)
(14.3697 0 8.30243)
(14.1971 0 7.55129)
(13.7909 0 6.75483)
(13.193 0 5.96833)
(12.4574 0 5.22703)
(11.6269 0 4.53278)
(10.7297 0 3.89837)
(9.79418 0 3.3407)
(8.85012 0 2.86438)
(7.89941 0 2.43692)
(6.96429 0 2.03473)
(6.0435 0 1.67095)
(5.15782 0 1.38832)
(4.24335 0 1.17517)
(3.3699 0 0.973849)
(2.59592 0 0.778368)
(1.89312 0 0.583701)
(1.27356 0 0.371047)
(0.554514 0 0.0964975)
(-0.750349 0 0.0248721)
(-1.01592 0 0.155757)
(-1.27079 0 0.191358)
(-1.41758 0 0.158673)
(-1.52583 0 0.0434658)
(-1.54228 0 -0.145319)
(-1.36524 0 -0.247718)
(-1.47236 0 -0.11994)
(-1.50128 0 0.0924519)
(-1.57969 0 0.1757)
(14.5946 0 8.48932)
(14.8767 0 8.14818)
(15.0017 0 7.66009)
(14.9359 0 7.08467)
(14.6885 0 6.46764)
(14.292 0 5.84443)
(13.7799 0 5.23599)
(13.1783 0 4.6585)
(12.5094 0 4.12444)
(11.7958 0 3.63875)
(11.0545 0 3.19427)
(10.2988 0 2.78457)
(9.53245 0 2.41551)
(8.76472 0 2.10718)
(8.00514 0 1.84287)
(7.2613 0 1.60234)
(6.55159 0 1.37214)
(5.86404 0 1.15155)
(5.18435 0 0.960926)
(4.51666 0 0.835471)
(3.81279 0 0.739435)
(3.18971 0 0.627993)
(2.61724 0 0.531224)
(2.08812 0 0.446194)
(1.60235 0 0.345547)
(1.2189 0 0.190294)
(0.539962 0 0.0152256)
(-0.685221 0 0.0282114)
(-0.901113 0 0.144801)
(-1.14993 0 0.295295)
(14.726 0 7.94535)
(15.0957 0 7.77996)
(15.3896 0 7.4874)
(15.5493 0 7.09881)
(15.5609 0 6.6459)
(15.4382 0 6.15747)
(15.2004 0 5.65576)
(14.8653 0 5.15782)
(14.4495 0 4.677)
(13.9708 0 4.22218)
(13.4455 0 3.79596)
(12.8855 0 3.39804)
(12.298 0 3.0319)
(11.6917 0 2.70507)
(11.0791 0 2.41381)
(10.4706 0 2.15004)
(9.87032 0 1.90215)
(9.27234 0 1.66981)
(8.67173 0 1.46672)
(8.07547 0 1.30538)
(7.48927 0 1.1716)
(6.92986 0 1.04784)
(6.39589 0 0.931857)
(5.87832 0 0.816671)
(5.37267 0 0.695148)
(4.86641 0 0.590692)
(4.34135 0 0.548921)
(3.75296 0 0.518604)
(3.2657 0 0.464056)
(2.53251 0 0.499661)
(14.7684 0 7.37768)
(15.1573 0 7.30964)
(15.527 0 7.14581)
(15.8155 0 6.8973)
(15.997 0 6.58185)
(16.0718 0 6.21857)
(16.0474 0 5.825)
(15.9321 0 5.41651)
(15.7362 0 5.00618)
(15.4714 0 4.60408)
(15.15 0 4.21615)
(14.7819 0 3.84581)
(14.3752 0 3.49714)
(13.9387 0 3.1751)
(13.4828 0 2.88023)
(13.016 0 2.60824)
(12.5418 0 2.35346)
(12.0592 0 2.11635)
(11.5679 0 1.90386)
(11.0736 0 1.72159)
(10.5856 0 1.56532)
(10.1111 0 1.42476)
(9.64794 0 1.29213)
(9.18954 0 1.16288)
(8.72906 0 1.03763)
(8.25901 0 0.932829)
(7.77982 0 0.864689)
(7.29632 0 0.820227)
(6.83653 0 0.788784)
(6.22815 0 0.796174)
(14.7655 0 6.82938)
(15.1395 0 6.80931)
(15.527 0 6.72172)
(15.8734 0 6.56761)
(16.1503 0 6.35489)
(16.3513 0 6.09418)
(16.4758 0 5.79705)
(16.5253 0 5.47508)
(16.5035 0 5.13912)
(16.4164 0 4.79839)
(16.2716 0 4.45983)
(16.0762 0 4.12868)
(15.8373 0 3.80973)
(15.5622 0 3.50737)
(15.2587 0 3.2235)
(14.9337 0 2.95699)
(14.5911 0 2.70613)
(14.2325 0 2.4719)
(13.86 0 2.25824)
(13.4785 0 2.06835)
(13.0949 0 1.90026)
(12.7137 0 1.74747)
(12.3341 0 1.60453)
(11.9522 0 1.46938)
(11.5631 0 1.3444)
(11.1631 0 1.23875)
(10.7546 0 1.16095)
(10.3452 0 1.10803)
(9.94684 0 1.07419)
(9.44248 0 1.05823)
(14.7375 0 6.3155)
(15.0838 0 6.31679)
(15.4591 0 6.27088)
(15.8186 0 6.17529)
(16.1371 0 6.03278)
(16.4064 0 5.84845)
(16.6225 0 5.62885)
(16.7826 0 5.38152)
(16.8857 0 5.11429)
(16.9333 0 4.83458)
(16.9289 0 4.54882)
(16.8766 0 4.26247)
(16.7811 0 3.98034)
(16.6476 0 3.7066)
(16.4818 0 3.4439)
(16.2887 0 3.19322)
(16.0722 0 2.95501)
(15.8349 0 2.73066)
(15.5795 0 2.5228)
(15.3102 0 2.3335)
(15.0319 0 2.16196)
(14.7479 0 2.0048)
(14.4587 0 1.85895)
(14.162 0 1.72359)
(13.8553 0 1.60092)
(13.5372 0 1.49642)
(13.2102 0 1.41518)
(12.88 0 1.3561)
(12.5549 0 1.31411)
(12.1434 0 1.28184)
(14.6934 0 5.83777)
(15.0099 0 5.84786)
(15.3608 0 5.82386)
(15.7099 0 5.76286)
(16.0365 0 5.66555)
(16.3335 0 5.53417)
(16.5965 0 5.37209)
(16.8212 0 5.18373)
(17.0043 0 4.97424)
(17.1443 0 4.74898)
(17.2416 0 4.51311)
(17.2979 0 4.2714)
(17.3153 0 4.02816)
(17.2971 0 3.78724)
(17.2467 0 3.55159)
(17.1676 0 3.32322)
(17.063 0 3.10364)
(16.9354 0 2.89456)
(16.7874 0 2.6981)
(16.6223 0 2.51592)
(16.4438 0 2.34815)
(16.2544 0 2.19341)
(16.055 0 2.05029)
(15.845 0 1.91867)
(15.6231 0 1.80035)
(15.3895 0 1.6988)
(15.1462 0 1.61706)
(14.8972 0 1.55453)
(14.6487 0 1.50714)
(14.329 0 1.46712)
(14.6374 0 5.39308)
(14.9264 0 5.40658)
(15.2502 0 5.3943)
(15.579 0 5.35373)
(15.8961 0 5.28492)
(16.1962 0 5.18891)
(16.4761 0 5.06739)
(16.7316 0 4.92288)
(16.9586 0 4.7586)
(17.1546 0 4.5782)
(17.3183 0 4.38548)
(17.4494 0 4.18418)
(17.5484 0 3.9779)
(17.6165 0 3.76995)
(17.6557 0 3.5632)
(17.6681 0 3.35996)
(17.6556 0 3.16217)
(17.6203 0 2.97172)
(17.5644 0 2.79053)
(17.4902 0 2.62017)
(17.4004 0 2.46137)
(17.297 0 2.31395)
(17.181 0 2.17759)
(17.0527 0 2.05269)
(16.9117 0 1.94073)
(16.7588 0 1.84406)
(16.5956 0 1.76455)
(16.4251 0 1.70187)
(16.2515 0 1.65303)
(16.0214 0 1.61151)
(14.5717 0 4.97715)
(14.8365 0 4.99187)
(15.1346 0 4.9863)
(15.4409 0 4.95836)
(15.7411 0 4.90796)
(16.0319 0 4.83564)
(16.3112 0 4.74234)
(16.5756 0 4.62952)
(16.8215 0 4.49924)
(17.0463 0 4.35395)
(17.2478 0 4.19636)
(17.425 0 4.02929)
(17.5773 0 3.85557)
(17.7048 0 3.67794)
(17.8081 0 3.49893)
(17.8881 0 3.32076)
(17.9459 0 3.14547)
(17.983 0 2.97492)
(18.0007 0 2.81094)
(18.0007 0 2.65508)
(17.9849 0 2.50838)
(17.9547 0 2.37138)
(17.9113 0 2.24446)
(17.855 0 2.12834)
(17.7862 0 2.02434)
(17.7058 0 1.93416)
(17.6151 0 1.85911)
(17.5161 0 1.79908)
(17.4115 0 1.75214)
(17.2658 0 1.71341)
(14.4978 0 4.58591)
(14.7417 0 4.60093)
(15.017 0 4.59953)
(15.3014 0 4.57999)
(15.5831 0 4.54216)
(15.8595 0 4.48633)
(16.1296 0 4.41307)
(16.3908 0 4.3233)
(16.6405 0 4.21838)
(16.876 0 4.10004)
(17.0954 0 3.97021)
(17.2973 0 3.83102)
(17.4806 0 3.68466)
(17.6449 0 3.53334)
(17.79 0 3.37919)
(17.916 0 3.22423)
(18.0235 0 3.07034)
(18.1132 0 2.9193)
(18.1858 0 2.77279)
(18.2425 0 2.63232)
(18.2845 0 2.49912)
(18.3128 0 2.37408)
(18.3284 0 2.25799)
(18.3318 0 2.1518)
(18.3235 0 2.05671)
(18.3044 0 1.97409)
(18.2756 0 1.905)
(18.2384 0 1.84961)
(18.1945 0 1.80691)
(18.1247 0 1.77369)
(14.4174 0 4.21586)
(14.6432 0 4.23073)
(14.8983 0 4.23212)
(15.163 0 4.21854)
(15.4266 0 4.18981)
(15.6875 0 4.14608)
(15.9451 0 4.08766)
(16.1977 0 4.01518)
(16.443 0 3.92957)
(16.6789 0 3.83208)
(16.9037 0 3.72415)
(17.1161 0 3.60741)
(17.315 0 3.48359)
(17.4995 0 3.35445)
(17.6693 0 3.22179)
(17.824 0 3.08735)
(17.9638 0 2.95283)
(18.0889 0 2.81983)
(18.1998 0 2.68992)
(18.297 0 2.56453)
(18.3813 0 2.44492)
(18.4535 0 2.33218)
(18.5142 0 2.22731)
(18.564 0 2.13134)
(18.6035 0 2.04545)
(18.6334 0 1.97084)
(18.6547 0 1.90849)
(18.6682 0 1.85887)
(18.6749 0 1.82175)
(18.6701 0 1.79535)
(14.3318 0 3.86411)
(14.5418 0 3.87856)
(14.7792 0 3.88185)
(15.0264 0 3.87269)
(15.2735 0 3.85085)
(15.5194 0 3.81638)
(15.7639 0 3.76944)
(16.0057 0 3.71042)
(16.243 0 3.64)
(16.4741 0 3.55908)
(16.6976 0 3.46876)
(16.9123 0 3.37031)
(17.117 0 3.2651)
(17.311 0 3.15459)
(17.4938 0 3.04028)
(17.6649 0 2.92366)
(17.8241 0 2.80624)
(17.9715 0 2.68946)
(18.1072 0 2.57474)
(18.2316 0 2.46343)
(18.3452 0 2.35676)
(18.4483 0 2.2559)
(18.5416 0 2.16191)
(18.6256 0 2.07589)
(18.7008 0 1.99897)
(18.7679 0 1.9323)
(18.8277 0 1.87687)
(18.8809 0 1.8334)
(18.9278 0 1.80227)
(18.9761 0 1.78288)
(14.2425 0 3.52822)
(14.4387 0 3.54208)
(14.6607 0 3.54665)
(14.8922 0 3.5408)
(15.1245 0 3.52431)
(15.3565 0 3.49713)
(15.5884 0 3.45933)
(15.8191 0 3.41114)
(16.0473 0 3.35301)
(16.2714 0 3.28563)
(16.4902 0 3.20982)
(16.7028 0 3.12658)
(16.908 0 3.03702)
(17.1052 0 2.94234)
(17.2938 0 2.84379)
(17.4732 0 2.74268)
(17.6433 0 2.64031)
(17.8039 0 2.53797)
(17.9551 0 2.43696)
(18.0969 0 2.33852)
(18.2297 0 2.24385)
(18.3538 0 2.15408)
(18.4697 0 2.07032)
(18.5778 0 1.99366)
(18.6786 0 1.92521)
(18.7728 0 1.86608)
(18.861 0 1.81732)
(18.9438 0 1.77984)
(19.0215 0 1.75445)
(19.1117 0 1.74143)
(14.1512 0 3.20613)
(14.3352 0 3.21926)
(14.5435 0 3.22464)
(14.7612 0 3.22129)
(14.9802 0 3.20897)
(15.1996 0 3.18762)
(15.4197 0 3.15722)
(15.6399 0 3.11788)
(15.8587 0 3.06992)
(16.0751 0 3.01382)
(16.288 0 2.95022)
(16.4964 0 2.87989)
(16.6994 0 2.80372)
(16.8964 0 2.7227)
(17.0867 0 2.63789)
(17.2699 0 2.55041)
(17.4456 0 2.46138)
(17.6137 0 2.37198)
(17.7741 0 2.28335)
(17.9268 0 2.19665)
(18.0721 0 2.113)
(18.2102 0 2.0335)
(18.3414 0 1.95923)
(18.4661 0 1.89126)
(18.585 0 1.83068)
(18.6985 0 1.77857)
(18.8072 0 1.73602)
(18.9119 0 1.70406)
(19.0126 0 1.6838)
(19.1347 0 1.67607)
(14.0594 0 2.89606)
(14.2327 0 2.90835)
(14.4289 0 2.91417)
(14.6343 0 2.91267)
(14.8414 0 2.90363)
(15.0494 0 2.88695)
(15.2588 0 2.86258)
(15.469 0 2.83056)
(15.679 0 2.79108)
(15.8877 0 2.7445)
(16.0941 0 2.69128)
(16.2975 0 2.63204)
(16.497 0 2.56748)
(16.692 0 2.49841)
(16.8819 0 2.42572)
(17.0662 0 2.35034)
(17.2446 0 2.27328)
(17.4168 0 2.19555)
(17.5828 0 2.1182)
(17.7424 0 2.04226)
(17.8959 0 1.96878)
(18.0433 0 1.89879)
(18.1851 0 1.83333)
(18.3216 0 1.77343)
(18.4532 0 1.72014)
(18.5806 0 1.67453)
(18.7043 0 1.63767)
(18.825 0 1.61068)
(18.9429 0 1.59478)
(19.0894 0 1.59114)
(13.9687 0 2.59637)
(14.1325 0 2.60773)
(14.3181 0 2.6137)
(14.5126 0 2.61354)
(14.7091 0 2.60704)
(14.9069 0 2.59412)
(15.1066 0 2.57469)
(15.3076 0 2.54873)
(15.5093 0 2.51637)
(15.7105 0 2.47786)
(15.9106 0 2.43354)
(16.1087 0 2.38388)
(16.3042 0 2.32945)
(16.4963 0 2.2709)
(16.6847 0 2.20896)
(16.8687 0 2.14443)
(17.0481 0 2.07817)
(17.2225 0 2.01106)
(17.3918 0 1.94402)
(17.5559 0 1.878)
(17.7149 0 1.81394)
(17.869 0 1.75281)
(18.0183 0 1.69557)
(18.1633 0 1.6432)
(18.3043 0 1.5967)
(18.442 0 1.55709)
(18.577 0 1.52544)
(18.71 0 1.50286)
(18.8412 0 1.4906)
(19.0064 0 1.48996)
(13.8807 0 2.30562)
(14.0363 0 2.31599)
(14.2124 0 2.32187)
(14.3973 0 2.32263)
(14.5844 0 2.31811)
(14.7731 0 2.30819)
(14.964 0 2.29279)
(15.1568 0 2.27187)
(15.3507 0 2.2455)
(15.545 0 2.21385)
(15.7389 0 2.17717)
(15.9318 0 2.13583)
(16.123 0 2.09026)
(16.312 0 2.041)
(16.4982 0 1.98864)
(16.6811 0 1.93386)
(16.8604 0 1.87737)
(17.0359 0 1.81994)
(17.2072 0 1.76239)
(17.3743 0 1.70553)
(17.5373 0 1.65024)
(17.6962 0 1.59737)
(17.8512 0 1.54783)
(18.0027 0 1.50251)
(18.151 0 1.46235)
(18.2968 0 1.42833)
(18.4406 0 1.40144)
(18.5833 0 1.38277)
(18.7251 0 1.3735)
(18.9052 0 1.37497)
(13.7971 0 2.0223)
(13.9453 0 2.03161)
(14.1132 0 2.03721)
(14.2897 0 2.03857)
(14.4685 0 2.03553)
(14.6491 0 2.02801)
(14.8322 0 2.01591)
(15.0175 0 1.99919)
(15.2044 0 1.97787)
(15.3923 0 1.95206)
(15.5805 0 1.92196)
(15.7684 0 1.88784)
(15.9554 0 1.85004)
(16.141 0 1.80899)
(16.3248 0 1.76518)
(16.5062 0 1.71915)
(16.6849 0 1.67152)
(16.8606 0 1.62293)
(17.033 0 1.57409)
(17.2022 0 1.52571)
(17.368 0 1.47856)
(17.5306 0 1.43341)
(17.69 0 1.39106)
(17.8466 0 1.35234)
(18.0008 0 1.31812)
(18.1531 0 1.28926)
(18.3042 0 1.26673)
(18.4548 0 1.25151)
(18.6054 0 1.2447)
(18.7977 0 1.24756)
(13.7192 0 1.74528)
(13.8611 0 1.75349)
(14.0219 0 1.75865)
(14.191 0 1.76034)
(14.3626 0 1.75841)
(14.5361 0 1.75279)
(14.7123 0 1.7434)
(14.891 0 1.73017)
(15.0717 0 1.71311)
(15.2538 0 1.69231)
(15.4367 0 1.6679)
(15.6199 0 1.64007)
(15.8029 0 1.60912)
(15.9853 0 1.57535)
(16.1665 0 1.53918)
(16.3461 0 1.50104)
(16.5238 0 1.46145)
(16.6993 0 1.42094)
(16.8724 0 1.38011)
(17.0429 0 1.33958)
(17.2107 0 1.3)
(17.376 0 1.26205)
(17.5389 0 1.22645)
(17.6997 0 1.19391)
(17.8586 0 1.16522)
(18.0163 0 1.14118)
(18.1734 0 1.12261)
(18.3308 0 1.11044)
(18.4888 0 1.10563)
(18.6911 0 1.10934)
(13.6485 0 1.47264)
(13.7851 0 1.47969)
(13.9397 0 1.48429)
(14.1026 0 1.48607)
(14.2679 0 1.48493)
(14.4354 0 1.48081)
(14.6055 0 1.47362)
(14.7785 0 1.46331)
(14.9537 0 1.44987)
(15.1307 0 1.43336)
(15.3089 0 1.41388)
(15.4879 0 1.39157)
(15.6672 0 1.36664)
(15.8464 0 1.33936)
(16.0252 0 1.31002)
(16.2029 0 1.27901)
(16.3795 0 1.24671)
(16.5545 0 1.21359)
(16.7277 0 1.18012)
(16.899 0 1.14683)
(17.0684 0 1.11428)
(17.2358 0 1.08303)
(17.4013 0 1.05371)
(17.5654 0 1.02694)
(17.7282 0 1.0034)
(17.8904 0 0.983772)
(18.0525 0 0.968808)
(18.2154 0 0.959295)
(18.3796 0 0.956076)
(18.5903 0 0.960198)
(13.5865 0 1.20415)
(13.7185 0 1.21001)
(13.868 0 1.21395)
(14.0256 0 1.21567)
(14.1857 0 1.21509)
(14.348 0 1.21215)
(14.5131 0 1.20679)
(14.6811 0 1.19895)
(14.8517 0 1.18863)
(15.0242 0 1.17586)
(15.1984 0 1.16071)
(15.3737 0 1.14329)
(15.5497 0 1.12375)
(15.7262 0 1.1023)
(15.9026 0 1.07917)
(16.0786 0 1.05464)
(16.2539 0 1.02905)
(16.4282 0 1.00273)
(16.6013 0 0.976101)
(16.7731 0 0.949568)
(16.9434 0 0.923587)
(17.1124 0 0.898636)
(17.28 0 0.87522)
(17.4467 0 0.853868)
(17.6126 0 0.835139)
(17.7783 0 0.819623)
(17.9445 0 0.807944)
(18.112 0 0.800768)
(18.2814 0 0.798801)
(18.4991 0 0.802943)
(13.5345 0 0.935966)
(13.6628 0 0.940582)
(13.8081 0 0.943739)
(13.9614 0 0.945216)
(14.1173 0 0.944953)
(14.2754 0 0.942907)
(14.4364 0 0.939023)
(14.6004 0 0.93326)
(14.7671 0 0.925606)
(14.936 0 0.91608)
(15.1067 0 0.904731)
(15.2789 0 0.891638)
(15.4522 0 0.876914)
(15.6262 0 0.860704)
(15.8005 0 0.843187)
(15.9749 0 0.824577)
(16.1491 0 0.805117)
(16.3227 0 0.78508)
(16.4955 0 0.764767)
(16.6674 0 0.744507)
(16.8384 0 0.724651)
(17.0084 0 0.705575)
(17.1776 0 0.687676)
(17.3462 0 0.671376)
(17.5145 0 0.657121)
(17.6831 0 0.645384)
(17.8525 0 0.63667)
(18.0236 0 0.631522)
(18.1971 0 0.630512)
(18.42 0 0.63442)
(13.4935 0 0.671223)
(13.619 0 0.674626)
(13.7611 0 0.677012)
(13.9111 0 0.678211)
(14.0637 0 0.678186)
(14.2186 0 0.67691)
(14.3764 0 0.674343)
(14.5373 0 0.670455)
(14.7009 0 0.665233)
(14.8669 0 0.658689)
(15.035 0 0.650854)
(15.2047 0 0.64178)
(15.3757 0 0.631544)
(15.5478 0 0.620245)
(15.7205 0 0.608008)
(15.8935 0 0.594979)
(16.0666 0 0.581331)
(16.2396 0 0.567256)
(16.4121 0 0.552967)
(16.584 0 0.538699)
(16.7554 0 0.524703)
(16.9261 0 0.511252)
(17.0964 0 0.498632)
(17.2663 0 0.487153)
(17.4364 0 0.477141)
(17.607 0 0.468948)
(17.7789 0 0.462954)
(17.9528 0 0.459574)
(18.1294 0 0.459255)
(18.3567 0 0.462621)
(13.465 0 0.399491)
(13.5886 0 0.401545)
(13.7284 0 0.402997)
(13.876 0 0.403704)
(14.0263 0 0.40366)
(14.1788 0 0.402867)
(14.3343 0 0.401302)
(14.4929 0 0.398943)
(14.6544 0 0.395786)
(14.8183 0 0.391836)
(14.9844 0 0.387114)
(15.1522 0 0.38165)
(15.3216 0 0.37549)
(15.4921 0 0.368693)
(15.6635 0 0.361335)
(15.8355 0 0.353503)
(16.0077 0 0.345301)
(16.18 0 0.336843)
(16.352 0 0.32826)
(16.5238 0 0.319694)
(16.6952 0 0.311297)
(16.8663 0 0.303235)
(17.0371 0 0.295684)
(17.2078 0 0.288834)
(17.3789 0 0.282889)
(17.5508 0 0.278071)
(17.7241 0 0.274629)
(17.8998 0 0.27286)
(18.0785 0 0.273147)
(18.3078 0 0.276248)
(13.229 0 0.134828)
(13.3488 0 0.135745)
(13.4847 0 0.13645)
(13.6282 0 0.136876)
(13.7744 0 0.137033)
(13.9228 0 0.136925)
(14.0741 0 0.136543)
(14.2285 0 0.135878)
(14.3857 0 0.134926)
(14.5452 0 0.133688)
(14.7068 0 0.132171)
(14.8702 0 0.130383)
(15.035 0 0.12834)
(15.2009 0 0.126062)
(15.3676 0 0.123574)
(15.5348 0 0.120907)
(15.7021 0 0.118096)
(15.8694 0 0.115181)
(16.0364 0 0.11221)
(16.203 0 0.109231)
(16.3691 0 0.1063)
(16.5348 0 0.103475)
(16.7001 0 0.10082)
(16.8652 0 0.0984029)
(17.0306 0 0.0962989)
(17.1968 0 0.0945904)
(17.3644 0 0.0933746)
(17.5345 0 0.0927802)
(17.7082 0 0.0930068)
(17.9328 0 0.0946518)
)
;

boundaryField
{
    inlet
    {
        type            fixedValue;
        value           uniform (10 0 0);
    }
    outlet
    {
        type            zeroGradient;
    }
    flap
    {
        type            movingWallVelocity;
        value           nonuniform List<vector> 
33
(
(0 0 6.93889e-16)
(0 0 0)
(0 0 0)
(0 0 0)
(0 0 0)
(0 0 0)
(0 0 0)
(0 0 0)
(0 0 0)
(0 0 0)
(0 0 0)
(0 0 -1.11022e-14)
(0 0 -1.11022e-14)
(0 0 -1.11022e-14)
(0 0 -2.22045e-14)
(6.93889e-16 -2.77556e-15 0)
(0 -2.77556e-15 0)
(0 0 0)
(0 0 6.93889e-16)
(0 0 0)
(0 0 0)
(0 0 0)
(0 0 0)
(0 0 0)
(0 0 -5.55112e-15)
(0 0 0)
(0 0 -1.11022e-14)
(0 0 0)
(0 0 0)
(0 0 0)
(0 0 0)
(0 -2.77556e-15 -1.11022e-14)
(0 0 -1.11022e-14)
)
;
    }
    upperWall
    {
        type            noSlip;
    }
    lowerWall
    {
        type            noSlip;
    }
    frontAndBack
    {
        type            empty;
    }
}


// ************************************************************************* //
