/*--------------------------------*- C++ -*----------------------------------*\
  =========                 |
  \\      /  F ield         | OpenFOAM: The Open Source CFD Toolbox
   \\    /   O peration     | Website:  https://openfoam.org
    \\  /    A nd           | Version:  dev
     \\/     M anipulation  |
\*---------------------------------------------------------------------------*/
FoamFile
{
    version     2.0;
    format      ascii;
    class       surfaceScalarField;
    location    "3.5";
    object      phi;
}
// * * * * * * * * * * * * * * * * * * * * * * * * * * * * * * * * * * * * * //

dimensions      [0 3 -1 0 0 0 0];

internalField   nonuniform List<scalar> 
5457
(
0.198418
0.00158237
0.19648
0.00193735
0.194192
0.00228806
0.191509
0.00268355
0.188427
0.00308116
0.184951
0.00347672
0.181072
0.00387851
0.176778
0.00429393
0.17205
0.00472812
0.166865
0.00518509
0.161197
0.00566835
0.155016
0.00618084
0.148291
0.00672474
0.14099
0.00730107
0.133081
0.0079092
0.124535
0.00854612
0.115329
0.00920554
0.105452
0.00987682
0.0949087
0.0105437
0.0837255
0.0111832
0.0719612
0.0117644
0.0597131
0.0122481
0.0471244
0.0125886
0.0343842
0.0127402
0.0216891
0.0126952
0.00903882
0.0126503
-0.00291536
0.0119542
-0.00847181
0.00555645
-0.00804288
-0.000428935
-0.00804288
0.199928
0.00165421
0.199176
0.00268978
0.197965
0.00349898
0.196332
0.00431671
0.194272
0.00514118
0.191782
0.00596675
0.188855
0.00680544
0.185478
0.00767073
0.181633
0.00857294
0.177298
0.00952038
0.172446
0.0105203
0.167048
0.011579
0.161071
0.0127013
0.154482
0.0138898
0.147248
0.015144
0.139335
0.0164589
0.130717
0.0178231
0.121377
0.0192166
0.111313
0.0206082
0.100543
0.0219527
0.0891193
0.0231886
0.0771319
0.0242356
0.064726
0.0249945
0.0521185
0.0253477
0.039658
0.0251556
0.0281075
0.0242007
0.0185967
0.0214649
0.00879874
0.0153545
0.00118426
0.00718555
-0.00685862
0.199781
0.00187364
0.199087
0.00338361
0.197946
0.0046399
0.196409
0.00585331
0.194483
0.00706729
0.192164
0.00828576
0.189447
0.00952283
0.186321
0.0107961
0.182773
0.0121208
0.178785
0.0135091
0.174333
0.0149723
0.169392
0.0165199
0.163933
0.0181597
0.157926
0.0198967
0.151339
0.021732
0.144137
0.0236604
0.136292
0.0256683
0.127778
0.0277302
0.118582
0.0298047
0.108704
0.0318303
0.0981727
0.0337201
0.0870506
0.0353576
0.0754539
0.0365911
0.0635768
0.0372249
0.0517347
0.0369977
0.0403992
0.0355363
0.0297406
0.0321235
0.0191672
0.0259279
0.00959832
0.0167544
0.0027397
0.199703
0.00217057
0.199008
0.00407891
0.197887
0.00576041
0.196376
0.0073642
0.194488
0.00895539
0.192222
0.0105517
0.189575
0.0121705
0.186539
0.0138321
0.183104
0.0155551
0.179258
0.0173555
0.174983
0.0192472
0.170261
0.0212424
0.165069
0.0233512
0.159385
0.0255807
0.153184
0.0279334
0.146439
0.0304053
0.139125
0.0329823
0.131218
0.0356372
0.122699
0.0383236
0.113558
0.0409709
0.103802
0.0434768
0.0934592
0.0457
0.0825981
0.0474522
0.0713353
0.0484877
0.0598432
0.0484898
0.0483189
0.0470606
0.0368126
0.0436298
0.025189
0.0375515
0.0133361
0.0286073
0.0160758
0.199667
0.00250315
0.198964
0.00478217
0.197863
0.00686173
0.196381
0.00884588
0.194532
0.0108042
0.192318
0.0127664
0.189734
0.0147543
0.186775
0.0167906
0.183434
0.0188968
0.179698
0.0210912
0.175555
0.02339
0.17099
0.0258073
0.165987
0.0283548
0.160527
0.0310407
0.154591
0.0338687
0.148161
0.0368355
0.141216
0.0399278
0.133735
0.0431183
0.125698
0.0463601
0.117089
0.0495799
0.107896
0.05267
0.0981169
0.0554788
0.0877671
0.057802
0.0768812
0.0593737
0.0655111
0.0598599
0.0537101
0.0588616
0.0414557
0.0558842
0.0285889
0.0504182
0.014853
0.0423433
0.0309288
0.199653
0.00285035
0.198949
0.00548623
0.197871
0.00793967
0.196427
0.0102901
0.194627
0.0126041
0.192473
0.0149198
0.189964
0.0172639
0.187093
0.0196614
0.183853
0.022136
0.180236
0.0247084
0.17623
0.0273965
0.171821
0.0302158
0.166997
0.0331794
0.161741
0.0362964
0.156038
0.0395714
0.149872
0.0430019
0.143224
0.0465758
0.136075
0.0502674
0.128403
0.0540321
0.120184
0.0577992
0.11139
0.061464
0.101991
0.0648773
0.0919571
0.067836
0.0812564
0.0700744
0.0698566
0.0712597
0.057719
0.0709992
0.0447624
0.0688408
0.0308504
0.0643302
0.0158738
0.0573199
0.0468026
0.19965
0.0032003
0.198954
0.00618222
0.197904
0.0089893
0.196505
0.0116898
0.194762
0.0143464
0.19268
0.0170019
0.190257
0.0196875
0.187487
0.022431
0.184365
0.0252581
0.180882
0.0281912
0.177028
0.0312503
0.172792
0.0344523
0.16816
0.0378114
0.163119
0.0413379
0.157653
0.0450374
0.151745
0.0489091
0.145378
0.052943
0.138529
0.0571166
0.131171
0.06139
0.123271
0.0656997
0.114784
0.0699504
0.105657
0.0740048
0.0958191
0.0776736
0.0851887
0.0807048
0.0736708
0.0827777
0.0611639
0.0835061
0.0475573
0.0824474
0.0327601
0.0791274
0.0167837
0.0732963
0.0635863
0.199655
0.00354565
0.198975
0.00686234
0.197959
0.0100051
0.19661
0.0130385
0.194934
0.0160224
0.192933
0.0190024
0.190607
0.0220136
0.187952
0.0250863
0.184962
0.028248
0.18163
0.0315233
0.177947
0.0349336
0.173901
0.0384976
0.169482
0.0422308
0.164675
0.0461451
0.159464
0.0502481
0.153832
0.0545412
0.147757
0.0590179
0.141213
0.0636609
0.134165
0.0684379
0.126568
0.0732961
0.118364
0.0781551
0.109471
0.0828972
0.099789
0.087356
0.0891901
0.0913037
0.0775281
0.0944397
0.0646502
0.0963839
0.05042
0.0966776
0.0347701
0.0947773
0.0177909
0.0902755
0.0813771
0.199664
0.00388148
0.199006
0.00752016
0.19803
0.0109813
0.196739
0.01433
0.195137
0.0176245
0.193227
0.0209123
0.191009
0.0242315
0.18848
0.0276149
0.185636
0.031092
0.182471
0.034689
0.178975
0.038429
0.17514
0.0423325
0.170955
0.0464165
0.166404
0.0506954
0.161473
0.0551789
0.156142
0.0598723
0.150386
0.0647739
0.144174
0.0698734
0.137463
0.0751489
0.130197
0.0805621
0.1223
0.0860523
0.113669
0.0915278
0.104171
0.096854
0.0936371
0.101838
0.0818682
0.106209
0.068653
0.109599
0.0538053
0.111525
0.0372391
0.111343
0.0190848
0.10843
0.100462
0.199677
0.00420427
0.199047
0.00815042
0.198116
0.0119127
0.196887
0.0155583
0.195366
0.0191455
0.193556
0.0227229
0.191456
0.0263313
0.189065
0.0300057
0.18638
0.0337772
0.183395
0.0376738
0.180104
0.0417202
0.176498
0.0459386
0.172566
0.0503481
0.168296
0.0549653
0.163671
0.0598036
0.158671
0.0648723
0.153269
0.0701762
0.147429
0.0757139
0.141102
0.0814761
0.134221
0.0874422
0.126698
0.0935759
0.118408
0.099818
0.109187
0.106075
0.0988232
0.112201
0.0870568
0.117975
0.0735945
0.123061
0.058153
0.126967
0.0405556
0.128941
0.0209035
0.128082
0.121365
0.199693
0.00451136
0.199095
0.00874883
0.198213
0.0127943
0.197053
0.016718
0.19562
0.0205789
0.193916
0.0244268
0.191943
0.0283044
0.1897
0.0322487
0.187185
0.0362923
0.184394
0.0404648
0.181322
0.0447924
0.177961
0.049299
0.174303
0.054006
0.170336
0.0589325
0.166044
0.0640955
0.161407
0.0695094
0.156397
0.0751862
0.150976
0.0811346
0.145093
0.0873595
0.138674
0.0938607
0.13162
0.10063
0.123792
0.107646
0.114999
0.114868
0.104987
0.122213
0.0934243
0.129538
0.0799041
0.136582
0.0639742
0.142897
0.0452402
0.147675
0.023615
0.149707
0.14498
0.199711
0.00480068
0.199148
0.00931187
0.19832
0.013622
0.197234
0.0178043
0.195893
0.0219191
0.194303
0.0260173
0.192464
0.030143
0.190378
0.0343349
0.188043
0.0386271
0.185458
0.0430504
0.182618
0.0476325
0.179518
0.0523988
0.176151
0.0573727
0.172508
0.062576
0.168574
0.0680293
0.164331
0.0737524
0.159753
0.0797644
0.154803
0.0860846
0.149429
0.0927328
0.14356
0.0997299
0.137092
0.107098
0.129881
0.114858
0.121719
0.123029
0.11232
0.131613
0.10128
0.140578
0.0880533
0.149808
0.0719319
0.159018
0.0520946
0.167512
0.0278911
0.173911
0.172872
0.19973
0.00507063
0.199205
0.00983668
0.198435
0.014392
0.197426
0.0188131
0.196184
0.0231612
0.194713
0.0274886
0.193016
0.0318405
0.191094
0.0362569
0.188948
0.0407731
0.186577
0.0454209
0.18398
0.0502292
0.181154
0.0552247
0.178094
0.0604327
0.174793
0.0658772
0.17124
0.0715823
0.16742
0.0775723
0.163311
0.0838734
0.158882
0.0905143
0.154085
0.097529
0.148857
0.104958
0.143102
0.112853
0.136682
0.121278
0.129396
0.130315
0.120948
0.140061
0.110891
0.150634
0.0985537
0.162145
0.0829139
0.174658
0.0624488
0.187977
0.0351345
0.201225
0.208006
0.199751
0.00531994
0.199266
0.010321
0.198557
0.0151015
0.197629
0.0197407
0.196489
0.0243012
0.195142
0.028836
0.193591
0.0333915
0.191839
0.0380085
0.189889
0.0427233
0.187742
0.0475683
0.185398
0.0525733
0.182856
0.0577662
0.180116
0.0631733
0.177172
0.0688207
0.174019
0.074735
0.170647
0.0809444
0.16704
0.0874803
0.163175
0.0943796
0.159017
0.101687
0.154515
0.10946
0.149594
0.117774
0.144144
0.126729
0.137996
0.136462
0.130891
0.147166
0.122416
0.15911
0.111874
0.172687
0.0980354
0.188497
0.0785584
0.207454
0.0486828
0.231101
0.256689
0.199772
0.00554766
0.19933
0.0107629
0.198684
0.015748
0.19784
0.0205843
0.196806
0.0253357
0.195586
0.0300558
0.194186
0.0347917
0.192609
0.039585
0.19086
0.0444722
0.188942
0.0494865
0.186857
0.0546581
0.184608
0.0600151
0.182197
0.065585
0.179622
0.0713948
0.176885
0.0774728
0.17398
0.0838495
0.1709
0.0905598
0.167634
0.0976454
0.164163
0.105158
0.160457
0.113166
0.156473
0.121758
0.152146
0.131056
0.147374
0.141234
0.142
0.15254
0.135761
0.165349
0.128186
0.180262
0.118336
0.198347
0.103958
0.221832
0.0777324
0.257326
0.334421
0.00440496
-0.00440496
0.00855038
-0.00414542
0.012029
-0.00347858
0.014878
-0.00284907
0.0172093
-0.00233123
0.0191277
-0.00191847
0.020723
-0.00159528
0.0220705
-0.00134751
0.0232315
-0.00116097
0.0242529
-0.0010214
0.0251678
-0.000914919
0.0259962
-0.000828437
0.0267467
-0.000750495
0.02742
-0.000673243
0.028014
-0.000594043
0.0285277
-0.000513697
0.0289572
-0.000429435
0.0292852
-0.000328029
0.0294773
-0.000192113
0.0295078
-3.04992e-05
0.0293674
0.000140388
0.0291239
0.000243503
0.0288596
0.000264337
0.0286205
0.000239065
0.0284315
0.00018897
0.0283139
0.000117609
0.028298
1.58765e-05
0.0284347
-0.00013664
0.0287157
-0.000281004
-0.000357291
0.00386459
-0.00826955
0.00761131
-0.00789214
0.01082
-0.00668727
0.0135117
-0.00554082
0.0157846
-0.00460413
0.0177279
-0.0038617
0.0194148
-0.00328221
0.0209053
-0.002838
0.0222473
-0.00250297
0.0234779
-0.00225197
0.0246239
-0.00206095
0.0257024
-0.00190693
0.0267211
-0.00176923
0.027681
-0.00163313
0.028581
-0.00149396
0.0294234
-0.00135613
0.030215
-0.00122108
0.0309575
-0.00107048
0.0316325
-0.000867089
0.0321957
-0.000593693
0.0326318
-0.000295729
0.0329708
-9.55574e-05
0.0332827
-4.75511e-05
0.0336019
-8.01645e-05
0.0339396
-0.000148647
0.0342915
-0.000234285
0.0346461
-0.000338778
0.0349891
-0.000479586
0.0353423
-0.000634268
-0.000667774
0.00310176
-0.0113713
0.00603291
-0.0108233
0.00850211
-0.00915648
0.0105662
-0.00760486
0.0123105
-0.00634844
0.0138037
-0.00535494
0.0151018
-0.00458035
0.0162494
-0.00398561
0.0172819
-0.00353543
0.0182271
-0.00319718
0.0191059
-0.0029398
0.019932
-0.00273293
0.0207107
-0.00254799
0.0214406
-0.00236306
0.0221173
-0.00217061
0.0227416
-0.00198041
0.0233249
-0.00180443
0.0238814
-0.00162695
0.0244046
-0.00139028
0.0248588
-0.00104796
0.0252135
-0.000650339
0.0254817
-0.000363827
0.0257168
-0.000282636
0.0259381
-0.000301494
0.0261474
-0.000357861
0.026316
-0.000402941
0.0264165
-0.000439297
0.0264328
-0.000495887
0.0263806
-0.00058204
-0.000705919
0.0022854
-0.0136567
0.00426248
-0.0128004
0.00583691
-0.0107309
0.00712731
-0.00889526
0.00819961
-0.00742075
0.00909865
-0.00625397
0.00986103
-0.00534273
0.0105151
-0.00463966
0.0110834
-0.00410372
0.0115844
-0.00369819
0.0120331
-0.00338846
0.0124406
-0.00314047
0.0128129
-0.00292032
0.0131485
-0.00269868
0.0134385
-0.00246059
0.0136732
-0.00221506
0.0138582
-0.00198943
0.0140235
-0.00179228
0.0141973
-0.00156411
0.0143475
-0.00119815
0.014294
-0.000596806
0.0138872
4.29364e-05
0.0132372
0.000367365
0.0125328
0.000402904
0.0118934
0.000281571
0.0113742
0.000116263
0.0109628
-2.79461e-05
0.0106601
-0.000193099
0.0104977
-0.000419667
-0.000763813
0.00135593
-0.0150126
0.00227422
-0.0137187
0.00287342
-0.0113301
0.00329678
-0.00931861
0.00359059
-0.00771456
0.00377873
-0.00644211
0.00388105
-0.00544505
0.00391341
-0.00467203
0.00388886
-0.00407917
0.00381816
-0.00362749
0.00371117
-0.00328146
0.0035773
-0.0030066
0.00342534
-0.00276835
0.00326068
-0.00253402
0.00307942
-0.00227933
0.00285876
-0.00199441
0.00255459
-0.00168525
0.00212549
-0.00136318
0.00157512
-0.00101374
0.000956219
-0.000579251
0.000421065
-6.16522e-05
9.05978e-05
0.000373403
-0.000200308
0.000658271
-0.00048353
0.000686125
-0.000741821
0.000539862
-0.000928227
0.00030267
-0.00101264
5.64694e-05
-0.00102888
-0.000176864
-0.00100791
-0.000440633
-0.000778366
0.000277947
-0.0152906
7.60272e-05
-0.0135167
-0.000353423
-0.0109007
-0.000843563
-0.00882847
-0.00141064
-0.00714749
-0.0020236
-0.00582915
-0.00266739
-0.00480126
-0.00332904
-0.00401038
-0.00399998
-0.00340823
-0.00467422
-0.00295325
-0.0053457
-0.00260999
-0.00600652
-0.00234578
-0.00664651
-0.00212836
-0.0072537
-0.00192684
-0.00781629
-0.00171673
-0.00832524
-0.00148547
-0.00877916
-0.00123133
-0.00918686
-0.000955488
-0.00955069
-0.000649903
-0.0098388
-0.000291139
-0.00999564
9.51846e-05
-0.0100728
0.000450536
-0.0101129
0.000698424
-0.0101761
0.00074925
-0.0102691
0.00063293
-0.0103815
0.000415073
-0.0104918
0.000166708
-0.0105816
-8.70557e-05
-0.0106357
-0.00038654
-0.000735844
-0.000870338
-0.0144202
-0.00223863
-0.0121484
-0.00369015
-0.00944914
-0.00517262
-0.00734599
-0.00661911
-0.005701
-0.00800409
-0.00444416
-0.00930797
-0.00349738
-0.0105178
-0.00280057
-0.0116256
-0.00230041
-0.0126298
-0.00194906
-0.0135341
-0.00170565
-0.014345
-0.00153493
-0.0150686
-0.00140471
-0.0157096
-0.00128587
-0.0162706
-0.00115574
-0.0167539
-0.00100219
-0.0171629
-0.000822306
-0.0175027
-0.000615626
-0.0177756
-0.000377076
-0.0179739
-9.28391e-05
-0.0180809
0.00020219
-0.0181187
0.000488394
-0.0181202
0.000699911
-0.0181369
0.000765929
-0.0181907
0.000686766
-0.0182818
0.00050613
-0.0183955
0.000280369
-0.0185066
2.40583e-05
-0.0186086
-0.000284511
-0.000610407
-0.00210872
-0.0123115
-0.00460727
-0.0096499
-0.00709828
-0.00695813
-0.00946744
-0.00497683
-0.011635
-0.00353342
-0.0135701
-0.00250907
-0.0152703
-0.00179723
-0.0167496
-0.00132127
-0.0180305
-0.00101944
-0.0191388
-0.00084076
-0.0200999
-0.000744592
-0.0209359
-0.000698914
-0.0216644
-0.000676249
-0.0222984
-0.000651837
-0.0228477
-0.000606479
-0.0233188
-0.000531083
-0.0237157
-0.000425396
-0.0240409
-0.000290377
-0.024296
-0.000122039
-0.0244702
8.13721e-05
-0.024576
0.000307962
-0.024627
0.000539385
-0.0246466
0.000719525
-0.0246734
0.000792785
-0.0247319
0.000745273
-0.0248277
0.000601899
-0.0249488
0.000401468
-0.0250786
0.000153842
-0.0252156
-0.000147445
-0.00041983
-0.00345133
-0.00886019
-0.0071007
-0.00600052
-0.0105561
-0.00350273
-0.0136648
-0.00186809
-0.0163688
-0.000829513
-0.0186712
-0.000206627
-0.0205906
0.000122165
-0.02217
0.000258171
-0.0234713
0.000281868
-0.0245577
0.000245588
-0.0254803
0.000178064
-0.0262764
9.71626e-05
-0.0269711
1.84324e-05
-0.0275796
-4.33525e-05
-0.0281107
-7.54064e-05
-0.0285707
-7.10365e-05
-0.0289634
-3.26527e-05
-0.0292874
3.35671e-05
-0.0295383
0.000128848
-0.0297184
0.000261533
-0.0298422
0.000431724
-0.0299213
0.000618479
-0.0299772
0.000775394
-0.0300381
0.000853718
-0.0301236
0.000830751
-0.0302385
0.000716778
-0.0303748
0.000537836
-0.030527
0.000305995
-0.0307056
3.11354e-05
-0.000197568
-0.00505756
-0.00380264
-0.0102295
-0.000828539
-0.0146036
0.00087132
-0.0181683
0.00169663
-0.0210159
0.00201805
-0.0232833
0.00206083
-0.0251109
0.00194977
-0.0266127
0.00175989
-0.0278635
0.00153274
-0.0289163
0.00129839
-0.0298132
0.00107493
-0.0305841
0.000868077
-0.0312486
0.000682915
-0.0318235
0.000531526
-0.0323259
0.000427002
-0.032768
0.000371028
-0.0331531
0.00035247
-0.0334791
0.000359578
-0.0337431
0.000392856
-0.0339459
0.000464379
-0.0340966
0.00058237
-0.0342107
0.000732597
-0.0343097
0.000874417
-0.0344151
0.000959086
-0.03454
0.000955674
-0.034687
0.000863793
-0.0348524
0.000703183
-0.0350362
0.000489774
-0.035246
0.000240972
4.61855e-05
-0.00680112
0.00299848
-0.0126949
0.0050652
-0.0173068
0.0054833
-0.0209774
0.00536715
-0.0239241
0.00496476
-0.026292
0.00442878
-0.0282053
0.00386307
-0.0297611
0.00331569
-0.0310374
0.00280907
-0.0321014
0.00236231
-0.033007
0.00198057
-0.0337892
0.00165029
-0.0344666
0.00136026
-0.0350539
0.00111882
-0.0355691
0.000942273
-0.0360289
0.000830763
-0.0364392
0.00076286
-0.0367945
0.000714822
-0.0370857
0.000684025
-0.0373127
0.000691466
-0.0374894
0.000758999
-0.0376378
0.000880995
-0.0377809
0.00101752
-0.0379353
0.00111352
-0.0381074
0.00112778
-0.038295
0.00105139
-0.038495
0.000903168
-0.0387126
0.000707358
-0.0389617
0.000490073
0.000327138
-0.0078209
0.0108194
-0.0143951
0.0116394
-0.0195721
0.0106602
-0.0235544
0.00934948
-0.0266202
0.00803061
-0.029003
0.00681155
-0.0308874
0.00574746
-0.0324036
0.00483186
-0.0336368
0.00404227
-0.0346601
0.00338559
-0.0355386
0.00285912
-0.0363097
0.00242139
-0.0369832
0.00203372
-0.0375669
0.00170253
-0.0380824
0.00145778
-0.038554
0.00130241
-0.0389895
0.0011983
-0.0393755
0.0011008
-0.0396936
0.00100219
-0.0399415
0.000939306
-0.0401393
0.000956892
-0.0403188
0.00106049
-0.0405063
0.00120502
-0.0407141
0.00132129
-0.0409401
0.00135375
-0.0411746
0.00128595
-0.0414123
0.00114085
-0.0416612
0.000956201
-0.0419379
0.000766847
0.000636816
-0.00929027
0.0201097
-0.016973
0.0193222
-0.022488
0.0161752
-0.0264359
0.0132974
-0.0293622
0.0109569
-0.0315633
0.00901258
-0.0332725
0.0074567
-0.0346507
0.00621005
-0.0357687
0.00516025
-0.0366922
0.00430915
-0.0375036
0.0036705
-0.0382444
0.00316223
-0.0389032
0.00269244
-0.0394694
0.00226875
-0.03997
0.00195838
-0.0404451
0.00177753
-0.0409064
0.00165965
-0.041328
0.00152233
-0.0416741
0.00134829
-0.0419364
0.00120169
-0.042146
0.00116644
-0.0423493
0.00126376
-0.0425787
0.00143445
-0.0428413
0.00158386
-0.0431237
0.00163619
-0.0434055
0.00156777
-0.0436765
0.00141178
-0.0439481
0.00122785
-0.0442441
0.00106284
0.000967706
-0.0119793
0.0320889
-0.0210927
0.0284356
-0.0264736
0.0215561
-0.0298033
0.0166271
-0.0322615
0.0134151
-0.0340463
0.0107974
-0.0354016
0.00881195
-0.0365452
0.00735363
-0.03749
0.00610515
-0.0382541
0.00507316
-0.0389572
0.00437361
-0.0396609
0.00386599
-0.0403068
0.00333835
-0.0408428
0.00280469
-0.0413067
0.00242234
-0.0417734
0.00224415
-0.0422645
0.00215081
-0.0427315
0.00198929
-0.0431073
0.00172407
-0.0433718
0.0014662
-0.0435738
0.00136843
-0.0437858
0.00147584
-0.0440503
0.00169895
-0.0443666
0.00190016
-0.0447065
0.00197603
-0.0450348
0.00189611
-0.0453342
0.00171119
-0.0456213
0.00151494
-0.0459301
0.00137162
0.0013121
-0.0167674
0.0488564
-0.0276782
0.0393464
-0.0321715
0.0260495
-0.0336801
0.0181357
-0.0353193
0.0150542
-0.0364352
0.0119133
-0.0372086
0.0095853
-0.0380654
0.00821045
-0.0388523
0.00689203
-0.0393926
0.00561347
-0.0399227
0.00490368
-0.0405937
0.00453701
-0.0412468
0.0039914
-0.0417389
0.00329682
-0.0421291
0.00281259
-0.0425677
0.00268269
-0.0430995
0.00268261
-0.0436324
0.00252225
-0.0440437
0.00213534
-0.0442907
0.00171321
-0.0444547
0.00153245
-0.0446555
0.00167657
-0.0449502
0.00199364
-0.0453243
0.00227428
-0.0457278
0.00237955
-0.0461058
0.0022741
-0.0464296
0.00203501
-0.0467228
0.00180812
-0.0470366
0.00168549
0.00166191
0.207447
0.00576046
0.207034
0.0111756
0.206432
0.0163507
0.205647
0.0213689
0.204688
0.0262951
0.20356
0.0311834
0.20227
0.0360814
0.200824
0.0410309
0.199228
0.0460688
0.197486
0.0512281
0.195605
0.0565391
0.19359
0.0620303
0.191446
0.0677288
0.189179
0.073662
0.186793
0.0798586
0.184293
0.0863498
0.181681
0.0931714
0.17896
0.100367
0.17613
0.107989
0.173188
0.116108
0.170132
0.124814
0.166956
0.134232
0.163656
0.144534
0.160233
0.155962
0.156712
0.16887
0.153187
0.183787
0.150027
0.201507
0.148914
0.222945
0.160667
0.245574
0.258675
0.236413
0.21249
0.00595291
0.212117
0.0115485
0.211574
0.0168943
0.210868
0.022075
0.210007
0.0271557
0.208999
0.0321911
0.207852
0.0372288
0.206573
0.0423104
0.205169
0.0474727
0.203648
0.0527485
0.20202
0.0581675
0.200293
0.0637575
0.198476
0.0695452
0.196581
0.075557
0.194619
0.0818206
0.192603
0.0883659
0.190548
0.095227
0.18847
0.102444
0.186392
0.110067
0.184341
0.118158
0.182359
0.126796
0.180506
0.136085
0.178882
0.146158
0.177659
0.157186
0.177159
0.16937
0.178038
0.182908
0.181714
0.197831
0.190796
0.213863
0.206294
0.230076
0.245539
0.219431
0.217658
0.00612288
0.217329
0.0118776
0.21685
0.0173731
0.21623
0.0226948
0.215477
0.0279083
0.2146
0.033068
0.213608
0.0382212
0.212509
0.0434093
0.211313
0.0486684
0.210031
0.0540304
0.208675
0.0595241
0.207256
0.0651761
0.20579
0.0710113
0.204293
0.0770546
0.202782
0.083331
0.201281
0.0898672
0.199815
0.096693
0.198417
0.103842
0.197128
0.111355
0.196006
0.11928
0.195128
0.127674
0.194607
0.136606
0.194614
0.146151
0.195412
0.156387
0.197412
0.16737
0.201226
0.179095
0.207622
0.191435
0.217259
0.204226
0.229851
0.217484
0.228631
0.246758
0.222951
0.00626838
0.22267
0.0121589
0.222262
0.0177814
0.221735
0.0232213
0.221099
0.028544
0.220363
0.0338038
0.219538
0.0390471
0.218632
0.0443147
0.217659
0.0496414
0.216631
0.0550582
0.215563
0.0605921
0.214472
0.0662677
0.213375
0.072108
0.212295
0.0781346
0.211257
0.084369
0.210291
0.0908331
0.209434
0.0975499
0.208732
0.104545
0.208243
0.111845
0.208044
0.11948
0.208237
0.127481
0.208962
0.13588
0.210414
0.1447
0.212855
0.153946
0.216631
0.163594
0.222162
0.173564
0.229895
0.183702
0.240399
0.193721
0.25459
0.203293
0.210163
0.273059
0.228374
0.00638754
0.228144
0.012389
0.227811
0.0181141
0.227385
0.0236478
0.226874
0.029055
0.226288
0.0343892
0.22564
0.039696
0.224939
0.0450148
0.224202
0.0503792
0.223442
0.0558183
0.222676
0.0613572
0.221926
0.0670181
0.221213
0.0728207
0.220565
0.0787832
0.220012
0.0849223
0.219591
0.0912538
0.219348
0.097793
0.219338
0.104555
0.21963
0.111552
0.220313
0.118797
0.2215
0.126295
0.223334
0.134045
0.226002
0.142032
0.229733
0.150215
0.234808
0.158519
0.241553
0.166819
0.250347
0.174908
0.261634
0.182434
0.275886
0.189041
0.193645
0.292405
0.233929
0.00647869
0.233754
0.0125646
0.233501
0.0183665
0.233181
0.0239683
0.232802
0.0294341
0.232375
0.0348161
0.231912
0.0401588
0.231427
0.0454998
0.230935
0.0508712
0.230454
0.0563
0.230002
0.0618087
0.229603
0.0674167
0.229284
0.0731403
0.229074
0.0789932
0.229009
0.084987
0.229132
0.0911309
0.229493
0.0974319
0.230154
0.103894
0.231188
0.110517
0.232688
0.117297
0.234764
0.124218
0.237554
0.131256
0.241219
0.138367
0.245953
0.145481
0.251975
0.152497
0.259527
0.159267
0.268849
0.165585
0.280121
0.171163
0.293435
0.175727
0.178767
0.308312
0.23962
0.00654032
0.239501
0.0126828
0.239334
0.0185344
0.239124
0.0241776
0.238883
0.029675
0.238622
0.0350775
0.238353
0.0404278
0.238091
0.0457618
0.237853
0.0511095
0.237657
0.0564955
0.237526
0.0619396
0.237485
0.067458
0.237562
0.0730633
0.23779
0.0787646
0.238209
0.084568
0.238864
0.0904763
0.239808
0.0964883
0.241103
0.102599
0.242824
0.108796
0.245059
0.115062
0.247911
0.121367
0.251498
0.127669
0.255957
0.133908
0.261436
0.140002
0.268091
0.145842
0.276072
0.151286
0.285498
0.156159
0.296414
0.160247
0.308807
0.163334
0.165154
0.32242
0.245448
0.00657118
0.24539
0.0127412
0.24531
0.0186145
0.245216
0.0242714
0.245118
0.0297729
0.245028
0.035168
0.244958
0.0404974
0.244925
0.0457952
0.244945
0.0510888
0.24504
0.0564004
0.245233
0.0617469
0.24555
0.0671412
0.246021
0.072592
0.246682
0.078104
0.247572
0.0836781
0.248737
0.089311
0.250231
0.0949947
0.252114
0.100716
0.254456
0.106454
0.257337
0.112181
0.260847
0.117858
0.265082
0.123433
0.270148
0.128842
0.276151
0.133999
0.28319
0.138803
0.291347
0.143129
0.300667
0.146839
0.311139
0.149774
0.322696
0.151777
0.152716
0.335135
0.251418
0.00657024
0.251421
0.0127378
0.251432
0.0186039
0.251457
0.0242464
0.251506
0.029724
0.25159
0.0350836
0.251724
0.0403639
0.251923
0.0455965
0.252205
0.0508066
0.252591
0.0560136
0.253107
0.0612316
0.253778
0.0664701
0.254636
0.0717342
0.255715
0.0770244
0.257056
0.0823371
0.258703
0.0876638
0.260707
0.0929909
0.263124
0.0982989
0.266016
0.103561
0.269453
0.108744
0.273506
0.113804
0.278252
0.118687
0.283766
0.123328
0.290118
0.127648
0.297363
0.131558
0.305535
0.134957
0.314637
0.137738
0.324621
0.13979
0.335389
0.141009
0.141335
0.34677
0.257532
0.00653677
0.257599
0.0126713
0.257702
0.0185009
0.257848
0.0241003
0.258046
0.0295258
0.258308
0.034822
0.258646
0.0400253
0.259078
0.0451649
0.259621
0.0502634
0.260297
0.0553376
0.26113
0.0603987
0.262147
0.0654531
0.263378
0.0705027
0.264858
0.0755444
0.266625
0.0805707
0.268719
0.0855692
0.271188
0.0905221
0.274081
0.0954061
0.277451
0.100191
0.281354
0.104841
0.285847
0.109312
0.290984
0.11355
0.296815
0.117497
0.30338
0.121083
0.310703
0.124235
0.318786
0.126874
0.327602
0.128922
0.337086
0.130306
0.347135
0.13096
0.130864
0.357605
0.263794
0.00647028
0.263925
0.0125407
0.264121
0.0183041
0.26439
0.0238318
0.264738
0.0291774
0.265177
0.0343829
0.265721
0.0394821
0.266384
0.0445019
0.267185
0.0494624
0.268144
0.0543778
0.269286
0.0592566
0.270637
0.0641026
0.272225
0.0689147
0.274082
0.073687
0.276244
0.078409
0.278748
0.0830656
0.281633
0.0876366
0.284943
0.0920965
0.28872
0.0964145
0.293007
0.100554
0.297846
0.104473
0.303272
0.108124
0.309315
0.111454
0.315991
0.114407
0.323301
0.116924
0.331228
0.118947
0.339727
0.120422
0.34873
0.121303
0.358137
0.121553
0.121171
0.36783
0.270207
0.0063706
0.270402
0.0123458
0.270692
0.0180134
0.271083
0.023441
0.271581
0.0286791
0.272197
0.0337672
0.272943
0.0387365
0.273833
0.0436114
0.274886
0.0484095
0.276121
0.0531427
0.277561
0.0578172
0.279229
0.0624344
0.281153
0.0669908
0.283361
0.0714785
0.285885
0.0758852
0.288757
0.0801938
0.29201
0.0843832
0.295679
0.0884277
0.299797
0.0922971
0.304394
0.0959571
0.309497
0.0993696
0.315128
0.102493
0.321299
0.105284
0.328009
0.107697
0.335245
0.109688
0.342976
0.111216
0.351153
0.112246
0.359706
0.112751
0.368545
0.112713
0.112144
0.377573
0.276774
0.00623783
0.277033
0.0120867
0.277417
0.0176292
0.277929
0.0229288
0.278575
0.0280327
0.279365
0.0329778
0.280309
0.0377927
0.281421
0.0424993
0.282717
0.047113
0.284217
0.0516434
0.285939
0.0560949
0.287906
0.0604669
0.290143
0.0647544
0.292673
0.0689478
0.295525
0.0730338
0.298724
0.076995
0.302297
0.0808101
0.30627
0.0844546
0.310667
0.0879003
0.315507
0.0911165
0.320807
0.0940699
0.326574
0.0967261
0.332808
0.0990499
0.339497
0.101007
0.346619
0.102566
0.354135
0.103699
0.361996
0.104386
0.370135
0.104612
0.378474
0.104373
0.103688
0.386931
0.283498
0.00607236
0.28382
0.0117644
0.284297
0.0171529
0.284928
0.0222972
0.28572
0.0272412
0.286679
0.0320189
0.287815
0.0366564
0.289141
0.0411734
0.290671
0.0455831
0.292421
0.0498933
0.294409
0.0541065
0.296655
0.058221
0.299179
0.0622304
0.302002
0.0661247
0.305146
0.0698902
0.308631
0.0735098
0.312478
0.0769633
0.316705
0.080228
0.321326
0.083279
0.326353
0.0860894
0.331791
0.0886317
0.337639
0.0908781
0.343887
0.0928015
0.350517
0.0943772
0.3575
0.0955837
0.364795
0.0964039
0.372354
0.0968271
0.380116
0.0968495
0.388015
0.0964744
0.0957224
0.39598
0.290384
0.00587481
0.290768
0.0113799
0.291335
0.0165865
0.292083
0.0215491
0.293015
0.0263087
0.294138
0.0308961
0.295459
0.0353352
0.296989
0.0396433
0.298741
0.0438319
0.300727
0.0479071
0.302963
0.0518702
0.305466
0.0557184
0.308251
0.0594449
0.311336
0.0630395
0.314738
0.0664889
0.318471
0.069777
0.322548
0.0728854
0.326983
0.0757939
0.33178
0.078481
0.336945
0.0809245
0.342475
0.0831019
0.348361
0.084992
0.354588
0.0865748
0.361132
0.0878334
0.367961
0.0887542
0.375037
0.0893282
0.382312
0.0895519
0.389734
0.0894278
0.397244
0.0889641
0.0881819
0.404785
0.297435
0.00564605
0.297879
0.0109352
0.298533
0.0159326
0.299394
0.0206885
0.300462
0.0252403
0.301742
0.0296162
0.30324
0.0338376
0.304963
0.0379198
0.306922
0.0418726
0.309129
0.0457009
0.311594
0.0494051
0.314331
0.0529816
0.317352
0.0564238
0.32067
0.0597217
0.324296
0.0628629
0.32824
0.0658328
0.33251
0.0686152
0.337111
0.0711929
0.342044
0.0735477
0.347307
0.0756619
0.35289
0.0775182
0.358782
0.0791007
0.364961
0.0803957
0.371402
0.0813923
0.378073
0.0820832
0.384936
0.0824653
0.391948
0.08254
0.399062
0.0823136
0.406229
0.081797
0.081011
0.4134
0.304654
0.00538714
0.305157
0.0104323
0.305895
0.0151946
0.306864
0.0197198
0.308062
0.024042
0.309491
0.0281867
0.311156
0.0321731
0.313061
0.0360145
0.315215
0.0397193
0.317624
0.0432914
0.320299
0.0467305
0.323247
0.0500331
0.326479
0.0531924
0.330001
0.0561994
0.333821
0.0590429
0.337943
0.0617101
0.342371
0.0641873
0.347104
0.06646
0.352138
0.0685137
0.357466
0.0703346
0.363074
0.0719099
0.368946
0.0732285
0.37506
0.0742816
0.381389
0.0750632
0.387902
0.0755707
0.394562
0.0758048
0.401332
0.0757704
0.40817
0.0754759
0.415033
0.0749335
0.0741628
0.421881
0.312046
0.0050993
0.312605
0.00987352
0.313423
0.014376
0.314495
0.018648
0.315817
0.0227204
0.317388
0.026616
0.319209
0.0303518
0.321284
0.0339396
0.323617
0.0373864
0.326213
0.0406954
0.329078
0.0438659
0.332216
0.0468944
0.335634
0.0497747
0.339335
0.0524988
0.34332
0.055057
0.347592
0.0574383
0.352148
0.0596314
0.356983
0.0616248
0.36209
0.0634072
0.367456
0.0649682
0.373067
0.066299
0.378903
0.0673924
0.384941
0.0682435
0.391155
0.0688499
0.397513
0.0692122
0.403984
0.0693341
0.410532
0.0692222
0.417122
0.0688863
0.423716
0.0683386
0.0675974
0.430282
0.319615
0.00478384
0.320227
0.00926153
0.321122
0.0134807
0.322292
0.0174785
0.32373
0.0212823
0.325433
0.0249125
0.327401
0.0283841
0.329633
0.0317073
0.332131
0.0348882
0.334898
0.0379292
0.337934
0.0408295
0.341243
0.0435859
0.344824
0.0461929
0.348679
0.0486436
0.352807
0.0509298
0.357202
0.0530426
0.361861
0.0549728
0.366774
0.0567116
0.371931
0.0582505
0.377317
0.0595824
0.382914
0.0607013
0.388703
0.0616034
0.39466
0.0622866
0.400759
0.0627512
0.406971
0.0630002
0.413266
0.0630387
0.419614
0.0628746
0.425982
0.062518
0.43234
0.0619808
0.0612795
0.438658
0.327365
0.00444213
0.328028
0.00859901
0.328995
0.0125129
0.330257
0.0162167
0.331805
0.0197347
0.333632
0.023085
0.335736
0.0262805
0.338113
0.0293299
0.340763
0.0322386
0.343684
0.0350084
0.346875
0.0376386
0.350334
0.0401263
0.35406
0.0424669
0.358049
0.0446546
0.362296
0.0466828
0.366795
0.0485442
0.371535
0.0502319
0.376508
0.0517393
0.381698
0.0530606
0.387089
0.0541909
0.392664
0.0551269
0.3984
0.0558671
0.404275
0.0564116
0.410264
0.0567626
0.416339
0.0569243
0.422475
0.0569031
0.428643
0.056707
0.434815
0.0563459
0.440964
0.0558313
0.0551777
0.447066
0.3353
0.00407551
0.336011
0.00788861
0.337047
0.0114765
0.338396
0.0148681
0.340046
0.0180848
0.341989
0.0211419
0.344219
0.0240508
0.34673
0.0268189
0.349518
0.0294506
0.352579
0.0319474
0.355908
0.0343088
0.359502
0.0365323
0.363355
0.0386142
0.36746
0.0405496
0.37181
0.0423334
0.376394
0.0439602
0.381201
0.0454246
0.386218
0.0467222
0.39143
0.047849
0.396818
0.0488024
0.402364
0.0495808
0.408047
0.0501845
0.413843
0.050615
0.41973
0.0508759
0.425682
0.050972
0.431675
0.0509101
0.437684
0.0506981
0.443684
0.0503456
0.449653
0.0498629
0.0492629
0.455568
0.343426
0.00368524
0.344182
0.00713279
0.345283
0.0103753
0.346713
0.0134379
0.348459
0.0163389
0.35051
0.0190914
0.352856
0.0217046
0.35549
0.0241849
0.358404
0.026536
0.361593
0.0287592
0.365048
0.0308539
0.368762
0.0328182
0.372727
0.0346492
0.376933
0.036343
0.381371
0.0378957
0.386028
0.0393035
0.39089
0.0405625
0.395942
0.0416697
0.401168
0.0426229
0.40655
0.0434209
0.412067
0.0440637
0.417699
0.0445525
0.423424
0.04489
0.42922
0.0450803
0.435063
0.0451286
0.440931
0.0450415
0.446803
0.0448268
0.452655
0.044493
0.458469
0.0440494
0.0435075
0.464224
0.351747
0.00327234
0.352546
0.00633366
0.353708
0.00921265
0.355215
0.0119309
0.357051
0.0145034
0.359202
0.0169407
0.361656
0.0192503
0.364403
0.0214376
0.367434
0.0235054
0.370738
0.0254548
0.374307
0.0272855
0.378129
0.0289958
0.382195
0.0305836
0.386492
0.032046
0.391007
0.03338
0.395728
0.0345831
0.400638
0.0356526
0.40572
0.0365868
0.410959
0.0373847
0.416333
0.0380461
0.421825
0.0385721
0.427413
0.0389645
0.433077
0.0392265
0.438794
0.0393624
0.444545
0.0393775
0.450309
0.0392779
0.456065
0.0390708
0.461794
0.0387638
0.467478
0.0383652
0.0378846
0.473101
0.360267
0.00283746
0.361108
0.00549261
0.36233
0.00799119
0.363909
0.0103511
0.365829
0.0125836
0.368073
0.0146965
0.370628
0.0166957
0.37348
0.0185853
0.376618
0.0203677
0.380029
0.0220437
0.383702
0.023613
0.387623
0.0250744
0.39178
0.0264262
0.39616
0.0276664
0.400747
0.028793
0.405526
0.0298041
0.41048
0.0306982
0.415593
0.0314746
0.420844
0.0321329
0.426217
0.0326738
0.43169
0.0330988
0.437244
0.0334102
0.44286
0.0336113
0.448516
0.0337063
0.454193
0.0337001
0.459873
0.0335983
0.465536
0.0334072
0.471167
0.0331336
0.476747
0.0327845
0.0323682
0.482264
0.368993
0.0023805
0.369876
0.00460991
0.371155
0.00671253
0.372804
0.00870179
0.374804
0.0105841
0.377136
0.0123642
0.379785
0.0140467
0.382735
0.0156348
0.385973
0.01713
0.389484
0.018533
0.393253
0.0198434
0.397267
0.0210604
0.401511
0.0221827
0.405968
0.0232089
0.410623
0.0241377
0.41546
0.0249679
0.420459
0.0256989
0.425603
0.0263302
0.430874
0.0268622
0.436252
0.027296
0.441717
0.0276333
0.447251
0.0278764
0.452834
0.0280285
0.458447
0.0280935
0.464071
0.0280756
0.46969
0.0279799
0.475285
0.0278116
0.480842
0.0275764
0.486347
0.0272803
0.0269299
0.491785
0.377932
0.00189988
0.378858
0.00368359
0.380193
0.00537731
0.381909
0.00698608
0.383984
0.00850921
0.386399
0.00994914
0.389136
0.0113093
0.392179
0.0125921
0.395511
0.0137983
0.399116
0.0149282
0.402977
0.0159816
0.40708
0.0169577
0.411407
0.0178557
0.415941
0.0186747
0.420665
0.0194138
0.425561
0.0200723
0.43061
0.0206499
0.435793
0.0211468
0.441092
0.0215635
0.446487
0.0219012
0.451959
0.0221615
0.457488
0.0223466
0.463057
0.0224594
0.468648
0.0225031
0.474242
0.0224814
0.479823
0.0223984
0.485376
0.0222585
0.490887
0.0220662
0.496341
0.0218264
0.0215447
0.501726
0.387091
0.00139037
0.388068
0.00270642
0.389462
0.00398302
0.391244
0.00520424
0.393393
0.00636058
0.395888
0.00745387
0.398711
0.00848702
0.401841
0.00946119
0.405263
0.0103766
0.408958
0.0112331
0.412909
0.0120305
0.417098
0.0127684
0.421508
0.013446
0.42612
0.0140628
0.430916
0.0146183
0.435876
0.0151121
0.440982
0.0155441
0.446214
0.0159147
0.451553
0.0162245
0.456979
0.0164744
0.462475
0.0166661
0.46802
0.0168012
0.473598
0.0168821
0.479189
0.0169114
0.484779
0.0168918
0.490351
0.0168267
0.49589
0.0167192
0.501383
0.0165729
0.506819
0.0163911
0.016178
0.512185
0.396484
0.000838959
0.397518
0.00167286
0.398967
0.00253384
0.400811
0.0033601
0.403031
0.00414111
0.405603
0.00488134
0.408508
0.00558254
0.411724
0.00624435
0.415235
0.00686633
0.41902
0.00744822
0.42306
0.00798974
0.427338
0.00849051
0.431834
0.0089501
0.436529
0.0093681
0.441403
0.0097442
0.446437
0.0100782
0.451611
0.0103702
0.456905
0.0106205
0.4623
0.0108295
0.467776
0.010998
0.473315
0.0111271
0.478898
0.0112182
0.484508
0.0112729
0.490126
0.0112928
0.495738
0.0112802
0.501327
0.0112371
0.506881
0.0111658
0.512385
0.0110688
0.517827
0.0109486
0.0108082
0.523197
0.406193
0.000155728
0.407291
0.000575771
0.40879
0.00103394
0.410693
0.00145704
0.412977
0.00185721
0.415619
0.00223993
0.418597
0.00260444
0.421892
0.00294942
0.425484
0.00327424
0.429354
0.00357863
0.433481
0.00386233
0.437846
0.00412504
0.44243
0.00436646
0.447212
0.00458635
0.452171
0.0047845
0.457289
0.00496084
0.462544
0.00511538
0.467916
0.00524826
0.473386
0.00535979
0.478933
0.00545038
0.48454
0.00552062
0.490187
0.00557122
0.495857
0.00560302
0.501532
0.00561699
0.507198
0.00561418
0.51284
0.00559571
0.518443
0.00556279
0.523995
0.00551665
0.529485
0.00545851
0.00539023
0.534903
0.415475
0.416051
0.417085
0.418542
0.420399
0.422639
0.425243
0.428193
0.431467
0.435046
0.438908
0.443033
0.447399
0.451986
0.45677
0.461731
0.466847
0.472095
0.477455
0.482905
0.488426
0.493997
0.4996
0.505217
0.510831
0.516427
0.52199
0.527506
0.532965
0.538355
0.128854
0.107559
0.0394083
0.0894452
0.0574605
-0.0180521
0.210839
0.116151
0.194566
0.105719
0.0898228
0.162203
0.252464
0.110445
0.251796
0.106386
0.0994444
0.242175
0.280036
0.103467
0.283921
0.102502
0.0998016
0.283564
0.299819
0.0960529
0.305996
0.096325
0.095598
0.310199
0.315657
0.0887086
0.322614
0.089368
0.0894867
0.328725
0.329273
0.0818549
0.336088
0.0825537
0.0829539
0.34262
0.341397
0.0755931
0.347737
0.0762136
0.0766503
0.354041
0.352487
0.0698767
0.3583
0.0704
0.0707952
0.364155
0.362847
0.0646346
0.368174
0.0650734
0.0654148
0.373554
0.372665
0.0597989
0.377569
0.0601699
0.0604638
0.38252
0.382063
0.0553085
0.386607
0.055626
0.055881
0.39119
0.391128
0.0511119
0.395367
0.0513865
0.05161
0.399638
0.399926
0.0471662
0.403907
0.0474059
0.0476033
0.407913
0.408514
0.0434363
0.412273
0.043647
0.0438223
0.416054
0.416943
0.0398933
0.420511
0.0400793
0.0402357
0.424098
0.425262
0.0365129
0.428663
0.0366775
0.0368172
0.432082
0.43352
0.0332744
0.436778
0.0334202
0.033545
0.44005
0.441772
0.0301599
0.444904
0.0302889
0.0304002
0.448048
0.450073
0.0271533
0.453095
0.0272672
0.027366
0.456129
0.458481
0.0242401
0.461408
0.02434
0.0244273
0.464347
0.467058
0.0214062
0.469905
0.0214932
0.0215697
0.472762
0.475869
0.0186385
0.478649
0.0187134
0.0187796
0.481439
0.484979
0.0159234
0.487705
0.0159868
0.0160431
0.490442
0.49446
0.013248
0.497147
0.0133005
0.0133473
0.499842
0.504376
0.0105974
0.507038
0.0106391
0.0106763
0.509709
0.514823
0.00795946
0.517472
0.00799082
0.00801902
0.520129
0.525842
0.00531448
0.528498
0.00533513
0.0053531
0.531164
0.537563
0.00265444
0.540234
0.00266366
0.00267231
0.542915
0.541009
0.543673
0.546345
-0.0355014
0.0663056
-0.0440931
0.0479381
-0.0444984
0.0264547
-0.0387922
0.0124296
-0.039415
0.015677
-0.0401109
0.0126093
-0.0401551
0.00962951
-0.0407714
0.00882672
-0.041516
0.00763665
-0.0416283
0.00572575
-0.0418184
0.00509383
-0.0425443
0.00526284
-0.0433304
0.00477758
-0.0438138
0.00378017
-0.0440691
0.00306792
-0.0444529
0.00306652
-0.0450679
0.00329751
-0.045727
0.00318141
-0.0462021
0.00261042
-0.0464067
0.00191784
-0.0464853
0.00161108
-0.0466532
0.00184445
-0.0469909
0.00233135
-0.0474523
0.00273566
-0.0479507
0.00287789
-0.0484014
0.00272485
-0.048757
0.00239066
-0.0490517
0.00210275
-0.049372
0.00200578
0.00203106
0.0980113
0.130498
0.0495064
0.096443
0.00462709
0.071334
-0.0284733
0.04553
-0.0429604
0.0301641
-0.0458998
0.0155486
-0.0424349
0.00616464
-0.041739
0.00813081
-0.0427905
0.00868817
-0.0424316
0.0053669
-0.0423053
0.00496745
-0.0433901
0.00634764
-0.0445277
0.00591526
-0.0449292
0.00418164
-0.0447231
0.00286182
-0.0449076
0.00325104
-0.0456627
0.0040526
-0.0465386
0.00405733
-0.0471214
0.00319316
-0.0472469
0.00204337
-0.0471451
0.00150928
-0.0472317
0.00193107
-0.0476216
0.00272128
-0.0481956
0.00330962
-0.0488085
0.00349081
-0.0493395
0.00325584
-0.0497133
0.00276438
-0.0499742
0.00236367
-0.050278
0.0023096
0.00241463
0.205119
0.167553
0.16469
0.136872
0.125555
0.110468
0.0847724
0.0863129
0.0479294
0.0670072
0.0109943
0.0524837
-0.020109
0.0372679
-0.0383932
0.026415
-0.0455234
0.0158183
-0.0455233
0.0053668
-0.0420083
0.00145249
-0.0427407
0.00708
-0.0444342
0.00760875
-0.0446478
0.00439529
-0.0437206
0.00193462
-0.0439577
0.00348818
-0.0451396
0.00523444
-0.0464521
0.00536981
-0.047229
0.00397011
-0.0471586
0.001973
-0.0465852
0.000935817
-0.0464724
0.00181828
-0.0469629
0.00321177
-0.047705
0.00405174
-0.0484647
0.00425051
-0.0490886
0.00387976
-0.049466
0.00314177
-0.0496389
0.00253657
-0.0498884
0.0025591
0.00286163
0.268723
0.182393
0.244713
0.160882
0.21598
0.139201
0.183738
0.118555
0.150865
0.0998802
0.119691
0.0836581
0.0883875
0.068571
0.059377
0.0554255
0.0312733
0.043922
0.000722231
0.0359179
-0.0242554
0.0264301
-0.0378071
0.0206317
-0.0440356
0.0138373
-0.0454668
0.00582651
-0.0433604
-0.000171765
-0.0415308
0.00165858
-0.0428754
0.00657898
-0.0447831
0.00727752
-0.0457783
0.00496529
-0.0451758
0.00137054
-0.0438745
-0.000365466
-0.0438713
0.00181509
-0.0446649
0.00400535
-0.0456938
0.00508066
-0.0466568
0.00521351
-0.0474008
0.00462375
-0.0477755
0.00351642
-0.0477583
0.00251937
-0.0478655
0.00266629
0.00346236
0.308628
0.183964
0.298212
0.171299
0.281322
0.156091
0.259827
0.14005
0.235543
0.124165
0.210042
0.109158
0.183502
0.0951112
0.15677
0.0821579
0.130197
0.0704951
0.105525
0.0605901
0.0806238
0.0513308
0.05811
0.0431455
0.0368233
0.0351239
0.0138766
0.0287732
-0.00916493
0.0228698
-0.0263693
0.0188629
-0.0354064
0.0156161
-0.0400692
0.0119403
-0.0420317
0.00692779
-0.0418958
0.00123459
-0.0396404
-0.00262081
-0.0391198
0.00129445
-0.0402487
0.00513425
-0.0416953
0.00652724
-0.0428626
0.00638084
-0.0436521
0.00541331
-0.0439157
0.00378002
-0.0434462
0.00204982
-0.043048
0.00226813
0.00469557
0.334828
0.177861
0.334065
0.172062
0.327237
0.162919
0.315478
0.151809
0.29994
0.139702
0.281742
0.127356
0.261667
0.115186
0.240374
0.103451
0.21846
0.0924087
0.196693
0.0823571
0.174896
0.0731282
0.153582
0.06446
0.132411
0.0562947
0.112053
0.0491313
0.0920143
0.0429081
0.0731329
0.0377444
0.055955
0.032794
0.040234
0.0276613
0.0245136
0.0226482
0.00660017
0.019148
-0.0114687
0.015448
-0.0236137
0.0134395
-0.0299847
0.0115052
-0.033245
0.00978755
-0.0352102
0.00834599
-0.0365679
0.00677101
-0.0373534
0.0045655
-0.0370023
0.00169878
-0.0357953
0.00106113
0.00723041
0.352565
0.167917
0.357944
0.166683
0.358535
0.162328
0.354684
0.15566
0.346986
0.147401
0.336162
0.13818
0.322882
0.128466
0.307716
0.118617
0.291191
0.108934
0.27386
0.0996875
0.256077
0.0909118
0.238017
0.0825199
0.219754
0.0745581
0.201629
0.0672553
0.183776
0.0607615
0.166563
0.054957
0.149966
0.049391
0.13372
0.0439074
0.117598
0.038771
0.102265
0.0344805
0.0868644
0.0308488
0.072358
0.0279459
0.0587528
0.0251104
0.046093
0.0224474
0.0344008
0.0200382
0.0234403
0.0177315
0.0124988
0.0155071
0.000344415
0.0138531
-0.0114802
0.0128858
0.0166262
0.365365
0.156592
0.374087
0.157962
0.379524
0.15689
0.381495
0.153689
0.380124
0.148772
0.375738
0.142567
0.368738
0.135465
0.359546
0.12781
0.348584
0.119896
0.336301
0.11197
0.323052
0.104161
0.309047
0.0965243
0.294463
0.0891426
0.279547
0.082171
0.264585
0.0757242
0.249799
0.0697422
0.235159
0.0640313
0.22055
0.058516
0.205979
0.0533422
0.191687
0.0487726
0.177668
0.0448682
0.164138
0.0414752
0.150942
0.0383067
0.138048
0.0353418
0.125467
0.0326187
0.113093
0.0301051
0.100724
0.027877
0.0882593
0.0263173
0.0752057
0.0259394
0.0280142
0.375528
0.145219
0.385651
0.147839
0.393807
0.148734
0.399576
0.14792
0.40278
0.145567
0.403438
0.141909
0.4017
0.137203
0.397799
0.131711
0.392016
0.125678
0.384666
0.119321
0.376028
0.1128
0.366323
0.106229
0.35575
0.0997158
0.344534
0.0933867
0.33292
0.087338
0.321084
0.0815782
0.309071
0.0760451
0.296869
0.0707175
0.284522
0.0656895
0.272174
0.0611206
0.259969
0.0570727
0.247983
0.0534619
0.236138
0.0501513
0.224387
0.0470932
0.2127
0.0443051
0.200996
0.0418091
0.189165
0.0397081
0.177198
0.0382842
0.165218
0.0379195
0.0387058
0.384389
0.134384
0.394761
0.137467
0.404111
0.139383
0.412001
0.140031
0.41813
0.139439
0.42234
0.137699
0.424595
0.134948
0.424959
0.131347
0.423564
0.127073
0.420589
0.122296
0.416223
0.117165
0.410648
0.111804
0.404037
0.106327
0.396578
0.100846
0.388462
0.0954544
0.379841
0.0901993
0.370799
0.0850863
0.361383
0.0801342
0.351656
0.0754167
0.341737
0.0710393
0.33175
0.06706
0.321755
0.0634563
0.311741
0.0601653
0.301679
0.0571555
0.29154
0.0544443
0.281272
0.0520764
0.270829
0.050151
0.260263
0.0488511
0.249834
0.0483485
0.0484468
0.39264
0.124264
0.402692
0.127416
0.412302
0.129773
0.421117
0.131215
0.428843
0.131713
0.43526
0.131282
0.440235
0.129973
0.443714
0.127868
0.44571
0.125077
0.44629
0.121716
0.445553
0.117902
0.443614
0.113743
0.440598
0.109343
0.436641
0.104803
0.431886
0.100209
0.426459
0.0956264
0.420451
0.0910948
0.413928
0.0866572
0.406964
0.08238
0.39966
0.078344
0.392113
0.0746069
0.384388
0.0711811
0.376504
0.0680494
0.368454
0.0652055
0.360224
0.0626738
0.351796
0.0605052
0.343164
0.0587823
0.334401
0.0576143
0.325694
0.0570561
0.0568675
0.400606
0.114848
0.410125
0.117896
0.419514
0.120384
0.428524
0.122205
0.436922
0.123316
0.444501
0.123702
0.451104
0.12337
0.456621
0.122352
0.460994
0.120703
0.464213
0.118498
0.4663
0.115814
0.467306
0.112736
0.467301
0.109348
0.46637
0.105734
0.464608
0.101971
0.462109
0.0981259
0.45895
0.0942542
0.455197
0.0904093
0.450923
0.0866548
0.446207
0.08306
0.441131
0.0796825
0.435758
0.0765543
0.430119
0.0736884
0.424225
0.0710996
0.418078
0.0688203
0.411682
0.0669016
0.405054
0.0654101
0.398256
0.0644122
0.391397
0.0639154
0.0637067
0.408425
0.106061
0.417379
0.108943
0.426353
0.111409
0.435183
0.113375
0.443698
0.114801
0.451738
0.115662
0.45916
0.115948
0.465846
0.115666
0.471711
0.114838
0.476701
0.113507
0.480794
0.111721
0.483991
0.10954
0.486314
0.107025
0.487804
0.104244
0.488515
0.10126
0.488504
0.0981362
0.48783
0.0949287
0.486545
0.0916937
0.484709
0.0884914
0.482385
0.0853843
0.479638
0.0824294
0.476523
0.0796693
0.473076
0.0771353
0.469318
0.0748575
0.465263
0.0728751
0.460926
0.0712385
0.456332
0.0700041
0.451526
0.0692185
0.44656
0.0688809
0.0688291
0.416156
0.0978183
0.424585
0.100514
0.433103
0.102891
0.441598
0.10488
0.449952
0.106447
0.458045
0.107569
0.465765
0.108229
0.473009
0.108421
0.479693
0.108155
0.48575
0.10745
0.491135
0.106336
0.495822
0.104853
0.499802
0.103045
0.503083
0.100962
0.505687
0.0986563
0.507643
0.0961802
0.508985
0.0935863
0.509751
0.0909277
0.509983
0.0882599
0.509727
0.0856401
0.509034
0.0831228
0.507947
0.080756
0.506502
0.0785806
0.504722
0.0766366
0.502629
0.0749682
0.500242
0.0736258
0.497585
0.0726616
0.494686
0.072117
0.491565
0.0720019
0.0722107
0.42383
0.0900426
0.431794
0.0925498
0.439879
0.0948066
0.448003
0.0967558
0.456082
0.0983683
0.464029
0.0996221
0.471758
0.1005
0.479187
0.100992
0.486243
0.101099
0.492863
0.10083
0.498997
0.100202
0.504608
0.0992418
0.509673
0.0979804
0.514181
0.0964549
0.518131
0.0947062
0.521533
0.0927782
0.524403
0.0907166
0.526761
0.0885688
0.528636
0.0863851
0.530059
0.0842171
0.531066
0.0821164
0.53169
0.0801317
0.531962
0.0783088
0.531905
0.0766928
0.531542
0.0753313
0.530893
0.0742755
0.529977
0.0735771
0.528813
0.0732809
0.527401
0.0734141
0.0739255
0.431471
0.0826689
0.439031
0.0849901
0.446725
0.0871122
0.454494
0.0889872
0.462273
0.0905895
0.469996
0.0918993
0.477596
0.0928993
0.485011
0.0935779
0.492179
0.0939312
0.499046
0.0939623
0.505566
0.0936818
0.511702
0.0931062
0.517424
0.0922582
0.522713
0.0911656
0.527559
0.0898607
0.531957
0.0883794
0.535914
0.0867605
0.539436
0.085046
0.542541
0.0832801
0.545249
0.0815096
0.547583
0.0797823
0.549569
0.0781456
0.551232
0.0766465
0.552592
0.0753324
0.553671
0.0742526
0.554487
0.0734594
0.555058
0.0730063
0.555394
0.0729442
0.55549
0.0733184
0.0741249
0.439108
0.0756428
0.446316
0.0777819
0.453666
0.079762
0.461111
0.0815422
0.468601
0.0831
0.476083
0.0844174
0.483504
0.0854779
0.490813
0.0862689
0.49796
0.086784
0.5049
0.0870227
0.511591
0.0869906
0.517999
0.0866983
0.524095
0.0861623
0.529857
0.0854036
0.53527
0.0844478
0.540325
0.0833245
0.545019
0.0820667
0.549354
0.0807107
0.553338
0.0792958
0.556984
0.0778638
0.560307
0.0764588
0.563327
0.0751257
0.566063
0.0739109
0.568533
0.0728619
0.570757
0.0720287
0.572752
0.0714642
0.574535
0.0712242
0.576113
0.0713659
0.577482
0.0719492
0.073008
0.446774
0.0689186
0.453676
0.0708798
0.460724
0.0727137
0.467881
0.0743855
0.475106
0.0758756
0.482356
0.0771676
0.489587
0.0782459
0.496758
0.079098
0.503826
0.079716
0.510752
0.080097
0.5175
0.0802429
0.524037
0.0801605
0.530339
0.0798612
0.536381
0.0793612
0.542148
0.0786809
0.547628
0.0778444
0.552815
0.0768799
0.557707
0.0758188
0.562307
0.0746957
0.566622
0.0735482
0.570665
0.0724164
0.574448
0.0713425
0.577988
0.070371
0.581301
0.0695482
0.584406
0.0689239
0.587319
0.0685511
0.590057
0.0684869
0.592629
0.0687934
0.595038
0.0695403
0.0707882
0.45451
0.0624569
0.461146
0.0642442
0.46793
0.0659296
0.474832
0.0674834
0.481819
0.0688887
0.488855
0.070131
0.495905
0.0711959
0.502932
0.0720712
0.5099
0.0727484
0.516774
0.0732229
0.523522
0.0734944
0.530116
0.0735665
0.536531
0.0734471
0.542744
0.0731483
0.548738
0.0726862
0.554502
0.0720808
0.560026
0.0713556
0.565307
0.0705377
0.570345
0.0696577
0.575145
0.0687489
0.579713
0.0678479
0.584062
0.0669938
0.588204
0.0662284
0.592156
0.0655964
0.595934
0.065146
0.599556
0.0649295
0.603038
0.0650044
0.606397
0.065435
0.609641
0.0662956
0.0676632
0.462362
0.0562232
0.468767
0.05784
0.475321
0.0593755
0.482
0.0608044
0.488776
0.0621122
0.495621
0.0632861
0.502504
0.0643132
0.509393
0.065182
0.516257
0.065884
0.523066
0.0664139
0.529791
0.0667695
0.536405
0.0669524
0.542885
0.0669677
0.549209
0.0668243
0.55536
0.0665347
0.561326
0.0661152
0.567096
0.0655855
0.572665
0.0649689
0.578031
0.0642918
0.583195
0.063584
0.588165
0.0628783
0.592948
0.0622105
0.597557
0.0616195
0.602006
0.0611475
0.606312
0.0608406
0.610492
0.0607492
0.614566
0.0609299
0.618555
0.0614465
0.622477
0.0623737
0.0637951
0.470384
0.0501858
0.476589
0.0516354
0.482944
0.0530203
0.489429
0.054319
0.496022
0.0555193
0.502698
0.0566101
0.509431
0.0575801
0.516195
0.0584187
0.522961
0.0591177
0.529703
0.0596716
0.536395
0.0600773
0.543013
0.0603347
0.549534
0.0604471
0.555937
0.0604207
0.562207
0.0602653
0.568328
0.0599939
0.574291
0.0596228
0.580088
0.0591718
0.585716
0.0586637
0.591175
0.0581246
0.59647
0.0575838
0.601607
0.0570736
0.606597
0.0566297
0.611453
0.0562912
0.616192
0.0561013
0.620833
0.056108
0.625398
0.056365
0.629911
0.0569337
0.634399
0.057886
0.0593053
0.478633
0.0443154
0.484668
0.0456005
0.490854
0.0468343
0.497174
0.0479989
0.503609
0.0490839
0.51014
0.0500799
0.516743
0.050977
0.523395
0.051766
0.530074
0.0524392
0.536754
0.052991
0.543414
0.0534182
0.550029
0.0537196
0.556579
0.0538969
0.563045
0.0539546
0.56941
0.0539001
0.57566
0.0537437
0.581784
0.0534988
0.587774
0.053182
0.593625
0.0528128
0.599336
0.0524138
0.604909
0.0520108
0.61035
0.0516325
0.615668
0.0513112
0.620877
0.0510825
0.625992
0.0509861
0.631034
0.0510664
0.636026
0.0513735
0.640995
0.0519646
0.645975
0.0529062
0.0542774
0.487171
0.0385835
0.493065
0.0397064
0.49911
0.0407889
0.505293
0.0418162
0.511597
0.0427797
0.518006
0.0436714
0.5245
0.0444829
0.53106
0.0452062
0.537664
0.0458345
0.544293
0.0463626
0.550924
0.046787
0.557537
0.0471062
0.564113
0.0473209
0.570634
0.047434
0.577083
0.0474512
0.583446
0.0473806
0.589712
0.047233
0.595872
0.0470222
0.60192
0.0467646
0.607854
0.0464796
0.613675
0.0461894
0.619389
0.0459193
0.625002
0.0456977
0.630528
0.0455566
0.635982
0.0455316
0.641386
0.0456631
0.646763
0.0459963
0.652144
0.0465833
0.657567
0.0474837
0.0487704
0.496063
0.0329621
0.501845
0.0339244
0.507779
0.0348555
0.513852
0.0357429
0.520052
0.0365796
0.526364
0.0373593
0.532772
0.0380748
0.539259
0.0387193
0.545807
0.0392868
0.552397
0.0397729
0.559009
0.0401742
0.565627
0.0404889
0.57223
0.0407172
0.578804
0.0408609
0.585331
0.0409242
0.591798
0.0409135
0.598193
0.0408374
0.604508
0.0407072
0.610736
0.0405364
0.616875
0.0403413
0.622923
0.0401408
0.628886
0.0399567
0.63477
0.0398134
0.640588
0.039739
0.646355
0.0397646
0.652092
0.0399259
0.657825
0.040263
0.663587
0.0408215
0.669417
0.0416539
0.0428244
0.505381
0.0274232
0.51108
0.0282262
0.51693
0.0290051
0.522923
0.0297502
0.529046
0.030456
0.535288
0.0311171
0.541635
0.0317278
0.548072
0.0322825
0.554583
0.0327762
0.561151
0.033205
0.567759
0.033566
0.57439
0.0338575
0.581028
0.034079
0.587657
0.034232
0.594262
0.0343194
0.60083
0.034346
0.607349
0.0343187
0.613809
0.0342464
0.620206
0.0341401
0.626534
0.0340132
0.632793
0.0338813
0.638987
0.0337626
0.645123
0.0336777
0.651212
0.0336502
0.65727
0.0337069
0.663317
0.0338781
0.669382
0.0341982
0.675497
0.0347064
0.681704
0.0354473
0.0364783
0.515195
0.0219375
0.520839
0.0225814
0.526637
0.0232077
0.532579
0.0238084
0.538655
0.0243793
0.544856
0.0249163
0.551169
0.025415
0.557581
0.0258707
0.564077
0.0262797
0.570644
0.0266386
0.577265
0.026945
0.583925
0.0271974
0.590609
0.0273953
0.597301
0.0275395
0.603988
0.0276321
0.610658
0.0276767
0.617298
0.0276786
0.6239
0.0276446
0.630456
0.0275834
0.636964
0.0275055
0.643422
0.0274233
0.649833
0.0273515
0.656204
0.0273068
0.662546
0.0273084
0.668875
0.0273781
0.675212
0.0275408
0.681585
0.0278249
0.688029
0.0282627
0.694586
0.0288903
0.0297544
0.525591
0.0164749
0.531213
0.0169598
0.536988
0.0174321
0.542911
0.0178861
0.548971
0.0183186
0.555161
0.0187268
0.561469
0.0191071
0.567883
0.0194563
0.574391
0.0197715
0.58098
0.02005
0.587635
0.0202902
0.594342
0.0204906
0.601086
0.0206509
0.607854
0.0207715
0.614632
0.0208538
0.621408
0.0209005
0.628172
0.0209152
0.634913
0.0209031
0.641626
0.0208705
0.648306
0.0208253
0.654953
0.0207768
0.661569
0.020736
0.66816
0.0207157
0.674737
0.0207306
0.681318
0.0207973
0.687924
0.0209353
0.694582
0.0211665
0.701328
0.0215164
0.708204
0.0220141
0.022701
0.536636
0.0110022
0.54227
0.0113265
0.548058
0.0116441
0.553995
0.0119493
0.560073
0.0122402
0.566285
0.0125151
0.57262
0.0127719
0.579068
0.0130083
0.585617
0.0132222
0.592255
0.0134121
0.598969
0.0135765
0.605745
0.0137148
0.612569
0.0138264
0.619429
0.0139117
0.626311
0.0139716
0.633204
0.0140076
0.640097
0.0140223
0.646981
0.014019
0.653849
0.014002
0.660698
0.0139764
0.667526
0.0139487
0.674336
0.0139261
0.681134
0.0139174
0.687933
0.0139325
0.694747
0.013983
0.7016
0.0140822
0.708521
0.0142457
0.715545
0.0144919
0.722718
0.0148418
0.0153243
0.548434
0.00548313
0.55411
0.00565035
0.559944
0.0058106
0.56593
0.00596347
0.572061
0.00610928
0.578329
0.00624723
0.584724
0.006376
0.591238
0.00649438
0.597859
0.00660137
0.604575
0.00669615
0.611374
0.00677807
0.618242
0.00684666
0.625166
0.00690173
0.632135
0.00694339
0.639134
0.00697208
0.646153
0.00698863
0.653181
0.00699427
0.66021
0.00699069
0.667232
0.00698005
0.674243
0.00696502
0.681243
0.00694881
0.688234
0.00693524
0.695222
0.00692875
0.70222
0.00693453
0.709245
0.00695861
0.716319
0.00700814
0.723473
0.00709186
0.730743
0.00722133
0.738171
0.00741423
0.00771528
0.551828
0.557479
0.563289
0.569253
0.575362
0.581609
0.587985
0.59448
0.601081
0.607777
0.614555
0.621402
0.628304
0.635247
0.642219
0.649208
0.656202
0.663193
0.670173
0.677138
0.684087
0.691022
0.697951
0.704885
0.711844
0.718852
0.725944
0.733165
0.740579
)
;

boundaryField
{
    inlet
    {
        type            calculated;
        value           nonuniform List<scalar> 
45
(
-0.2
-0.2
-0.2
-0.2
-0.2
-0.2
-0.2
-0.2
-0.2
-0.2
-0.2
-0.2
-0.2
-0.2
-0.2
-0.20766
-0.212683
-0.217828
-0.223097
-0.228493
-0.23402
-0.239681
-0.245479
-0.251417
-0.257499
-0.263728
-0.270107
-0.276641
-0.283333
-0.290186
-0.297206
-0.304395
-0.311758
-0.3193
-0.327023
-0.334934
-0.343036
-0.351334
-0.359832
-0.368536
-0.377451
-0.386582
-0.395933
-0.40551
-0.415319
)
;
    }
    outlet
    {
        type            calculated;
        value           nonuniform List<scalar> 
45
(
0.029073
0.0356528
0.0264187
0.0105556
-0.000993359
-0.0106782
-0.018734
-0.0254062
-0.0309278
-0.0354898
-0.0392426
-0.0422476
-0.044575
-0.0462745
-0.0473864
-0.0497411
-0.0506616
-0.0503354
-0.0484662
-0.0442812
-0.0383302
-0.020876
0.0638177
0.154526
0.240092
0.317273
0.384558
0.441438
0.488184
0.525686
0.555291
0.578599
0.597258
0.612766
0.626345
0.638888
0.651002
0.663074
0.675363
0.68805
0.70131
0.715258
0.730094
0.74578
0.748295
)
;
    }
    flap
    {
        type            calculated;
        value           uniform 0;
    }
    upperWall
    {
        type            calculated;
        value           uniform 0;
    }
    lowerWall
    {
        type            calculated;
        value           uniform 0;
    }
    frontAndBack
    {
        type            empty;
        value           nonuniform 0();
    }
}


// ************************************************************************* //
