/*--------------------------------*- C++ -*----------------------------------*\
  =========                 |
  \\      /  F ield         | OpenFOAM: The Open Source CFD Toolbox
   \\    /   O peration     | Website:  https://openfoam.org
    \\  /    A nd           | Version:  dev
     \\/     M anipulation  |
\*---------------------------------------------------------------------------*/
FoamFile
{
    version     2.0;
    format      ascii;
    class       surfaceScalarField;
    location    "7.8";
    object      phi;
}
// * * * * * * * * * * * * * * * * * * * * * * * * * * * * * * * * * * * * * //

dimensions      [0 3 -1 0 0 0 0];

internalField   nonuniform List<scalar> 
5457
(
0.198418
0.00158237
0.19648
0.00193735
0.194192
0.00228806
0.191509
0.00268354
0.188428
0.00308116
0.184951
0.00347672
0.181072
0.00387853
0.176778
0.00429397
0.17205
0.00472819
0.166865
0.00518519
0.161196
0.00566849
0.155015
0.00618102
0.14829
0.00672497
0.140989
0.00730136
0.13308
0.00790953
0.124533
0.00854649
0.115327
0.00920594
0.10545
0.00987724
0.0949057
0.0105441
0.0837222
0.0111836
0.0719575
0.0117647
0.0597091
0.0122483
0.0471204
0.0125887
0.0343802
0.0127402
0.0216852
0.012695
0.00903507
0.0126501
-0.0029178
0.0119529
-0.00847278
0.00555499
-0.00804325
-0.000429532
-0.00804325
0.199928
0.0016542
0.199176
0.00268977
0.197965
0.00349897
0.196332
0.00431669
0.194272
0.00514117
0.191782
0.00596676
0.188855
0.00680547
0.185478
0.0076708
0.181633
0.00857307
0.177298
0.00952058
0.172445
0.0105206
0.167047
0.0115794
0.16107
0.0127017
0.154481
0.0138903
0.147246
0.0151447
0.139333
0.0164597
0.130715
0.0178239
0.121375
0.0192175
0.11131
0.020609
0.10054
0.0219535
0.0891155
0.0231892
0.0771278
0.024236
0.0647218
0.0249947
0.0521143
0.0253477
0.0396541
0.0251553
0.0281042
0.0242
0.0185936
0.0214634
0.00879581
0.0153528
0.00118281
0.00718347
-0.00686045
0.199781
0.00187363
0.199087
0.0033836
0.197946
0.00463987
0.196409
0.00585328
0.194483
0.00706727
0.192164
0.00828577
0.189447
0.00952287
0.186321
0.0107963
0.182773
0.0121209
0.178785
0.0135094
0.174332
0.0149727
0.169391
0.0165204
0.163933
0.0181604
0.157926
0.0198975
0.151337
0.0217329
0.144135
0.0236615
0.13629
0.0256695
0.127776
0.0277315
0.118579
0.029806
0.108701
0.0318315
0.098169
0.0337212
0.0870466
0.0353584
0.0754498
0.0365915
0.0635727
0.0372248
0.0517309
0.0369971
0.0403958
0.0355351
0.0297376
0.0321216
0.0191651
0.0259254
0.00959704
0.0167515
0.00273659
0.199703
0.00217056
0.199008
0.00407889
0.197887
0.00576037
0.196376
0.00736416
0.194488
0.00895535
0.192222
0.0105517
0.189575
0.0121705
0.186539
0.0138322
0.183104
0.0155554
0.179258
0.0173559
0.174983
0.0192477
0.17026
0.0212431
0.165069
0.0233521
0.159384
0.0255818
0.153183
0.0279347
0.146437
0.0304067
0.139123
0.0329839
0.131215
0.0356389
0.122696
0.0383253
0.113555
0.0409725
0.103798
0.0434782
0.0934553
0.0457011
0.082594
0.0474528
0.0713312
0.0484876
0.0598393
0.048489
0.0483154
0.047059
0.0368096
0.0436273
0.0251869
0.0375481
0.0133351
0.0286033
0.0160717
0.199667
0.00250314
0.198964
0.00478213
0.197863
0.00686167
0.196381
0.00884581
0.194532
0.0108041
0.192318
0.0127663
0.189734
0.0147543
0.186776
0.0167908
0.183434
0.018897
0.179698
0.0210916
0.175555
0.0233906
0.17099
0.0258082
0.165986
0.0283559
0.160526
0.0310421
0.15459
0.0338703
0.14816
0.0368374
0.141214
0.0399299
0.133732
0.0431205
0.125695
0.0463623
0.117086
0.0495821
0.107892
0.0526718
0.0981129
0.0554803
0.0877629
0.0578029
0.0768768
0.0593737
0.0655068
0.059859
0.0537062
0.0588596
0.0414525
0.0558811
0.0285866
0.050414
0.0148517
0.0423382
0.0309234
0.199653
0.00285033
0.198949
0.00548618
0.197871
0.00793959
0.196427
0.01029
0.194627
0.012604
0.192473
0.0149198
0.189964
0.0172639
0.187093
0.0196616
0.183854
0.0221363
0.180236
0.0247088
0.17623
0.0273972
0.171821
0.0302168
0.166996
0.0331807
0.16174
0.036298
0.156037
0.0395733
0.149871
0.0430041
0.143222
0.0465782
0.136073
0.05027
0.1284
0.0540348
0.120181
0.0578019
0.111386
0.0614664
0.101987
0.0648793
0.0919526
0.0678373
0.0812517
0.0700746
0.0698518
0.0712588
0.0577146
0.0709968
0.0447587
0.068837
0.0308477
0.064325
0.0158724
0.0573135
0.0467958
0.19965
0.00320027
0.198954
0.00618214
0.197904
0.00898919
0.196505
0.0116896
0.194763
0.0143463
0.192681
0.0170018
0.190257
0.0196875
0.187487
0.0224311
0.184365
0.0252583
0.180883
0.0281917
0.177029
0.0312511
0.172792
0.0344534
0.16816
0.0378128
0.163118
0.0413397
0.157652
0.0450396
0.151744
0.0489117
0.145377
0.0529459
0.138527
0.0571197
0.131168
0.0613933
0.123267
0.065703
0.11478
0.0699534
0.105652
0.0740074
0.0958141
0.0776754
0.0851833
0.0807054
0.0736653
0.0827768
0.0611586
0.0835035
0.0475528
0.0824428
0.0327568
0.079121
0.0167819
0.0732884
0.0635776
0.199655
0.0035456
0.198975
0.00686224
0.197959
0.0100049
0.19661
0.0130383
0.194934
0.0160223
0.192934
0.0190023
0.190608
0.0220135
0.187952
0.0250863
0.184962
0.0282483
0.18163
0.0315238
0.177947
0.0349345
0.173902
0.0384988
0.169482
0.0422324
0.164675
0.0461471
0.159464
0.0502506
0.153831
0.0545441
0.147756
0.0590213
0.141211
0.0636647
0.134162
0.0684418
0.126565
0.0733001
0.11836
0.078159
0.109466
0.0829006
0.0997834
0.0873585
0.0891838
0.0913049
0.0775215
0.0944392
0.0646438
0.0963812
0.0504142
0.0966724
0.0347657
0.0947695
0.0177885
0.0902656
0.0813661
0.199664
0.00388142
0.199006
0.00752003
0.19803
0.0109811
0.196739
0.0143297
0.195137
0.0176243
0.193227
0.0209121
0.191009
0.0242313
0.188481
0.0276149
0.185637
0.0310922
0.182471
0.0346895
0.178976
0.0384299
0.175141
0.0423337
0.170955
0.0464182
0.166404
0.0506976
0.161473
0.0551817
0.156142
0.0598756
0.150385
0.0647778
0.144172
0.0698778
0.13746
0.0751537
0.130193
0.080567
0.122295
0.0860572
0.113664
0.0915323
0.104165
0.0968575
0.0936297
0.10184
0.0818601
0.106209
0.0686448
0.109596
0.0537978
0.111519
0.0372333
0.111334
0.0190816
0.108417
0.100448
0.199677
0.00420419
0.199047
0.00815025
0.198116
0.0119124
0.196887
0.015558
0.195367
0.0191451
0.193556
0.0227226
0.191456
0.0263311
0.189066
0.0300056
0.18638
0.0337774
0.183396
0.0376742
0.180104
0.041721
0.176498
0.0459398
0.172567
0.0503499
0.168297
0.0549677
0.163672
0.0598066
0.158671
0.064876
0.153268
0.0701806
0.147427
0.075719
0.141099
0.0814817
0.134218
0.0874482
0.126693
0.0935821
0.118402
0.0998239
0.109179
0.10608
0.0988144
0.112205
0.0870469
0.117976
0.073584
0.123059
0.0581429
0.126961
0.0405474
0.12893
0.0208988
0.128066
0.121346
0.199693
0.00451125
0.199095
0.00874861
0.198213
0.012794
0.197053
0.0167176
0.19562
0.0205784
0.193916
0.0244264
0.191943
0.0283041
0.189701
0.0322484
0.187186
0.0362923
0.184395
0.0404651
0.181323
0.0447932
0.177962
0.0493003
0.174304
0.0540078
0.170337
0.058935
0.166045
0.0640987
0.161407
0.0695135
0.156397
0.0751911
0.150975
0.0811403
0.145091
0.0873661
0.138671
0.0938679
0.131616
0.100638
0.123786
0.107654
0.114991
0.114875
0.104977
0.122219
0.093412
0.129541
0.0798904
0.136581
0.0639603
0.142891
0.0452284
0.147662
0.0236078
0.149687
0.144954
0.199711
0.00480055
0.199148
0.0093116
0.19832
0.0136216
0.197234
0.0178038
0.195894
0.0219185
0.194304
0.0260167
0.192465
0.0301425
0.190379
0.0343345
0.188044
0.038627
0.185459
0.0430506
0.182619
0.0476331
0.179519
0.0523999
0.176153
0.0573745
0.172509
0.0625785
0.168575
0.0680327
0.164332
0.0737568
0.159753
0.0797698
0.154802
0.0860911
0.149428
0.0927403
0.143558
0.0997384
0.137088
0.107107
0.129874
0.114868
0.12171
0.123039
0.112307
0.131622
0.101264
0.140584
0.0880354
0.14981
0.0719126
0.159013
0.0520767
0.167497
0.0278794
0.173884
0.172834
0.19973
0.00507047
0.199205
0.00983635
0.198435
0.0143915
0.197427
0.0188124
0.196185
0.0231605
0.194714
0.0274878
0.193016
0.0318398
0.191095
0.0362563
0.188949
0.0407728
0.186578
0.0454209
0.183982
0.0502296
0.181156
0.0552257
0.178096
0.0604344
0.174795
0.0658797
0.171242
0.0715858
0.167422
0.0775769
0.163312
0.0838792
0.158882
0.0905215
0.154085
0.0975375
0.148855
0.104968
0.143098
0.112864
0.136675
0.121291
0.129386
0.130327
0.120934
0.140074
0.110873
0.150645
0.0985304
0.162152
0.0828866
0.174657
0.062421
0.187963
0.0351142
0.201191
0.207948
0.199751
0.00531975
0.199267
0.0103206
0.198557
0.0151009
0.19763
0.0197399
0.19649
0.0243003
0.195143
0.0288351
0.193592
0.0333906
0.19184
0.0380077
0.189891
0.0427227
0.187743
0.047568
0.185399
0.0525735
0.182858
0.057767
0.180118
0.0631748
0.177174
0.0688231
0.174022
0.0747385
0.170649
0.0809491
0.167042
0.0874865
0.163176
0.0943873
0.159017
0.101697
0.154514
0.109472
0.149591
0.117787
0.144138
0.126744
0.137986
0.136479
0.130876
0.147184
0.122394
0.159127
0.111844
0.172702
0.0979969
0.188504
0.0785137
0.207446
0.0486436
0.231061
0.256591
0.199772
0.00554743
0.19933
0.0107624
0.198684
0.0157473
0.197841
0.0205834
0.196806
0.0253346
0.195587
0.0300547
0.194187
0.0347906
0.19261
0.0395839
0.190862
0.0444713
0.188944
0.0494859
0.186859
0.0546579
0.184611
0.0600156
0.182199
0.0655863
0.179625
0.0713971
0.176888
0.0774762
0.173983
0.0838542
0.170903
0.0905661
0.167637
0.0976536
0.164165
0.105169
0.160458
0.113179
0.156472
0.121773
0.152141
0.131075
0.147365
0.141255
0.141985
0.152564
0.135737
0.165375
0.12815
0.180289
0.118283
0.198371
0.103885
0.221845
0.0776467
0.257299
0.334238
0.00382699
-0.00382699
0.00747504
-0.00364805
0.0104751
-0.00300008
0.0127988
-0.00232364
0.0145159
-0.00171712
0.0157078
-0.00119192
0.0164506
-0.00074281
0.016816
-0.000365361
0.0168796
-6.36762e-05
0.0166955
0.000184125
0.016339
0.000356546
0.0158656
0.000473331
0.0153216
0.000544085
0.0147465
0.000575008
0.0141744
0.000572173
0.0136325
0.000541924
0.013141
0.000491418
0.0127129
0.00042811
0.0123537
0.000359271
0.0120623
0.000291324
0.011833
0.000229345
0.0116554
0.000177589
0.0115158
0.00013959
0.0113989
0.000116856
0.0112904
0.000108565
0.0111789
0.000111465
0.0110582
0.000120737
0.0109273
0.000130887
0.0107906
0.000136696
0.000113755
0.00354096
-0.00736794
0.00694589
-0.00705298
0.00981406
-0.00586825
0.012128
-0.0046376
0.0139561
-0.00354516
0.0153716
-0.00260746
0.0164407
-0.00181193
0.017221
-0.00114568
0.0177543
-0.000596958
0.018089
-0.000150579
0.0182466
0.000198953
0.0182674
0.000452568
0.0181984
0.000613028
0.0180779
0.000695575
0.0179389
0.000711115
0.0178087
0.000672114
0.0177072
0.000592978
0.0176468
0.000488472
0.0176331
0.000372958
0.0176653
0.0002592
0.0177373
0.000157296
0.0178387
7.62346e-05
0.0179549
2.3318e-05
0.018073
-1.18851e-06
0.018182
-4.71702e-07
0.0182742
1.92529e-05
0.0183463
4.87004e-05
0.0184001
7.70751e-05
0.0184388
9.80061e-05
0.000102212
0.00299835
-0.0103663
0.00579297
-0.0098476
0.00811483
-0.0081901
0.00998797
-0.00651074
0.0114813
-0.00503851
0.0126547
-0.00378088
0.0135599
-0.00271712
0.0142426
-0.00182836
0.0147483
-0.00110269
0.0151289
-0.000531118
0.015419
-9.11442e-05
0.0156234
0.000248118
0.0157597
0.000476782
0.0158504
0.00060489
0.0159173
0.000644181
0.0159777
0.000611682
0.0160439
0.000526784
0.0161228
0.000409545
0.0162166
0.000279191
0.0163224
0.000153419
0.0164304
4.9314e-05
0.0165326
-2.59603e-05
0.0166282
-7.22794e-05
0.0167212
-9.42038e-05
0.0168128
-9.20952e-05
0.0169034
-7.13901e-05
0.0169967
-4.45583e-05
0.0170929
-1.91659e-05
0.0171809
1.00371e-05
5.26012e-05
0.00240032
-0.0127666
0.00447265
-0.0119199
0.00612523
-0.00984267
0.00744762
-0.00783314
0.00850711
-0.006098
0.0093472
-0.00462097
0.0100027
-0.00337267
0.0105018
-0.00232737
0.0108731
-0.00147406
0.011154
-0.00081202
0.011391
-0.000328077
0.0115938
4.52618e-05
0.0117519
0.000318723
0.0118733
0.000483477
0.0119702
0.000547224
0.0120495
0.000532398
0.0121155
0.000460782
0.0121703
0.000354823
0.0122144
0.000235073
0.0122481
0.00011971
0.0122725
2.49116e-05
0.0122821
-3.55536e-05
0.0122801
-7.03422e-05
0.012266
-8.00749e-05
0.0122411
-6.7199e-05
0.0122061
-3.63563e-05
0.0121598
1.76101e-06
0.0121098
3.0836e-05
0.0120546
6.51536e-05
0.000104693
0.00170544
-0.0144721
0.00297087
-0.0131854
0.00387949
-0.0107513
0.00458483
-0.00853848
0.00514542
-0.00665858
0.00559144
-0.00506699
0.00594433
-0.00372555
0.00621505
-0.00259809
0.00641517
-0.00167418
0.00656703
-0.000963875
0.00669958
-0.000460626
0.00684948
-0.000104639
0.00696639
0.00020181
0.00703306
0.000416808
0.00705843
0.000521854
0.00704536
0.00054547
0.00699652
0.000509623
0.0069138
0.000437544
0.00680245
0.000346421
0.00667088
0.000251277
0.00652621
0.000169578
0.00637079
0.000119869
0.00618954
0.00011091
0.00596678
0.00014269
0.00569029
0.000209283
0.00536979
0.000284149
0.00502951
0.000342042
0.00469119
0.000369153
0.00438252
0.00037382
0.000330003
0.000911175
-0.0153832
0.00128188
-0.0135561
0.0013933
-0.0108627
0.00142948
-0.00857466
0.00142137
-0.00665048
0.00139813
-0.00504374
0.0013728
-0.00370022
0.00134965
-0.00257493
0.00132989
-0.00165443
0.00133241
-0.000966389
0.00135172
-0.00047994
0.00130513
-5.80506e-05
0.00121319
0.000293757
0.00105972
0.000570272
0.000846923
0.000734652
0.000568127
0.000824266
0.000215561
0.000862189
-0.000202087
0.000855191
-0.000667166
0.000811501
-0.00116087
0.000744978
-0.00166218
0.000670892
-0.00214736
0.000605044
-0.00259208
0.00055563
-0.0029768
0.000527416
-0.00329612
0.000528598
-0.00356644
0.000554472
-0.00381324
0.000588838
-0.00405241
0.000608323
-0.00426863
0.000590047
0.000516082
-6.12885e-05
-0.0153219
-0.00059721
-0.0130201
-0.00130862
-0.0101513
-0.00201649
-0.0078668
-0.0026847
-0.00598227
-0.00328388
-0.00444456
-0.00380036
-0.00318374
-0.00423811
-0.00213718
-0.00463633
-0.00125622
-0.0050846
-0.000518119
-0.00562293
5.83912e-05
-0.00612258
0.0004416
-0.00651144
0.000682617
-0.00683501
0.000893842
-0.00716255
0.00106219
-0.00751357
0.00117528
-0.00788795
0.00123657
-0.0082833
0.00125054
-0.00869643
0.00122463
-0.00912232
0.00117087
-0.00955315
0.00110172
-0.00997541
0.0010273
-0.0103721
0.000952274
-0.0107257
0.000881053
-0.0110214
0.000824285
-0.0112582
0.000791317
-0.0114488
0.000779439
-0.0116099
0.000769397
-0.0117524
0.00073259
0.000672596
-0.00104709
-0.0142749
-0.00261557
-0.0114517
-0.00421936
-0.0085475
-0.00576409
-0.00632207
-0.00718183
-0.00456453
-0.00845673
-0.00316966
-0.00958455
-0.00205591
-0.0105716
-0.00115009
-0.0114331
-0.000394806
-0.0121424
0.000191198
-0.012675
0.000591014
-0.0130981
0.000864699
-0.0134973
0.00108184
-0.013868
0.00126447
-0.0142183
0.00141259
-0.014562
0.00151894
-0.0149044
0.001579
-0.0152476
0.00159368
-0.015594
0.00157107
-0.0159469
0.00152378
-0.0163073
0.00146211
-0.0166691
0.00138906
-0.017018
0.00130117
-0.017335
0.00119803
-0.0176019
0.00109127
-0.0178109
0.00100028
-0.0179682
0.000936693
-0.0180905
0.000891719
-0.0182016
0.000843717
0.000801606
-0.00218444
-0.0120904
-0.00480235
-0.00883375
-0.00738409
-0.00596576
-0.00976041
-0.00394575
-0.0118522
-0.00247273
-0.0136489
-0.00137293
-0.0151625
-0.000542319
-0.0163997
8.7113e-05
-0.0173434
0.000548895
-0.0180363
0.000884102
-0.0185899
0.00114455
-0.0190729
0.0013477
-0.0195007
0.00150963
-0.0198838
0.00164758
-0.0202357
0.00176457
-0.0205688
0.00185198
-0.020889
0.00189919
-0.0211988
0.00190355
-0.0215025
0.00187472
-0.0218072
0.00182852
-0.0221196
0.00177447
-0.0224386
0.00170809
-0.0227522
0.00161478
-0.0230397
0.00148547
-0.0232801
0.00133173
-0.0234637
0.00118387
-0.0235965
0.00106949
-0.0236968
0.000991975
-0.0237903
0.0009372
0.000910467
-0.00353232
-0.0085581
-0.00731237
-0.0050537
-0.0109039
-0.00237427
-0.0140549
-0.000794694
-0.0166824
0.000154763
-0.0187576
0.00070231
-0.0203331
0.00103313
-0.0215111
0.00126509
-0.0224133
0.00145115
-0.0231428
0.00161357
-0.0237474
0.00174912
-0.0242574
0.0018577
-0.0246942
0.00194647
-0.0250756
0.00202899
-0.0254202
0.00210917
-0.0257422
0.00217398
-0.0260468
0.00220377
-0.026334
0.00219072
-0.026607
0.0021477
-0.0268761
0.0020976
-0.0271534
0.00205186
-0.0274431
0.00199779
-0.0277342
0.00190581
-0.0280025
0.00175379
-0.0282227
0.00155192
-0.0283832
0.00134438
-0.028493
0.00117933
-0.0285745
0.00107351
-0.0286527
0.00101538
0.0010004
-0.00544777
-0.00311033
-0.0109691
0.00046761
-0.0153712
0.00202785
-0.0187504
0.00258454
-0.0212874
0.00269173
-0.0232212
0.00263608
-0.0247386
0.00255055
-0.0259387
0.00246524
-0.0268896
0.00240202
-0.0276498
0.00237379
-0.0282714
0.00237072
-0.0287869
0.00237322
-0.0292172
0.00237669
-0.029584
0.00239578
-0.0299128
0.00243806
-0.0302221
0.00248326
-0.0305147
0.00249638
-0.0307846
0.00246057
-0.0310315
0.00239459
-0.0312691
0.00233521
-0.0315174
0.00230019
-0.0317868
0.00226716
-0.0320664
0.00218544
-0.0323261
0.00201346
-0.0325322
0.00175806
-0.0326703
0.0014825
-0.0327551
0.00126405
-0.0328164
0.00113486
-0.0328787
0.00107772
0.00107191
-0.00789797
0.00478764
-0.0143466
0.00691623
-0.0190444
0.00672563
-0.0225681
0.00610822
-0.0252309
0.00535453
-0.0272455
0.00465072
-0.0287866
0.0040916
-0.029982
0.00366067
-0.0309125
0.0033325
-0.0316486
0.00310997
-0.0322507
0.00297282
-0.0327494
0.00287188
-0.0331565
0.00278384
-0.0334936
0.00273285
-0.033796
0.00274049
-0.0340898
0.00277706
-0.0343739
0.00278044
-0.0346304
0.00271702
-0.0348516
0.00261581
-0.0350559
0.00253957
-0.0352758
0.00252009
-0.0355309
0.0025222
-0.0358097
0.0024643
-0.0360719
0.00227561
-0.0362702
0.00195634
-0.0363843
0.0015967
-0.036438
0.0013177
-0.0364749
0.00117173
-0.0365205
0.00112337
0.00112583
-0.00985324
0.0146409
-0.017574
0.0146369
-0.0229351
0.0120868
-0.0266335
0.00980654
-0.0292733
0.0079944
-0.0311729
0.00655031
-0.0325933
0.00551197
-0.0336924
0.00475979
-0.0345325
0.00417265
-0.0351864
0.00376386
-0.0357319
0.00351827
-0.0361957
0.00333567
-0.0365654
0.00315358
-0.0368541
0.00302153
-0.0371147
0.0030011
-0.0373894
0.00305172
-0.0376705
0.00306164
-0.0379187
0.00296515
-0.0381114
0.00280857
-0.0382744
0.00270251
-0.0384609
0.00270657
-0.0387053
0.00276665
-0.0389948
0.00275381
-0.0392727
0.00255352
-0.0394702
0.00215381
-0.0395563
0.00168281
-0.039568
0.00132937
-0.0395732
0.00117693
-0.0396026
0.00115281
0.00116462
-0.0130836
0.0277245
-0.0225838
0.0241371
-0.0279594
0.0174624
-0.0312115
0.0130587
-0.0335253
0.0103083
-0.0350599
0.00808488
-0.0361677
0.00661973
-0.0370761
0.00566816
-0.0377639
0.00486052
-0.0382739
0.00427381
-0.038726
0.00397042
-0.0391487
0.00375833
-0.0394728
0.0034777
-0.0396871
0.00323583
-0.0398804
0.0031944
-0.0401307
0.00330201
-0.0404207
0.00335158
-0.0406705
0.00321496
-0.0408294
0.00296748
-0.0409341
0.00280725
-0.0410749
0.00284739
-0.0413108
0.00300246
-0.0416247
0.00306779
-0.0419357
0.0028645
-0.0421416
0.00235971
-0.0421921
0.00173332
-0.0421433
0.00128052
-0.0421052
0.0011388
-0.0421221
0.00116973
0.00119582
-0.0186302
0.0463547
-0.0301486
0.0356556
-0.0348289
0.0221426
-0.0363904
0.0146202
-0.03805
0.0119679
-0.0388508
0.00888571
-0.0393709
0.00713987
-0.0400746
0.00637181
-0.0406247
0.00541065
-0.0409112
0.00456031
-0.0412095
0.00426872
-0.0415948
0.00414361
-0.0418762
0.00375916
-0.0419814
0.00334095
-0.0420651
0.00327812
-0.0422872
0.00352415
-0.0426117
0.0036761
-0.0428844
0.00348757
-0.0430001
0.00308317
-0.0430142
0.00282136
-0.0430845
0.00291768
-0.043311
0.00322899
-0.0436669
0.00342367
-0.0440339
0.00323156
-0.044261
0.00258674
-0.0442638
0.00173618
-0.0441234
0.00114012
-0.0440222
0.00103762
-0.0440364
0.00118389
0.00123921
0.207447
0.00576018
0.207034
0.011175
0.206432
0.0163498
0.205647
0.0213678
0.204688
0.0262938
0.203561
0.031182
0.202271
0.03608
0.200826
0.0410295
0.19923
0.0460675
0.197488
0.0512271
0.195608
0.0565386
0.193593
0.0620303
0.19145
0.0677296
0.189183
0.0736639
0.186797
0.0798617
0.184297
0.0863543
0.181686
0.0931777
0.178964
0.100375
0.176133
0.108
0.173191
0.116121
0.170132
0.124831
0.166953
0.134254
0.163649
0.14456
0.16022
0.155993
0.156688
0.168907
0.153146
0.183831
0.149958
0.20156
0.148794
0.223008
0.160427
0.245666
0.25888
0.235785
0.21249
0.00595258
0.212118
0.0115478
0.211574
0.0168934
0.210868
0.0220737
0.210008
0.0271542
0.209
0.0321894
0.207854
0.037227
0.206574
0.0423086
0.205171
0.047471
0.203651
0.052747
0.202023
0.0581665
0.200296
0.0637571
0.198481
0.0695455
0.196586
0.0755584
0.194624
0.0818232
0.192609
0.0883701
0.190553
0.0952331
0.188476
0.102453
0.186397
0.110078
0.184346
0.118172
0.182363
0.126815
0.180508
0.136108
0.17888
0.146188
0.177651
0.157223
0.177141
0.169417
0.178002
0.182969
0.181649
0.197913
0.190679
0.213978
0.206097
0.230248
0.245805
0.219172
0.217658
0.0061225
0.217329
0.0118768
0.21685
0.017372
0.21623
0.0226933
0.215478
0.0279065
0.214602
0.033066
0.21361
0.038219
0.212511
0.0434071
0.211316
0.0486662
0.210034
0.0540284
0.208678
0.0595225
0.207261
0.065175
0.205795
0.071011
0.204298
0.0770552
0.202789
0.0833329
0.201288
0.0898707
0.199823
0.0966984
0.198425
0.10385
0.197137
0.111366
0.196015
0.119295
0.195136
0.127693
0.194614
0.13663
0.194619
0.146183
0.195414
0.156428
0.197408
0.167423
0.201212
0.179164
0.207597
0.191528
0.217223
0.204352
0.229817
0.217654
0.228858
0.246764
0.222951
0.00626794
0.22267
0.012158
0.222262
0.0177801
0.221736
0.0232195
0.2211
0.028542
0.220365
0.0338014
0.219539
0.0390445
0.218634
0.0443119
0.217662
0.0496387
0.216635
0.0550556
0.215568
0.0605897
0.214477
0.0662659
0.213381
0.0721068
0.212302
0.0781343
0.211265
0.0843699
0.2103
0.0908355
0.209444
0.0975543
0.208743
0.104551
0.208255
0.111854
0.208056
0.119493
0.20825
0.127499
0.208977
0.135904
0.210429
0.144731
0.21287
0.153987
0.216646
0.163646
0.222178
0.173632
0.229916
0.183791
0.240432
0.193836
0.254646
0.20344
0.210352
0.273152
0.228374
0.00638704
0.228144
0.012388
0.227812
0.0181126
0.227386
0.0236458
0.226875
0.0290526
0.22629
0.0343864
0.225641
0.0396929
0.224942
0.0450115
0.224205
0.0503758
0.223445
0.0558149
0.222681
0.061354
0.221932
0.0670153
0.22122
0.0728185
0.220573
0.0787818
0.220021
0.0849219
0.219601
0.0912549
0.21936
0.0977959
0.219351
0.10456
0.219646
0.11156
0.220331
0.118808
0.221519
0.126311
0.223357
0.134067
0.226027
0.14206
0.229763
0.150252
0.234842
0.158567
0.241596
0.166879
0.250402
0.174984
0.261709
0.182529
0.275991
0.189159
0.193787
0.292555
0.233929
0.00647811
0.233754
0.0125635
0.233502
0.0183647
0.233182
0.023966
0.232803
0.0294313
0.232376
0.0348129
0.231914
0.0401551
0.23143
0.0454959
0.230939
0.0508671
0.230458
0.0562958
0.230007
0.0618046
0.22961
0.0674128
0.229291
0.0731368
0.229083
0.0789904
0.229019
0.0849851
0.229144
0.0911302
0.229507
0.0974327
0.23017
0.103897
0.231207
0.110523
0.23271
0.117305
0.23479
0.124231
0.237584
0.131273
0.241254
0.138389
0.245995
0.145511
0.252026
0.152535
0.259591
0.159314
0.268931
0.165644
0.280227
0.171233
0.293575
0.175811
0.178861
0.308501
0.23962
0.00653967
0.239502
0.0126815
0.239334
0.0185324
0.239125
0.024175
0.238884
0.0296719
0.238623
0.0350738
0.238355
0.0404236
0.238094
0.0457572
0.237856
0.0511046
0.237662
0.0564903
0.237532
0.0619344
0.237492
0.0674529
0.23757
0.0730584
0.2378
0.0787602
0.238221
0.0845642
0.238878
0.0904734
0.239824
0.0964867
0.241122
0.102599
0.242847
0.108798
0.245086
0.115066
0.247942
0.121374
0.251535
0.12768
0.256001
0.133923
0.261489
0.140023
0.268156
0.145868
0.276153
0.151318
0.285599
0.156198
0.29654
0.160292
0.308967
0.163384
0.165206
0.322622
0.245448
0.00657045
0.24539
0.0127397
0.24531
0.0186123
0.245217
0.0242685
0.245119
0.0297693
0.245029
0.0351638
0.24496
0.0404926
0.244928
0.0457898
0.244949
0.0510831
0.245045
0.0563942
0.245239
0.0617406
0.245557
0.0671347
0.24603
0.0725855
0.246693
0.0780977
0.247585
0.0836722
0.248753
0.0893057
0.250249
0.0949902
0.252135
0.100712
0.254482
0.106452
0.257368
0.11218
0.260883
0.117859
0.265125
0.123438
0.270199
0.128849
0.276213
0.134009
0.283265
0.138816
0.291438
0.143145
0.300778
0.146858
0.311276
0.149794
0.322863
0.151796
0.152732
0.335338
0.251418
0.00656944
0.251422
0.0127362
0.251432
0.0186015
0.251458
0.0242432
0.251507
0.02972
0.251592
0.0350788
0.251726
0.0403584
0.251926
0.0455904
0.252209
0.0508
0.252597
0.0560064
0.253113
0.061224
0.253786
0.0664622
0.254645
0.071726
0.255727
0.0770161
0.25707
0.0823289
0.25872
0.0876558
0.260727
0.0929832
0.263148
0.0982917
0.266044
0.103555
0.269486
0.108739
0.273546
0.1138
0.278299
0.118684
0.283823
0.123326
0.290185
0.127647
0.297444
0.131557
0.305632
0.134957
0.314753
0.137737
0.32476
0.139787
0.335554
0.141002
0.141321
0.346965
0.257532
0.00653588
0.257599
0.0126695
0.257702
0.0184982
0.257849
0.0240967
0.258047
0.0295214
0.25831
0.0348168
0.258649
0.0400192
0.259081
0.045158
0.259625
0.0502558
0.260302
0.0553293
0.261137
0.0603897
0.262155
0.0654437
0.263388
0.0704927
0.264871
0.075534
0.266639
0.08056
0.268737
0.0855583
0.271209
0.0905111
0.274106
0.095395
0.277481
0.10018
0.281389
0.10483
0.285889
0.109301
0.291033
0.113539
0.296874
0.117485
0.30345
0.121071
0.310786
0.124221
0.318884
0.126859
0.327717
0.128904
0.337222
0.130283
0.347292
0.130931
0.130827
0.357786
0.263794
0.00646931
0.263925
0.0125388
0.264122
0.0183012
0.264391
0.0238279
0.26474
0.0291725
0.265179
0.034377
0.265723
0.0394754
0.266387
0.0444943
0.267189
0.0494539
0.26815
0.0543683
0.269293
0.0592463
0.270645
0.0640915
0.272235
0.0689028
0.274095
0.0736744
0.276259
0.0783958
0.278766
0.0830517
0.281655
0.087622
0.284969
0.0920812
0.28875
0.0963984
0.293043
0.100537
0.297889
0.104455
0.303323
0.108105
0.309374
0.111434
0.316061
0.114384
0.323383
0.116899
0.331323
0.118919
0.339838
0.120389
0.348857
0.121264
0.358282
0.121506
0.121116
0.367994
0.270207
0.00636955
0.270402
0.0123437
0.270693
0.0180102
0.271084
0.0234368
0.271583
0.0286738
0.272199
0.0337608
0.272945
0.0387291
0.273837
0.0436029
0.27489
0.0484
0.276127
0.0531321
0.277567
0.0578056
0.279237
0.0624217
0.281163
0.0669771
0.283374
0.0714637
0.2859
0.0758693
0.288775
0.0801768
0.292032
0.0843651
0.295705
0.0884082
0.299827
0.0922762
0.30443
0.0959347
0.309539
0.0993454
0.315178
0.102467
0.321357
0.105255
0.328076
0.107665
0.335323
0.109652
0.343066
0.111176
0.351256
0.1122
0.359822
0.112698
0.368676
0.112652
0.112074
0.377718
0.276774
0.00623671
0.277033
0.0120845
0.277417
0.0176258
0.27793
0.0229242
0.278577
0.028027
0.279367
0.0329709
0.280311
0.0377846
0.281424
0.04249
0.282721
0.0471025
0.284222
0.0516317
0.285945
0.056082
0.287914
0.0604527
0.290153
0.0647388
0.292685
0.0689309
0.295539
0.0730155
0.298741
0.0769751
0.302317
0.0807886
0.306294
0.0844313
0.310696
0.087875
0.315542
0.0910889
0.320847
0.0940398
0.326621
0.0966931
0.332862
0.0990134
0.33956
0.100967
0.346691
0.102521
0.354217
0.103649
0.362088
0.104329
0.370238
0.104548
0.378588
0.104301
0.103607
0.387056
0.283498
0.00607116
0.283821
0.011762
0.284297
0.0171493
0.284929
0.0222923
0.285721
0.0272351
0.28668
0.0320115
0.287817
0.0366478
0.289144
0.0411634
0.290675
0.0455718
0.292426
0.0498805
0.294415
0.0540924
0.296663
0.0582053
0.299188
0.0622132
0.302014
0.0661058
0.305159
0.0698695
0.308647
0.0734872
0.312497
0.0769386
0.316728
0.0802011
0.321353
0.0832496
0.326385
0.0860572
0.331828
0.0885964
0.337682
0.0908392
0.343937
0.0927587
0.350573
0.0943299
0.357563
0.0955312
0.364867
0.0963457
0.372433
0.0967623
0.380204
0.0967774
0.388111
0.0963943
0.0956336
0.396084
0.290384
0.00587355
0.290768
0.0113774
0.291335
0.0165827
0.292083
0.021544
0.293016
0.0263023
0.294139
0.0308883
0.295461
0.035326
0.296992
0.0396327
0.298744
0.0438198
0.300731
0.0478934
0.302968
0.0518549
0.305472
0.0557014
0.308259
0.0594261
0.311346
0.0630188
0.31475
0.0664661
0.318485
0.069752
0.322566
0.072858
0.327003
0.0757639
0.331804
0.0784481
0.336973
0.0808883
0.342507
0.0830622
0.348398
0.0849483
0.35463
0.0865268
0.36118
0.0877805
0.368015
0.0886959
0.375097
0.089264
0.382378
0.0894812
0.389805
0.0893499
0.397321
0.0888785
0.0880881
0.404867
0.297435
0.00564473
0.297879
0.0109326
0.298533
0.0159287
0.299394
0.0206832
0.300463
0.0252336
0.301743
0.0296081
0.303241
0.033828
0.304965
0.0379086
0.306925
0.0418598
0.309132
0.0456864
0.311598
0.0493888
0.314336
0.0529635
0.317359
0.0564037
0.320678
0.0596994
0.324306
0.0628383
0.328252
0.0658057
0.332524
0.0685855
0.337128
0.0711602
0.342064
0.0735119
0.34733
0.0756226
0.352917
0.077475
0.358812
0.0790533
0.364995
0.0803437
0.371441
0.0813353
0.378116
0.0820207
0.384983
0.0823969
0.391999
0.0824652
0.399117
0.082232
0.406287
0.0817082
0.0809146
0.413461
0.304654
0.00538579
0.305157
0.0104296
0.305895
0.0151905
0.306864
0.0197143
0.308063
0.0240351
0.309492
0.0281783
0.311157
0.0321631
0.313063
0.0360029
0.315217
0.039706
0.317627
0.0432763
0.320302
0.0467136
0.323252
0.0500141
0.326484
0.0531713
0.330007
0.056176
0.333829
0.059017
0.337953
0.0616816
0.342383
0.0641558
0.347118
0.0664254
0.352154
0.0684757
0.357483
0.0702929
0.363094
0.0718642
0.368969
0.0731785
0.375086
0.0742269
0.381418
0.0750035
0.387933
0.0755055
0.394596
0.0757339
0.401368
0.0756933
0.408207
0.0753925
0.415072
0.0748434
0.0740658
0.421921
0.312046
0.00509792
0.312605
0.00987077
0.313424
0.0143718
0.314496
0.0186424
0.315817
0.0227133
0.317388
0.0266074
0.31921
0.0303416
0.321285
0.0339277
0.323618
0.0373728
0.326215
0.0406799
0.32908
0.0438484
0.332219
0.0468748
0.335637
0.0497529
0.339339
0.0524746
0.343326
0.0550301
0.347599
0.0574087
0.352156
0.0595988
0.356992
0.0615889
0.3621
0.0633678
0.367468
0.0649251
0.37308
0.0662519
0.378918
0.0673409
0.384957
0.0681873
0.391172
0.0687888
0.397532
0.0691459
0.404003
0.0692623
0.410552
0.0691447
0.417142
0.0688028
0.423736
0.068249
0.0675015
0.4303
0.319615
0.00478246
0.320227
0.00925878
0.321122
0.0134766
0.322292
0.0174729
0.32373
0.0212752
0.325434
0.0249039
0.327401
0.0283739
0.329634
0.0316954
0.332132
0.0348745
0.334898
0.0379135
0.337935
0.0408118
0.341244
0.043566
0.344826
0.0461708
0.348681
0.048619
0.352809
0.0509025
0.357205
0.0530125
0.361864
0.0549396
0.366778
0.0566751
0.371935
0.0582105
0.377322
0.0595387
0.38292
0.0606537
0.388709
0.0615515
0.394667
0.0622302
0.400765
0.0626901
0.406977
0.0629341
0.413272
0.0629675
0.419618
0.0627981
0.425985
0.062436
0.432341
0.0618933
0.0611863
0.438656
0.327365
0.00444076
0.328027
0.00859629
0.328995
0.0125088
0.330257
0.0162111
0.331804
0.0197277
0.333632
0.0230764
0.335735
0.0262703
0.338113
0.0293181
0.340762
0.0322249
0.343683
0.0349928
0.346874
0.037621
0.350333
0.0401065
0.354059
0.0424448
0.358048
0.0446301
0.362295
0.0466555
0.366793
0.0485141
0.371534
0.0501989
0.376506
0.051703
0.381696
0.0530208
0.387087
0.0541475
0.392661
0.0550797
0.398397
0.0558158
0.404271
0.0563561
0.410258
0.0567026
0.416333
0.0568598
0.422467
0.0568338
0.428632
0.0566328
0.434801
0.0562668
0.440947
0.0557472
0.0550886
0.447045
0.3353
0.00407418
0.336011
0.00788596
0.337047
0.0114725
0.338395
0.0148627
0.340045
0.0180779
0.341988
0.0211336
0.344218
0.0240409
0.346728
0.0268073
0.349516
0.0294372
0.352577
0.0319322
0.355906
0.0342916
0.3595
0.036513
0.363352
0.0385925
0.367456
0.0405256
0.371805
0.0423068
0.376388
0.0439308
0.381195
0.0453923
0.386211
0.0466868
0.391422
0.0478104
0.396809
0.0487602
0.402354
0.049535
0.408035
0.0501349
0.413829
0.0505615
0.419714
0.0508182
0.425663
0.0509101
0.431653
0.0508439
0.437658
0.0506276
0.443654
0.0502706
0.449618
0.0497834
0.049179
0.455528
0.343426
0.00368397
0.344182
0.00713026
0.345283
0.0103715
0.346713
0.0134328
0.348458
0.0163324
0.350508
0.0190834
0.352854
0.0216951
0.355488
0.0241738
0.358402
0.0265232
0.361589
0.0287446
0.365043
0.0308374
0.368757
0.0327997
0.372721
0.0346284
0.376926
0.03632
0.381363
0.0378703
0.386018
0.0392754
0.390879
0.0405316
0.39593
0.0416359
0.401154
0.042586
0.406534
0.0433808
0.412049
0.0440202
0.417678
0.0445056
0.4234
0.0448395
0.429192
0.045026
0.435032
0.0450705
0.440896
0.0449796
0.446763
0.0447609
0.45261
0.0444232
0.458418
0.0439758
0.04343
0.464167
0.351746
0.00327115
0.352545
0.00633129
0.353708
0.00920908
0.355214
0.0119261
0.35705
0.0144973
0.3592
0.0169332
0.361653
0.0192415
0.3644
0.0214272
0.36743
0.0234934
0.370733
0.0254411
0.374301
0.02727
0.378122
0.0289785
0.382186
0.0305642
0.386482
0.0320244
0.390996
0.0333562
0.395714
0.0345568
0.400622
0.0356238
0.405703
0.0365554
0.410938
0.0373504
0.41631
0.0380089
0.421798
0.0385318
0.427383
0.0389211
0.433043
0.0391799
0.438756
0.0393125
0.444502
0.0393242
0.450261
0.0392212
0.456011
0.0390107
0.461734
0.0387003
0.467411
0.0382983
0.0378144
0.473027
0.360267
0.00283638
0.361108
0.00549046
0.362329
0.00798795
0.363908
0.0103467
0.365828
0.0125781
0.368071
0.0146897
0.370625
0.0166876
0.373476
0.0185758
0.376613
0.0203568
0.380023
0.0220312
0.383694
0.0235989
0.387614
0.0250586
0.391769
0.0264085
0.396147
0.0276468
0.400732
0.0287713
0.405509
0.0297802
0.41046
0.0306721
0.415569
0.0314461
0.420818
0.0321019
0.426187
0.0326402
0.431656
0.0330625
0.437206
0.0333712
0.442816
0.0335695
0.448467
0.0336616
0.454139
0.0336524
0.459813
0.0335477
0.465469
0.0333537
0.471093
0.0330772
0.476666
0.0327252
0.0323061
0.482174
0.368993
0.00237955
0.369876
0.00460801
0.371154
0.00670968
0.372803
0.00869795
0.374802
0.0105792
0.377133
0.0123583
0.379781
0.0140397
0.38273
0.0156265
0.385967
0.0171205
0.389476
0.0185221
0.393244
0.019831
0.397256
0.0210465
0.401497
0.0221672
0.405952
0.0231917
0.410605
0.0241187
0.415438
0.0249471
0.420434
0.025676
0.425575
0.0263053
0.430842
0.0268352
0.436215
0.0272668
0.441676
0.0276017
0.447205
0.0278425
0.452782
0.0279922
0.458389
0.0280547
0.464007
0.0280344
0.469618
0.0279362
0.475207
0.0277655
0.480756
0.0275279
0.486252
0.0272294
0.0268768
0.491681
0.377932
0.00189908
0.378858
0.003682
0.380192
0.00537492
0.381907
0.00698286
0.383982
0.00850513
0.386396
0.00994415
0.389132
0.0113034
0.392173
0.0125851
0.395504
0.0137903
0.399107
0.0149191
0.402966
0.0159712
0.407067
0.0169461
0.411391
0.0178428
0.415923
0.0186603
0.420643
0.0193979
0.425536
0.0200549
0.430581
0.0206309
0.43576
0.021126
0.441054
0.021541
0.446444
0.0218768
0.451911
0.0221352
0.457435
0.0223185
0.462997
0.0224293
0.468581
0.0224711
0.474168
0.0224474
0.479742
0.0223624
0.485287
0.0222205
0.490789
0.0220263
0.496233
0.0217847
0.021501
0.501609
0.387091
0.00138975
0.388068
0.00270519
0.389461
0.00398116
0.391243
0.00520173
0.39339
0.0063574
0.395884
0.00744998
0.398705
0.00848239
0.401835
0.00945576
0.405255
0.0103703
0.408948
0.011226
0.412897
0.0120225
0.417083
0.0127593
0.42149
0.0134359
0.426099
0.0140516
0.430891
0.0146059
0.435847
0.0150985
0.440949
0.0155293
0.446176
0.0158986
0.45151
0.016207
0.456932
0.0164555
0.462421
0.0166457
0.46796
0.0167794
0.473531
0.0168588
0.479115
0.0168866
0.484697
0.0168656
0.49026
0.0167989
0.495791
0.01669
0.501275
0.0165422
0.506701
0.0163591
0.0161445
0.512057
0.396484
0.000838538
0.397517
0.00167201
0.398966
0.00253256
0.400809
0.00335837
0.403028
0.00413892
0.405599
0.00487865
0.408502
0.00557934
0.411717
0.00624061
0.415225
0.00686202
0.419008
0.00744329
0.423046
0.00798417
0.427321
0.00848426
0.431814
0.00894313
0.436505
0.00936037
0.441376
0.00973568
0.446405
0.0100689
0.451575
0.01036
0.456864
0.0106094
0.462253
0.0108174
0.467724
0.010985
0.473256
0.0111132
0.478833
0.0112033
0.484435
0.0112569
0.490045
0.0112759
0.495649
0.0112622
0.501229
0.0112181
0.506774
0.0111458
0.512268
0.0110479
0.5177
0.0109267
0.0107854
0.523059
0.406193
0.000155531
0.40729
0.00057533
0.408789
0.00103328
0.410691
0.00145615
0.412974
0.00185608
0.415614
0.00223854
0.418591
0.00260279
0.421884
0.00294748
0.425474
0.00327201
0.429341
0.00357609
0.433466
0.00385945
0.437828
0.00412181
0.442409
0.00436286
0.447187
0.00458235
0.452142
0.0047801
0.457255
0.00495601
0.462505
0.0051101
0.467872
0.00524253
0.473336
0.00535357
0.478877
0.00544368
0.484477
0.00551342
0.490117
0.00556351
0.495779
0.0055948
0.501446
0.00560826
0.507104
0.00560493
0.512736
0.00558595
0.518329
0.00555253
0.523871
0.0055059
0.52935
0.00544728
0.00537853
0.534757
0.415475
0.41605
0.417083
0.41854
0.420396
0.422634
0.425237
0.428184
0.431456
0.435033
0.438892
0.443014
0.447377
0.451959
0.456739
0.461695
0.466805
0.472048
0.477401
0.482845
0.488358
0.493922
0.499517
0.505125
0.51073
0.516316
0.521868
0.527374
0.532822
0.5382
0.127943
0.107842
0.0379043
0.0900389
0.0572636
-0.0193592
0.210664
0.116349
0.194679
0.106024
0.0899383
0.162004
0.252527
0.110587
0.251976
0.106575
0.0996048
0.24231
0.280165
0.103574
0.284114
0.102626
0.099922
0.283797
0.300002
0.0961275
0.306223
0.096405
0.0956766
0.310469
0.315872
0.0887559
0.322862
0.0894156
0.0895323
0.329006
0.329499
0.0818795
0.336338
0.0825765
0.0829735
0.342897
0.341618
0.075599
0.347978
0.0762166
0.0766496
0.354302
0.352696
0.0698675
0.358525
0.0703875
0.0707786
0.364396
0.36304
0.0646135
0.368379
0.0650487
0.0653861
0.373771
0.372839
0.0597685
0.377752
0.060136
0.060426
0.382712
0.382215
0.055271
0.386766
0.0555851
0.0558364
0.391356
0.391257
0.0510692
0.395502
0.0513406
0.0515606
0.399778
0.400033
0.0471198
0.404017
0.0473566
0.0475507
0.408027
0.408599
0.0433877
0.41236
0.0435956
0.0437679
0.416143
0.417005
0.0398436
0.420573
0.0400269
0.0401806
0.424161
0.425301
0.0364631
0.428703
0.0366252
0.0367624
0.432121
0.433538
0.0332253
0.436794
0.0333689
0.0334914
0.440065
0.441769
0.0301123
0.444899
0.0302393
0.0303485
0.448041
0.450049
0.0271079
0.453069
0.0272199
0.027317
0.4561
0.458438
0.0241974
0.461363
0.0242957
0.0243814
0.464298
0.466997
0.0213668
0.46984
0.0214524
0.0215275
0.472694
0.475791
0.0186029
0.478567
0.0186766
0.0187415
0.481353
0.484885
0.0158919
0.487607
0.0159543
0.0160095
0.490339
0.494352
0.0132211
0.497033
0.0132727
0.0133186
0.499724
0.504255
0.0105753
0.506911
0.0106164
0.0106528
0.509577
0.51469
0.00794255
0.517333
0.00797337
0.00800101
0.519985
0.525699
0.00530297
0.528349
0.00532325
0.00534085
0.531009
0.537412
0.00264852
0.540077
0.00265756
0.00266602
0.542752
0.540849
0.543506
0.546172
-0.03873
0.0657255
-0.0488256
0.0457512
-0.0492699
0.0225869
-0.0427277
0.00807805
-0.0437616
0.0130017
-0.0439559
0.00908004
-0.043776
0.00695993
-0.0444888
0.0070846
-0.0449395
0.00586139
-0.044679
0.00429976
-0.0446774
0.00426717
-0.0451269
0.00459312
-0.0454689
0.0041012
-0.0454445
0.0033165
-0.0453173
0.00315092
-0.0455008
0.00370768
-0.0459141
0.00408939
-0.0462546
0.00382805
-0.0463089
0.00313749
-0.0461653
0.00267778
-0.0461157
0.00286808
-0.0463407
0.00345396
-0.0467818
0.00386475
-0.0472559
0.00370565
-0.0475333
0.00286416
-0.0474667
0.00166957
-0.0471688
0.000842196
-0.0469602
0.000829088
-0.0469919
0.00121554
0.0013485
0.0973834
0.130346
0.0471695
0.0959651
-0.00141217
0.0711685
-0.0365349
0.0432008
-0.0506494
0.0271162
-0.0524579
0.0108886
-0.0472819
0.00178394
-0.0471462
0.00694887
-0.0476237
0.00633893
-0.0467693
0.0034453
-0.046772
0.00426993
-0.0476768
0.00549784
-0.0482502
0.00467468
-0.0478401
0.00290635
-0.0470775
0.00238832
-0.0472006
0.00383076
-0.0478261
0.00471488
-0.0483418
0.00434382
-0.0483407
0.00313635
-0.0479223
0.00225935
-0.0476491
0.00259495
-0.0478711
0.00367597
-0.0484399
0.00443349
-0.0490684
0.00433414
-0.0494207
0.00321652
-0.0492467
0.00149558
-0.0486784
0.000273886
-0.0482843
0.000434982
-0.0483683
0.0012995
0.0016293
0.205006
0.167649
0.164161
0.136811
0.125112
0.110217
0.0829471
0.0853659
0.0443096
0.0657537
0.00302695
0.0521712
-0.0300459
0.0348568
-0.0472582
0.0241612
-0.0528825
0.0119632
-0.0515428
0.00210561
-0.0479245
0.000651698
-0.0486318
0.0062051
-0.0495431
0.00558595
-0.0483467
0.00170996
-0.0471496
0.00119122
-0.0476274
0.0043086
-0.048783
0.00587045
-0.0496629
0.00522377
-0.0495367
0.00301013
-0.0484694
0.00119198
-0.0476686
0.00179422
-0.0479173
0.0039246
-0.0486948
0.00521104
-0.0495533
0.00519265
-0.0500281
0.00369127
-0.0497187
0.00118619
-0.048725
-0.000719826
-0.0480315
-0.000258549
-0.0482311
0.00149918
0.00225595
0.268921
0.182525
0.244858
0.160875
0.216031
0.139044
0.183222
0.118175
0.149617
0.099358
0.118569
0.0832198
0.0858649
0.0675606
0.0558395
0.0541866
0.0246339
0.0431688
-0.00739026
0.0341298
-0.0321922
0.0254536
-0.0449401
0.018953
-0.0498543
0.0105001
-0.0498269
0.0016826
-0.0458426
-0.00279315
-0.0456148
0.00408083
-0.0475071
0.00776271
-0.0489373
0.00665399
-0.0485518
0.00262466
-0.0464252
-0.000934652
-0.0452883
0.000657316
-0.0458884
0.00452475
-0.0470873
0.0064099
-0.0483357
0.00644106
-0.049007
0.00436256
-0.0486033
0.000782553
-0.0467306
-0.0025926
-0.0456022
-0.00138687
-0.0460543
0.00195128
0.00348183
0.308933
0.184061
0.298503
0.171304
0.281544
0.156003
0.259881
0.139838
0.23541
0.12383
0.209849
0.108781
0.182799
0.0946102
0.155461
0.081525
0.128678
0.0699513
0.103045
0.0597633
0.0779689
0.0505293
0.0550929
0.0418291
0.0321235
0.0334695
0.0057694
0.0280367
-0.0185409
0.0215171
-0.0329889
0.0185289
-0.0401
0.0148739
-0.0434764
0.0100303
-0.0441087
0.003257
-0.0418681
-0.00317529
-0.0401775
-0.00103324
-0.0410791
0.00542636
-0.0429287
0.00825952
-0.0446011
0.0081134
-0.0457212
0.00548271
-0.0444065
-0.000532176
-0.042246
-0.00475308
-0.0407644
-0.00286851
-0.0417021
0.00288899
0.00564982
0.335152
0.177915
0.334399
0.172057
0.32756
0.162842
0.315755
0.151643
0.300137
0.139448
0.281859
0.127059
0.26164
0.114829
0.240158
0.103007
0.218167
0.0919422
0.196104
0.0818267
0.17413
0.0725033
0.152351
0.0636074
0.130479
0.055342
0.110046
0.0484694
0.089142
0.0424213
0.0702843
0.0373865
0.0531724
0.0319858
0.0369302
0.0262726
0.018708
0.0214792
-0.00237371
0.0179064
-0.0188237
0.0154168
-0.0272416
0.0138442
-0.0313815
0.0123994
-0.0339956
0.0107276
-0.0354638
0.00695084
-0.0360846
8.86845e-05
-0.0337872
-0.00705049
-0.0335325
-0.00312324
-0.0354248
0.00478135
0.00922422
0.352883
0.167929
0.358287
0.166652
0.358889
0.16224
0.355026
0.155506
0.347292
0.147182
0.336438
0.137913
0.32312
0.128147
0.30789
0.118237
0.291312
0.10852
0.273905
0.0992338
0.256023
0.0903856
0.237744
0.0818857
0.219213
0.073873
0.20097
0.0667125
0.182988
0.0604039
0.165793
0.0545809
0.149018
0.0487606
0.132276
0.0430154
0.115809
0.0379461
0.0997205
0.0339945
0.0841357
0.0310016
0.0697153
0.0282647
0.056686
0.0254286
0.0450751
0.0223385
0.0336173
0.0184086
0.0186388
0.0150672
-0.0015699
0.0131582
-0.0173325
0.0126393
-0.0238906
0.0113395
0.0152594
0.365664
0.156567
0.374414
0.157902
0.379868
0.156785
0.381842
0.153532
0.380463
0.148561
0.37607
0.142307
0.36906
0.135157
0.359843
0.127453
0.348863
0.119501
0.336561
0.111536
0.32327
0.103676
0.309175
0.0959814
0.294469
0.0885782
0.279501
0.0816808
0.264577
0.0753285
0.249824
0.0693335
0.235088
0.0634968
0.220247
0.0578562
0.20546
0.0527331
0.190997
0.0484573
0.177081
0.0449183
0.163722
0.041623
0.150844
0.0383065
0.138337
0.0348456
0.125546
0.0311999
0.112505
0.0281077
0.0992843
0.0263792
0.0862666
0.0256571
0.0724023
0.0252038
0.0270838
0.3758
0.145164
0.385948
0.147754
0.394122
0.148611
0.3999
0.147754
0.403107
0.145354
0.403765
0.141649
0.402025
0.136897
0.398117
0.131361
0.392331
0.125287
0.384976
0.118891
0.376322
0.11233
0.366581
0.105723
0.355963
0.0991964
0.344745
0.0928983
0.333182
0.0868915
0.321388
0.0811276
0.30935
0.0755348
0.297053
0.0701531
0.284614
0.0651729
0.272287
0.0607838
0.26027
0.0569354
0.248526
0.053367
0.236949
0.0498835
0.225384
0.0464108
0.213555
0.0430293
0.201484
0.040178
0.189485
0.0383789
0.177635
0.0375068
0.165581
0.0372577
0.0379514
0.38463
0.134306
0.395022
0.137362
0.404388
0.139245
0.412288
0.139854
0.418421
0.13922
0.422633
0.137437
0.424888
0.134642
0.42525
0.130999
0.423853
0.126684
0.420876
0.121868
0.416504
0.116702
0.410916
0.11131
0.404295
0.105818
0.39685
0.100343
0.388776
0.0949657
0.380198
0.0897061
0.371169
0.0845638
0.361733
0.0795889
0.352003
0.074903
0.342165
0.0706217
0.33236
0.0667398
0.322595
0.0631324
0.312798
0.0596803
0.302856
0.0563529
0.292635
0.05325
0.282158
0.0506554
0.271658
0.0488791
0.261251
0.0479137
0.250936
0.0475729
0.0476807
0.392849
0.124168
0.402916
0.127295
0.412538
0.129623
0.421361
0.131031
0.42909
0.131491
0.435508
0.13102
0.440481
0.129669
0.443956
0.127524
0.445947
0.124692
0.446523
0.121293
0.445781
0.117443
0.443837
0.113255
0.44082
0.108835
0.436878
0.104285
0.432155
0.099689
0.426764
0.0950968
0.420781
0.0905462
0.414276
0.0860943
0.407349
0.0818297
0.400136
0.077835
0.392744
0.0741316
0.385205
0.0706715
0.377486
0.0673998
0.36952
0.0643188
0.361249
0.0615206
0.35271
0.0591949
0.344054
0.0575349
0.335401
0.0565668
0.32682
0.0561543
0.0560161
0.400784
0.114739
0.410314
0.117765
0.419711
0.120226
0.428726
0.122016
0.437124
0.123093
0.444701
0.123442
0.451299
0.123071
0.456809
0.122014
0.461174
0.120327
0.464383
0.118083
0.466462
0.115364
0.467462
0.112255
0.467454
0.108842
0.466531
0.105209
0.464789
0.101431
0.462315
0.0975705
0.459182
0.0936798
0.455457
0.0898187
0.451227
0.0860596
0.446592
0.0824706
0.441636
0.0790876
0.436399
0.0759083
0.430875
0.0729233
0.425038
0.0701566
0.418869
0.0676888
0.412411
0.0656529
0.405768
0.0641783
0.399039
0.0632961
0.392283
0.0629099
0.0627589
0.408573
0.105944
0.417534
0.108805
0.426513
0.111247
0.435344
0.113185
0.443857
0.11458
0.451892
0.115408
0.459305
0.115658
0.465981
0.115338
0.471833
0.114474
0.476811
0.113106
0.480891
0.111285
0.484076
0.10907
0.486391
0.106527
0.487879
0.10372
0.488597
0.100714
0.488599
0.0975678
0.487942
0.0943372
0.48668
0.0910801
0.484881
0.0878595
0.482615
0.0847356
0.479951
0.0817523
0.476926
0.0789335
0.473551
0.076298
0.469824
0.0738837
0.465751
0.071762
0.461371
0.0700328
0.456759
0.0687898
0.451989
0.0680657
0.447096
0.0678032
0.0678021
0.416275
0.0976962
0.424707
0.100372
0.433227
0.102727
0.441721
0.104691
0.45007
0.10623
0.458156
0.107322
0.465865
0.107949
0.473097
0.108107
0.479765
0.107806
0.485805
0.107065
0.491173
0.105917
0.495842
0.104401
0.499807
0.102561
0.503078
0.100449
0.505677
0.0981152
0.507633
0.0956118
0.50898
0.0929901
0.509757
0.0903033
0.510009
0.0876073
0.509788
0.0849568
0.509141
0.0823988
0.508104
0.0799708
0.506694
0.0777079
0.504922
0.0756559
0.502804
0.07388
0.500376
0.0724607
0.497693
0.0714733
0.494803
0.070955
0.491722
0.0708849
0.0711312
0.423921
0.0899181
0.431886
0.0924072
0.439969
0.0946436
0.448091
0.0965701
0.456164
0.0981573
0.464102
0.0993837
0.471818
0.100232
0.479232
0.100693
0.486271
0.100767
0.492871
0.100465
0.498984
0.0998041
0.504574
0.0988107
0.509619
0.0975169
0.514108
0.0959598
0.518043
0.0941803
0.521433
0.0922215
0.524295
0.0901282
0.526651
0.0879478
0.528529
0.0857294
0.529962
0.0835231
0.530985
0.0813757
0.531625
0.0793308
0.531902
0.0774314
0.531831
0.0757271
0.531432
0.0742789
0.530736
0.0731568
0.529782
0.0724271
0.528603
0.072134
0.527199
0.0722888
0.072823
0.431535
0.0825442
0.439093
0.0848487
0.446785
0.0869523
0.454548
0.0888066
0.462319
0.0903862
0.470032
0.0916711
0.47762
0.0926445
0.485018
0.0932948
0.492167
0.0936183
0.499013
0.0936187
0.505511
0.0933066
0.511622
0.0926991
0.51732
0.0918192
0.522585
0.0906946
0.527408
0.0893575
0.531786
0.0878435
0.535723
0.086191
0.53923
0.084441
0.542322
0.0826373
0.54502
0.080825
0.547347
0.0790493
0.549322
0.0773551
0.550965
0.0757884
0.552292
0.0744
0.553323
0.073248
0.554084
0.0723961
0.554604
0.0719072
0.554904
0.0718336
0.554981
0.0722118
0.0730276
0.439145
0.0755199
0.44635
0.0776437
0.453696
0.0796068
0.461134
0.0813683
0.468615
0.0829056
0.476085
0.0842006
0.483493
0.085237
0.490785
0.0860023
0.497913
0.0864903
0.504831
0.0867008
0.511498
0.0866393
0.51788
0.086317
0.523949
0.0857502
0.529684
0.0849602
0.535069
0.0839725
0.540096
0.0828162
0.544763
0.0815242
0.549072
0.080132
0.553031
0.0786783
0.556652
0.077204
0.55995
0.0757515
0.56294
0.0743649
0.565638
0.0730901
0.568061
0.0719773
0.570227
0.0710822
0.572158
0.070465
0.573878
0.0701875
0.575403
0.0703085
0.576731
0.0708836
0.0719405
0.446786
0.0687991
0.453684
0.0707464
0.460726
0.0725649
0.467874
0.0742197
0.475089
0.0756912
0.482326
0.076963
0.489544
0.0780197
0.496697
0.0788486
0.503746
0.079442
0.510649
0.0797971
0.517372
0.0799161
0.523884
0.0798056
0.530157
0.0794775
0.536169
0.0789476
0.541905
0.0782364
0.547353
0.077368
0.552508
0.07637
0.557366
0.0752734
0.561932
0.0741125
0.566212
0.072924
0.570216
0.0717473
0.573957
0.0706242
0.577447
0.0695995
0.580703
0.0687214
0.583742
0.0680433
0.586585
0.0676228
0.589251
0.0675212
0.591757
0.067802
0.594108
0.0685327
0.0697703
0.454498
0.0623424
0.461128
0.0641169
0.467904
0.0657883
0.474797
0.0673268
0.481773
0.0687154
0.488796
0.0699396
0.495831
0.0709849
0.50284
0.0718393
0.509788
0.0724943
0.51664
0.0729454
0.523363
0.0731923
0.52993
0.0732386
0.536315
0.0730924
0.542497
0.0727658
0.548459
0.0722746
0.554188
0.0716389
0.559676
0.0708818
0.564919
0.0700303
0.569918
0.0691144
0.574674
0.0681672
0.579197
0.0672248
0.583495
0.0663262
0.587581
0.0655137
0.591469
0.0648334
0.595176
0.0643358
0.598723
0.0640764
0.602128
0.0641153
0.605412
0.064518
0.608587
0.0653578
0.0667094
0.462328
0.0561148
0.468725
0.0577202
0.47527
0.0592431
0.481938
0.0606582
0.488703
0.0619509
0.495534
0.0631086
0.502401
0.0641182
0.509272
0.0649683
0.516116
0.0656504
0.522902
0.0661591
0.529602
0.0664924
0.536188
0.0666519
0.542638
0.0666426
0.54893
0.0664736
0.555048
0.0661571
0.560977
0.0657095
0.566709
0.0651502
0.572237
0.0645023
0.577559
0.0637921
0.582677
0.063049
0.587596
0.0623058
0.592324
0.0615982
0.596872
0.0609657
0.601254
0.0604515
0.605487
0.0601032
0.60959
0.0599734
0.613585
0.0601203
0.617494
0.0606088
0.621339
0.0615131
0.0629153
0.470328
0.0500848
0.476524
0.0515241
0.482869
0.0528977
0.489344
0.0541842
0.495923
0.0553711
0.502585
0.0564474
0.509301
0.0574018
0.516046
0.0582237
0.522791
0.058905
0.52951
0.0594399
0.536177
0.0598256
0.542767
0.060062
0.549258
0.0601522
0.555629
0.0601025
0.561863
0.0599226
0.567947
0.0596255
0.57387
0.0592274
0.579624
0.0587479
0.585207
0.0582097
0.590617
0.0576388
0.595858
0.0570645
0.600937
0.0565191
0.605864
0.0560388
0.610652
0.0556635
0.615318
0.0554375
0.619881
0.05541
0.624366
0.055636
0.628797
0.0561777
0.633203
0.0571067
0.0585056
0.478557
0.0442227
0.484582
0.0454987
0.490757
0.0467225
0.497065
0.0478763
0.503487
0.0489495
0.510001
0.0499327
0.516587
0.0508161
0.52322
0.0515903
0.529878
0.0522478
0.536535
0.0527829
0.543168
0.0531923
0.549755
0.0534749
0.556275
0.0536325
0.562708
0.0536694
0.569037
0.0535929
0.575249
0.0534135
0.581332
0.0531444
0.587278
0.0528021
0.593082
0.052406
0.598742
0.0519788
0.60426
0.0515462
0.609642
0.0511371
0.614897
0.0507842
0.620037
0.0505235
0.625079
0.0503956
0.630043
0.0504458
0.634954
0.0507251
0.63984
0.0512911
0.644737
0.0522104
0.0535614
0.487075
0.0385001
0.492959
0.0396149
0.498993
0.0406888
0.505163
0.0417066
0.511452
0.0426598
0.517845
0.0435404
0.524321
0.04434
0.530861
0.0450504
0.537443
0.045665
0.544048
0.0461785
0.550653
0.0465874
0.557237
0.0468902
0.563782
0.0470875
0.57027
0.0471823
0.576682
0.0471802
0.583006
0.0470893
0.58923
0.0469204
0.595345
0.0466872
0.601345
0.046406
0.607228
0.0460963
0.612994
0.0457804
0.618647
0.0454837
0.624196
0.0452349
0.629653
0.0450664
0.635035
0.0450143
0.640361
0.0451196
0.645658
0.0454282
0.650957
0.0459925
0.656295
0.0468723
0.04814
0.49595
0.0328888
0.501721
0.0338442
0.507642
0.0347678
0.513702
0.035647
0.519886
0.036475
0.526182
0.0372452
0.532571
0.0379504
0.539038
0.0385839
0.545563
0.0391398
0.552128
0.0396133
0.558714
0.0400013
0.565302
0.040302
0.571875
0.0405153
0.578414
0.0406432
0.584904
0.04069
0.591331
0.0406618
0.597684
0.0405673
0.603954
0.0404178
0.610133
0.0402268
0.616219
0.0400106
0.622211
0.0397882
0.628113
0.0395814
0.633933
0.0394151
0.639682
0.0393174
0.645376
0.0393201
0.651037
0.039459
0.65669
0.0397748
0.662369
0.0403135
0.668114
0.0411274
0.0422807
0.505252
0.0273606
0.510939
0.0281579
0.516776
0.0289305
0.522754
0.0296689
0.528862
0.0303673
0.535087
0.0310205
0.541414
0.0316227
0.54783
0.0321682
0.554318
0.0326522
0.56086
0.0330706
0.567441
0.0334204
0.574043
0.0337001
0.580649
0.0339092
0.587244
0.0340489
0.593811
0.0341224
0.600339
0.0341344
0.606814
0.0340917
0.613229
0.0340033
0.619575
0.0338801
0.62585
0.0337357
0.632053
0.0335856
0.638186
0.0334481
0.644257
0.0333441
0.650277
0.0332974
0.656263
0.033335
0.662234
0.0334875
0.668219
0.0337898
0.674251
0.0342811
0.680373
0.0350061
0.0360222
0.515051
0.0218863
0.520684
0.0225256
0.526467
0.0231469
0.532394
0.0237422
0.538454
0.0243072
0.544637
0.0248378
0.55093
0.0253296
0.55732
0.0257781
0.563793
0.0261792
0.570334
0.0265297
0.576927
0.0268272
0.583557
0.0270701
0.590208
0.027258
0.596865
0.0273916
0.603515
0.027473
0.610143
0.0275059
0.61674
0.0274954
0.623295
0.0274484
0.629801
0.0273736
0.636255
0.0272816
0.642656
0.0271849
0.649006
0.0270982
0.655311
0.0270382
0.661584
0.0270244
0.66784
0.0270789
0.674101
0.0272267
0.680395
0.0274963
0.686755
0.0279203
0.693227
0.0285349
0.0293866
0.525435
0.0164357
0.531044
0.0169172
0.536805
0.0173856
0.542712
0.0178355
0.548755
0.0182637
0.554926
0.018667
0.561213
0.0190422
0.567605
0.0193859
0.57409
0.0196951
0.580652
0.0199673
0.587278
0.0202007
0.593954
0.020394
0.600666
0.0205467
0.607398
0.0206593
0.614138
0.0207332
0.620873
0.020771
0.627592
0.0207764
0.634286
0.0207544
0.640948
0.0207116
0.647573
0.0206558
0.654162
0.0205964
0.660716
0.0205444
0.667241
0.0205126
0.67375
0.0205159
0.680258
0.0205712
0.686786
0.0206979
0.693365
0.0209182
0.700027
0.0212576
0.706817
0.0217452
0.0224223
0.53647
0.0109756
0.542089
0.0112975
0.547862
0.0116126
0.553783
0.011915
0.559844
0.0122029
0.566036
0.0124746
0.57235
0.012728
0.578776
0.0129606
0.5853
0.0131705
0.591911
0.0133561
0.598596
0.0135161
0.605341
0.0136495
0.612131
0.013756
0.618955
0.0138359
0.625798
0.0138901
0.632649
0.0139201
0.639496
0.0139286
0.646332
0.0139187
0.653149
0.0138948
0.659943
0.0138621
0.666712
0.0138269
0.67346
0.0137968
0.680192
0.0137804
0.68692
0.0137878
0.693661
0.0138306
0.700436
0.0139222
0.707276
0.0140784
0.714216
0.0143174
0.721301
0.0146604
0.0151361
0.548258
0.00546948
0.55392
0.0056355
0.559738
0.00579445
0.565708
0.00594591
0.57182
0.00609019
0.578068
0.00622649
0.584443
0.0063535
0.590933
0.00646998
0.597529
0.00657494
0.604218
0.00666756
0.610986
0.00674716
0.617823
0.0068133
0.624713
0.00686577
0.631644
0.00690467
0.638604
0.00693045
0.64558
0.00694394
0.652562
0.00694637
0.659541
0.00693943
0.666511
0.00692529
0.673466
0.00690663
0.680407
0.00688667
0.687334
0.00686926
0.694256
0.00685887
0.701183
0.00686071
0.708133
0.00688088
0.715128
0.00692656
0.7222
0.00700651
0.729385
0.00713231
0.736724
0.00732163
0.00761884
0.551642
0.557277
0.563072
0.569018
0.575108
0.581334
0.587688
0.594158
0.600733
0.6074
0.614147
0.620961
0.627826
0.634731
0.641662
0.648606
0.655552
0.662491
0.669417
0.676323
0.68321
0.690079
0.696938
0.703799
0.71068
0.717606
0.724613
0.731745
0.739067
)
;

boundaryField
{
    inlet
    {
        type            calculated;
        value           nonuniform List<scalar> 
45
(
-0.2
-0.2
-0.2
-0.2
-0.2
-0.2
-0.2
-0.2
-0.2
-0.2
-0.2
-0.2
-0.2
-0.2
-0.2
-0.20766
-0.212683
-0.217828
-0.223097
-0.228493
-0.23402
-0.239681
-0.245479
-0.251417
-0.257499
-0.263728
-0.270107
-0.276641
-0.283333
-0.290186
-0.297206
-0.304395
-0.311758
-0.3193
-0.327023
-0.334934
-0.343036
-0.351334
-0.359832
-0.368536
-0.377451
-0.386582
-0.395933
-0.40551
-0.415319
)
;
    }
    outlet
    {
        type            calculated;
        value           nonuniform List<scalar> 
45
(
0.0106768
0.0184503
0.0172305
0.0120026
0.00415721
-0.00445471
-0.011909
-0.0183306
-0.0238991
-0.0287427
-0.0329503
-0.0365744
-0.0396414
-0.0421533
-0.0440798
-0.0471012
-0.0486491
-0.0488578
-0.0472802
-0.0438701
-0.0389992
-0.0299258
0.0605778
0.154714
0.241206
0.318484
0.38554
0.442053
0.488392
0.525507
0.554777
0.577818
0.596279
0.611648
0.625133
0.637613
0.649681
0.661716
0.673973
0.686631
0.699862
0.713781
0.728587
0.744241
0.746686
)
;
    }
    flap
    {
        type            calculated;
        value           uniform 0;
    }
    upperWall
    {
        type            calculated;
        value           uniform 0;
    }
    lowerWall
    {
        type            calculated;
        value           uniform 0;
    }
    frontAndBack
    {
        type            empty;
        value           nonuniform 0();
    }
}


// ************************************************************************* //
