/*--------------------------------*- C++ -*----------------------------------*\
  =========                 |
  \\      /  F ield         | OpenFOAM: The Open Source CFD Toolbox
   \\    /   O peration     | Website:  https://openfoam.org
    \\  /    A nd           | Version:  dev
     \\/     M anipulation  |
\*---------------------------------------------------------------------------*/
FoamFile
{
    version     2.0;
    format      ascii;
    class       volVectorField;
    location    "5.5";
    object      U;
}
// * * * * * * * * * * * * * * * * * * * * * * * * * * * * * * * * * * * * * //

dimensions      [0 1 -1 0 0 0 0];

internalField   nonuniform List<vector> 
2790
(
(9.94399 0 0.0205231)
(9.87572 0 0.0295876)
(9.77521 0 0.0359894)
(9.64944 0 0.0425561)
(9.50409 0 0.0493853)
(9.34007 0 0.0564282)
(9.15655 0 0.0638158)
(8.95263 0 0.0717116)
(8.72747 0 0.0802554)
(8.48009 0 0.0895738)
(8.20928 0 0.0997941)
(7.91365 0 0.111046)
(7.59169 0 0.123462)
(7.24179 0 0.137167)
(6.86233 0 0.152275)
(6.4518 0 0.168874)
(6.00888 0 0.187001)
(5.53268 0 0.206624)
(5.02296 0 0.227596)
(4.48044 0 0.249617)
(3.90714 0 0.272182)
(3.30682 0 0.294531)
(2.68527 0 0.315625)
(2.05061 0 0.334293)
(1.41178 0 0.35061)
(0.798026 0 0.372888)
(0.110695 0 0.325055)
(-0.469563 0 -0.114863)
(-0.453779 0 -0.297151)
(-0.231163 0 -0.423857)
(9.9985 0 0.0407029)
(9.98145 0 0.0623826)
(9.93575 0 0.0791398)
(9.86416 0 0.0966244)
(9.77098 0 0.115123)
(9.65715 0 0.134488)
(9.52206 0 0.154974)
(9.36486 0 0.176943)
(9.18472 0 0.200708)
(8.98068 0 0.22655)
(8.75154 0 0.254745)
(8.4959 0 0.285562)
(8.21221 0 0.319252)
(7.89883 0 0.356027)
(7.55405 0 0.396025)
(7.1762 0 0.439269)
(6.76379 0 0.4856)
(6.31566 0 0.534596)
(5.83125 0 0.585471)
(5.31088 0 0.636964)
(4.75615 0 0.687213)
(4.17041 0 0.733655)
(3.55929 0 0.772961)
(2.93155 0 0.8011)
(2.29995 0 0.813755)
(1.69295 0 0.807258)
(1.10716 0 0.747255)
(0.658896 0 0.547932)
(0.186447 0 0.224615)
(-0.00819892 0 -0.453731)
(9.99559 0 0.0432068)
(9.97556 0 0.0752713)
(9.9318 0 0.103346)
(9.8649 0 0.13237)
(9.77778 0 0.163058)
(9.67155 0 0.195398)
(9.54588 0 0.229742)
(9.40014 0 0.266602)
(9.23366 0 0.30647)
(9.04564 0 0.349807)
(8.8351 0 0.397073)
(8.60082 0 0.448723)
(8.34146 0 0.505195)
(8.05551 0 0.566867)
(7.74139 0 0.634016)
(7.39745 0 0.706737)
(7.02211 0 0.784844)
(6.61396 0 0.867732)
(6.17194 0 0.954203)
(5.69564 0 1.04226)
(5.18563 0 1.12889)
(4.64396 0 1.2098)
(4.07479 0 1.27916)
(3.48537 0 1.32934)
(2.88685 0 1.35009)
(2.29947 0 1.32643)
(1.73185 0 1.22078)
(1.21626 0 0.973012)
(0.701146 0 0.570153)
(0.358041 0 -0.156553)
(9.99403 0 0.049499)
(9.97181 0 0.0932058)
(9.92788 0 0.133571)
(9.86225 0 0.174208)
(9.77694 0 0.216432)
(9.67299 0 0.26066)
(9.55032 0 0.307429)
(9.4085 0 0.357414)
(9.24703 0 0.41129)
(9.06534 0 0.469705)
(8.86269 0 0.533302)
(8.6382 0 0.602724)
(8.39085 0 0.678594)
(8.11953 0 0.761477)
(7.82301 0 0.851824)
(7.50002 0 0.94988)
(7.14925 0 1.05555)
(6.76945 0 1.16825)
(6.3595 0 1.28661)
(5.9186 0 1.40827)
(5.44653 0 1.52948)
(4.944 0 1.64469)
(4.41317 0 1.74615)
(3.85827 0 1.82322)
(3.28582 0 1.86137)
(2.7064 0 1.84033)
(2.12565 0 1.72601)
(1.55426 0 1.47787)
(0.95795 0 1.0837)
(0.509426 0 0.502332)
(9.99331 0 0.0572133)
(9.96994 0 0.110958)
(9.92593 0 0.162103)
(9.86146 0 0.213346)
(9.77799 0 0.266355)
(9.67635 0 0.321913)
(9.55654 0 0.3807)
(9.41822 0 0.443487)
(9.26098 0 0.511055)
(9.08434 0 0.584169)
(8.88771 0 0.663587)
(8.67039 0 0.750063)
(8.4316 0 0.844336)
(8.17047 0 0.947086)
(7.88608 0 1.05888)
(7.57748 0 1.18008)
(7.24367 0 1.31069)
(6.88361 0 1.45019)
(6.49629 0 1.59723)
(6.08073 0 1.74933)
(5.63616 0 1.90242)
(5.16212 0 2.05032)
(4.65877 0 2.18418)
(4.12721 0 2.29175)
(3.5694 0 2.35657)
(2.98889 0 2.35733)
(2.38683 0 2.26496)
(1.76639 0 2.04765)
(1.08999 0 1.69141)
(0.536651 0 1.15416)
(9.99302 0 0.0655382)
(9.96923 0 0.128701)
(9.92556 0 0.190112)
(9.86253 0 0.251842)
(9.78129 0 0.315577)
(9.68245 0 0.382317)
(9.56601 0 0.452873)
(9.43172 0 0.528099)
(9.27921 0 0.608878)
(9.10807 0 0.696083)
(8.91778 0 0.790578)
(8.70775 0 0.893224)
(8.47729 0 1.00486)
(8.22568 0 1.12626)
(7.95215 0 1.25809)
(7.65589 0 1.40081)
(7.33603 0 1.55455)
(6.99164 0 1.71887)
(6.62169 0 1.89256)
(6.22501 0 2.07323)
(5.80028 0 2.25685)
(5.34604 0 2.43721)
(4.8607 0 2.6052)
(4.34269 0 2.74823)
(3.79039 0 2.84955)
(3.20257 0 2.8882)
(2.57656 0 2.83823)
(1.91346 0 2.67162)
(1.17275 0 2.37401)
(0.549965 0 1.89441)
(9.99297 0 0.0740744)
(9.96927 0 0.146313)
(9.92637 0 0.217482)
(9.86509 0 0.28929)
(9.78643 0 0.363353)
(9.69085 0 0.440825)
(9.57835 0 0.522658)
(9.44872 0 0.609808)
(9.30165 0 0.703253)
(9.13678 0 0.803963)
(8.95365 0 0.912898)
(8.75171 0 1.03101)
(8.53034 0 1.15922)
(8.28888 0 1.2984)
(8.0266 0 1.4493)
(7.74269 0 1.61248)
(7.4363 0 1.78819)
(7.1064 0 1.97617)
(6.75181 0 2.17541)
(6.37101 0 2.38382)
(5.9621 0 2.59774)
(5.52264 0 2.81139)
(5.04952 0 3.01616)
(4.539 0 3.19997)
(3.98665 0 3.34668)
(3.3879 0 3.43597)
(2.73724 0 3.44331)
(2.03623 0 3.3415)
(1.24174 0 3.11358)
(0.56351 0 2.69315)
(9.99306 0 0.0825875)
(9.96981 0 0.163605)
(9.92807 0 0.244048)
(9.86885 0 0.325478)
(9.79313 0 0.409444)
(9.70126 0 0.497204)
(9.59323 0 0.589836)
(9.46888 0 0.688393)
(9.32796 0 0.793937)
(9.17015 0 0.907527)
(8.99503 0 1.03021)
(8.80211 0 1.16303)
(8.59082 0 1.30701)
(8.36051 0 1.46309)
(8.11045 0 1.63215)
(7.83981 0 1.81487)
(7.54761 0 2.01167)
(7.23267 0 2.22252)
(6.8935 0 2.44674)
(6.52817 0 2.6827)
(6.13409 0 2.92736)
(5.70785 0 3.17578)
(5.24496 0 3.42037)
(4.73977 0 3.6502)
(4.18547 0 3.85024)
(3.57474 0 4.00089)
(2.8995 0 4.0779)
(2.16209 0 4.05238)
(1.3161 0 3.90169)
(0.583212 0 3.54014)
(9.99326 0 0.0909276)
(9.97072 0 0.180407)
(9.93046 0 0.269666)
(9.87362 0 0.360239)
(9.80118 0 0.453644)
(9.71344 0 0.551206)
(9.61038 0 0.654108)
(9.49189 0 0.763492)
(9.35776 0 0.880501)
(9.20774 0 1.00628)
(9.04146 0 1.14195)
(8.85848 0 1.28866)
(8.65828 0 1.44752)
(8.44022 0 1.61959)
(8.20358 0 1.80587)
(7.94747 0 2.00721)
(7.67079 0 2.22425)
(7.37217 0 2.45728)
(7.0498 0 2.70606)
(6.70127 0 2.96958)
(6.32335 0 3.24567)
(5.91164 0 3.53054)
(5.46035 0 3.81808)
(4.96199 0 4.099)
(4.40739 0 4.35987)
(3.78637 0 4.5821)
(3.08753 0 4.74107)
(2.31267 0 4.80445)
(1.41062 0 4.74107)
(0.614295 0 4.4419)
(9.99352 0 0.0989914)
(9.97191 0 0.196577)
(9.9334 0 0.294193)
(9.87924 0 0.393414)
(9.8104 0 0.495752)
(9.72717 0 0.602584)
(9.62954 0 0.715178)
(9.51742 0 0.834757)
(9.39069 0 0.96254)
(9.24914 0 1.09974)
(9.09246 0 1.24759)
(8.92029 0 1.40729)
(8.73214 0 1.58006)
(8.52743 0 1.7671)
(8.30544 0 1.96956)
(8.06527 0 2.18848)
(7.80573 0 2.4248)
(7.5253 0 2.67917)
(7.22191 0 2.95193)
(6.89277 0 3.24283)
(6.53402 0 3.5508)
(6.14046 0 3.87351)
(5.70503 0 4.20672)
(5.21846 0 4.5434)
(4.66896 0 4.87245)
(4.04282 0 5.17697)
(3.32363 0 5.4323)
(2.50971 0 5.60195)
(1.54182 0 5.64346)
(0.664033 0 5.418)
(9.99384 0 0.106703)
(9.9733 0 0.211998)
(9.9368 0 0.3175)
(9.88558 0 0.424852)
(9.82064 0 0.535585)
(9.74226 0 0.651116)
(9.65045 0 0.772782)
(9.54518 0 0.90188)
(9.42638 0 1.03969)
(9.29391 0 1.18751)
(9.14753 0 1.34663)
(8.98695 0 1.51835)
(8.81176 0 1.70399)
(8.62144 0 1.90487)
(8.41533 0 2.12231)
(8.19253 0 2.3576)
(7.95189 0 2.61197)
(7.69179 0 2.88655)
(7.41005 0 3.18229)
(7.10364 0 3.49988)
(6.76834 0 3.83949)
(6.39832 0 4.20056)
(5.98553 0 4.58121)
(5.51904 0 4.97735)
(4.98432 0 5.38134)
(4.36319 0 5.77957)
(3.63181 0 6.14913)
(2.78002 0 6.45064)
(1.73337 0 6.62845)
(0.744791 0 6.50301)
(9.9942 0 0.114005)
(9.97487 0 0.226573)
(9.94056 0 0.33947)
(9.89252 0 0.454419)
(9.83174 0 0.572978)
(9.75851 0 0.696604)
(9.67289 0 0.826688)
(9.57489 0 0.964586)
(9.46449 0 1.11164)
(9.34163 0 1.26921)
(9.20617 0 1.43864)
(9.05788 0 1.62133)
(8.89645 0 1.81868)
(8.72148 0 2.03216)
(8.53238 0 2.26323)
(8.32837 0 2.51344)
(8.10836 0 2.78435)
(7.87082 0 3.07757)
(7.61361 0 3.39474)
(7.33373 0 3.73751)
(7.02691 0 4.10748)
(6.68712 0 4.50606)
(6.30584 0 4.93415)
(5.87102 0 5.39149)
(5.36569 0 5.87539)
(4.76678 0 6.37827)
(4.04057 0 6.88322)
(3.1613 0 7.35347)
(2.02461 0 7.72312)
(0.880658 0 7.75695)
(9.99459 0 0.120852)
(9.97657 0 0.240222)
(9.94461 0 0.360004)
(9.89995 0 0.481996)
(9.84356 0 0.60779)
(9.77576 0 0.738876)
(9.69663 0 0.87669)
(9.60624 0 1.02264)
(9.50464 0 1.17811)
(9.39186 0 1.34451)
(9.26783 0 1.52324)
(9.13243 0 1.71578)
(8.98549 0 1.9236)
(8.8267 0 2.14829)
(8.65564 0 2.39148)
(8.47169 0 2.65493)
(8.27393 0 2.94053)
(8.06108 0 3.25035)
(7.83126 0 3.5867)
(7.58178 0 3.9522)
(7.30876 0 4.34987)
(7.00661 0 4.7832)
(6.66715 0 5.25615)
(6.27838 0 5.77301)
(5.82232 0 6.33775)
(5.2723 0 6.95246)
(4.5843 0 7.61366)
(3.7097 0 8.30089)
(2.48794 0 8.95809)
(1.12433 0 9.29297)
(9.99501 0 0.127209)
(9.97838 0 0.252882)
(9.94891 0 0.379017)
(9.9078 0 0.507482)
(9.85599 0 0.639902)
(9.79382 0 0.777794)
(9.72143 0 0.92263)
(9.63894 0 1.07585)
(9.54648 0 1.23888)
(9.44414 0 1.41316)
(9.33196 0 1.60015)
(9.20996 0 1.80135)
(9.07807 0 2.01833)
(8.93616 0 2.25275)
(8.78399 0 2.50638)
(8.62118 0 2.78118)
(8.4471 0 3.0793)
(8.26082 0 3.40321)
(8.06095 0 3.75579)
(7.84544 0 4.14054)
(7.61127 0 4.56173)
(7.35402 0 5.02477)
(7.06705 0 5.53661)
(6.74027 0 6.10624)
(6.35773 0 6.74535)
(5.89382 0 7.46902)
(5.30044 0 8.29639)
(4.50845 0 9.24797)
(3.26839 0 10.3417)
(1.60472 0 11.3587)
(9.99545 0 0.133049)
(9.98026 0 0.264501)
(9.95339 0 0.396438)
(9.91596 0 0.530783)
(9.86888 0 0.669192)
(9.81253 0 0.813204)
(9.74708 0 0.964313)
(9.67272 0 1.12398)
(9.58964 0 1.29367)
(9.49803 0 1.47483)
(9.39804 0 1.66895)
(9.28979 0 1.87756)
(9.17339 0 2.10228)
(9.04888 0 2.34484)
(8.91625 0 2.60709)
(8.7754 0 2.89112)
(8.62608 0 3.19928)
(8.46784 0 3.53433)
(8.29994 0 3.89957)
(8.12127 0 4.29911)
(7.9301 0 4.73815)
(7.72389 0 5.22355)
(7.49878 0 5.76452)
(7.24889 0 6.37388)
(6.96471 0 7.07008)
(6.63071 0 7.88094)
(6.21408 0 8.85186)
(5.66538 0 10.0658)
(4.68955 0 11.7308)
(2.68692 0 14.5913)
(0.114538 0 -0.11329)
(0.269548 0 -0.102692)
(0.426167 0 -0.0801278)
(0.555873 0 -0.0588736)
(0.654725 0 -0.041668)
(0.727882 0 -0.0284249)
(0.781568 0 -0.01848)
(0.820808 0 -0.0111799)
(0.849377 0 -0.0059623)
(0.87018 0 -0.00234861)
(0.88549 0 4.98912e-05)
(0.897086 0 0.00153639)
(0.906344 0 0.00234694)
(0.91432 0 0.00267134)
(0.921799 0 0.00267031)
(0.929303 0 0.0024886)
(0.937085 0 0.00226393)
(0.945099 0 0.00212936)
(0.953001 0 0.00220349)
(0.960194 0 0.00256721)
(0.965934 0 0.00323501)
(0.96951 0 0.00412829)
(0.970441 0 0.00503636)
(0.968919 0 0.00570414)
(0.964878 0 0.00620241)
(0.958523 0 0.00658897)
(0.95003 0 0.00689497)
(0.939438 0 0.00711553)
(0.92694 0 0.00704434)
(0.91157 0 0.0055294)
(0.099703 0 -0.268963)
(0.251881 0 -0.250567)
(0.398896 0 -0.20179)
(0.523266 0 -0.154856)
(0.622316 0 -0.116704)
(0.700779 0 -0.0872569)
(0.763877 0 -0.0650332)
(0.815642 0 -0.0485734)
(0.859033 0 -0.0366285)
(0.896271 0 -0.0281321)
(0.929044 0 -0.0222278)
(0.958626 0 -0.0182594)
(0.985973 0 -0.0157265)
(1.01181 0 -0.0142377)
(1.03667 0 -0.0134698)
(1.06095 0 -0.0131351)
(1.08491 0 -0.012959)
(1.10868 0 -0.0126763)
(1.13222 0 -0.0120509)
(1.15537 0 -0.010919)
(1.17785 0 -0.00923767)
(1.19931 0 -0.00711916)
(1.21939 0 -0.00482712)
(1.23747 0 -0.00261815)
(1.25358 0 -0.000558988)
(1.26776 0 0.00136195)
(1.28013 0 0.00328245)
(1.29023 0 0.00517044)
(1.29765 0 0.00650154)
(1.30423 0 0.00567363)
(0.0799953 0 -0.427002)
(0.21195 0 -0.396208)
(0.329432 0 -0.320884)
(0.428108 0 -0.249254)
(0.505935 0 -0.191522)
(0.567821 0 -0.1471)
(0.618078 0 -0.113549)
(0.659763 0 -0.0885876)
(0.695111 0 -0.0703296)
(0.725828 0 -0.0571546)
(0.753171 0 -0.047779)
(0.778059 0 -0.0412263)
(0.801176 0 -0.0367607)
(0.823029 0 -0.03382)
(0.844003 0 -0.0319547)
(0.864384 0 -0.0307736)
(0.88438 0 -0.0299086)
(0.904116 0 -0.0290072)
(0.923622 0 -0.0277584)
(0.942832 0 -0.0259454)
(0.961593 0 -0.0235025)
(0.9797 0 -0.0205454)
(0.996969 0 -0.0173097)
(1.01332 0 -0.0140354)
(1.02878 0 -0.0109814)
(1.04351 0 -0.00820844)
(1.05773 0 -0.00549398)
(1.0721 0 -0.00273031)
(1.08646 0 -0.000281212)
(1.10175 0 0.00129103)
(0.0604884 0 -0.553397)
(0.166397 0 -0.504958)
(0.247517 0 -0.405311)
(0.315891 0 -0.313788)
(0.367495 0 -0.24153)
(0.408146 0 -0.186529)
(0.440984 0 -0.145196)
(0.467882 0 -0.114476)
(0.490258 0 -0.0920088)
(0.509313 0 -0.0757005)
(0.525851 0 -0.0639936)
(0.540431 0 -0.0556911)
(0.553459 0 -0.0498939)
(0.565246 0 -0.0459285)
(0.576036 0 -0.0432684)
(0.586038 0 -0.0414633)
(0.595437 0 -0.0400939)
(0.604389 0 -0.0387564)
(0.613011 0 -0.0370878)
(0.621351 0 -0.034824)
(0.629376 0 -0.0318652)
(0.63698 0 -0.028323)
(0.644016 0 -0.024483)
(0.650361 0 -0.0206694)
(0.655986 0 -0.017206)
(0.660968 0 -0.0142686)
(0.665599 0 -0.0116384)
(0.670186 0 -0.0091779)
(0.674499 0 -0.00724421)
(0.680218 0 -0.00450967)
(0.0400431 0 -0.649462)
(0.114563 0 -0.578714)
(0.153892 0 -0.457766)
(0.190088 0 -0.351967)
(0.212553 0 -0.270261)
(0.229208 0 -0.208753)
(0.241502 0 -0.162637)
(0.250147 0 -0.12824)
(0.255816 0 -0.103175)
(0.259332 0 -0.0847196)
(0.261074 0 -0.0712753)
(0.261345 0 -0.0615362)
(0.260348 0 -0.0545258)
(0.258248 0 -0.0495336)
(0.255198 0 -0.0460202)
(0.251373 0 -0.0435336)
(0.246981 0 -0.041656)
(0.242269 0 -0.0399697)
(0.237476 0 -0.0380686)
(0.232761 0 -0.0356206)
(0.228155 0 -0.0324443)
(0.223553 0 -0.0285963)
(0.218689 0 -0.0243959)
(0.213224 0 -0.02023)
(0.206981 0 -0.0164355)
(0.199537 0 -0.0134246)
(0.190927 0 -0.011051)
(0.182598 0 -0.00770336)
(0.172297 0 -0.00324174)
(0.154159 0 0.000198065)
(0.0180198 0 -0.709794)
(0.0557615 0 -0.61315)
(0.0496578 0 -0.474393)
(0.0523777 0 -0.359773)
(0.0433716 0 -0.272567)
(0.0333068 0 -0.20771)
(0.0215756 0 -0.159165)
(0.00820026 0 -0.122625)
(-0.00646607 0 -0.09597)
(-0.0218156 0 -0.0768976)
(-0.038021 0 -0.0629989)
(-0.0546394 0 -0.0529273)
(-0.0715177 0 -0.0456668)
(-0.0885289 0 -0.0405256)
(-0.10554 0 -0.0370077)
(-0.122378 0 -0.0346878)
(-0.138829 0 -0.0331365)
(-0.154685 0 -0.0318684)
(-0.169845 0 -0.030385)
(-0.184384 0 -0.0282876)
(-0.19855 0 -0.0253673)
(-0.212667 0 -0.0217062)
(-0.227016 0 -0.0177379)
(-0.241766 0 -0.0137797)
(-0.256834 0 -0.009544)
(-0.272614 0 -0.0049482)
(-0.292234 0 -0.000734761)
(-0.312043 0 0.00295165)
(-0.325579 0 0.00554103)
(-0.332108 0 0.00504302)
(-0.00725951 0 -0.727162)
(-0.0120269 0 -0.602242)
(-0.0641036 0 -0.451636)
(-0.0983872 0 -0.334706)
(-0.140375 0 -0.24695)
(-0.180476 0 -0.18301)
(-0.219051 0 -0.13587)
(-0.255776 0 -0.100874)
(-0.290837 0 -0.0751804)
(-0.324269 0 -0.0569614)
(-0.355943 0 -0.0441114)
(-0.38565 0 -0.0351769)
(-0.413389 0 -0.0289926)
(-0.439329 0 -0.0248697)
(-0.463727 0 -0.0223475)
(-0.486811 0 -0.0210084)
(-0.508759 0 -0.0204209)
(-0.529712 0 -0.0200731)
(-0.549839 0 -0.0193998)
(-0.569407 0 -0.0178855)
(-0.588776 0 -0.0151732)
(-0.608297 0 -0.0112481)
(-0.628291 0 -0.00662907)
(-0.64937 0 -0.00220994)
(-0.66979 0 0.00151856)
(-0.686563 0 0.00472877)
(-0.698551 0 0.00718311)
(-0.708858 0 0.00854899)
(-0.717882 0 0.00876391)
(-0.723105 0 0.00785133)
(-0.0391662 0 -0.692809)
(-0.0910212 0 -0.544597)
(-0.187867 0 -0.393323)
(-0.263192 0 -0.279447)
(-0.339011 0 -0.195848)
(-0.408994 0 -0.13685)
(-0.472068 0 -0.0950043)
(-0.527931 0 -0.064544)
(-0.577476 0 -0.042467)
(-0.621902 0 -0.0271654)
(-0.662107 0 -0.016931)
(-0.699101 0 -0.0104791)
(-0.732723 0 -0.00686891)
(-0.762928 0 -0.00513061)
(-0.790571 0 -0.00453454)
(-0.816392 0 -0.00466329)
(-0.840949 0 -0.00515535)
(-0.864621 0 -0.00552656)
(-0.887708 0 -0.00519656)
(-0.910589 0 -0.0037543)
(-0.933475 0 -0.00121649)
(-0.955693 0 0.00203659)
(-0.975872 0 0.00540341)
(-0.992614 0 0.00809843)
(-1.00658 0 0.00978239)
(-1.01877 0 0.0109508)
(-1.02929 0 0.0121287)
(-1.03856 0 0.0130668)
(-1.04629 0 0.0129719)
(-1.05042 0 0.0119806)
(-0.0792614 0 -0.602135)
(-0.181881 0 -0.43727)
(-0.330492 0 -0.293056)
(-0.450285 0 -0.189847)
(-0.560782 0 -0.116632)
(-0.660255 0 -0.0658783)
(-0.74868 0 -0.0321182)
(-0.82511 0 -0.010657)
(-0.886591 0 0.00216332)
(-0.936733 0 0.00987545)
(-0.978127 0 0.0142153)
(-1.01281 0 0.0161125)
(-1.0432 0 0.0163199)
(-1.07101 0 0.015614)
(-1.097 0 0.0144646)
(-1.12164 0 0.0130365)
(-1.14505 0 0.0114319)
(-1.1671 0 0.00995482)
(-1.1876 0 0.00913826)
(-1.20651 0 0.00942508)
(-1.22412 0 0.010805)
(-1.24099 0 0.012816)
(-1.25742 0 0.014791)
(-1.27294 0 0.0161717)
(-1.28676 0 0.0167544)
(-1.29844 0 0.0168167)
(-1.3082 0 0.0168773)
(-1.31661 0 0.0169579)
(-1.32347 0 0.0165355)
(-1.32689 0 0.0157086)
(-0.133678 0 -0.449852)
(-0.297528 0 -0.277295)
(-0.508971 0 -0.149037)
(-0.682944 0 -0.0598493)
(-0.826428 0 -0.00486253)
(-0.936535 0 0.0239857)
(-1.02131 0 0.0379774)
(-1.08723 0 0.0433035)
(-1.14213 0 0.0445683)
(-1.18826 0 0.0438403)
(-1.22778 0 0.0420836)
(-1.2622 0 0.0396939)
(-1.29256 0 0.0369305)
(-1.31976 0 0.0340451)
(-1.34466 0 0.0312338)
(-1.3679 0 0.0284404)
(-1.38965 0 0.0255174)
(-1.40979 0 0.0226376)
(-1.42826 0 0.0204385)
(-1.44541 0 0.019656)
(-1.46193 0 0.0205068)
(-1.47838 0 0.0223541)
(-1.49477 0 0.0240271)
(-1.51038 0 0.024572)
(-1.52415 0 0.0238234)
(-1.5354 0 0.0224252)
(-1.54442 0 0.0212513)
(-1.55201 0 0.0205467)
(-1.55812 0 0.0199004)
(-1.56102 0 0.0192654)
(-0.213006 0 -0.246474)
(-0.455426 0 -0.0427107)
(-0.705586 0 0.058155)
(-0.886342 0 0.0953302)
(-1.02544 0 0.105874)
(-1.13561 0 0.10585)
(-1.22295 0 0.100761)
(-1.29289 0 0.0934975)
(-1.3495 0 0.0854652)
(-1.39611 0 0.0776773)
(-1.4355 0 0.0705929)
(-1.46953 0 0.064032)
(-1.4993 0 0.0578711)
(-1.52574 0 0.0523479)
(-1.54988 0 0.0476578)
(-1.57256 0 0.0434984)
(-1.59392 0 0.0393268)
(-1.61355 0 0.0350989)
(-1.63118 0 0.0315893)
(-1.64724 0 0.029844)
(-1.66276 0 0.0302237)
(-1.67868 0 0.0319083)
(-1.69509 0 0.0332992)
(-1.71099 0 0.0330153)
(-1.72485 0 0.0308053)
(-1.73568 0 0.0277044)
(-1.74384 0 0.0251488)
(-1.75051 0 0.0237186)
(-1.75586 0 0.022978)
(-1.75833 0 0.0225598)
(-0.299126 0 0.158161)
(-0.572816 0 0.253331)
(-0.849173 0 0.263884)
(-1.04965 0 0.247935)
(-1.20262 0 0.22223)
(-1.31874 0 0.194479)
(-1.40772 0 0.168693)
(-1.47715 0 0.146084)
(-1.53216 0 0.126693)
(-1.57673 0 0.110855)
(-1.61427 0 0.0982992)
(-1.64688 0 0.0877618)
(-1.67539 0 0.0783148)
(-1.70051 0 0.0701703)
(-1.72347 0 0.0637278)
(-1.74541 0 0.0584228)
(-1.76641 0 0.0530689)
(-1.78555 0 0.047251)
(-1.80209 0 0.0420437)
(-1.81657 0 0.0391534)
(-1.83061 0 0.0392693)
(-1.84579 0 0.0412353)
(-1.86233 0 0.0427211)
(-1.87882 0 0.0417066)
(-1.893 0 0.0378157)
(-1.90338 0 0.0326412)
(-1.91045 0 0.028486)
(-1.91592 0 0.0263996)
(-1.9204 0 0.0257204)
(-1.92247 0 0.0255369)
(-0.356421 0 0.568617)
(-0.696288 0 0.586646)
(-1.02027 0 0.502469)
(-1.23527 0 0.416545)
(-1.38904 0 0.34384)
(-1.50034 0 0.282304)
(-1.58281 0 0.233659)
(-1.64616 0 0.19577)
(-1.69562 0 0.165214)
(-1.73506 0 0.141504)
(-1.76856 0 0.124085)
(-1.79854 0 0.110169)
(-1.82504 0 0.0974843)
(-1.84801 0 0.0865081)
(-1.86894 0 0.0784367)
(-1.8897 0 0.0724954)
(-1.91034 0 0.0663521)
(-1.92903 0 0.058836)
(-1.94418 0 0.051489)
(-1.95637 0 0.0472051)
(-1.96826 0 0.0473429)
(-1.98241 0 0.0502433)
(-1.99931 0 0.0524131)
(-2.0169 0 0.0508512)
(-2.03177 0 0.0449626)
(-2.04165 0 0.0371459)
(-2.04717 0 0.0310517)
(-2.05099 0 0.028433)
(-2.05444 0 0.0280872)
(-2.05613 0 0.0281911)
(-0.474666 0 1.08281)
(-0.905989 0 0.98974)
(-1.26305 0 0.762501)
(-1.46091 0 0.578824)
(-1.59304 0 0.455349)
(-1.6856 0 0.357281)
(-1.7509 0 0.287562)
(-1.80155 0 0.238831)
(-1.8416 0 0.199015)
(-1.87266 0 0.167386)
(-1.89975 0 0.146034)
(-1.92617 0 0.130248)
(-1.95031 0 0.114902)
(-1.97025 0 0.101047)
(-1.98797 0 0.0917952)
(-2.00692 0 0.0863383)
(-2.02744 0 0.0801734)
(-2.0461 0 0.0706626)
(-2.05961 0 0.060168)
(-2.06858 0 0.0538091)
(-2.07731 0 0.0542596)
(-2.09006 0 0.0590175)
(-2.10771 0 0.0627012)
(-2.12717 0 0.0608343)
(-2.14334 0 0.0524519)
(-2.15261 0 0.0410898)
(-2.15586 0 0.0324904)
(-2.15732 0 0.0295538)
(-2.15951 0 0.0300433)
(-2.16089 0 0.0305538)
(-0.705798 0 2.08036)
(-1.24042 0 1.65417)
(-1.61912 0 1.0542)
(-1.74425 0 0.664937)
(-1.81667 0 0.529168)
(-1.87411 0 0.415152)
(-1.90776 0 0.333985)
(-1.93977 0 0.279313)
(-1.96996 0 0.226843)
(-1.9903 0 0.183023)
(-2.00755 0 0.160921)
(-2.02946 0 0.148925)
(-2.05163 0 0.132827)
(-2.06781 0 0.114819)
(-2.08063 0 0.10329)
(-2.0971 0 0.0990351)
(-2.11842 0 0.0934647)
(-2.13824 0 0.0812201)
(-2.15004 0 0.0659645)
(-2.15427 0 0.0566849)
(-2.15816 0 0.058334)
(-2.16891 0 0.0668421)
(-2.1879 0 0.0735847)
(-2.21042 0 0.0719543)
(-2.22877 0 0.0604635)
(-2.23728 0 0.0442194)
(-2.2371 0 0.032194)
(-2.23505 0 0.0293218)
(-2.23572 0 0.0315971)
(-2.23695 0 0.0327845)
(9.9959 0 0.138444)
(9.98225 0 0.275235)
(9.95811 0 0.41252)
(9.92453 0 0.552267)
(9.88242 0 0.696153)
(9.83216 0 0.84573)
(9.77399 0 1.00251)
(9.70815 0 1.16796)
(9.63493 0 1.34354)
(9.55459 0 1.53073)
(9.4674 0 1.73101)
(9.37364 0 1.94594)
(9.27357 0 2.17713)
(9.16744 0 2.42634)
(9.0555 0 2.69548)
(8.93797 0 2.98668)
(8.81505 0 3.30239)
(8.68687 0 3.64551)
(8.5535 0 4.01955)
(8.41494 0 4.42889)
(8.27112 0 4.87917)
(8.12192 0 5.37785)
(7.96729 0 5.93511)
(7.80748 0 6.56529)
(7.6437 0 7.28949)
(7.48092 0 8.14027)
(7.33237 0 9.17161)
(7.28806 0 10.4771)
(7.74574 0 12.2014)
(7.92653 0 14.9199)
(9.99638 0 0.143404)
(9.98434 0 0.28509)
(9.96305 0 0.427248)
(9.93352 0 0.571876)
(9.89657 0 0.720667)
(9.85262 0 0.875178)
(9.80197 0 1.03692)
(9.74492 0 1.20736)
(9.68184 0 1.38796)
(9.6131 0 1.58018)
(9.53908 0 1.7855)
(9.46019 0 2.00544)
(9.37689 0 2.24162)
(9.28964 0 2.49576)
(9.19897 0 2.76976)
(9.10546 0 3.06571)
(9.00976 0 3.38606)
(8.91262 0 3.73365)
(8.81495 0 4.11193)
(8.71792 0 4.52517)
(8.62316 0 4.97878)
(8.53302 0 5.4798)
(8.45121 0 6.03754)
(8.384 0 6.6646)
(8.34255 0 7.3782)
(8.34892 0 8.20177)
(8.44194 0 9.16544)
(8.67749 0 10.3025)
(9.32432 0 11.5578)
(9.81417 0 12.6471)
(9.99688 0 0.147841)
(9.98651 0 0.293901)
(9.96819 0 0.440398)
(9.94283 0 0.589346)
(9.91121 0 0.74244)
(9.87377 0 0.901231)
(9.83086 0 1.06722)
(9.78283 0 1.24186)
(9.73013 0 1.42658)
(9.67323 0 1.62282)
(9.61263 0 1.83201)
(9.54888 0 2.05565)
(9.48262 0 2.29528)
(9.41452 0 2.55256)
(9.3454 0 2.8293)
(9.27617 0 3.12749)
(9.20794 0 3.44941)
(9.14203 0 3.79769)
(9.08014 0 4.17546)
(9.02448 0 4.58647)
(8.97807 0 5.03532)
(8.94519 0 5.5277)
(8.93211 0 6.07059)
(8.94838 0 6.67238)
(9.00847 0 7.34253)
(9.13453 0 8.08967)
(9.35755 0 8.91571)
(9.68706 0 9.80957)
(10.2529 0 10.7199)
(10.9408 0 11.4368)
(9.9974 0 0.151702)
(9.98874 0 0.301563)
(9.97347 0 0.451804)
(9.95239 0 0.604445)
(9.92623 0 0.76117)
(9.89544 0 0.923516)
(9.86041 0 1.09295)
(9.82157 0 1.27091)
(9.77942 0 1.45878)
(9.73451 0 1.65794)
(9.68747 0 1.86978)
(9.63898 0 2.09569)
(9.58982 0 2.33715)
(9.54091 0 2.59569)
(9.49328 0 2.87297)
(9.44817 0 3.17079)
(9.40706 0 3.49115)
(9.37178 0 3.83632)
(9.34464 0 4.20888)
(9.32859 0 4.61179)
(9.32758 0 5.04847)
(9.3469 0 5.52276)
(9.3938 0 6.03879)
(9.47819 0 6.60052)
(9.61327 0 7.21073)
(9.81587 0 7.8691)
(10.1088 0 8.56854)
(10.5007 0 9.2944)
(11.0585 0 10.0365)
(11.852 0 10.6818)
(9.99792 0 0.154942)
(9.99101 0 0.307981)
(9.97884 0 0.461331)
(9.96212 0 0.616995)
(9.9415 0 0.776639)
(9.91745 0 0.94177)
(9.89039 0 1.11382)
(9.86081 0 1.29418)
(9.82927 0 1.48417)
(9.7964 0 1.68512)
(9.76291 0 1.89831)
(9.72962 0 2.12505)
(9.69745 0 2.36668)
(9.66747 0 2.62457)
(9.64093 0 2.90018)
(9.61933 0 3.19504)
(9.60444 0 3.51079)
(9.59844 0 3.84923)
(9.60402 0 4.21226)
(9.62457 0 4.60194)
(9.66441 0 5.02037)
(9.72906 0 5.46957)
(9.82562 0 5.95114)
(9.96302 0 6.46579)
(10.1523 0 7.01244)
(10.4066 0 7.58722)
(10.7433 0 8.182)
(11.1739 0 8.78209)
(11.7214 0 9.37592)
(12.4749 0 9.88856)
(9.99845 0 0.157515)
(9.9933 0 0.313072)
(9.98427 0 0.468853)
(9.97194 0 0.626832)
(9.95689 0 0.788644)
(9.93961 0 0.955755)
(9.92054 0 1.12955)
(9.90021 0 1.31135)
(9.87923 0 1.50242)
(9.85831 0 1.70398)
(9.83823 0 1.91723)
(9.8199 0 2.14334)
(9.80435 0 2.38349)
(9.7928 0 2.63886)
(9.78664 0 2.91066)
(9.78752 0 3.20011)
(9.79743 0 3.50844)
(9.81872 0 3.83692)
(9.85425 0 4.18676)
(9.90753 0 4.55908)
(9.98283 0 4.95479)
(10.0854 0 5.37436)
(10.2215 0 5.81752)
(10.3988 0 6.28283)
(10.626 0 6.76702)
(10.9129 0 7.26432)
(11.2706 0 7.76551)
(11.7072 0 8.25502)
(12.2235 0 8.71615)
(12.8997 0 9.10737)
(9.99898 0 0.159385)
(9.9956 0 0.316758)
(9.98971 0 0.474255)
(9.98176 0 0.633808)
(9.97228 0 0.797005)
(9.96173 0 0.965259)
(9.95058 0 1.1399)
(9.9394 0 1.32216)
(9.92885 0 1.51324)
(9.91966 0 1.71425)
(9.91268 0 1.92626)
(9.90889 0 2.1503)
(9.9094 0 2.38738)
(9.91551 0 2.63845)
(9.92869 0 2.90444)
(9.95069 0 3.18625)
(9.98355 0 3.4847)
(10.0297 0 3.8005)
(10.0919 0 4.13421)
(10.1736 0 4.48614)
(10.2787 0 4.85619)
(10.4117 0 5.24365)
(10.5781 0 5.64694)
(10.7837 0 6.06327)
(11.035 0 6.48813)
(11.3384 0 6.91484)
(11.7 0 7.33404)
(12.1239 0 7.73231)
(12.604 0 8.09507)
(13.2098 0 8.40177)
(9.99951 0 0.160516)
(9.99789 0 0.318972)
(9.9951 0 0.477441)
(9.9915 0 0.637797)
(9.98752 0 0.80157)
(9.98361 0 0.970112)
(9.98025 0 1.14467)
(9.97805 0 1.32642)
(9.97765 0 1.51644)
(9.97985 0 1.71574)
(9.98553 0 1.92525)
(9.99569 0 2.14584)
(10.0115 0 2.37832)
(10.0342 0 2.62343)
(10.0655 0 2.88182)
(10.1069 0 3.15405)
(10.1606 0 3.44053)
(10.2288 0 3.74151)
(10.3142 0 4.05695)
(10.4198 0 4.38649)
(10.5491 0 4.72926)
(10.7058 0 5.08374)
(10.8942 0 5.44754)
(11.1184 0 5.81714)
(11.3829 0 6.18763)
(11.6914 0 6.55246)
(12.0468 0 6.90333)
(12.4505 0 7.22993)
(12.895 0 7.5211)
(13.4383 0 7.76552)
(10 0 0.160881)
(10.0001 0 0.31966)
(10.0004 0 0.478332)
(10.0011 0 0.638697)
(10.0025 0 0.802221)
(10.0051 0 0.970183)
(10.0093 0 1.14375)
(10.0158 0 1.324)
(10.0252 0 1.51191)
(10.0383 0 1.70836)
(10.0561 0 1.91415)
(10.0794 0 2.12999)
(10.1096 0 2.35648)
(10.1478 0 2.59414)
(10.1956 0 2.84337)
(10.2546 0 3.10439)
(10.3268 0 3.37728)
(10.4141 0 3.66184)
(10.5191 0 3.95759)
(10.6443 0 4.26364)
(10.7925 0 4.57862)
(10.9668 0 4.9005)
(11.17 0 5.22649)
(11.4052 0 5.55288)
(11.675 0 5.87491)
(11.9813 0 6.18673)
(12.3248 0 6.48147)
(12.7053 0 6.75128)
(13.1151 0 6.98781)
(13.6031 0 7.1842)
(10.0005 0 0.160458)
(10.0023 0 0.318779)
(10.0056 0 0.476866)
(10.0104 0 0.636436)
(10.017 0 0.798877)
(10.0259 0 0.965387)
(10.0374 0 1.13705)
(10.0523 0 1.31484)
(10.071 0 1.49962)
(10.0945 0 1.69214)
(10.1236 0 1.89308)
(10.1593 0 2.10295)
(10.2027 0 2.32221)
(10.2551 0 2.55113)
(10.3178 0 2.78988)
(10.3924 0 3.03841)
(10.4805 0 3.29648)
(10.5842 0 3.56357)
(10.7053 0 3.83886)
(10.846 0 4.12112)
(11.0084 0 4.40865)
(11.1949 0 4.69919)
(11.4073 0 4.98988)
(11.6476 0 5.27711)
(11.9171 0 5.55661)
(12.2162 0 5.82339)
(12.5447 0 6.07191)
(12.9011 0 6.29627)
(13.2785 0 6.49042)
(13.7185 0 6.6502)
(10.001 0 0.159232)
(10.0044 0 0.316301)
(10.0106 0 0.473005)
(10.0194 0 0.630967)
(10.0311 0 0.79149)
(10.0459 0 0.955687)
(10.0644 0 1.12454)
(10.0872 0 1.29893)
(10.1148 0 1.47961)
(10.148 0 1.6672)
(10.1876 0 1.86223)
(10.2347 0 2.06507)
(10.2901 0 2.27599)
(10.3551 0 2.49509)
(10.431 0 2.72231)
(10.5191 0 2.95738)
(10.6209 0 3.19983)
(10.738 0 3.44889)
(10.872 0 3.7035)
(11.0244 0 3.96224)
(11.1971 0 4.22327)
(11.3913 0 4.48431)
(11.6085 0 4.74258)
(11.8494 0 4.99483)
(12.1146 0 5.23733)
(12.4038 0 5.46599)
(12.7157 0 5.67647)
(13.0486 0 5.86442)
(13.3962 0 6.02559)
(13.7951 0 6.15746)
(10.0015 0 0.157196)
(10.0065 0 0.312212)
(10.0154 0 0.46673)
(10.028 0 0.622274)
(10.0445 0 0.780054)
(10.065 0 0.941091)
(10.0901 0 1.10628)
(10.1202 0 1.27638)
(10.1561 0 1.45203)
(10.1982 0 1.63376)
(10.2476 0 1.82193)
(10.3049 0 2.0168)
(10.3711 0 2.21846)
(10.4474 0 2.42686)
(10.5347 0 2.64176)
(10.6343 0 2.86273)
(10.7473 0 3.0891)
(10.8752 0 3.31996)
(11.019 0 3.55412)
(11.18 0 3.79007)
(11.3593 0 4.02596)
(11.5578 0 4.25962)
(11.7762 0 4.48851)
(12.0146 0 4.70977)
(12.273 0 4.92028)
(12.5504 0 5.11677)
(12.8454 0 5.29593)
(13.1561 0 5.45457)
(13.477 0 5.58978)
(13.8405 0 5.70006)
(10.0019 0 0.154349)
(10.0084 0 0.30651)
(10.0199 0 0.458045)
(10.0361 0 0.610369)
(10.0571 0 0.764596)
(10.083 0 0.921653)
(10.1142 0 1.08233)
(10.1512 0 1.2473)
(10.1946 0 1.41709)
(10.245 0 1.5921)
(10.303 0 1.77259)
(10.3695 0 1.95868)
(10.4453 0 2.15034)
(10.5312 0 2.34737)
(10.6282 0 2.54941)
(10.7373 0 2.75589)
(10.8595 0 2.96604)
(10.9956 0 3.17887)
(11.1467 0 3.39313)
(11.3134 0 3.60732)
(11.4966 0 3.81968)
(11.6965 0 4.02822)
(11.9134 0 4.23069)
(12.1471 0 4.42467)
(12.397 0 4.60761)
(12.662 0 4.77695)
(12.9405 0 4.93018)
(13.2305 0 5.06504)
(13.5275 0 5.17955)
(13.8606 0 5.27284)
(10.0024 0 0.150696)
(10.0102 0 0.299208)
(10.0241 0 0.446974)
(10.0438 0 0.595292)
(10.0689 0 0.745181)
(10.0997 0 0.897473)
(10.1366 0 1.05286)
(10.1799 0 1.21192)
(10.2302 0 1.37508)
(10.2879 0 1.54262)
(10.3537 0 1.71471)
(10.4283 0 1.89136)
(10.5123 0 2.07242)
(10.6064 0 2.25761)
(10.7115 0 2.44646)
(10.8283 0 2.63832)
(10.9575 0 2.83237)
(11.0998 0 3.02758)
(11.2558 0 3.22272)
(11.4259 0 3.41638)
(11.6105 0 3.60693)
(11.8097 0 3.79259)
(12.0233 0 3.97145)
(12.2507 0 4.14149)
(12.4912 0 4.30067)
(12.7436 0 4.44702)
(13.0062 0 4.57869)
(13.2773 0 4.69406)
(13.553 0 4.79181)
(13.8597 0 4.87152)
(10.0027 0 0.14625)
(10.0119 0 0.290334)
(10.0281 0 0.433559)
(10.0508 0 0.57711)
(10.0798 0 0.721907)
(10.1152 0 0.868687)
(10.1572 0 1.01805)
(10.2062 0 1.17048)
(10.2626 0 1.32631)
(10.3269 0 1.48574)
(10.3995 0 1.64883)
(10.481 0 1.81551)
(10.572 0 1.98555)
(10.6729 0 2.1586)
(10.7845 0 2.33411)
(10.9073 0 2.51142)
(11.0417 0 2.68968)
(11.1883 0 2.86787)
(11.3473 0 3.04485)
(11.5189 0 3.21929)
(11.7032 0 3.38975)
(11.8999 0 3.5547)
(12.1088 0 3.71252)
(12.329 0 3.86157)
(12.5597 0 4.00026)
(12.7997 0 4.12706)
(13.0474 0 4.24064)
(13.3012 0 4.33988)
(13.5579 0 4.4239)
(13.8417 0 4.49256)
(10.0031 0 0.141029)
(10.0134 0 0.279924)
(10.0317 0 0.417863)
(10.0573 0 0.555914)
(10.0898 0 0.694899)
(10.1293 0 0.835468)
(10.1759 0 0.978134)
(10.23 0 1.12329)
(10.2919 0 1.27118)
(10.3618 0 1.42193)
(10.4403 0 1.57553)
(10.5277 0 1.73184)
(10.6244 0 1.89058)
(10.7309 0 2.05133)
(10.8476 0 2.21354)
(10.9748 0 2.37652)
(11.1129 0 2.53944)
(11.2621 0 2.70135)
(11.4224 0 2.86118)
(11.594 0 3.01776)
(11.7765 0 3.16983)
(11.9696 0 3.31607)
(12.1728 0 3.45517)
(12.3854 0 3.58581)
(12.6062 0 3.70674)
(12.8343 0 3.81684)
(13.0681 0 3.91514)
(13.3062 0 4.00087)
(13.546 0 4.07349)
(13.8095 0 4.13299)
(10.0034 0 0.135057)
(10.0148 0 0.268027)
(10.035 0 0.399961)
(10.0632 0 0.531813)
(10.0988 0 0.66431)
(10.142 0 0.798014)
(10.1927 0 0.93336)
(10.2513 0 1.07066)
(10.3179 0 1.21008)
(10.3927 0 1.3517)
(10.4761 0 1.49543)
(10.5684 0 1.64109)
(10.6698 0 1.78835)
(10.7806 0 1.93679)
(10.9011 0 2.08584)
(11.0315 0 2.23482)
(11.1719 0 2.38297)
(11.3223 0 2.5294)
(11.4827 0 2.67315)
(11.653 0 2.8132)
(11.8327 0 2.94846)
(12.0213 0 3.07784)
(12.2184 0 3.20028)
(12.423 0 3.31472)
(12.6342 0 3.42023)
(12.8508 0 3.51596)
(13.0717 0 3.60123)
(13.2956 0 3.67553)
(13.5202 0 3.73853)
(13.7661 0 3.79033)
(10.0037 0 0.128362)
(10.0161 0 0.2547)
(10.0379 0 0.379942)
(10.0684 0 0.504933)
(10.1069 0 0.630308)
(10.1533 0 0.756548)
(10.2076 0 0.884012)
(10.27 0 1.01294)
(10.3407 0 1.14345)
(10.4196 0 1.27555)
(10.5071 0 1.40913)
(10.6033 0 1.54395)
(10.7084 0 1.67968)
(10.8225 0 1.81588)
(10.9457 0 1.95201)
(11.0781 0 2.08744)
(11.2196 0 2.22144)
(11.3702 0 2.35322)
(11.5297 0 2.48195)
(11.6977 0 2.60672)
(11.8738 0 2.72665)
(12.0575 0 2.84084)
(12.2481 0 2.94841)
(12.4448 0 3.04857)
(12.6466 0 3.1406)
(12.8526 0 3.22388)
(13.0616 0 3.29795)
(13.2726 0 3.36246)
(13.4837 0 3.41725)
(13.7139 0 3.46248)
(10.004 0 0.120975)
(10.0172 0 0.240007)
(10.0405 0 0.357906)
(10.0731 0 0.475412)
(10.114 0 0.593075)
(10.1632 0 0.711303)
(10.2207 0 0.830384)
(10.2864 0 0.950499)
(10.3604 0 1.07172)
(10.4428 0 1.194)
(10.5336 0 1.31721)
(10.6329 0 1.44109)
(10.7407 0 1.56531)
(10.8571 0 1.68944)
(10.982 0 1.81297)
(11.1155 0 1.93531)
(11.2572 0 2.05582)
(11.4071 0 2.1738)
(11.5649 0 2.28851)
(11.73 0 2.39921)
(11.9021 0 2.50515)
(12.0805 0 2.60561)
(12.2645 0 2.69989)
(12.4535 0 2.7874)
(12.6464 0 2.86757)
(12.8425 0 2.93999)
(13.0406 0 3.00433)
(13.24 0 3.06038)
(13.4389 0 3.10808)
(13.6552 0 3.14759)
(10.0042 0 0.112929)
(10.0182 0 0.224013)
(10.0428 0 0.333954)
(10.0771 0 0.443394)
(10.1202 0 0.552803)
(10.1718 0 0.662519)
(10.2319 0 0.772771)
(10.3004 0 0.883688)
(10.3772 0 0.995299)
(10.4623 0 1.10753)
(10.5557 0 1.22023)
(10.6574 0 1.33315)
(10.7672 0 1.44595)
(10.8851 0 1.55822)
(11.011 0 1.66951)
(11.1447 0 1.77927)
(11.286 0 1.88695)
(11.4345 0 1.99192)
(11.5899 0 2.09358)
(11.7518 0 2.19129)
(11.9195 0 2.28445)
(12.0925 0 2.37248)
(12.2702 0 2.45484)
(12.4517 0 2.53107)
(12.6363 0 2.60076)
(12.8231 0 2.66362)
(13.0114 0 2.71943)
(13.2002 0 2.76808)
(13.3883 0 2.80956)
(13.5923 0 2.84406)
(10.0044 0 0.104257)
(10.019 0 0.206786)
(10.0448 0 0.308192)
(10.0807 0 0.409025)
(10.1256 0 0.509681)
(10.1793 0 0.610434)
(10.2415 0 0.711462)
(10.3123 0 0.81285)
(10.3914 0 0.914595)
(10.4786 0 1.01661)
(10.574 0 1.11872)
(10.6773 0 1.22069)
(10.7885 0 1.32219)
(10.9073 0 1.42287)
(11.0335 0 1.52228)
(11.1668 0 1.61998)
(11.307 0 1.71546)
(11.4537 0 1.8082)
(11.6065 0 1.89768)
(11.7648 0 1.98339)
(11.9281 0 2.06484)
(12.0958 0 2.14158)
(12.2672 0 2.21318)
(12.4417 0 2.27929)
(12.6186 0 2.33964)
(12.797 0 2.39401)
(12.9762 0 2.44228)
(13.1556 0 2.48439)
(13.334 0 2.52036)
(13.5271 0 2.5504)
(10.0046 0 0.0949914)
(10.0198 0 0.188392)
(10.0466 0 0.28072)
(10.0837 0 0.372445)
(10.1302 0 0.463893)
(10.1855 0 0.555279)
(10.2496 0 0.646735)
(10.3222 0 0.738311)
(10.4031 0 0.82998)
(10.492 0 0.921642)
(10.5888 0 1.01313)
(10.6933 0 1.1042)
(10.8052 0 1.19458)
(10.9243 0 1.28392)
(11.0503 0 1.37186)
(11.1829 0 1.45798)
(11.3216 0 1.54186)
(11.4662 0 1.62307)
(11.616 0 1.70118)
(11.7707 0 1.77578)
(11.9296 0 1.84646)
(12.0922 0 1.91287)
(12.2578 0 1.97471)
(12.4258 0 2.0317)
(12.5955 0 2.08365)
(12.7663 0 2.13043)
(12.9374 0 2.17195)
(13.1084 0 2.2082)
(13.2781 0 2.23924)
(13.4616 0 2.26526)
(10.0047 0 0.0851592)
(10.0204 0 0.168888)
(10.0481 0 0.251633)
(10.0863 0 0.333787)
(10.1341 0 0.415612)
(10.1909 0 0.497268)
(10.2564 0 0.578843)
(10.3304 0 0.660362)
(10.4127 0 0.741779)
(10.5028 0 0.822991)
(10.6006 0 0.903832)
(10.7058 0 0.98409)
(10.8181 0 1.0635)
(10.9371 0 1.14178)
(11.0625 0 1.21859)
(11.194 0 1.2936)
(11.331 0 1.36643)
(11.4733 0 1.43675)
(11.6202 0 1.50419)
(11.7713 0 1.56843)
(11.9259 0 1.62915)
(12.0837 0 1.68609)
(12.2438 0 1.73899)
(12.4059 0 1.78769)
(12.5691 0 1.83203)
(12.733 0 1.87193)
(12.897 0 1.90736)
(13.0605 0 1.93832)
(13.2226 0 1.96488)
(13.3976 0 1.98722)
(10.0049 0 0.0747813)
(10.021 0 0.14832)
(10.0494 0 0.221007)
(10.0886 0 0.293169)
(10.1374 0 0.364996)
(10.1953 0 0.436598)
(10.262 0 0.508028)
(10.3372 0 0.579286)
(10.4204 0 0.650319)
(10.5114 0 0.72102)
(10.6099 0 0.791237)
(10.7154 0 0.860775)
(10.8277 0 0.929408)
(10.9463 0 0.996881)
(11.0709 0 1.06292)
(11.2011 0 1.12723)
(11.3363 0 1.18953)
(11.4762 0 1.24951)
(11.6203 0 1.30691)
(11.7679 0 1.36145)
(11.9187 0 1.41291)
(12.0719 0 1.46106)
(12.2272 0 1.50574)
(12.3838 0 1.54682)
(12.5413 0 1.58419)
(12.6991 0 1.61781)
(12.8567 0 1.64767)
(13.0136 0 1.6738)
(13.1692 0 1.69625)
(13.3368 0 1.7152)
(10.005 0 0.0638646)
(10.0215 0 0.126711)
(10.0506 0 0.188903)
(10.0906 0 0.250685)
(10.1403 0 0.312167)
(10.1992 0 0.373401)
(10.2668 0 0.434415)
(10.3428 0 0.495196)
(10.4267 0 0.555685)
(10.5183 0 0.615782)
(10.6171 0 0.675351)
(10.7227 0 0.734224)
(10.8348 0 0.792206)
(10.9528 0 0.849083)
(11.0765 0 0.904627)
(11.2053 0 0.958602)
(11.3387 0 1.01077)
(11.4764 0 1.0609)
(11.6177 0 1.10877)
(11.7622 0 1.15417)
(11.9093 0 1.19693)
(12.0586 0 1.23689)
(12.2094 0 1.27392)
(12.3613 0 1.30793)
(12.5137 0 1.33886)
(12.6663 0 1.36667)
(12.8184 0 1.39138)
(12.9696 0 1.41302)
(13.1195 0 1.43165)
(13.2808 0 1.4474)
(10.0051 0 0.0523884)
(10.0221 0 0.10405)
(10.0518 0 0.155362)
(10.0925 0 0.206464)
(10.143 0 0.257355)
(10.2025 0 0.308028)
(10.2708 0 0.358484)
(10.3474 0 0.408693)
(10.4319 0 0.458592)
(10.5238 0 0.508088)
(10.6227 0 0.55706)
(10.7282 0 0.605369)
(10.8399 0 0.652854)
(10.9573 0 0.699341)
(11.08 0 0.744649)
(11.2074 0 0.788591)
(11.3392 0 0.830982)
(11.4747 0 0.871643)
(11.6136 0 0.910405)
(11.7553 0 0.947115)
(11.8992 0 0.981639)
(12.045 0 1.01386)
(12.192 0 1.0437)
(12.3398 0 1.07108)
(12.4879 0 1.09597)
(12.6359 0 1.11836)
(12.7834 0 1.13826)
(12.9299 0 1.15571)
(13.0749 0 1.17076)
(13.2309 0 1.18352)
(10.0053 0 0.0402699)
(10.0228 0 0.0802283)
(10.0532 0 0.120227)
(10.0947 0 0.160201)
(10.1458 0 0.200043)
(10.2059 0 0.239735)
(10.2747 0 0.279271)
(10.3518 0 0.318616)
(10.4366 0 0.357706)
(10.5286 0 0.396454)
(10.6276 0 0.434758)
(10.7329 0 0.472504)
(10.8441 0 0.509562)
(10.9608 0 0.545794)
(11.0825 0 0.581058)
(11.2087 0 0.615211)
(11.3389 0 0.64811)
(11.4726 0 0.679621)
(11.6094 0 0.70962)
(11.7486 0 0.737993)
(11.8899 0 0.764644)
(12.0327 0 0.789493)
(12.1765 0 0.812478)
(12.3209 0 0.833558)
(12.4655 0 0.852709)
(12.6098 0 0.869929)
(12.7535 0 0.885232)
(12.8961 0 0.89865)
(13.0373 0 0.910227)
(13.189 0 0.920054)
(10.0056 0 0.0273267)
(10.0239 0 0.0555908)
(10.0551 0 0.0845849)
(10.0971 0 0.113643)
(10.1487 0 0.142537)
(10.2092 0 0.171286)
(10.2784 0 0.199903)
(10.3558 0 0.228354)
(10.4407 0 0.256583)
(10.5329 0 0.284527)
(10.6318 0 0.312117)
(10.7368 0 0.339269)
(10.8477 0 0.365896)
(10.9638 0 0.391901)
(11.0846 0 0.417185)
(11.2097 0 0.441649)
(11.3387 0 0.465194)
(11.4709 0 0.487729)
(11.6059 0 0.509169)
(11.7431 0 0.529436)
(11.8822 0 0.548466)
(12.0227 0 0.566206)
(12.164 0 0.582616)
(12.3057 0 0.597669)
(12.4475 0 0.611353)
(12.5889 0 0.623667)
(12.7296 0 0.634626)
(12.8691 0 0.644254)
(13.0072 0 0.652584)
(13.1555 0 0.659688)
(10.0068 0 0.0112459)
(10.0271 0 0.0265804)
(10.0593 0 0.0438062)
(10.1017 0 0.0613171)
(10.1534 0 0.078794)
(10.2142 0 0.096279)
(10.2835 0 0.113766)
(10.3609 0 0.131198)
(10.4459 0 0.148511)
(10.5379 0 0.165653)
(10.6365 0 0.182569)
(10.7413 0 0.199204)
(10.8516 0 0.215497)
(10.9671 0 0.231387)
(11.0873 0 0.246812)
(11.2115 0 0.261711)
(11.3394 0 0.276024)
(11.4705 0 0.289698)
(11.6042 0 0.302681)
(11.74 0 0.314931)
(11.8775 0 0.326411)
(12.0163 0 0.337092)
(12.1558 0 0.346954)
(12.2956 0 0.355983)
(12.4354 0 0.364177)
(12.5748 0 0.371539)
(12.7133 0 0.378082)
(12.8508 0 0.383825)
(12.9868 0 0.388794)
(13.1328 0 0.393052)
(9.99589 0 0.000922567)
(10.007 0 0.00495415)
(10.0276 0 0.010262)
(10.0576 0 0.0158035)
(10.0974 0 0.0214169)
(10.1467 0 0.0271289)
(10.205 0 0.0329301)
(10.2719 0 0.0387859)
(10.3469 0 0.0446639)
(10.4294 0 0.0505379)
(10.519 0 0.0563835)
(10.6152 0 0.0621758)
(10.7175 0 0.0678889)
(10.8253 0 0.0734965)
(10.9381 0 0.0789721)
(11.0555 0 0.08429)
(11.1768 0 0.0894252)
(11.3016 0 0.0943544)
(11.4293 0 0.0990564)
(11.5594 0 0.103512)
(11.6915 0 0.107706)
(11.825 0 0.111624)
(11.9595 0 0.115257)
(12.0945 0 0.118597)
(12.2297 0 0.121642)
(12.3645 0 0.124391)
(12.4988 0 0.126846)
(12.6321 0 0.129013)
(12.7641 0 0.130895)
(12.9059 0 0.132524)
(9.43305 0 13.0912)
(6.21426 0 10.7771)
(-1.07393 0 5.32716)
(10.3633 0 11.2245)
(9.80656 0 9.92634)
(8.21618 0 8.10193)
(11.463 0 11.1329)
(11.6795 0 10.5803)
(11.4224 0 9.66508)
(12.3538 0 10.7367)
(12.7 0 10.5699)
(12.8068 0 10.1518)
(12.9204 0 9.99998)
(13.2907 0 9.99284)
(13.5341 0 9.85392)
(13.2953 0 9.22457)
(13.6573 0 9.2818)
(13.9407 0 9.27132)
(13.5618 0 8.50789)
(13.8947 0 8.58038)
(14.1692 0 8.61573)
(13.7505 0 7.85386)
(14.0485 0 7.92056)
(14.298 0 7.96522)
(13.8805 0 7.25626)
(14.146 0 7.31269)
(14.3689 0 7.35442)
(13.9665 0 6.70947)
(14.2037 0 6.75662)
(14.4028 0 6.79287)
(14.0184 0 6.20685)
(14.2316 0 6.24651)
(14.4104 0 6.27761)
(14.0429 0 5.74174)
(14.2358 0 5.77548)
(14.3976 0 5.80233)
(14.0452 0 5.30843)
(14.221 0 5.33747)
(14.3684 0 5.36089)
(14.0291 0 4.90221)
(14.1903 0 4.92746)
(14.3255 0 4.94808)
(13.998 0 4.51923)
(14.1465 0 4.54136)
(14.2712 0 4.55964)
(13.9544 0 4.15631)
(14.0921 0 4.17581)
(14.2077 0 4.19209)
(13.901 0 3.8108)
(14.0292 0 3.82804)
(14.1368 0 3.84259)
(13.8401 0 3.48048)
(13.9599 0 3.49576)
(14.0605 0 3.50876)
(13.7736 0 3.16344)
(13.8861 0 3.17697)
(13.9806 0 3.18857)
(13.7038 0 2.85799)
(13.8098 0 2.86995)
(13.8988 0 2.88028)
(13.6326 0 2.5626)
(13.7328 0 2.57312)
(13.817 0 2.58228)
(13.5618 0 2.27588)
(13.6569 0 2.28509)
(13.7369 0 2.29314)
(13.4931 0 1.99638)
(13.5838 0 2.00436)
(13.6601 0 2.01137)
(13.4282 0 1.72301)
(13.515 0 1.72983)
(13.5881 0 1.73585)
(13.3687 0 1.45391)
(13.4522 0 1.45962)
(13.5226 0 1.46468)
(13.3159 0 1.18882)
(13.3966 0 1.19348)
(13.4647 0 1.19762)
(13.2716 0 0.924125)
(13.3501 0 0.927704)
(13.4162 0 0.930898)
(13.2362 0 0.662642)
(13.313 0 0.665238)
(13.3777 0 0.667553)
(13.2122 0 0.394756)
(13.2877 0 0.396188)
(13.3513 0 0.397443)
(12.9831 0 0.133129)
(13.0565 0 0.133605)
(13.1185 0 0.134027)
(-2.64149 0 1.46621)
(-2.03462 0 1.16176)
(-2.33871 0 0.64218)
(-2.15069 0 0.637641)
(-2.01417 0 0.71555)
(-2.0473 0 0.515138)
(-2.0502 0 0.324642)
(-2.0662 0 0.264269)
(-2.08981 0 0.220247)
(-2.09096 0 0.183938)
(-2.08785 0 0.178202)
(-2.10513 0 0.175256)
(-2.13009 0 0.151968)
(-2.14365 0 0.120148)
(-2.14873 0 0.103637)
(-2.16072 0 0.10632)
(-2.18404 0 0.10695)
(-2.20685 0 0.0940263)
(-2.21662 0 0.0728786)
(-2.21335 0 0.059029)
(-2.20948 0 0.062321)
(-2.21735 0 0.0766838)
(-2.23883 0 0.0879236)
(-2.26635 0 0.0865157)
(-2.28833 0 0.0703513)
(-2.29586 0 0.0466472)
(-2.29029 0 0.0293193)
(-2.28277 0 0.027081)
(-2.28158 0 0.0329587)
(-2.28307 0 0.0354516)
(6.07223 0 5.45571)
(3.5685 0 3.50746)
(1.46393 0 2.02721)
(-1.5662 0 0.400899)
(-2.0518 0 0.308291)
(-2.34342 0 0.0886196)
(-2.25879 0 0.181411)
(-2.15046 0 0.406731)
(-2.15324 0 0.379581)
(-2.13715 0 0.24192)
(-2.12128 0 0.158652)
(-2.15174 0 0.16039)
(-2.19149 0 0.142907)
(-2.19871 0 0.11263)
(-2.18249 0 0.110179)
(-2.18291 0 0.132138)
(-2.21192 0 0.140407)
(-2.24357 0 0.118814)
(-2.25336 0 0.0778948)
(-2.23941 0 0.048308)
(-2.22312 0 0.0521673)
(-2.22664 0 0.0788654)
(-2.2525 0 0.0992045)
(-2.28794 0 0.100174)
(-2.31566 0 0.0791749)
(-2.32171 0 0.0457951)
(-2.30717 0 0.0210087)
(-2.29051 0 0.020889)
(-2.28692 0 0.0342466)
(-2.28959 0 0.0396784)
(10.3502 0 7.62022)
(8.59134 0 5.82432)
(6.66915 0 4.37795)
(4.72236 0 3.1417)
(2.92973 0 2.14663)
(1.52474 0 1.30485)
(-1.02809 0 0.269077)
(-1.85811 0 0.170978)
(-2.24578 0 -0.00450558)
(-2.30344 0 -0.112024)
(-2.18886 0 0.0771167)
(-2.14399 0 0.310136)
(-2.18914 0 0.301199)
(-2.18673 0 0.191286)
(-2.14796 0 0.0992942)
(-2.14878 0 0.101948)
(-2.20034 0 0.126338)
(-2.25348 0 0.103075)
(-2.26443 0 0.0494153)
(-2.22739 0 0.0210565)
(-2.18308 0 0.0491022)
(-2.1773 0 0.102084)
(-2.21133 0 0.135135)
(-2.2592 0 0.136931)
(-2.29599 0 0.104944)
(-2.30038 0 0.0511513)
(-2.27163 0 0.00834455)
(-2.24036 0 0.0106325)
(-2.23393 0 0.0370937)
(-2.23993 0 0.0489554)
(12.4913 0 8.78352)
(11.609 0 7.33378)
(10.3764 0 6.02432)
(8.97575 0 4.83865)
(7.47812 0 3.8181)
(6.03503 0 2.99648)
(4.54089 0 2.29391)
(3.15604 0 1.69193)
(1.92766 0 1.14643)
(0.727665 0 0.516146)
(-1.29893 0 0.0993781)
(-1.75338 0 0.158422)
(-2.11358 0 0.0329969)
(-2.1911 0 -0.11185)
(-2.08941 0 -0.0569608)
(-2.04582 0 0.164527)
(-2.08994 0 0.280051)
(-2.1721 0 0.254863)
(-2.17856 0 0.13979)
(-2.10257 0 0.0109443)
(-2.04094 0 0.0110249)
(-2.04195 0 0.0854474)
(-2.09679 0 0.133055)
(-2.16521 0 0.133825)
(-2.21655 0 0.0893567)
(-2.2181 0 0.016723)
(-2.16187 0 -0.0283191)
(-2.10872 0 -0.0123874)
(-2.1036 0 0.041819)
(-2.11693 0 0.0673683)
(13.6617 0 9.10212)
(13.3742 0 8.09351)
(12.7502 0 7.04247)
(11.8883 0 6.02279)
(10.8611 0 5.09295)
(9.75393 0 4.28659)
(8.59811 0 3.56062)
(7.41163 0 2.90605)
(6.23348 0 2.34487)
(5.101 0 1.89558)
(3.92401 0 1.52925)
(2.88107 0 1.17913)
(1.91887 0 0.83811)
(1.16001 0 0.474665)
(-0.35458 0 0.0777212)
(-1.20773 0 0.162102)
(-1.59034 0 0.175041)
(-1.83333 0 0.0656215)
(-1.90589 0 -0.11036)
(-1.77924 0 -0.191409)
(-1.80075 0 -0.0436408)
(-1.78992 0 0.173906)
(-1.86629 0 0.247265)
(-1.96041 0 0.253129)
(-2.02618 0 0.20101)
(-2.01221 0 0.0869683)
(-1.91515 0 -0.0509314)
(-1.85741 0 -0.0420163)
(-1.86598 0 0.0571938)
(-1.89868 0 0.106872)
(14.2863 0 8.92187)
(14.3661 0 8.30169)
(14.1934 0 7.55171)
(13.7876 0 6.75646)
(13.1905 0 5.97088)
(12.4558 0 5.22979)
(11.6262 0 4.53645)
(10.7303 0 3.90257)
(9.79554 0 3.34387)
(8.8522 0 2.86817)
(7.90285 0 2.44273)
(6.96874 0 2.04447)
(6.05214 0 1.68406)
(5.16639 0 1.39781)
(4.26904 0 1.18032)
(3.39422 0 0.98374)
(2.62346 0 0.79045)
(1.9231 0 0.592522)
(1.33164 0 0.368094)
(0.526067 0 0.0825914)
(-0.800225 0 0.0270447)
(-1.06275 0 0.153409)
(-1.31795 0 0.189414)
(-1.46084 0 0.161488)
(-1.56297 0 0.0590673)
(-1.57903 0 -0.113178)
(-1.42349 0 -0.225042)
(-1.50121 0 -0.117945)
(-1.53592 0 0.0880719)
(-1.60842 0 0.171446)
(14.5914 0 8.48842)
(14.8731 0 8.14782)
(14.9978 0 7.66049)
(14.9319 0 7.08591)
(14.6847 0 6.46965)
(14.2886 0 5.84695)
(13.7768 0 5.23902)
(13.1754 0 4.66193)
(12.5065 0 4.12801)
(11.7929 0 3.64331)
(11.0518 0 3.20051)
(10.2968 0 2.79329)
(9.53267 0 2.42566)
(8.76681 0 2.11476)
(8.01023 0 1.84897)
(7.26772 0 1.60916)
(6.55956 0 1.37805)
(5.87378 0 1.15387)
(5.19628 0 0.961275)
(4.52315 0 0.838081)
(3.81083 0 0.742382)
(3.1862 0 0.629817)
(2.60945 0 0.531754)
(2.07604 0 0.446025)
(1.58458 0 0.348014)
(1.17127 0 0.20327)
(0.591813 0 0.0343403)
(-0.643939 0 0.0254518)
(-0.881039 0 0.145206)
(-1.14006 0 0.295814)
(14.7229 0 7.94502)
(15.0922 0 7.78005)
(15.3858 0 7.48805)
(15.5454 0 7.10011)
(15.5569 0 6.64784)
(15.4341 0 6.15993)
(15.1964 0 5.6587)
(14.8611 0 5.16126)
(14.4452 0 4.68096)
(13.9663 0 4.22697)
(13.441 0 3.80192)
(12.8814 0 3.40538)
(12.295 0 3.04002)
(11.69 0 2.71244)
(11.0785 0 2.4201)
(10.4702 0 2.15553)
(9.87013 0 1.90636)
(9.27227 0 1.67196)
(8.67105 0 1.46827)
(8.07337 0 1.30795)
(7.48538 0 1.17518)
(6.92556 0 1.05126)
(6.39009 0 0.935137)
(5.8701 0 0.820954)
(5.36176 0 0.701898)
(4.85373 0 0.596682)
(4.33177 0 0.550775)
(3.74839 0 0.521007)
(3.25893 0 0.466974)
(2.52589 0 0.5021)
(14.7656 0 7.37785)
(15.1542 0 7.31016)
(15.5235 0 7.14678)
(15.8118 0 6.8988)
(15.9931 0 6.58391)
(16.0679 0 6.22115)
(16.0433 0 5.8281)
(15.9278 0 5.42015)
(15.7317 0 5.0104)
(15.4668 0 4.609)
(15.1453 0 4.22194)
(14.7774 0 3.85247)
(14.3714 0 3.50431)
(13.9356 0 3.18197)
(13.4801 0 2.8863)
(13.0133 0 2.61349)
(12.5388 0 2.35778)
(12.0556 0 2.11956)
(11.5632 0 1.90661)
(11.0677 0 1.72479)
(10.5787 0 1.56929)
(10.1036 0 1.42897)
(9.6397 0 1.29664)
(9.18017 0 1.16836)
(8.71887 0 1.04438)
(8.24888 0 0.938916)
(7.76974 0 0.869247)
(7.28626 0 0.823447)
(6.82477 0 0.79145)
(6.2149 0 0.7985)
(14.763 0 6.82997)
(15.1367 0 6.81021)
(15.5239 0 6.723)
(15.8701 0 6.56935)
(16.1468 0 6.35713)
(16.3477 0 6.09693)
(16.4721 0 5.80032)
(16.5215 0 5.47889)
(16.4995 0 5.14351)
(16.4124 0 4.8034)
(16.2675 0 4.46553)
(16.0723 0 4.135)
(15.8338 0 3.81641)
(15.5591 0 3.51393)
(15.2558 0 3.22956)
(14.9307 0 2.96245)
(14.5876 0 2.71093)
(14.2284 0 2.47602)
(13.8548 0 2.26202)
(13.4721 0 2.07235)
(13.0876 0 1.90474)
(12.7057 0 1.75231)
(12.3255 0 1.60974)
(11.9429 0 1.47525)
(11.5533 0 1.35087)
(11.1534 0 1.24489)
(10.7448 0 1.16602)
(10.3347 0 1.11182)
(9.93494 0 1.07736)
(9.42885 0 1.06113)
(14.7353 0 6.31641)
(15.0813 0 6.31799)
(15.4564 0 6.27242)
(15.8158 0 6.17725)
(16.1341 0 6.03519)
(16.4033 0 5.85134)
(16.6193 0 5.63224)
(16.7794 0 5.38543)
(16.8824 0 5.11875)
(16.9301 0 4.8396)
(16.9257 0 4.55441)
(16.8736 0 4.26854)
(16.7784 0 3.98671)
(16.6452 0 3.71297)
(16.4795 0 3.45)
(16.2863 0 3.19894)
(16.0694 0 2.96028)
(15.8315 0 2.73552)
(15.5752 0 2.52744)
(15.305 0 2.33825)
(15.0259 0 2.16704)
(14.7413 0 2.01021)
(14.4514 0 1.86471)
(14.1542 0 1.72977)
(13.8472 0 1.60739)
(13.529 0 1.50265)
(13.2018 0 1.42061)
(12.8708 0 1.36061)
(12.5446 0 1.31807)
(12.1315 0 1.28553)
(14.6915 0 5.83893)
(15.0079 0 5.84929)
(15.3586 0 5.82561)
(15.7076 0 5.76498)
(16.0341 0 5.66808)
(16.331 0 5.53714)
(16.594 0 5.37553)
(16.8187 0 5.18766)
(17.0018 0 4.97867)
(17.1419 0 4.75392)
(17.2394 0 4.51854)
(17.2958 0 4.27724)
(17.3135 0 4.03428)
(17.2955 0 3.79344)
(17.2452 0 3.5577)
(17.1661 0 3.32912)
(17.0613 0 3.10928)
(16.9332 0 2.89997)
(16.7847 0 2.70339)
(16.619 0 2.5213)
(16.4398 0 2.35376)
(16.2499 0 2.1993)
(16.05 0 2.05646)
(15.8396 0 1.92511)
(15.6175 0 1.80693)
(15.3837 0 1.70519)
(15.1401 0 1.62289)
(14.8905 0 1.55971)
(14.6411 0 1.51183)
(14.32 0 1.47152)
(14.6358 0 5.39443)
(14.9247 0 5.40818)
(15.2484 0 5.3962)
(15.5772 0 5.35595)
(15.8942 0 5.28752)
(16.1943 0 5.19191)
(16.4742 0 5.07082)
(16.7297 0 4.92676)
(16.9568 0 4.76293)
(17.153 0 4.58299)
(17.3169 0 4.39069)
(17.4482 0 4.18977)
(17.5474 0 3.98376)
(17.6158 0 3.77597)
(17.6552 0 3.56924)
(17.6676 0 3.36593)
(17.6551 0 3.16802)
(17.6196 0 2.97747)
(17.5633 0 2.79626)
(17.4887 0 2.62599)
(17.3985 0 2.46737)
(17.2948 0 2.32018)
(17.1786 0 2.18404)
(17.05 0 2.05932)
(16.9089 0 1.94743)
(16.7558 0 1.85061)
(16.5924 0 1.77072)
(16.4214 0 1.70756)
(16.2471 0 1.65833)
(16.0159 0 1.61652)
(14.5704 0 4.97864)
(14.8351 0 4.99359)
(15.1332 0 4.98828)
(15.4394 0 4.96064)
(15.7396 0 4.91057)
(16.0305 0 4.83862)
(16.3098 0 4.74569)
(16.5743 0 4.63328)
(16.8204 0 4.50341)
(17.0453 0 4.35853)
(17.2471 0 4.20132)
(17.4245 0 4.0346)
(17.5771 0 3.86116)
(17.7049 0 3.68372)
(17.8084 0 3.5048)
(17.8885 0 3.32668)
(17.9465 0 3.15138)
(17.9835 0 2.98083)
(18.0011 0 2.81689)
(18.001 0 2.66113)
(17.985 0 2.51459)
(17.9547 0 2.37778)
(17.9112 0 2.25104)
(17.8548 0 2.13506)
(17.786 0 2.03111)
(17.7055 0 1.94082)
(17.6147 0 1.86551)
(17.5154 0 1.80515)
(17.4104 0 1.7579)
(17.264 0 1.71892)
(14.4968 0 4.58748)
(14.7407 0 4.60271)
(15.0159 0 4.60155)
(15.3004 0 4.58228)
(15.582 0 4.54475)
(15.8585 0 4.48924)
(16.1286 0 4.41632)
(16.39 0 4.3269)
(16.6399 0 4.22235)
(16.8756 0 4.10437)
(17.0952 0 3.97489)
(17.2974 0 3.83601)
(17.481 0 3.68993)
(17.6456 0 3.53882)
(17.7909 0 3.38483)
(17.9172 0 3.22998)
(18.0249 0 3.07616)
(18.1147 0 2.92518)
(18.1874 0 2.77876)
(18.2442 0 2.63841)
(18.2862 0 2.50536)
(18.3146 0 2.38049)
(18.3302 0 2.26456)
(18.3337 0 2.15848)
(18.3256 0 2.06344)
(18.3065 0 1.98076)
(18.2778 0 1.9115)
(18.2405 0 1.85588)
(18.1964 0 1.81297)
(18.1261 0 1.77954)
(14.4167 0 4.21747)
(14.6424 0 4.23254)
(14.8975 0 4.23414)
(15.1623 0 4.22081)
(15.426 0 4.19234)
(15.6869 0 4.14889)
(15.9446 0 4.09077)
(16.1973 0 4.0186)
(16.4427 0 3.93332)
(16.6789 0 3.83614)
(16.904 0 3.72853)
(17.1166 0 3.61208)
(17.3158 0 3.48852)
(17.5007 0 3.3596)
(17.6707 0 3.22713)
(17.8258 0 3.09284)
(17.9659 0 2.95843)
(18.0912 0 2.82555)
(18.2023 0 2.69576)
(18.2997 0 2.57051)
(18.3842 0 2.45105)
(18.4566 0 2.33846)
(18.5175 0 2.23373)
(18.5675 0 2.13787)
(18.6073 0 2.05203)
(18.6374 0 1.9774)
(18.6589 0 1.91496)
(18.6725 0 1.8652)
(18.6792 0 1.82793)
(18.6742 0 1.80139)
(14.3313 0 3.86573)
(14.5413 0 3.88036)
(14.7788 0 3.88385)
(15.026 0 3.8749)
(15.2732 0 3.85329)
(15.5192 0 3.81907)
(15.7637 0 3.77239)
(16.0057 0 3.71365)
(16.2432 0 3.64351)
(16.4745 0 3.56287)
(16.6982 0 3.47283)
(16.9131 0 3.37464)
(17.1182 0 3.26968)
(17.3125 0 3.15939)
(17.4956 0 3.04527)
(17.667 0 2.92882)
(17.8266 0 2.81155)
(17.9743 0 2.69491)
(18.1104 0 2.58033)
(18.2351 0 2.46916)
(18.3489 0 2.36264)
(18.4523 0 2.26192)
(18.546 0 2.16807)
(18.6303 0 2.08216)
(18.7059 0 2.00531)
(18.7733 0 1.93865)
(18.8334 0 1.88318)
(18.8868 0 1.83963)
(18.9339 0 1.80842)
(18.9823 0 1.78894)
(14.2423 0 3.52982)
(14.4385 0 3.54384)
(14.6605 0 3.54859)
(14.8921 0 3.54293)
(15.1244 0 3.52664)
(15.3566 0 3.49969)
(15.5885 0 3.46212)
(15.8194 0 3.41416)
(16.0478 0 3.35629)
(16.2721 0 3.28915)
(16.4912 0 3.21359)
(16.704 0 3.13059)
(16.9095 0 3.04125)
(17.107 0 2.94678)
(17.2959 0 2.84842)
(17.4757 0 2.74748)
(17.6462 0 2.64527)
(17.8071 0 2.54308)
(17.9586 0 2.44222)
(18.1008 0 2.34392)
(18.2339 0 2.2494)
(18.3584 0 2.15977)
(18.4747 0 2.07613)
(18.5832 0 1.99958)
(18.6845 0 1.93121)
(18.7791 0 1.87212)
(18.8677 0 1.82336)
(18.9509 0 1.78585)
(19.0289 0 1.76043)
(19.1193 0 1.74737)
(14.1512 0 3.20768)
(14.3352 0 3.22096)
(14.5436 0 3.2265)
(14.7613 0 3.22332)
(14.9804 0 3.21118)
(15.1999 0 3.19003)
(15.4202 0 3.15983)
(15.6405 0 3.1207)
(15.8595 0 3.07296)
(16.0761 0 3.01707)
(16.2892 0 2.95368)
(16.4978 0 2.88356)
(16.7011 0 2.8076)
(16.8984 0 2.72678)
(17.089 0 2.64215)
(17.2726 0 2.55483)
(17.4487 0 2.46597)
(17.6171 0 2.37671)
(17.7779 0 2.28823)
(17.931 0 2.20167)
(18.0767 0 2.11816)
(18.2152 0 2.0388)
(18.3468 0 1.96464)
(18.4721 0 1.89678)
(18.5914 0 1.83628)
(18.7053 0 1.78423)
(18.8145 0 1.7417)
(18.9196 0 1.70976)
(19.0207 0 1.6895)
(19.1433 0 1.68177)
(14.0595 0 2.89754)
(14.2329 0 2.90997)
(14.4292 0 2.91592)
(14.6347 0 2.91457)
(14.8419 0 2.90569)
(15.05 0 2.88919)
(15.2595 0 2.86499)
(15.4699 0 2.83316)
(15.68 0 2.79387)
(15.8889 0 2.74748)
(16.0956 0 2.69445)
(16.2992 0 2.6354)
(16.499 0 2.57102)
(16.6943 0 2.50213)
(16.8845 0 2.4296)
(17.0691 0 2.35439)
(17.2479 0 2.27748)
(17.4205 0 2.1999)
(17.5868 0 2.12268)
(17.7468 0 2.04688)
(17.9007 0 1.97352)
(18.0486 0 1.90366)
(18.1908 0 1.83831)
(18.3278 0 1.77851)
(18.4599 0 1.72531)
(18.5877 0 1.67976)
(18.7119 0 1.64295)
(18.8332 0 1.61599)
(18.9516 0 1.60012)
(19.0986 0 1.59653)
(13.969 0 2.59776)
(14.1329 0 2.60925)
(14.3186 0 2.61534)
(14.5132 0 2.61531)
(14.7098 0 2.60896)
(14.9077 0 2.59618)
(15.1075 0 2.5769)
(15.3087 0 2.5511)
(15.5105 0 2.51891)
(15.712 0 2.48056)
(15.9123 0 2.43641)
(16.1106 0 2.38692)
(16.3063 0 2.33265)
(16.4988 0 2.27426)
(16.6874 0 2.21247)
(16.8718 0 2.14809)
(17.0515 0 2.08197)
(17.2262 0 2.015)
(17.3959 0 1.94809)
(17.5604 0 1.88219)
(17.7199 0 1.81826)
(17.8744 0 1.75724)
(18.0242 0 1.7001)
(18.1696 0 1.64783)
(18.3112 0 1.60141)
(18.4494 0 1.56187)
(18.5848 0 1.53028)
(18.7183 0 1.50775)
(18.8501 0 1.49553)
(19.0159 0 1.49495)
(13.8812 0 2.30692)
(14.0368 0 2.31739)
(14.2131 0 2.32338)
(14.3981 0 2.32426)
(14.5853 0 2.31985)
(14.7741 0 2.31006)
(14.9651 0 2.2948)
(15.158 0 2.27402)
(15.3521 0 2.24779)
(15.5466 0 2.21628)
(15.7408 0 2.17975)
(15.9339 0 2.13856)
(16.1253 0 2.09313)
(16.3146 0 2.04401)
(16.5011 0 1.99179)
(16.6843 0 1.93714)
(16.864 0 1.88078)
(17.0398 0 1.82348)
(17.2115 0 1.76604)
(17.379 0 1.7093)
(17.5424 0 1.65411)
(17.7017 0 1.60135)
(17.8572 0 1.5519)
(18.0091 0 1.50667)
(18.1579 0 1.4666)
(18.3042 0 1.43264)
(18.4485 0 1.40581)
(18.5917 0 1.3872)
(18.7341 0 1.37799)
(18.9149 0 1.37952)
(13.7977 0 2.02348)
(13.946 0 2.03288)
(14.114 0 2.03857)
(14.2906 0 2.04003)
(14.4695 0 2.0371)
(14.6503 0 2.02969)
(14.8334 0 2.01771)
(15.0189 0 2.0011)
(15.206 0 1.9799)
(15.3941 0 1.95422)
(15.5825 0 1.92425)
(15.7706 0 1.89025)
(15.9579 0 1.85258)
(16.1438 0 1.81166)
(16.3278 0 1.76796)
(16.5095 0 1.72205)
(16.6885 0 1.67454)
(16.8646 0 1.62606)
(17.0374 0 1.57732)
(17.207 0 1.52905)
(17.3732 0 1.48199)
(17.5361 0 1.43693)
(17.696 0 1.39467)
(17.8531 0 1.35604)
(18.0078 0 1.32188)
(18.1606 0 1.2931)
(18.3122 0 1.27063)
(18.4633 0 1.25547)
(18.6145 0 1.24872)
(18.8074 0 1.25165)
(13.72 0 1.74633)
(13.862 0 1.75462)
(14.0228 0 1.75986)
(14.1921 0 1.76163)
(14.3637 0 1.75979)
(14.5374 0 1.75427)
(14.7137 0 1.74497)
(14.8925 0 1.73184)
(15.0734 0 1.71489)
(15.2557 0 1.69419)
(15.4388 0 1.66989)
(15.6222 0 1.64217)
(15.8055 0 1.61132)
(15.9881 0 1.57767)
(16.1696 0 1.5416)
(16.3495 0 1.50357)
(16.5275 0 1.46407)
(16.7034 0 1.42366)
(16.8768 0 1.38293)
(17.0477 0 1.34248)
(17.2159 0 1.30299)
(17.3817 0 1.26512)
(17.545 0 1.22959)
(17.7062 0 1.19714)
(17.8656 0 1.16851)
(18.0238 0 1.14453)
(18.1814 0 1.12602)
(18.3393 0 1.11391)
(18.4979 0 1.10916)
(18.7009 0 1.11293)
(13.6494 0 1.47355)
(13.786 0 1.48067)
(13.9408 0 1.48533)
(14.1037 0 1.48718)
(14.2692 0 1.48612)
(14.4368 0 1.48208)
(14.6071 0 1.47497)
(14.7802 0 1.46474)
(14.9555 0 1.45139)
(15.1327 0 1.43497)
(15.3111 0 1.41557)
(15.4903 0 1.39335)
(15.6699 0 1.36852)
(15.8494 0 1.34132)
(16.0284 0 1.31208)
(16.2065 0 1.28115)
(16.3833 0 1.24894)
(16.5586 0 1.2159)
(16.7322 0 1.18251)
(16.9039 0 1.1493)
(17.0736 0 1.11682)
(17.2414 0 1.08565)
(17.4074 0 1.05639)
(17.5719 0 1.02969)
(17.7352 0 1.0062)
(17.8979 0 0.986631)
(18.0605 0 0.971723)
(18.2239 0 0.962265)
(18.3887 0 0.959103)
(18.6001 0 0.963288)
(13.5874 0 1.20491)
(13.7195 0 1.21083)
(13.8691 0 1.21482)
(14.0268 0 1.2166)
(14.187 0 1.21608)
(14.3495 0 1.2132)
(14.5147 0 1.2079)
(14.6829 0 1.20014)
(14.8536 0 1.18989)
(15.0264 0 1.17719)
(15.2007 0 1.16211)
(15.3762 0 1.14476)
(15.5525 0 1.1253)
(15.7292 0 1.10392)
(15.9059 0 1.08086)
(16.0822 0 1.0564)
(16.2578 0 1.03088)
(16.4324 0 1.00464)
(16.6059 0 0.978068)
(16.778 0 0.951599)
(16.9487 0 0.92568)
(17.1181 0 0.900788)
(17.2862 0 0.877428)
(17.4532 0 0.85613)
(17.6196 0 0.837452)
(17.7859 0 0.821984)
(17.9526 0 0.810353)
(18.1206 0 0.803226)
(18.2905 0 0.80131)
(18.5089 0 0.805507)
(13.5355 0 0.936571)
(13.6639 0 0.941227)
(13.8094 0 0.944427)
(13.9627 0 0.945948)
(14.1187 0 0.945732)
(14.277 0 0.943735)
(14.4381 0 0.939902)
(14.6023 0 0.934191)
(14.7691 0 0.926592)
(14.9382 0 0.917121)
(15.1091 0 0.905828)
(15.2815 0 0.892792)
(15.455 0 0.878124)
(15.6292 0 0.861971)
(15.8039 0 0.844511)
(15.9786 0 0.825957)
(16.153 0 0.806551)
(16.3269 0 0.786568)
(16.5001 0 0.766307)
(16.6724 0 0.746097)
(16.8437 0 0.72629)
(17.0141 0 0.70726)
(17.1838 0 0.689406)
(17.3528 0 0.673149)
(17.5216 0 0.658935)
(17.6906 0 0.647238)
(17.8605 0 0.638564)
(18.0322 0 0.633455)
(18.2062 0 0.632488)
(18.4298 0 0.636442)
(13.4946 0 0.671665)
(13.6202 0 0.675097)
(13.7624 0 0.677513)
(13.9125 0 0.678744)
(14.0652 0 0.678752)
(14.2202 0 0.677511)
(14.3781 0 0.674981)
(14.5392 0 0.67113)
(14.703 0 0.665947)
(14.8692 0 0.659442)
(15.0374 0 0.651647)
(15.2073 0 0.642614)
(15.3786 0 0.632419)
(15.5509 0 0.621161)
(15.7239 0 0.608964)
(15.8972 0 0.595976)
(16.0706 0 0.582368)
(16.2438 0 0.568331)
(16.4167 0 0.55408)
(16.589 0 0.539848)
(16.7607 0 0.525888)
(16.9318 0 0.512471)
(17.1025 0 0.499885)
(17.2729 0 0.488437)
(17.4434 0 0.478455)
(17.6145 0 0.470292)
(17.7869 0 0.464327)
(17.9613 0 0.460978)
(18.1385 0 0.460691)
(18.3664 0 0.464093)
(13.4661 0 0.399759)
(13.5898 0 0.401831)
(13.7297 0 0.403301)
(13.8774 0 0.404027)
(14.0278 0 0.404003)
(14.1804 0 0.403231)
(14.3361 0 0.401687)
(14.4949 0 0.399351)
(14.6565 0 0.396217)
(14.8206 0 0.392291)
(14.9868 0 0.387592)
(15.1549 0 0.382153)
(15.3245 0 0.376017)
(15.4953 0 0.369245)
(15.667 0 0.361912)
(15.8392 0 0.354104)
(16.0117 0 0.345925)
(16.1842 0 0.337491)
(16.3567 0 0.328931)
(16.5288 0 0.320386)
(16.7006 0 0.312011)
(16.872 0 0.303969)
(17.0432 0 0.296438)
(17.2144 0 0.289608)
(17.3859 0 0.283681)
(17.5583 0 0.278881)
(17.7321 0 0.275458)
(17.9083 0 0.273708)
(18.0876 0 0.274015)
(18.3176 0 0.27714)
(13.2301 0 0.134925)
(13.3501 0 0.135848)
(13.486 0 0.13656)
(13.6297 0 0.136993)
(13.776 0 0.137157)
(13.9245 0 0.137056)
(14.076 0 0.136682)
(14.2305 0 0.136026)
(14.3878 0 0.135082)
(14.5476 0 0.133853)
(14.7094 0 0.132344)
(14.873 0 0.130566)
(15.038 0 0.128532)
(15.2042 0 0.126263)
(15.3711 0 0.123784)
(15.5385 0 0.121125)
(15.7062 0 0.118323)
(15.8738 0 0.115417)
(16.0411 0 0.112454)
(16.2081 0 0.109483)
(16.3746 0 0.10656)
(16.5406 0 0.103742)
(16.7063 0 0.101095)
(16.8719 0 0.0986854)
(17.0378 0 0.0965884)
(17.2045 0 0.0948867)
(17.3726 0 0.0936779)
(17.5432 0 0.0930907)
(17.7174 0 0.0933252)
(17.9428 0 0.0949801)
)
;

boundaryField
{
    inlet
    {
        type            fixedValue;
        value           uniform (10 0 0);
    }
    outlet
    {
        type            zeroGradient;
    }
    flap
    {
        type            movingWallVelocity;
        value           nonuniform List<vector> 
33
(
(0 0 6.93889e-16)
(0 0 0)
(0 0 0)
(0 0 0)
(0 0 0)
(0 0 0)
(0 0 0)
(0 0 0)
(0 0 0)
(0 0 0)
(0 0 0)
(0 0 -1.11022e-14)
(0 0 -1.11022e-14)
(0 0 -1.11022e-14)
(0 0 -2.22045e-14)
(6.93889e-16 -2.77556e-15 0)
(0 -2.77556e-15 0)
(0 0 0)
(0 0 6.93889e-16)
(0 0 0)
(0 0 0)
(0 0 0)
(0 0 0)
(0 0 0)
(0 0 -5.55112e-15)
(0 0 0)
(0 0 -1.11022e-14)
(0 0 0)
(0 0 0)
(0 0 0)
(0 0 0)
(0 -2.77556e-15 -1.11022e-14)
(0 0 -1.11022e-14)
)
;
    }
    upperWall
    {
        type            noSlip;
    }
    lowerWall
    {
        type            noSlip;
    }
    frontAndBack
    {
        type            empty;
    }
}


// ************************************************************************* //
