/*--------------------------------*- C++ -*----------------------------------*\
  =========                 |
  \\      /  F ield         | OpenFOAM: The Open Source CFD Toolbox
   \\    /   O peration     | Website:  https://openfoam.org
    \\  /    A nd           | Version:  dev
     \\/     M anipulation  |
\*---------------------------------------------------------------------------*/
FoamFile
{
    version     2.0;
    format      ascii;
    class       surfaceScalarField;
    location    "8";
    object      phi;
}
// * * * * * * * * * * * * * * * * * * * * * * * * * * * * * * * * * * * * * //

dimensions      [0 3 -1 0 0 0 0];

internalField   nonuniform List<scalar> 
5457
(
0.198418
0.00158237
0.19648
0.00193735
0.194192
0.00228806
0.191509
0.00268356
0.188427
0.00308117
0.184951
0.00347674
0.181072
0.00387855
0.176778
0.00429399
0.17205
0.00472821
0.166865
0.00518522
0.161196
0.00566851
0.155015
0.00618105
0.14829
0.006725
0.140989
0.00730139
0.133079
0.00790956
0.124533
0.00854652
0.115327
0.00920597
0.10545
0.00987726
0.0949054
0.0105442
0.0837218
0.0111836
0.0719571
0.0117647
0.0597087
0.0122483
0.04712
0.0125887
0.0343799
0.0127402
0.0216849
0.012695
0.00903477
0.0126501
-0.00291798
0.0119528
-0.00847285
0.00555487
-0.00804327
-0.000429576
-0.00804327
0.199928
0.00165421
0.199176
0.00268978
0.197965
0.00349898
0.196332
0.00431671
0.194272
0.0051412
0.191782
0.00596679
0.188855
0.00680551
0.185478
0.00767084
0.181633
0.00857311
0.177297
0.00952063
0.172445
0.0105206
0.167047
0.0115794
0.16107
0.0127018
0.154481
0.0138904
0.147246
0.0151447
0.139333
0.0164597
0.130715
0.017824
0.121375
0.0192175
0.11131
0.0206091
0.10054
0.0219535
0.0891151
0.0231892
0.0771274
0.024236
0.0647214
0.0249947
0.052114
0.0253476
0.0396537
0.0251552
0.0281039
0.0241999
0.0185934
0.0214633
0.00879557
0.0153527
0.00118269
0.0071833
-0.00686058
0.199781
0.00187364
0.199087
0.00338361
0.197946
0.0046399
0.196409
0.00585331
0.194483
0.00706731
0.192164
0.00828581
0.189447
0.00952293
0.186321
0.0107963
0.182773
0.012121
0.178784
0.0135095
0.174332
0.0149728
0.169391
0.0165205
0.163933
0.0181604
0.157925
0.0198976
0.151337
0.021733
0.144135
0.0236616
0.13629
0.0256696
0.127776
0.0277315
0.118579
0.0298061
0.108701
0.0318316
0.0981686
0.0337212
0.0870462
0.0353584
0.0754494
0.0365915
0.0635723
0.0372248
0.0517305
0.036997
0.0403955
0.035535
0.0297374
0.0321214
0.0191649
0.0259252
0.00959693
0.0167513
0.00273635
0.199703
0.00217057
0.199008
0.00407891
0.197887
0.00576041
0.196376
0.0073642
0.194488
0.0089554
0.192222
0.0105518
0.189575
0.0121706
0.186539
0.0138323
0.183104
0.0155555
0.179258
0.017356
0.174983
0.0192478
0.17026
0.0212432
0.165068
0.0233522
0.159384
0.0255819
0.153182
0.0279348
0.146437
0.0304068
0.139122
0.0329841
0.131215
0.035639
0.122696
0.0383254
0.113555
0.0409726
0.103798
0.0434782
0.0934549
0.0457011
0.0825936
0.0474528
0.0713308
0.0484876
0.0598389
0.0484889
0.0483151
0.0470588
0.0368094
0.0436271
0.0251868
0.0375478
0.013335
0.028603
0.0160713
0.199667
0.00250315
0.198964
0.00478216
0.197863
0.00686171
0.196381
0.00884586
0.194532
0.0108042
0.192318
0.0127664
0.189734
0.0147544
0.186775
0.0167909
0.183434
0.0188971
0.179698
0.0210917
0.175555
0.0233908
0.17099
0.0258083
0.165986
0.028356
0.160526
0.0310422
0.15459
0.0338705
0.14816
0.0368375
0.141214
0.03993
0.133732
0.0431206
0.125695
0.0463624
0.117085
0.0495821
0.107892
0.0526719
0.0981126
0.0554803
0.0877625
0.0578028
0.0768764
0.0593736
0.0655065
0.0598588
0.0537059
0.0588594
0.0414522
0.0558808
0.0285864
0.0504136
0.0148517
0.0423378
0.030923
0.199653
0.00285035
0.198949
0.00548621
0.197871
0.00793963
0.196427
0.01029
0.194627
0.0126041
0.192473
0.0149199
0.189964
0.017264
0.187093
0.0196617
0.183853
0.0221364
0.180236
0.024709
0.17623
0.0273973
0.171821
0.030217
0.166996
0.0331808
0.16174
0.0362982
0.156037
0.0395735
0.14987
0.0430042
0.143222
0.0465784
0.136073
0.0502702
0.1284
0.0540349
0.12018
0.057802
0.111386
0.0614665
0.101987
0.0648793
0.0919522
0.0678372
0.0812513
0.0700745
0.0698514
0.0712586
0.0577143
0.0709966
0.0447584
0.0688366
0.0308475
0.0643246
0.0158723
0.057313
0.0467953
0.19965
0.00320028
0.198954
0.00618218
0.197904
0.00898924
0.196505
0.0116897
0.194763
0.0143463
0.192681
0.0170019
0.190257
0.0196876
0.187487
0.0224313
0.184365
0.0252585
0.180882
0.0281919
0.177028
0.0312513
0.172792
0.0344536
0.16816
0.037813
0.163118
0.0413399
0.157652
0.0450398
0.151744
0.0489119
0.145376
0.0529461
0.138527
0.0571199
0.131168
0.0613934
0.123267
0.0657031
0.11478
0.0699535
0.105652
0.0740074
0.0958136
0.0776753
0.0851829
0.0807053
0.0736649
0.0827766
0.0611583
0.0835032
0.0475524
0.0824424
0.0327565
0.0791205
0.0167818
0.0732878
0.063577
0.199655
0.00354563
0.198975
0.00686228
0.197959
0.010005
0.19661
0.0130384
0.194934
0.0160224
0.192934
0.0190024
0.190608
0.0220137
0.187952
0.0250865
0.184962
0.0282484
0.18163
0.031524
0.177947
0.0349347
0.173901
0.038499
0.169482
0.0422326
0.164674
0.0461474
0.159463
0.0502508
0.153831
0.0545444
0.147755
0.0590215
0.141211
0.0636649
0.134162
0.068442
0.126565
0.0733003
0.118359
0.0781591
0.109466
0.0829007
0.0997829
0.0873585
0.0891833
0.0913048
0.077521
0.0944389
0.0646434
0.0963808
0.0504139
0.0966719
0.0347654
0.0947689
0.0177883
0.0902649
0.0813654
0.199664
0.00388145
0.199006
0.00752007
0.19803
0.0109812
0.196739
0.0143298
0.195137
0.0176244
0.193227
0.0209122
0.191009
0.0242315
0.188481
0.0276151
0.185637
0.0310924
0.182471
0.0346897
0.178976
0.0384301
0.175141
0.0423339
0.170955
0.0464185
0.166404
0.0506978
0.161473
0.055182
0.156142
0.0598759
0.150385
0.064778
0.144172
0.0698781
0.13746
0.0751539
0.130193
0.0805672
0.122295
0.0860573
0.113663
0.0915324
0.104164
0.0968575
0.0936291
0.10184
0.0818596
0.106208
0.0686443
0.109596
0.0537973
0.111519
0.0372329
0.111333
0.0190814
0.108416
0.100447
0.199677
0.00420422
0.199047
0.0081503
0.198116
0.0119125
0.196887
0.0155581
0.195367
0.0191452
0.193556
0.0227228
0.191456
0.0263313
0.189065
0.0300058
0.18638
0.0337776
0.183395
0.0376745
0.180104
0.0417213
0.176498
0.0459401
0.172566
0.0503501
0.168296
0.054968
0.163671
0.0598069
0.158671
0.0648763
0.153268
0.0701809
0.147427
0.0757193
0.141099
0.081482
0.134218
0.0874484
0.126693
0.0935823
0.118401
0.099824
0.109179
0.10608
0.0988137
0.112205
0.0870462
0.117976
0.0735833
0.123059
0.0581423
0.12696
0.0405469
0.128929
0.0208985
0.128065
0.121345
0.199693
0.00451128
0.199095
0.00874866
0.198213
0.0127941
0.197053
0.0167177
0.19562
0.0205786
0.193916
0.0244265
0.191943
0.0283042
0.1897
0.0322486
0.187185
0.0362925
0.184395
0.0404654
0.181322
0.0447934
0.177962
0.0493006
0.174304
0.0540081
0.170337
0.0589353
0.166044
0.0640991
0.161407
0.0695138
0.156396
0.0751914
0.150975
0.0811407
0.145091
0.0873664
0.138671
0.0938682
0.131615
0.100638
0.123785
0.107654
0.11499
0.114875
0.104976
0.122219
0.0934112
0.129541
0.0798896
0.136581
0.0639596
0.14289
0.0452277
0.147661
0.0236074
0.149685
0.144953
0.199711
0.00480058
0.199148
0.00931166
0.19832
0.0136216
0.197234
0.0178039
0.195894
0.0219187
0.194303
0.0260169
0.192465
0.0301427
0.190379
0.0343347
0.188044
0.0386272
0.185459
0.0430509
0.182619
0.0476334
0.179519
0.0524002
0.176152
0.0573748
0.172509
0.0625789
0.168575
0.0680331
0.164331
0.0737572
0.159753
0.0797702
0.154802
0.0860915
0.149428
0.0927407
0.143557
0.0997388
0.137087
0.107107
0.129873
0.114868
0.121709
0.123039
0.112307
0.131622
0.101264
0.140584
0.0880344
0.14981
0.0719116
0.159013
0.0520759
0.167496
0.0278789
0.173882
0.172832
0.19973
0.0050705
0.199205
0.00983641
0.198435
0.0143916
0.197427
0.0188126
0.196185
0.0231607
0.194714
0.027488
0.193016
0.03184
0.191094
0.0362566
0.188949
0.040773
0.186578
0.0454212
0.183982
0.0502299
0.181156
0.0552261
0.178096
0.0604347
0.174795
0.0658801
0.171242
0.0715862
0.167422
0.0775774
0.163312
0.0838797
0.158882
0.090522
0.154084
0.097538
0.148854
0.104969
0.143097
0.112865
0.136674
0.121291
0.129385
0.130328
0.120933
0.140074
0.110871
0.150645
0.098529
0.162152
0.0828852
0.174657
0.0624197
0.187962
0.0351133
0.201189
0.207945
0.199751
0.00531978
0.199266
0.0103206
0.198557
0.015101
0.19763
0.01974
0.19649
0.0243005
0.195143
0.0288352
0.193592
0.0333908
0.19184
0.0380079
0.18989
0.0427229
0.187743
0.0475683
0.185399
0.0525739
0.182858
0.0577673
0.180118
0.0631752
0.177174
0.0688236
0.174021
0.074739
0.170649
0.0809496
0.167042
0.087487
0.163176
0.0943879
0.159017
0.101697
0.154513
0.109472
0.14959
0.117788
0.144137
0.126744
0.137985
0.13648
0.130875
0.147184
0.122393
0.159128
0.111842
0.172702
0.097995
0.188504
0.0785117
0.207445
0.0486421
0.231058
0.256587
0.199772
0.00554747
0.19933
0.0107625
0.198684
0.0157474
0.197841
0.0205836
0.196806
0.0253348
0.195587
0.0300548
0.194187
0.0347908
0.19261
0.0395841
0.190862
0.0444716
0.188944
0.0494863
0.186859
0.0546583
0.184611
0.060016
0.182199
0.0655867
0.179625
0.0713975
0.176888
0.0774767
0.173982
0.0838548
0.170903
0.0905667
0.167636
0.0976542
0.164164
0.105169
0.160457
0.113179
0.156471
0.121774
0.15214
0.131075
0.147364
0.141256
0.141984
0.152565
0.135735
0.165376
0.128148
0.180289
0.118281
0.198371
0.103882
0.221844
0.0776434
0.257297
0.33423
0.00382723
-0.00382723
0.00747938
-0.00365215
0.0104875
-0.00300813
0.0128235
-0.00233602
0.0145568
-0.00173323
0.0157665
-0.0012097
0.0165254
-0.000758975
0.0169014
-0.00037597
0.0169665
-6.50952e-05
0.0167711
0.000195362
0.0163897
0.000381441
0.0158774
0.000512286
0.0152817
0.000595669
0.014646
0.000635759
0.0140087
0.000637319
0.0134024
0.000606274
0.012852
0.000550399
0.0123736
0.000478424
0.011974
0.00039959
0.0116513
0.000322648
0.0113968
0.000254509
0.0111974
0.000199392
0.0110382
0.000159208
0.0109044
0.000133826
0.0107835
0.000120872
0.0106665
0.000116987
0.0105477
0.000118851
0.010424
0.000123637
0.0102967
0.000127338
0.000106269
0.00354368
-0.00737091
0.00695246
-0.00706093
0.00982683
-0.00588249
0.0121505
-0.00465966
0.0139917
-0.00357442
0.0154224
-0.00264046
0.0165064
-0.00184297
0.0172983
-0.00116781
0.0178357
-0.000602563
0.0181638
-0.000132688
0.0182978
0.000247433
0.0182801
0.000530019
0.0181591
0.000716627
0.017977
0.000817817
0.0177723
0.000842061
0.0175775
0.000801105
0.017417
0.000710885
0.0173066
0.00058877
0.017253
0.000453182
0.0172541
0.000321549
0.0173011
0.000207561
0.0173808
0.000119649
0.0174784
6.16818e-05
0.0175796
3.25976e-05
0.0176746
2.59046e-05
0.0177573
3.41993e-05
0.0178255
5.06663e-05
0.0178788
7.03607e-05
0.0179177
8.84917e-05
9.53222e-05
0.00300303
-0.0103739
0.00580198
-0.00985988
0.00812895
-0.00820947
0.0100099
-0.00654063
0.0115145
-0.00507898
0.0127015
-0.00382748
0.0136207
-0.00276218
0.0143156
-0.0018627
0.01483
-0.00111693
0.0152134
-0.000516101
0.0154986
-3.77715e-05
0.0156777
0.000350865
0.015778
0.00061634
0.0158262
0.000769597
0.015849
0.000819264
0.0158683
0.000781797
0.0159005
0.000678753
0.0159554
0.000533884
0.016036
0.000372515
0.0161385
0.000219092
0.0162521
9.39477e-05
0.0163603
1.1443e-05
0.0164551
-3.30576e-05
0.0165366
-4.89604e-05
0.0166098
-4.72517e-05
0.0166809
-3.69378e-05
0.0167551
-2.35089e-05
0.0168324
-7.00124e-06
0.0169032
1.77257e-05
5.67496e-05
0.00240701
-0.012781
0.00448492
-0.0119378
0.00614217
-0.00986672
0.00747075
-0.00786921
0.00853909
-0.00614732
0.00939012
-0.00467851
0.0100574
-0.00342949
0.0105676
-0.00237291
0.0109485
-0.00149778
0.0112357
-0.000803317
0.0114705
-0.000272587
0.0116693
0.000152114
0.0118096
0.000476011
0.0119071
0.000672097
0.0119811
0.000745305
0.0120427
0.000720197
0.012099
0.000622362
0.012154
0.00047892
0.0122071
0.000319397
0.0122545
0.000171759
0.0122902
5.82355e-05
0.0123104
-8.79242e-06
0.0123084
-3.10782e-05
0.0122873
-2.78141e-05
0.0122486
-8.62388e-06
0.012194
1.7729e-05
0.012132
3.84928e-05
0.0120668
5.82289e-05
0.0119992
8.52601e-05
0.000119212
0.00171479
-0.0144957
0.00298788
-0.0132109
0.00390134
-0.0107802
0.00461137
-0.00857924
0.00517749
-0.00671344
0.00562946
-0.00513048
0.00598883
-0.00378886
0.00626711
-0.00265119
0.00647647
-0.00170714
0.00663928
-0.000966125
0.00678584
-0.00041915
0.00694689
-8.93111e-06
0.00704676
0.00037614
0.00710415
0.000614706
0.00712443
0.000725032
0.00711108
0.000733542
0.00706717
0.000666278
0.00699539
0.000550693
0.0068984
0.000416392
0.00677924
0.000290918
0.00664344
0.000194035
0.00648946
0.00014519
0.00630734
0.000151039
0.00607552
0.000204005
0.00579034
0.000276558
0.00546971
0.00033836
0.00513343
0.000374776
0.00480087
0.000390781
0.00449359
0.000392547
0.000346592
0.000924811
-0.0154205
0.0013054
-0.0135915
0.00142307
-0.0108979
0.0014628
-0.00861896
0.00145626
-0.0067069
0.00143268
-0.0051069
0.00140594
-0.00376212
0.00138405
-0.00262929
0.001373
-0.00169609
0.00139376
-0.000986884
0.00143319
-0.000458583
0.00138845
3.58086e-05
0.00131361
0.000450975
0.00117436
0.000753963
0.000977027
0.000922362
0.000711524
0.000999045
0.00037032
0.00100748
-4.05537e-05
0.000961566
-0.000499822
0.00087566
-0.00098362
0.000774716
-0.00147094
0.00068136
-0.00193818
0.000612423
-0.00236144
0.000574306
-0.00272539
0.000567951
-0.00303412
0.000585288
-0.00330739
0.00061163
-0.00356516
0.000632544
-0.0038138
0.000639423
-0.00403705
0.000615796
0.000539169
-4.67717e-05
-0.0153738
-0.000566627
-0.0130716
-0.00126848
-0.010196
-0.00197126
-0.00791619
-0.00263896
-0.0060392
-0.00324102
-0.00450484
-0.00376148
-0.00324165
-0.00420152
-0.00218926
-0.00459736
-0.00130024
-0.00503114
-0.000553103
-0.00553614
4.64141e-05
-0.00597568
0.000475346
-0.00629717
0.00077247
-0.00657695
0.00103374
-0.00687913
0.00122455
-0.00721777
0.00133768
-0.00759079
0.0013805
-0.00799206
0.00136284
-0.00841569
0.00129929
-0.00885253
0.00121156
-0.00929104
0.00111987
-0.00971597
0.00103735
-0.0101098
0.000968123
-0.0104544
0.000912545
-0.0107398
0.00087071
-0.0109706
0.000842392
-0.0111616
0.00082362
-0.011326
0.00080376
-0.0114711
0.000760919
0.000698521
-0.00102429
-0.0143495
-0.00257348
-0.0115224
-0.0041621
-0.00860738
-0.00569642
-0.00638186
-0.00710598
-0.00462964
-0.00837271
-0.00323811
-0.00948939
-0.00212497
-0.0104593
-0.00121938
-0.0112996
-0.000459961
-0.0119973
0.000144681
-0.0125211
0.000570158
-0.0129267
0.000880937
-0.0132998
0.00114555
-0.0136373
0.00137133
-0.0139594
0.00154661
-0.0142829
0.00166122
-0.0146143
0.0017119
-0.014955
0.00170348
-0.0153061
0.00165039
-0.0156679
0.00157337
-0.0160377
0.00148966
-0.0164062
0.0014059
-0.0167571
0.00131898
-0.0170698
0.00122531
-0.0173284
0.00112923
-0.0175289
0.00104292
-0.0176814
0.000976147
-0.0178024
0.000924694
-0.0179133
0.000871824
0.000828131
-0.00215702
-0.0121925
-0.00474622
-0.00893322
-0.00730594
-0.00604766
-0.00966495
-0.00402285
-0.0117412
-0.00255343
-0.0135243
-0.00145498
-0.0150268
-0.000622452
-0.0162661
1.98863e-05
-0.0172191
0.000493086
-0.0179161
0.000841617
-0.0184666
0.00112074
-0.0189398
0.00135409
-0.0193481
0.00155391
-0.0197048
0.00172803
-0.0200293
0.00187102
-0.0203382
0.00197013
-0.0206405
0.00201422
-0.0209401
0.0020031
-0.0212411
0.00195135
-0.0215488
0.00188113
-0.0218669
0.00180772
-0.0221912
0.00173017
-0.0225069
0.00163474
-0.0227919
0.00151026
-0.023026
0.00136331
-0.0232021
0.00121905
-0.0233293
0.00110332
-0.0234263
0.00102179
-0.0235182
0.000963652
0.00093596
-0.00350207
-0.0086904
-0.00725104
-0.00518424
-0.0108178
-0.0024809
-0.0139496
-0.000891067
-0.0165766
7.3569e-05
-0.0186595
0.000627907
-0.0202458
0.000963897
-0.0214277
0.00120176
-0.0223289
0.0013943
-0.0230563
0.00156896
-0.023658
0.00172245
-0.0241601
0.00185621
-0.0245814
0.00197526
-0.0249409
0.00208751
-0.0252607
0.00219086
-0.025559
0.00226835
-0.0258438
0.00229904
-0.0261172
0.00227649
-0.026383
0.00221716
-0.0266506
0.0021487
-0.0269299
0.00208707
-0.0272224
0.00202266
-0.0275146
0.00192697
-0.027781
0.00177662
-0.0279962
0.00157856
-0.0281507
0.00137345
-0.0282553
0.00120793
-0.0283332
0.00109976
-0.0284091
0.00103951
0.00102402
-0.00540109
-0.00328931
-0.010927
0.000341709
-0.0153307
0.00192273
-0.0187159
0.00249419
-0.0212523
0.00260993
-0.023181
0.00255665
-0.0246937
0.0024766
-0.0258902
0.00239827
-0.0268395
0.0023436
-0.0275979
0.00232732
-0.028216
0.00234054
-0.0287239
0.00236413
-0.0291407
0.00239209
-0.0294889
0.00243566
-0.0297962
0.00249818
-0.0300839
0.00255599
-0.0303573
0.00257253
-0.0306125
0.00253166
-0.0308501
0.00245471
-0.0310833
0.00238199
-0.0313309
0.00233464
-0.031601
0.00229274
-0.0318807
0.00220671
-0.0321385
0.00203439
-0.0323406
0.00178068
-0.0324737
0.00150656
-0.0325538
0.00128806
-0.0326117
0.00115763
-0.0326715
0.00109926
0.00109322
-0.00791031
0.004621
-0.0143654
0.0067968
-0.019058
0.00661536
-0.0225733
0.00600947
-0.0252278
0.00526439
-0.0272378
0.00456669
-0.0287756
0.00401441
-0.0299686
0.00359131
-0.0308975
0.00327246
-0.0316318
0.00306161
-0.0322303
0.002939
-0.0327217
0.00285557
-0.033117
0.00278738
-0.033438
0.00275666
-0.0337219
0.00278204
-0.0339967
0.0028308
-0.0342633
0.00283914
-0.0345054
0.00277381
-0.0347165
0.00266579
-0.034915
0.00258046
-0.0351323
0.00255197
-0.0353865
0.00254694
-0.0356646
0.00248473
-0.0359247
0.00229448
-0.0361194
0.00197543
-0.0362293
0.00161649
-0.036279
0.0013377
-0.0363126
0.00119126
-0.0363556
0.00114228
0.00114465
-0.00988315
0.0145042
-0.0176048
0.0145184
-0.0229684
0.0119789
-0.0266657
0.00970681
-0.0293021
0.00790075
-0.0311984
0.00646306
-0.0326168
0.00543273
-0.0337147
0.00468923
-0.0345538
0.0041116
-0.0352062
0.003714
-0.0357484
0.00348122
-0.0362057
0.00331285
-0.0365649
0.00314652
-0.0368395
0.00303128
-0.0370841
0.00302668
-0.0373424
0.00308909
-0.0376081
0.00310486
-0.0378429
0.00300856
-0.0380254
0.00284833
-0.0381817
0.00273675
-0.0383645
0.00273482
-0.0386071
0.00278953
-0.0388951
0.00277269
-0.0391707
0.0025701
-0.0393649
0.0021696
-0.0394472
0.0016988
-0.0394553
0.00134583
-0.0394576
0.00119352
-0.0394845
0.00116917
0.00118095
-0.0131189
0.027623
-0.0226337
0.0240332
-0.0280159
0.0173612
-0.031272
0.0129629
-0.0335859
0.0102147
-0.0351186
0.00799574
-0.0362255
0.00653963
-0.0371342
0.00559792
-0.037822
0.00479945
-0.0383314
0.00422337
-0.0387813
0.00393117
-0.0391985
0.00373004
-0.039513
0.00346103
-0.0397146
0.00323284
-0.039894
0.0032061
-0.0401304
0.00332549
-0.0404069
0.00338135
-0.0406444
0.00324604
-0.0407932
0.00299718
-0.040891
0.00283452
-0.0410277
0.0028715
-0.0412611
0.0030229
-0.041573
0.00308465
-0.0418814
0.00287852
-0.042084
0.00237218
-0.0421309
0.00174573
-0.0420789
0.00129378
-0.0420382
0.00115277
-0.0420527
0.00118371
0.00120974
-0.0186785
0.0463015
-0.0302169
0.0355716
-0.0349105
0.0220547
-0.0364828
0.0145352
-0.0381443
0.0118761
-0.0389413
0.00879278
-0.0394607
0.00705902
-0.0401677
0.00630496
-0.0407194
0.00535115
-0.0410064
0.00451038
-0.0413041
0.00422885
-0.041685
0.00411095
-0.0419572
0.00373324
-0.0420499
0.00332555
-0.0421214
0.0032775
-0.042332
0.00353612
-0.042645
0.0036944
-0.0429062
0.00350725
-0.0430119
0.00310288
-0.043019
0.00284157
-0.043085
0.00293754
-0.0433089
0.00324675
-0.0436624
0.00343818
-0.0440266
0.00324271
-0.0442501
0.00259568
-0.0442493
0.00174497
-0.044106
0.00115043
-0.0440025
0.00104934
-0.0440146
0.00119574
0.00125087
0.207447
0.00576022
0.207034
0.0111751
0.206432
0.0163499
0.205647
0.021368
0.204688
0.026294
0.203561
0.0311822
0.202271
0.0360802
0.200826
0.0410298
0.19923
0.0460678
0.197488
0.0512275
0.195608
0.056539
0.193593
0.0620307
0.19145
0.0677301
0.189183
0.0736644
0.186797
0.0798622
0.184297
0.0863549
0.181685
0.0931784
0.178964
0.100376
0.176133
0.108
0.17319
0.116122
0.170132
0.124832
0.166953
0.134254
0.163648
0.144561
0.160218
0.155994
0.156686
0.168908
0.153144
0.183832
0.149954
0.201561
0.148789
0.223009
0.160418
0.245668
0.258884
0.235764
0.21249
0.00595262
0.212118
0.0115479
0.211574
0.0168935
0.210868
0.0220738
0.210008
0.0271544
0.209
0.0321896
0.207853
0.0372272
0.206574
0.0423088
0.205171
0.0474713
0.203651
0.0527474
0.202023
0.0581669
0.200296
0.0637575
0.19848
0.069546
0.196586
0.0755589
0.194624
0.0818238
0.192609
0.0883707
0.190553
0.0952337
0.188475
0.102453
0.186397
0.110079
0.184346
0.118173
0.182362
0.126816
0.180507
0.13611
0.178879
0.146189
0.177649
0.157224
0.177139
0.169419
0.178
0.182971
0.181646
0.197915
0.190674
0.213981
0.206089
0.230252
0.245812
0.219161
0.217658
0.00612254
0.217329
0.0118769
0.21685
0.0173721
0.21623
0.0226934
0.215478
0.0279067
0.214602
0.0330662
0.21361
0.0382193
0.212511
0.0434074
0.211316
0.0486665
0.210034
0.0540288
0.208678
0.0595229
0.20726
0.0651754
0.205795
0.0710115
0.204298
0.0770558
0.202788
0.0833334
0.201288
0.0898713
0.199822
0.0966992
0.198425
0.103851
0.197137
0.111367
0.196014
0.119296
0.195135
0.127694
0.194613
0.136632
0.194618
0.146184
0.195412
0.15643
0.197406
0.167425
0.20121
0.179167
0.207594
0.191531
0.217219
0.204356
0.229813
0.217659
0.228865
0.24676
0.222951
0.00626798
0.22267
0.0121581
0.222262
0.0177802
0.221736
0.0232197
0.2211
0.0285421
0.220365
0.0338016
0.219539
0.0390448
0.218634
0.0443122
0.217662
0.049639
0.216635
0.0550559
0.215567
0.0605901
0.214477
0.0662663
0.213381
0.0721073
0.212302
0.0781349
0.211265
0.0843705
0.2103
0.0908362
0.209444
0.097555
0.208743
0.104552
0.208254
0.111855
0.208056
0.119494
0.20825
0.127501
0.208976
0.135905
0.210428
0.144732
0.212869
0.153989
0.216645
0.163648
0.222177
0.173635
0.229914
0.183794
0.24043
0.19384
0.254644
0.203445
0.210358
0.273151
0.228374
0.00638708
0.228144
0.0123881
0.227812
0.0181127
0.227386
0.0236459
0.226875
0.0290528
0.22629
0.0343866
0.225641
0.0396932
0.224942
0.0450118
0.224205
0.0503762
0.223445
0.0558153
0.222681
0.0613544
0.221932
0.0670157
0.22122
0.072819
0.220573
0.0787823
0.220021
0.0849226
0.219601
0.0912556
0.21936
0.0977967
0.219351
0.104561
0.219645
0.111561
0.22033
0.118809
0.221519
0.126312
0.223356
0.134068
0.226027
0.142062
0.229762
0.150254
0.234842
0.158569
0.241595
0.166881
0.250402
0.174987
0.261709
0.182533
0.27599
0.189163
0.193793
0.292556
0.233929
0.00647815
0.233754
0.0125635
0.233502
0.0183648
0.233182
0.0239661
0.232803
0.0294315
0.232376
0.0348131
0.231914
0.0401554
0.23143
0.0454962
0.230939
0.0508675
0.230458
0.0562961
0.230007
0.061805
0.22961
0.0674133
0.229291
0.0731374
0.229083
0.078991
0.229019
0.0849857
0.229144
0.0911309
0.229507
0.0974335
0.23017
0.103898
0.231207
0.110524
0.23271
0.117306
0.23479
0.124232
0.237583
0.131275
0.241254
0.138391
0.245995
0.145513
0.252026
0.152538
0.259591
0.159317
0.268931
0.165647
0.280227
0.171237
0.293576
0.175815
0.178866
0.308503
0.23962
0.00653971
0.239502
0.0126816
0.239334
0.0185326
0.239125
0.0241752
0.238884
0.0296721
0.238623
0.035074
0.238355
0.0404239
0.238094
0.0457575
0.237856
0.051105
0.237662
0.0564907
0.237532
0.0619348
0.237492
0.0674534
0.23757
0.0730589
0.2378
0.0787607
0.238221
0.0845649
0.238878
0.0904741
0.239824
0.0964875
0.241122
0.1026
0.242847
0.108799
0.245086
0.115067
0.247942
0.121376
0.251535
0.127681
0.256001
0.133925
0.26149
0.140025
0.268157
0.14587
0.276153
0.15132
0.285599
0.156201
0.296542
0.160295
0.308969
0.163387
0.16521
0.322625
0.245448
0.00657049
0.24539
0.0127398
0.24531
0.0186124
0.245217
0.0242687
0.245119
0.0297695
0.245029
0.035164
0.24496
0.0404929
0.244928
0.0457901
0.244949
0.0510834
0.245045
0.0563946
0.245239
0.061741
0.245557
0.0671352
0.24603
0.072586
0.246693
0.0780983
0.247585
0.0836728
0.248753
0.0893064
0.250249
0.094991
0.252136
0.100713
0.254482
0.106453
0.257368
0.112181
0.260883
0.117861
0.265125
0.123439
0.2702
0.12885
0.276213
0.134011
0.283266
0.138818
0.291439
0.143147
0.30078
0.14686
0.311278
0.149797
0.322866
0.151799
0.152735
0.335341
0.251418
0.00656947
0.251422
0.0127363
0.251432
0.0186016
0.251458
0.0242433
0.251507
0.0297202
0.251592
0.035079
0.251726
0.0403587
0.251926
0.0455907
0.252209
0.0508003
0.252597
0.0560068
0.253113
0.0612244
0.253786
0.0664626
0.254645
0.0717265
0.255727
0.0770167
0.25707
0.0823295
0.25872
0.0876564
0.260727
0.092984
0.263148
0.0982926
0.266045
0.103556
0.269486
0.10874
0.273546
0.113801
0.2783
0.118685
0.283823
0.123327
0.290186
0.127648
0.297445
0.131559
0.305634
0.134959
0.314755
0.137739
0.324762
0.13979
0.335557
0.141004
0.141323
0.346968
0.257532
0.00653592
0.257599
0.0126696
0.257702
0.0184983
0.257849
0.0240969
0.258047
0.0295215
0.25831
0.034817
0.258649
0.0400195
0.259081
0.0451583
0.259625
0.0502561
0.260302
0.0553296
0.261137
0.0603901
0.262155
0.0654441
0.263389
0.0704932
0.264871
0.0755345
0.26664
0.0805606
0.268737
0.0855589
0.271209
0.0905117
0.274106
0.0953957
0.277481
0.100181
0.28139
0.104831
0.285889
0.109302
0.291034
0.11354
0.296875
0.117486
0.303451
0.121072
0.310787
0.124223
0.318886
0.12686
0.327719
0.128905
0.337224
0.130285
0.347295
0.130933
0.130829
0.35779
0.263794
0.00646935
0.263925
0.0125388
0.264122
0.0183013
0.264391
0.0238281
0.26474
0.0291727
0.265179
0.0343772
0.265723
0.0394756
0.266387
0.0444945
0.267189
0.0494542
0.26815
0.0543687
0.269293
0.0592467
0.270645
0.0640919
0.272235
0.0689033
0.274095
0.0736749
0.276259
0.0783963
0.278766
0.0830523
0.281655
0.0876226
0.284969
0.0920819
0.288751
0.0963992
0.293044
0.100538
0.297889
0.104456
0.303324
0.108106
0.309375
0.111435
0.316062
0.114385
0.323385
0.1169
0.331325
0.11892
0.33984
0.12039
0.34886
0.121265
0.358285
0.121507
0.121117
0.367997
0.270207
0.00636959
0.270402
0.0123437
0.270693
0.0180103
0.271084
0.0234369
0.271583
0.028674
0.272199
0.033761
0.272945
0.0387293
0.273837
0.0436032
0.27489
0.0484003
0.276127
0.0531324
0.277568
0.0578059
0.279237
0.0624221
0.281163
0.0669775
0.283374
0.0714642
0.2859
0.0758698
0.288775
0.0801774
0.292032
0.0843656
0.295705
0.0884089
0.299828
0.0922769
0.30443
0.0959354
0.30954
0.0993461
0.315179
0.102467
0.321358
0.105256
0.328078
0.107665
0.335325
0.109653
0.343068
0.111176
0.351258
0.112201
0.359825
0.112699
0.368679
0.112653
0.112075
0.377721
0.276774
0.00623674
0.277033
0.0120845
0.277417
0.0176259
0.27793
0.0229243
0.278577
0.0280272
0.279367
0.0329711
0.280311
0.0377848
0.281424
0.0424902
0.282722
0.0471028
0.284222
0.051632
0.285945
0.0560823
0.287914
0.0604531
0.290153
0.0647392
0.292686
0.0689313
0.29554
0.0730159
0.298741
0.0769756
0.302318
0.0807891
0.306295
0.0844318
0.310696
0.0878755
0.315542
0.0910895
0.320848
0.0940404
0.326622
0.0966937
0.332863
0.0990141
0.339561
0.100967
0.346692
0.102522
0.354219
0.10365
0.36209
0.10433
0.37024
0.104549
0.378591
0.104302
0.103607
0.387059
0.283498
0.00607119
0.283821
0.011762
0.284297
0.0171494
0.284929
0.0222924
0.285721
0.0272353
0.28668
0.0320117
0.287817
0.036648
0.289144
0.0411636
0.290675
0.045572
0.292426
0.0498808
0.294416
0.0540927
0.296663
0.0582056
0.299189
0.0622135
0.302014
0.0661062
0.30516
0.0698699
0.308648
0.0734876
0.312498
0.076939
0.316728
0.0802015
0.321354
0.08325
0.326385
0.0860577
0.331829
0.0885969
0.337683
0.0908397
0.343938
0.0927592
0.350575
0.0943303
0.357565
0.0955316
0.364869
0.096346
0.372435
0.0967626
0.380206
0.0967776
0.388114
0.0963944
0.0956335
0.396087
0.290384
0.00587358
0.290768
0.0113775
0.291335
0.0165828
0.292083
0.0215442
0.293016
0.0263024
0.294139
0.0308885
0.295461
0.0353262
0.296992
0.0396329
0.298744
0.04382
0.300731
0.0478936
0.302969
0.0518552
0.305473
0.0557017
0.30826
0.0594264
0.311347
0.0630191
0.31475
0.0664664
0.318485
0.0697523
0.322566
0.0728583
0.327004
0.0757642
0.331805
0.0784484
0.336974
0.0808887
0.342508
0.0830626
0.348399
0.0849487
0.354632
0.0865271
0.361181
0.0877807
0.368017
0.0886961
0.375099
0.0892641
0.38238
0.0894812
0.389808
0.0893499
0.397324
0.0888783
0.0880878
0.40487
0.297435
0.00564476
0.297879
0.0109326
0.298533
0.0159288
0.299394
0.0206833
0.300463
0.0252337
0.301743
0.0296082
0.303241
0.0338281
0.304965
0.0379088
0.306925
0.04186
0.309132
0.0456866
0.311599
0.049389
0.314336
0.0529638
0.317359
0.0564039
0.320678
0.0596997
0.324306
0.0628386
0.328252
0.065806
0.332525
0.0685858
0.337129
0.0711605
0.342065
0.0735122
0.347331
0.0756228
0.352918
0.0774752
0.358813
0.0790535
0.364997
0.0803438
0.371442
0.0813353
0.378117
0.0820207
0.384985
0.0823968
0.392001
0.082465
0.399119
0.0822317
0.406289
0.0817078
0.080914
0.413463
0.304654
0.00538581
0.305157
0.0104296
0.305895
0.0151906
0.306864
0.0197144
0.308063
0.0240352
0.309492
0.0281785
0.311157
0.0321632
0.313063
0.036003
0.315217
0.0397062
0.317627
0.0432765
0.320302
0.0467138
0.323252
0.0500143
0.326484
0.0531715
0.330008
0.0561762
0.333829
0.0590172
0.337953
0.0616817
0.342383
0.064156
0.347118
0.0664255
0.352154
0.0684759
0.357484
0.070293
0.363095
0.0718643
0.36897
0.0731785
0.375087
0.0742269
0.381419
0.0750034
0.387934
0.0755054
0.394597
0.0757337
0.401369
0.075693
0.408209
0.0753921
0.415074
0.0748429
0.0740651
0.421923
0.312046
0.00509794
0.312605
0.00987081
0.313424
0.0143719
0.314496
0.0186425
0.315817
0.0227134
0.317388
0.0266075
0.31921
0.0303417
0.321285
0.0339278
0.323618
0.0373729
0.326215
0.04068
0.32908
0.0438486
0.332219
0.0468749
0.335638
0.049753
0.339339
0.0524747
0.343326
0.0550303
0.347599
0.0574088
0.352156
0.0595989
0.356993
0.061589
0.362101
0.0633679
0.367469
0.0649251
0.373081
0.0662518
0.378919
0.0673408
0.384958
0.0681872
0.391173
0.0687886
0.397533
0.0691457
0.404005
0.069262
0.410554
0.0691442
0.417143
0.0688022
0.423738
0.0682483
0.0675007
0.430302
0.319615
0.00478248
0.320227
0.00925881
0.321122
0.0134766
0.322292
0.0174729
0.32373
0.0212753
0.325434
0.024904
0.327401
0.028374
0.329634
0.0316955
0.332132
0.0348746
0.334898
0.0379136
0.337935
0.0408119
0.341244
0.0435661
0.344826
0.0461709
0.348682
0.0486191
0.352809
0.0509026
0.357206
0.0530125
0.361865
0.0549397
0.366779
0.0566751
0.371936
0.0582105
0.377322
0.0595386
0.382921
0.0606536
0.38871
0.0615513
0.394667
0.06223
0.400766
0.0626899
0.406978
0.0629338
0.413273
0.0629671
0.41962
0.0627976
0.425986
0.0624354
0.432342
0.0618925
0.0611855
0.438657
0.327365
0.00444078
0.328027
0.00859632
0.328995
0.0125088
0.330257
0.0162112
0.331804
0.0197278
0.333632
0.0230765
0.335736
0.0262704
0.338113
0.0293182
0.340762
0.032225
0.343683
0.0349929
0.346874
0.0376211
0.350334
0.0401066
0.354059
0.0424449
0.358048
0.0446301
0.362295
0.0466556
0.366794
0.0485142
0.371535
0.0501989
0.376507
0.051703
0.381697
0.0530208
0.387088
0.0541474
0.392662
0.0550796
0.398398
0.0558156
0.404272
0.0563558
0.410259
0.0567023
0.416334
0.0568594
0.422468
0.0568333
0.428633
0.0566322
0.434802
0.0562661
0.440948
0.0557464
0.0550877
0.447046
0.3353
0.0040742
0.336011
0.00788598
0.337047
0.0114725
0.338395
0.0148628
0.340045
0.018078
0.341988
0.0211337
0.344218
0.024041
0.346728
0.0268074
0.349516
0.0294373
0.352577
0.0319323
0.355906
0.0342916
0.3595
0.036513
0.363352
0.0385926
0.367457
0.0405256
0.371805
0.0423068
0.376389
0.0439308
0.381195
0.0453923
0.386212
0.0466868
0.391422
0.0478103
0.396809
0.0487601
0.402354
0.0495348
0.408035
0.0501346
0.41383
0.0505612
0.419714
0.0508179
0.425664
0.0509097
0.431654
0.0508434
0.437659
0.050627
0.443655
0.0502699
0.449619
0.0497826
0.0491781
0.455529
0.343426
0.00368398
0.344182
0.00713028
0.345283
0.0103715
0.346713
0.0134328
0.348458
0.0163325
0.350508
0.0190835
0.352854
0.0216952
0.355488
0.0241739
0.358402
0.0265233
0.361589
0.0287446
0.365044
0.0308374
0.368757
0.0327997
0.372721
0.0346285
0.376927
0.03632
0.381363
0.0378702
0.386019
0.0392753
0.390879
0.0405315
0.39593
0.0416358
0.401155
0.0425859
0.406534
0.0433806
0.412049
0.04402
0.417678
0.0445053
0.4234
0.0448392
0.429193
0.0450256
0.435032
0.0450701
0.440896
0.0449791
0.446763
0.0447603
0.45261
0.0444225
0.458418
0.043975
0.0434292
0.464167
0.351746
0.00327116
0.352545
0.00633131
0.353708
0.0092091
0.355214
0.0119261
0.35705
0.0144974
0.3592
0.0169333
0.361653
0.0192415
0.3644
0.0214272
0.36743
0.0234934
0.370733
0.0254412
0.374301
0.02727
0.378122
0.0289785
0.382186
0.0305642
0.386482
0.0320244
0.390996
0.0333562
0.395714
0.0345568
0.400622
0.0356237
0.405703
0.0365552
0.410938
0.0373503
0.41631
0.0380087
0.421799
0.0385316
0.427383
0.0389208
0.433043
0.0391795
0.438756
0.0393121
0.444503
0.0393237
0.450261
0.0392207
0.456011
0.0390101
0.461734
0.0386996
0.467412
0.0382975
0.0378136
0.473027
0.360267
0.00283639
0.361108
0.00549047
0.362329
0.00798797
0.363908
0.0103468
0.365828
0.0125781
0.368071
0.0146898
0.370625
0.0166876
0.373476
0.0185759
0.376613
0.0203568
0.380023
0.0220313
0.383694
0.0235989
0.387614
0.0250586
0.39177
0.0264085
0.396147
0.0276468
0.400732
0.0287713
0.405509
0.0297802
0.41046
0.030672
0.41557
0.031446
0.420818
0.0321018
0.426187
0.03264
0.431656
0.0330623
0.437206
0.0333709
0.442816
0.0335691
0.448467
0.0336612
0.454139
0.033652
0.459813
0.0335472
0.46547
0.0333532
0.471093
0.0330766
0.476666
0.0327246
0.0323054
0.482174
0.368993
0.00237956
0.369876
0.00460803
0.371154
0.0067097
0.372803
0.00869797
0.374802
0.0105792
0.377133
0.0123583
0.379781
0.0140397
0.38273
0.0156265
0.385967
0.0171205
0.389476
0.0185221
0.393244
0.0198311
0.397256
0.0210465
0.401497
0.0221672
0.405952
0.0231917
0.410605
0.0241187
0.415438
0.024947
0.420434
0.0256759
0.425575
0.0263051
0.430842
0.026835
0.436215
0.0272666
0.441676
0.0276015
0.447205
0.0278422
0.452782
0.0279919
0.458389
0.0280544
0.464007
0.028034
0.469618
0.0279358
0.475206
0.027765
0.480756
0.0275274
0.486251
0.0272288
0.0268761
0.491681
0.377932
0.00189909
0.378858
0.00368201
0.380192
0.00537493
0.381907
0.00698287
0.383982
0.00850515
0.386396
0.00994417
0.389132
0.0113034
0.392173
0.0125851
0.395504
0.0137903
0.399107
0.0149191
0.402966
0.0159712
0.407067
0.0169461
0.411391
0.0178427
0.415923
0.0186603
0.420643
0.0193978
0.425536
0.0200548
0.430581
0.0206308
0.43576
0.0211259
0.441054
0.0215408
0.446444
0.0218766
0.451911
0.022135
0.457435
0.0223182
0.462997
0.0224291
0.468581
0.0224708
0.474168
0.0224471
0.479742
0.022362
0.485287
0.0222201
0.490788
0.0220259
0.496233
0.0217842
0.0215005
0.501608
0.387091
0.00138976
0.388068
0.00270519
0.389461
0.00398117
0.391243
0.00520174
0.39339
0.00635741
0.395884
0.00744999
0.398705
0.0084824
0.401835
0.00945577
0.405255
0.0103703
0.408948
0.011226
0.412897
0.0120225
0.417083
0.0127593
0.42149
0.0134359
0.426099
0.0140516
0.430891
0.0146059
0.435847
0.0150984
0.440949
0.0155292
0.446176
0.0158985
0.45151
0.0162068
0.456932
0.0164554
0.462421
0.0166456
0.46796
0.0167792
0.47353
0.0168586
0.479115
0.0168864
0.484697
0.0168653
0.49026
0.0167987
0.49579
0.0166897
0.501274
0.0165419
0.5067
0.0163587
0.0161441
0.512056
0.396484
0.000838541
0.397517
0.00167201
0.398966
0.00253257
0.400809
0.00335838
0.403028
0.00413893
0.405599
0.00487866
0.408502
0.00557935
0.411717
0.00624062
0.415225
0.00686202
0.419008
0.00744329
0.423046
0.00798416
0.427321
0.00848424
0.431814
0.00894311
0.436505
0.00936035
0.441376
0.00973564
0.446405
0.0100688
0.451575
0.01036
0.456864
0.0106093
0.462253
0.0108173
0.467724
0.0109849
0.473256
0.0111131
0.478832
0.0112031
0.484434
0.0112567
0.490045
0.0112757
0.495648
0.011262
0.501229
0.0112179
0.506773
0.0111456
0.512267
0.0110476
0.5177
0.0109264
0.0107851
0.523059
0.406193
0.000155532
0.40729
0.000575332
0.408789
0.00103328
0.410691
0.00145615
0.412974
0.00185608
0.415614
0.00223855
0.418591
0.00260279
0.421884
0.00294749
0.425474
0.00327201
0.429341
0.00357609
0.433466
0.00385945
0.437828
0.0041218
0.442409
0.00436285
0.447187
0.00458234
0.452142
0.00478008
0.457255
0.00495599
0.462505
0.00511007
0.467872
0.00524249
0.473336
0.00535353
0.478877
0.00544362
0.484477
0.00551336
0.490116
0.00556344
0.495778
0.00559473
0.501446
0.00560817
0.507103
0.00560483
0.512735
0.00558585
0.518328
0.00555242
0.52387
0.00550577
0.529349
0.00544715
0.00537838
0.534756
0.415475
0.41605
0.417083
0.41854
0.420396
0.422634
0.425237
0.428185
0.431457
0.435033
0.438892
0.443014
0.447377
0.451959
0.456739
0.461695
0.466805
0.472048
0.477401
0.482845
0.488358
0.493922
0.499516
0.505125
0.510729
0.516315
0.521868
0.527373
0.532821
0.538199
0.127916
0.107848
0.0378623
0.0900537
0.0572566
-0.0193943
0.210655
0.116354
0.194677
0.106032
0.0899412
0.161992
0.252523
0.110591
0.251975
0.10658
0.0996096
0.242307
0.280164
0.103578
0.284114
0.10263
0.0999261
0.283797
0.300003
0.0961304
0.306225
0.0964081
0.0956798
0.310471
0.315875
0.0887583
0.322865
0.0894181
0.0895349
0.32901
0.329502
0.0818815
0.336341
0.0825784
0.0829755
0.342901
0.341622
0.0756005
0.347982
0.0762181
0.076651
0.354307
0.3527
0.0698686
0.35853
0.0703886
0.0707797
0.364401
0.363044
0.0646143
0.368383
0.0650495
0.0653868
0.373776
0.372843
0.0597689
0.377756
0.0601364
0.0604264
0.382716
0.382219
0.0552713
0.38677
0.0555854
0.0558366
0.39136
0.391261
0.0510692
0.395506
0.0513406
0.0515605
0.399782
0.400037
0.0471198
0.404021
0.0473564
0.0475505
0.408031
0.408602
0.0433875
0.412363
0.0435953
0.0437676
0.416146
0.417007
0.0398433
0.420576
0.0400266
0.0401802
0.424164
0.425303
0.0364627
0.428705
0.0366248
0.036762
0.432123
0.43354
0.0332249
0.436796
0.0333684
0.0334909
0.440067
0.44177
0.0301119
0.4449
0.0302388
0.030348
0.448043
0.450051
0.0271075
0.45307
0.0272195
0.0273164
0.456101
0.458439
0.024197
0.461363
0.0242952
0.0243809
0.464299
0.466998
0.0213664
0.469841
0.021452
0.021527
0.472695
0.475791
0.0186025
0.478567
0.0186761
0.018741
0.481353
0.484885
0.0158916
0.487607
0.0159539
0.0160091
0.490339
0.494351
0.0132208
0.497033
0.0132724
0.0133182
0.499724
0.504254
0.0105751
0.50691
0.0106161
0.0106525
0.509576
0.514689
0.00794234
0.517332
0.00797315
0.00800078
0.519984
0.525698
0.00530282
0.528348
0.0053231
0.0053407
0.531008
0.53741
0.00264844
0.540076
0.00265748
0.00266594
0.542751
0.540847
0.543505
0.546171
-0.0388072
0.0657145
-0.0489381
0.0457025
-0.049393
0.0225096
-0.0428581
0.00800037
-0.0438904
0.0129084
-0.0440766
0.00897905
-0.0438972
0.00687955
-0.0446215
0.00702933
-0.0450741
0.00580371
-0.0448127
0.00424904
-0.0448132
0.00422928
-0.0452596
0.00455737
-0.0455921
0.00406577
-0.0455543
0.00328776
-0.0454153
0.0031385
-0.0455896
0.00371035
-0.0459931
0.00409797
-0.0463223
0.00383646
-0.0463658
0.00314638
-0.0462148
0.00269049
-0.046161
0.00288377
-0.0463832
0.00346892
-0.0468214
0.00387647
-0.047292
0.00371328
-0.0475652
0.00286883
-0.0474944
0.00167424
-0.0471936
0.000849601
-0.0469833
0.000839002
-0.0470131
0.00122557
0.00135803
0.0973612
0.130345
0.0471022
0.0959615
-0.00152818
0.07114
-0.036694
0.0431662
-0.0508296
0.027044
-0.0526342
0.0107837
-0.047415
0.00166036
-0.0473097
0.00692404
-0.0477859
0.00627989
-0.0469301
0.00339322
-0.046944
0.00424316
-0.047849
0.00546243
-0.0484129
0.00462964
-0.0479837
0.00285854
-0.0472054
0.00236019
-0.0473228
0.00382781
-0.0479414
0.00471652
-0.0484458
0.00434084
-0.0484319
0.00313254
-0.0480047
0.00226328
-0.0477281
0.00260717
-0.0479475
0.00368832
-0.048513
0.00444193
-0.049137
0.0043373
-0.0494838
0.00321565
-0.0493046
0.00149506
-0.0487334
0.000278387
-0.0483383
0.000443909
-0.0484209
0.0013082
0.00163704
0.204998
0.167654
0.164147
0.136812
0.12508
0.110207
0.0829003
0.0853455
0.0442193
0.065725
0.00283429
0.0521687
-0.0303066
0.0348012
-0.0474889
0.0241064
-0.0530878
0.0118788
-0.0517159
0.00202135
-0.0481142
0.000641387
-0.0488245
0.00617279
-0.0497255
0.00553057
-0.048485
0.00161812
-0.0472826
0.00115779
-0.0477672
0.00431233
-0.0489206
0.00586996
-0.0497875
0.00520777
-0.0496428
0.00298781
-0.0485629
0.00118333
-0.0477633
0.0018076
-0.0480101
0.00393518
-0.0487837
0.00521545
-0.0496363
0.00518995
-0.0501035
0.00368282
-0.0497871
0.00117869
-0.0487907
-0.000718061
-0.0480975
-0.000249288
-0.0482965
0.00150723
0.00226212
0.268921
0.18253
0.244856
0.160877
0.216022
0.139041
0.183201
0.118167
0.149578
0.0993472
0.118536
0.0832113
0.0857974
0.0675396
0.0557432
0.0541606
0.0244651
0.0431568
-0.00759973
0.0340862
-0.0323921
0.0254338
-0.045133
0.0189136
-0.0500306
0.0104282
-0.0499718
0.00155933
-0.0459416
-0.00287244
-0.045752
0.00412272
-0.0476486
0.00776654
-0.0490631
0.00662225
-0.0486451
0.00256981
-0.0465128
-0.00094895
-0.0453844
0.000679221
-0.0459815
0.00453221
-0.0471752
0.00640916
-0.0484164
0.00643121
-0.0490772
0.00434358
-0.048665
0.000766553
-0.0467884
-0.00259471
-0.0456644
-0.00137328
-0.0461169
0.00195971
0.00348655
0.308936
0.184066
0.298506
0.171308
0.281543
0.156004
0.259876
0.139835
0.235399
0.123824
0.209835
0.108775
0.182774
0.0946013
0.155421
0.0815133
0.128636
0.0699416
0.102976
0.059746
0.0778986
0.0505116
0.0550143
0.0417979
0.032016
0.0334265
0.00556491
0.0280104
-0.0188005
0.021493
-0.0331871
0.0185092
-0.0402632
0.0148427
-0.0436073
0.00996632
-0.044212
0.00317451
-0.0419283
-0.00323261
-0.0402729
-0.000976228
-0.0411693
0.00542859
-0.0430124
0.00825229
-0.0446765
0.00809535
-0.0457847
0.00545173
-0.0444555
-0.000562648
-0.0422958
-0.00475437
-0.0408232
-0.00284589
-0.0417616
0.00289812
0.00565249
0.335156
0.17792
0.334404
0.17206
0.327564
0.162844
0.315756
0.151642
0.300135
0.139445
0.281855
0.127055
0.261633
0.114824
0.240146
0.103
0.218154
0.0919342
0.196083
0.0818164
0.174105
0.0724894
0.152317
0.0635866
0.130427
0.0553164
0.109987
0.0484499
0.0890711
0.0424091
0.070209
0.0373714
0.053094
0.0319577
0.0368243
0.026236
0.0185343
0.0214645
-0.00256678
0.0178685
-0.0189483
0.0154053
-0.0273487
0.013829
-0.0314801
0.0123837
-0.0340912
0.0107065
-0.0355545
0.00691504
-0.0361578
4.06215e-05
-0.0338397
-0.00707243
-0.0335984
-0.00308721
-0.0354871
0.00478684
0.00922349
0.352888
0.167933
0.358293
0.166655
0.358895
0.162242
0.355031
0.155506
0.347296
0.147181
0.33644
0.137911
0.323121
0.128143
0.307889
0.118232
0.29131
0.108513
0.273901
0.0992253
0.256016
0.0903742
0.237732
0.0818704
0.219194
0.0738549
0.200947
0.0666968
0.182964
0.0603926
0.165768
0.0545671
0.148986
0.0487398
0.13223
0.0429914
0.115766
0.0379286
0.0996576
0.0339773
0.0840736
0.0309893
0.0696522
0.0282503
0.056623
0.0254129
0.0450107
0.0223187
0.0335413
0.0183845
0.0185233
0.0150587
-0.00169339
0.0131442
-0.0174121
0.0126315
-0.0239584
0.0113331
0.0152511
0.365669
0.15657
0.37442
0.157904
0.379875
0.156787
0.381849
0.153532
0.380469
0.14856
0.376075
0.142305
0.369065
0.135154
0.359848
0.127448
0.348866
0.119494
0.336564
0.111528
0.323272
0.103666
0.309174
0.0959688
0.294465
0.0885638
0.279494
0.0816671
0.264571
0.0753164
0.249818
0.0693199
0.235078
0.0634797
0.220232
0.0578372
0.205444
0.0527167
0.190977
0.0484438
0.17706
0.0449063
0.1637
0.0416103
0.150821
0.0382923
0.138311
0.0348291
0.125512
0.0311829
0.112473
0.0280974
0.0992465
0.0263711
0.0862279
0.0256501
0.0723648
0.0251962
0.0270762
0.375805
0.145166
0.385954
0.147756
0.394128
0.148612
0.399907
0.147754
0.403114
0.145353
0.403772
0.141647
0.402032
0.136894
0.398124
0.131356
0.392338
0.125281
0.384982
0.118883
0.376328
0.112321
0.366585
0.105711
0.355965
0.0991838
0.344746
0.0928855
0.333184
0.0868789
0.32139
0.0811141
0.30935
0.0755194
0.297051
0.0701366
0.28461
0.0651575
0.272283
0.0607703
0.260267
0.0569229
0.248523
0.0533543
0.236945
0.04987
0.225378
0.0463962
0.213546
0.0430151
0.201476
0.0401672
0.189476
0.038371
0.177626
0.0374996
0.165572
0.0372502
0.0379437
0.384635
0.134307
0.395028
0.137363
0.404395
0.139245
0.412295
0.139854
0.418429
0.139219
0.42264
0.137435
0.424896
0.134639
0.425258
0.130994
0.423861
0.126678
0.420883
0.121861
0.416511
0.116693
0.410922
0.1113
0.4043
0.105806
0.396855
0.100331
0.388781
0.094953
0.380202
0.0896927
0.371172
0.0845492
0.361735
0.0795735
0.352005
0.0748881
0.342167
0.0706078
0.332363
0.0667266
0.322598
0.0631193
0.312802
0.0596667
0.302859
0.056339
0.292637
0.0532367
0.28216
0.0506442
0.271661
0.04887
0.261256
0.0479054
0.250941
0.0475646
0.0476721
0.392855
0.124169
0.402922
0.127295
0.412545
0.129623
0.421368
0.13103
0.429097
0.13149
0.435515
0.131017
0.440488
0.129666
0.443963
0.127519
0.445955
0.124686
0.44653
0.121286
0.445788
0.117435
0.443843
0.113245
0.440825
0.108824
0.436883
0.104273
0.432159
0.0996765
0.426768
0.0950836
0.420786
0.090532
0.41428
0.0860796
0.407353
0.0818149
0.40014
0.0778208
0.392749
0.0741177
0.38521
0.0706577
0.377491
0.0673859
0.369525
0.0643048
0.361255
0.0615072
0.352716
0.0591829
0.344062
0.0575243
0.33541
0.056557
0.32683
0.0561446
0.0560062
0.400789
0.11474
0.410319
0.117765
0.419717
0.120225
0.428732
0.122015
0.43713
0.123091
0.444708
0.12344
0.451306
0.123068
0.456815
0.122009
0.46118
0.120321
0.46439
0.118076
0.466468
0.115357
0.467467
0.112246
0.467459
0.108831
0.466535
0.105197
0.464793
0.101419
0.462319
0.0975576
0.459185
0.093666
0.45546
0.0898043
0.45123
0.0860451
0.446595
0.0824562
0.441639
0.0790733
0.436403
0.0758941
0.43088
0.0729091
0.425042
0.0701424
0.418874
0.067675
0.412417
0.0656401
0.405775
0.0641664
0.399047
0.0632848
0.392293
0.0628988
0.0627476
0.408577
0.105944
0.417538
0.108804
0.426518
0.111246
0.435349
0.113184
0.443863
0.114578
0.451898
0.115405
0.459311
0.115655
0.465987
0.115334
0.471839
0.114469
0.476816
0.113099
0.480896
0.111277
0.48408
0.109062
0.486395
0.106517
0.487883
0.103709
0.4886
0.100702
0.488602
0.0975553
0.487944
0.094324
0.486682
0.0910663
0.484882
0.0878453
0.482617
0.0847213
0.479952
0.0817379
0.476927
0.078919
0.473553
0.0762835
0.469826
0.0738692
0.465753
0.0717479
0.461374
0.0700192
0.456763
0.0687768
0.451995
0.0680531
0.447103
0.0677907
0.0677894
0.416279
0.0976956
0.424712
0.100372
0.433232
0.102726
0.441726
0.10469
0.450075
0.106228
0.458161
0.107319
0.46587
0.107945
0.473102
0.108103
0.47977
0.1078
0.48581
0.107059
0.491177
0.10591
0.495846
0.104393
0.499811
0.102552
0.503081
0.100439
0.505679
0.0981042
0.507634
0.0955999
0.508981
0.0929775
0.509757
0.0902901
0.510009
0.0875936
0.509787
0.0849428
0.50914
0.0823846
0.508103
0.0799565
0.506693
0.0776934
0.504921
0.0756414
0.502803
0.0738655
0.500376
0.0724466
0.497693
0.0714595
0.494805
0.0709414
0.491724
0.0708714
0.0711175
0.423924
0.0899173
0.43189
0.0924061
0.439973
0.0946422
0.448095
0.0965682
0.456168
0.0981549
0.464106
0.0993808
0.471822
0.100229
0.479236
0.100689
0.486274
0.100762
0.492875
0.100459
0.498987
0.0997973
0.504577
0.098803
0.509621
0.0975083
0.51411
0.0959503
0.518044
0.09417
0.521433
0.0922104
0.524294
0.0901164
0.526649
0.0879352
0.528526
0.0857164
0.52996
0.0835096
0.530982
0.081362
0.531622
0.0793168
0.531898
0.0774172
0.531827
0.0757127
0.531428
0.0742645
0.530732
0.0731425
0.529779
0.0724129
0.5286
0.0721199
0.527197
0.0722745
0.0728086
0.431538
0.0825432
0.439096
0.0848474
0.446788
0.0869506
0.454552
0.0888046
0.462323
0.0903837
0.470035
0.0916682
0.477623
0.092641
0.485021
0.0932907
0.49217
0.0936135
0.499016
0.0936131
0.505513
0.0933003
0.511624
0.092692
0.517321
0.0918112
0.522586
0.0906858
0.527408
0.089348
0.531785
0.0878332
0.535721
0.0861799
0.539227
0.0844293
0.542319
0.082625
0.545016
0.0808122
0.547342
0.0790362
0.549317
0.0773417
0.550959
0.0757747
0.552286
0.0743861
0.553317
0.0732339
0.554077
0.0723819
0.554597
0.071893
0.554898
0.0718192
0.554975
0.0721973
0.0730128
0.439148
0.0755187
0.446353
0.0776423
0.453698
0.0796052
0.461137
0.0813662
0.468617
0.0829031
0.476088
0.0841978
0.483495
0.0852336
0.490788
0.0859984
0.497915
0.0864858
0.504833
0.0866956
0.5115
0.0866334
0.517881
0.0863104
0.52395
0.0857429
0.529683
0.0849521
0.535068
0.0839636
0.540094
0.0828067
0.54476
0.081514
0.549068
0.0801212
0.553026
0.0786669
0.556646
0.0771921
0.559943
0.0757392
0.562933
0.0743522
0.565631
0.0730771
0.568053
0.071964
0.570218
0.0710687
0.572148
0.0704513
0.573868
0.0701736
0.575393
0.0702944
0.576721
0.0708692
0.0719258
0.446788
0.0687979
0.453686
0.0707449
0.460728
0.0725632
0.467876
0.0742176
0.475091
0.0756888
0.482328
0.0769602
0.489545
0.0780164
0.496699
0.0788449
0.503747
0.0794378
0.51065
0.0797923
0.517373
0.0799106
0.523884
0.0797996
0.530156
0.0794707
0.536168
0.0789402
0.541903
0.0782284
0.547351
0.0773593
0.552504
0.0763607
0.557362
0.0752635
0.561926
0.074102
0.566206
0.072913
0.570209
0.0717359
0.573949
0.0706124
0.577438
0.0695873
0.580694
0.0687089
0.583732
0.0680304
0.586573
0.0676097
0.589239
0.0675079
0.591745
0.0677883
0.594096
0.0685187
0.0697559
0.4545
0.0623411
0.461129
0.0641155
0.467906
0.0657866
0.474799
0.0673248
0.481774
0.0687131
0.488797
0.0699369
0.495832
0.0709819
0.502841
0.0718358
0.509788
0.0724903
0.51664
0.0729409
0.523363
0.0731873
0.52993
0.0732331
0.536314
0.0730863
0.542495
0.072759
0.548456
0.0722673
0.554185
0.0716309
0.559672
0.0708733
0.564914
0.0700213
0.569911
0.0691048
0.574667
0.0681572
0.579189
0.0672143
0.583486
0.0663153
0.587571
0.0655024
0.591458
0.0648217
0.595164
0.0643239
0.59871
0.0640641
0.602115
0.0641028
0.605398
0.064505
0.608573
0.0653445
0.0666956
0.462329
0.0561136
0.468726
0.0577188
0.475271
0.0592414
0.481939
0.0606563
0.488704
0.0619488
0.495535
0.0631061
0.502401
0.0641153
0.509272
0.0649651
0.516116
0.0656468
0.522901
0.066155
0.529601
0.0664879
0.536187
0.0666468
0.542636
0.0666371
0.548928
0.0664675
0.555045
0.0661505
0.560973
0.0657023
0.566704
0.0651426
0.572231
0.0644942
0.577553
0.0637835
0.58267
0.0630399
0.587588
0.0622963
0.592315
0.0615883
0.596862
0.0609554
0.601243
0.0604408
0.605474
0.0600922
0.609576
0.0599621
0.613571
0.0601087
0.617479
0.0605967
0.621323
0.0615006
0.0629024
0.470329
0.0500837
0.476525
0.0515228
0.48287
0.0528961
0.489344
0.0541824
0.495924
0.055369
0.502585
0.0564451
0.509301
0.0573991
0.516045
0.0582207
0.52279
0.0589016
0.529509
0.0594362
0.536176
0.0598215
0.542765
0.0600574
0.549255
0.0601472
0.555625
0.060097
0.561859
0.0599167
0.567943
0.0596191
0.573865
0.0592206
0.579618
0.0587406
0.5852
0.058202
0.590609
0.0576307
0.595849
0.0570559
0.600927
0.0565102
0.605853
0.0560295
0.61064
0.0556539
0.615305
0.0554275
0.619867
0.0553996
0.624351
0.0556253
0.628781
0.0561666
0.633186
0.0570952
0.0584936
0.478557
0.0442216
0.484582
0.0454974
0.490757
0.0467211
0.497065
0.0478746
0.503486
0.0489476
0.510001
0.0499306
0.516586
0.0508137
0.52322
0.0515876
0.529876
0.0522448
0.536533
0.0527795
0.543166
0.0531886
0.549752
0.0534709
0.556272
0.0536281
0.562704
0.0536645
0.569033
0.0535877
0.575244
0.0534078
0.581327
0.0531384
0.587272
0.0527956
0.593074
0.0523992
0.598733
0.0519716
0.604251
0.0515386
0.609632
0.0511292
0.614885
0.0507759
0.620024
0.0505149
0.625065
0.0503867
0.630028
0.0504365
0.634938
0.0507154
0.639824
0.0512811
0.644719
0.0522
0.0535505
0.487075
0.0384991
0.492959
0.0396138
0.498993
0.0406875
0.505162
0.0417051
0.511452
0.0426581
0.517844
0.0435385
0.52432
0.0443378
0.530859
0.045048
0.537442
0.0456624
0.544046
0.0461756
0.55065
0.0465841
0.557234
0.0468866
0.563779
0.0470836
0.570265
0.0471781
0.576677
0.0471756
0.583001
0.0470844
0.589224
0.0469151
0.595338
0.0466815
0.601337
0.0464001
0.607219
0.04609
0.612984
0.0457738
0.618636
0.0454767
0.624184
0.0452276
0.62964
0.0450588
0.635021
0.0450064
0.640346
0.0451113
0.645642
0.0454196
0.650939
0.0459836
0.656276
0.046863
0.0481303
0.49595
0.0328879
0.501721
0.0338432
0.507642
0.0347666
0.513701
0.0356457
0.519885
0.0364735
0.52618
0.0372435
0.53257
0.0379486
0.539036
0.0385819
0.545561
0.0391375
0.552126
0.0396108
0.558711
0.0399985
0.565299
0.0402989
0.57187
0.0405119
0.578409
0.0406396
0.584899
0.040686
0.591325
0.0406575
0.597678
0.0405628
0.603946
0.040413
0.610125
0.0402217
0.616209
0.0400052
0.622201
0.0397825
0.628102
0.0395754
0.633921
0.0394088
0.639669
0.0393109
0.645362
0.0393132
0.651021
0.0394519
0.656674
0.0397674
0.662352
0.0403057
0.668095
0.0411193
0.0422722
0.505252
0.0273598
0.510938
0.028157
0.516775
0.0289295
0.522753
0.0296677
0.52886
0.030366
0.535085
0.0310191
0.541412
0.0316211
0.547828
0.0321665
0.554315
0.0326502
0.560857
0.0330684
0.567438
0.0334181
0.574039
0.0336975
0.580645
0.0339064
0.587239
0.0340459
0.593805
0.0341191
0.600332
0.0341309
0.606807
0.0340879
0.613221
0.0339992
0.619567
0.0338759
0.625841
0.0337311
0.632042
0.0335808
0.638175
0.033443
0.644245
0.0333388
0.650264
0.0332919
0.656248
0.0333292
0.662218
0.0334815
0.668202
0.0337835
0.674233
0.0342745
0.680353
0.0349993
0.036015
0.51505
0.0218857
0.520682
0.0225248
0.526466
0.023146
0.532392
0.0237412
0.538452
0.0243061
0.544635
0.0248367
0.550927
0.0253284
0.557317
0.0257767
0.56379
0.0261776
0.57033
0.026528
0.576923
0.0268253
0.583553
0.0270681
0.590203
0.0272558
0.59686
0.0273891
0.603509
0.0274704
0.610137
0.027503
0.616732
0.0274923
0.623286
0.0274452
0.629792
0.0273702
0.636245
0.027278
0.642645
0.0271811
0.648994
0.0270941
0.655298
0.027034
0.66157
0.02702
0.667825
0.0270742
0.674085
0.0272218
0.680377
0.0274913
0.686737
0.027915
0.693207
0.0285293
0.0293807
0.525434
0.0164352
0.531042
0.0169166
0.536803
0.017385
0.54271
0.0178348
0.548753
0.0182629
0.554924
0.0186661
0.561211
0.0190412
0.567603
0.0193848
0.574086
0.0196939
0.580648
0.019966
0.587274
0.0201993
0.59395
0.0203925
0.600661
0.020545
0.607392
0.0206575
0.614131
0.0207312
0.620866
0.0207688
0.627584
0.0207741
0.634277
0.020752
0.640938
0.020709
0.647563
0.0206531
0.654151
0.0205935
0.660704
0.0205413
0.667228
0.0205094
0.673735
0.0205126
0.680242
0.0205677
0.68677
0.0206942
0.693347
0.0209143
0.700008
0.0212535
0.706796
0.0217409
0.0224178
0.536468
0.0109752
0.542088
0.0112971
0.547861
0.0116121
0.553781
0.0119145
0.559841
0.0122024
0.566033
0.012474
0.572347
0.0127273
0.578772
0.0129598
0.585297
0.0131697
0.591907
0.0133552
0.598592
0.0135151
0.605336
0.0136484
0.612126
0.0137549
0.618948
0.0138347
0.625791
0.0138887
0.632641
0.0139187
0.639488
0.013927
0.646323
0.013917
0.653139
0.013893
0.659932
0.0138602
0.6667
0.013825
0.673447
0.0137948
0.680178
0.0137782
0.686905
0.0137855
0.693645
0.0138282
0.700419
0.0139197
0.707258
0.0140757
0.714197
0.0143146
0.72128
0.0146575
0.0151331
0.548257
0.0054693
0.553919
0.0056353
0.559736
0.00579423
0.565705
0.00594565
0.571818
0.00608991
0.578066
0.00622619
0.58444
0.00635316
0.59093
0.00646961
0.597525
0.00657453
0.604213
0.00666711
0.610982
0.00674667
0.617817
0.00681276
0.624707
0.00686518
0.631638
0.00690404
0.638597
0.00692977
0.645572
0.00694321
0.652554
0.00694559
0.659532
0.0069386
0.666501
0.0069244
0.673455
0.00690568
0.680395
0.00688567
0.687321
0.00686821
0.694242
0.00685776
0.701168
0.00685955
0.708116
0.00687966
0.715111
0.00692528
0.722181
0.00700517
0.729365
0.00713091
0.736702
0.00732016
0.00761728
0.55164
0.557275
0.56307
0.569015
0.575105
0.581331
0.587685
0.594154
0.600729
0.607396
0.614142
0.620955
0.62782
0.634724
0.641654
0.648597
0.655543
0.662482
0.669406
0.676312
0.683197
0.690066
0.696923
0.703783
0.710662
0.717588
0.724593
0.731724
0.739044
)
;

boundaryField
{
    inlet
    {
        type            calculated;
        value           nonuniform List<scalar> 
45
(
-0.2
-0.2
-0.2
-0.2
-0.2
-0.2
-0.2
-0.2
-0.2
-0.2
-0.2
-0.2
-0.2
-0.2
-0.2
-0.20766
-0.212683
-0.217828
-0.223097
-0.228493
-0.23402
-0.239681
-0.245479
-0.251417
-0.257499
-0.263728
-0.270107
-0.276641
-0.283333
-0.290186
-0.297206
-0.304395
-0.311758
-0.3193
-0.327023
-0.334934
-0.343036
-0.351334
-0.359832
-0.368536
-0.377451
-0.386582
-0.395933
-0.40551
-0.415319
)
;
    }
    outlet
    {
        type            calculated;
        value           nonuniform List<scalar> 
45
(
0.0101904
0.0179286
0.0169418
0.0119368
0.00426621
-0.00422963
-0.0116304
-0.0180429
-0.023626
-0.0284972
-0.0327407
-0.0364071
-0.0395207
-0.0420815
-0.0440557
-0.0471203
-0.0486999
-0.0489216
-0.0473413
-0.0439276
-0.0390581
-0.0299861
0.0605398
0.154705
0.241213
0.318496
0.385552
0.442061
0.488396
0.525506
0.554771
0.577808
0.596265
0.611633
0.625116
0.637595
0.649662
0.661696
0.673953
0.68661
0.699841
0.713759
0.728565
0.744218
0.746661
)
;
    }
    flap
    {
        type            calculated;
        value           uniform 0;
    }
    upperWall
    {
        type            calculated;
        value           uniform 0;
    }
    lowerWall
    {
        type            calculated;
        value           uniform 0;
    }
    frontAndBack
    {
        type            empty;
        value           nonuniform 0();
    }
}


// ************************************************************************* //
