/*--------------------------------*- C++ -*----------------------------------*\
  =========                 |
  \\      /  F ield         | OpenFOAM: The Open Source CFD Toolbox
   \\    /   O peration     | Website:  https://openfoam.org
    \\  /    A nd           | Version:  dev
     \\/     M anipulation  |
\*---------------------------------------------------------------------------*/
FoamFile
{
    version     2.0;
    format      ascii;
    class       volVectorField;
    location    "3.8";
    object      U;
}
// * * * * * * * * * * * * * * * * * * * * * * * * * * * * * * * * * * * * * //

dimensions      [0 1 -1 0 0 0 0];

internalField   nonuniform List<vector> 
2790
(
(9.94399 0 0.0205232)
(9.87572 0 0.0295878)
(9.77521 0 0.0359897)
(9.64943 0 0.0425564)
(9.50409 0 0.0493857)
(9.34007 0 0.0564285)
(9.15654 0 0.063816)
(8.95262 0 0.0717117)
(8.72746 0 0.0802552)
(8.48008 0 0.0895733)
(8.20928 0 0.0997931)
(7.91365 0 0.111045)
(7.5917 0 0.12346)
(7.2418 0 0.137164)
(6.86235 0 0.152272)
(6.45183 0 0.16887)
(6.00892 0 0.186997)
(5.53273 0 0.206619)
(5.02302 0 0.22759)
(4.48051 0 0.249611)
(3.90723 0 0.272177)
(3.30691 0 0.294526)
(2.68537 0 0.315621)
(2.05071 0 0.334291)
(1.41189 0 0.350609)
(0.798118 0 0.372886)
(0.110833 0 0.325108)
(-0.469558 0 -0.114837)
(-0.453764 0 -0.297171)
(-0.231162 0 -0.423865)
(9.9985 0 0.0407032)
(9.98145 0 0.0623831)
(9.93574 0 0.0791406)
(9.86416 0 0.0966253)
(9.77097 0 0.115124)
(9.65715 0 0.134489)
(9.52205 0 0.154975)
(9.36485 0 0.176943)
(9.18472 0 0.200707)
(8.98067 0 0.226549)
(8.75153 0 0.254742)
(8.4959 0 0.285558)
(8.21222 0 0.319247)
(7.89884 0 0.356019)
(7.55407 0 0.396016)
(7.17623 0 0.439259)
(6.76383 0 0.485588)
(6.31572 0 0.534583)
(5.83132 0 0.585458)
(5.31096 0 0.636951)
(4.75624 0 0.687202)
(4.17051 0 0.733647)
(3.5594 0 0.772956)
(2.93166 0 0.801099)
(2.30005 0 0.813759)
(1.69305 0 0.807268)
(1.10725 0 0.747283)
(0.658955 0 0.547969)
(0.186552 0 0.224674)
(-0.00820011 0 -0.453705)
(9.99559 0 0.0432073)
(9.97556 0 0.0752723)
(9.9318 0 0.103347)
(9.86489 0 0.132372)
(9.77778 0 0.16306)
(9.67155 0 0.195399)
(9.54588 0 0.229743)
(9.40013 0 0.266602)
(9.23365 0 0.306469)
(9.04564 0 0.349804)
(8.83509 0 0.397068)
(8.60082 0 0.448717)
(8.34146 0 0.505185)
(8.05552 0 0.566855)
(7.7414 0 0.634001)
(7.39748 0 0.706719)
(7.02215 0 0.784824)
(6.61401 0 0.86771)
(6.172 0 0.954181)
(5.69571 0 1.04224)
(5.18571 0 1.12887)
(4.64405 0 1.20978)
(4.07489 0 1.27916)
(3.48548 0 1.32934)
(2.88695 0 1.3501)
(2.29956 0 1.32645)
(1.73193 0 1.22082)
(1.21632 0 0.973062)
(0.701194 0 0.570213)
(0.358071 0 -0.156465)
(9.99403 0 0.0494997)
(9.97181 0 0.0932072)
(9.92788 0 0.133573)
(9.86224 0 0.174211)
(9.77693 0 0.216435)
(9.67298 0 0.260662)
(9.55031 0 0.30743)
(9.40849 0 0.357415)
(9.24702 0 0.411289)
(9.06533 0 0.469702)
(8.86269 0 0.533296)
(8.6382 0 0.602715)
(8.39085 0 0.678581)
(8.11953 0 0.761461)
(7.82302 0 0.851804)
(7.50004 0 0.949855)
(7.14928 0 1.05553)
(6.76949 0 1.16822)
(6.35955 0 1.28658)
(5.91867 0 1.40824)
(5.44661 0 1.52945)
(4.94409 0 1.64467)
(4.41327 0 1.74614)
(3.85837 0 1.82322)
(3.28592 0 1.86138)
(2.7065 0 1.84036)
(2.12573 0 1.72606)
(1.55433 0 1.47794)
(0.957993 0 1.08379)
(0.50944 0 0.502422)
(9.99331 0 0.0572142)
(9.96994 0 0.11096)
(9.92593 0 0.162106)
(9.86145 0 0.21335)
(9.77798 0 0.266359)
(9.67635 0 0.321916)
(9.55653 0 0.380703)
(9.41821 0 0.443488)
(9.26097 0 0.511054)
(9.08433 0 0.584166)
(8.8877 0 0.66358)
(8.67039 0 0.750052)
(8.43159 0 0.84432)
(8.17047 0 0.947065)
(7.88609 0 1.05885)
(7.5775 0 1.18005)
(7.2437 0 1.31065)
(6.88365 0 1.45015)
(6.49634 0 1.59719)
(6.0808 0 1.74929)
(5.63624 0 1.90238)
(5.16221 0 2.05029)
(4.65887 0 2.18416)
(4.12732 0 2.29174)
(3.56951 0 2.35658)
(2.98899 0 2.35736)
(2.38692 0 2.26503)
(1.76646 0 2.04774)
(1.09004 0 1.69152)
(0.536672 0 1.15428)
(9.99302 0 0.0655394)
(9.96923 0 0.128703)
(9.92556 0 0.190116)
(9.86253 0 0.251846)
(9.78128 0 0.315581)
(9.68244 0 0.382321)
(9.566 0 0.452876)
(9.43171 0 0.528101)
(9.2792 0 0.608878)
(9.10805 0 0.696079)
(8.91777 0 0.79057)
(8.70774 0 0.893211)
(8.47728 0 1.00484)
(8.22568 0 1.12623)
(7.95216 0 1.25806)
(7.65591 0 1.40078)
(7.33606 0 1.5545)
(6.99168 0 1.71882)
(6.62174 0 1.89251)
(6.22507 0 2.07318)
(5.80036 0 2.25681)
(5.34613 0 2.43717)
(4.86081 0 2.60517)
(4.34281 0 2.74822)
(3.79051 0 2.84957)
(3.20268 0 2.88825)
(2.57667 0 2.83831)
(1.91355 0 2.67173)
(1.1728 0 2.37415)
(0.549991 0 1.89456)
(9.99297 0 0.0740758)
(9.96926 0 0.146316)
(9.92637 0 0.217486)
(9.86508 0 0.289295)
(9.78642 0 0.363359)
(9.69084 0 0.44083)
(9.57834 0 0.522662)
(9.44871 0 0.609811)
(9.30164 0 0.703253)
(9.13677 0 0.803959)
(8.95363 0 0.91289)
(8.75169 0 1.031)
(8.53033 0 1.1592)
(8.28887 0 1.29837)
(8.02659 0 1.44926)
(7.7427 0 1.61244)
(7.43632 0 1.78814)
(7.10644 0 1.97611)
(6.75185 0 2.17535)
(6.37107 0 2.38376)
(5.96218 0 2.59768)
(5.52273 0 2.81133)
(5.04964 0 3.01612)
(4.53913 0 3.19995)
(3.98679 0 3.3467)
(3.38804 0 3.43602)
(2.73736 0 3.44341)
(2.03633 0 3.34163)
(1.24181 0 3.11375)
(0.563542 0 2.69335)
(9.99306 0 0.0825892)
(9.96981 0 0.163609)
(9.92807 0 0.244053)
(9.86884 0 0.325484)
(9.79312 0 0.40945)
(9.70125 0 0.49721)
(9.59322 0 0.589842)
(9.46887 0 0.688397)
(9.32795 0 0.793938)
(9.17013 0 0.907523)
(8.99501 0 1.0302)
(8.80209 0 1.16302)
(8.5908 0 1.30698)
(8.3605 0 1.46306)
(8.11045 0 1.63211)
(7.83981 0 1.81482)
(7.54763 0 2.01161)
(7.2327 0 2.22245)
(6.89355 0 2.44666)
(6.52823 0 2.68262)
(6.13417 0 2.92728)
(5.70795 0 3.17571)
(5.24509 0 3.42032)
(4.73992 0 3.65018)
(4.18563 0 3.85025)
(3.57491 0 4.00095)
(2.89966 0 4.07801)
(2.16222 0 4.05255)
(1.3162 0 3.90191)
(0.583254 0 3.54039)
(9.99326 0 0.0909297)
(9.97072 0 0.180411)
(9.93046 0 0.269672)
(9.87362 0 0.360247)
(9.80117 0 0.453652)
(9.71343 0 0.551215)
(9.61037 0 0.654116)
(9.49187 0 0.763498)
(9.35774 0 0.880503)
(9.20772 0 1.00627)
(9.04144 0 1.14195)
(8.85846 0 1.28865)
(8.65826 0 1.44749)
(8.4402 0 1.61955)
(8.20356 0 1.80582)
(7.94746 0 2.00715)
(7.67079 0 2.22418)
(7.37219 0 2.4572)
(7.04983 0 2.70597)
(6.70133 0 2.96948)
(6.32343 0 3.24557)
(5.91176 0 3.53045)
(5.4605 0 3.818)
(4.96217 0 4.09895)
(4.40758 0 4.35987)
(3.78658 0 4.58216)
(3.08774 0 4.7412)
(2.31285 0 4.80465)
(1.41074 0 4.74134)
(0.614353 0 4.44222)
(9.99352 0 0.0989939)
(9.9719 0 0.196582)
(9.9334 0 0.2942)
(9.87924 0 0.393423)
(9.81039 0 0.495762)
(9.72716 0 0.602595)
(9.62952 0 0.715188)
(9.5174 0 0.834765)
(9.39067 0 0.962543)
(9.24911 0 1.09974)
(9.09243 0 1.24758)
(8.92026 0 1.40727)
(8.73211 0 1.58004)
(8.5274 0 1.76707)
(8.30542 0 1.96951)
(8.06525 0 2.18842)
(7.80573 0 2.42472)
(7.52531 0 2.67908)
(7.22194 0 2.95182)
(6.89282 0 3.24272)
(6.53411 0 3.55068)
(6.14059 0 3.87339)
(5.7052 0 4.20662)
(5.21866 0 4.54333)
(4.66919 0 4.87242)
(4.04308 0 5.17702)
(3.3239 0 5.43244)
(2.50995 0 5.60219)
(1.542 0 5.64381)
(0.664118 0 5.41842)
(9.99384 0 0.106706)
(9.9733 0 0.212004)
(9.93679 0 0.317508)
(9.88557 0 0.424863)
(9.82063 0 0.535597)
(9.74224 0 0.651128)
(9.65043 0 0.772794)
(9.54516 0 0.901889)
(9.42636 0 1.0397)
(9.29388 0 1.18751)
(9.1475 0 1.34662)
(8.98691 0 1.51833)
(8.81172 0 1.70396)
(8.6214 0 1.90483)
(8.41529 0 2.12225)
(8.19251 0 2.35753)
(7.95187 0 2.61188)
(7.69179 0 2.88644)
(7.41007 0 3.18217)
(7.10368 0 3.49974)
(6.76842 0 3.83934)
(6.39844 0 4.20041)
(5.98571 0 4.58107)
(5.51928 0 4.97724)
(4.98461 0 5.38128)
(4.36353 0 5.77959)
(3.63217 0 6.14927)
(2.78038 0 6.45093)
(1.73364 0 6.62891)
(0.744922 0 6.50359)
(9.9942 0 0.114008)
(9.97487 0 0.22658)
(9.94055 0 0.33948)
(9.89251 0 0.454432)
(9.83172 0 0.572993)
(9.7585 0 0.696619)
(9.67287 0 0.826702)
(9.57486 0 0.964599)
(9.46446 0 1.11165)
(9.34159 0 1.26921)
(9.20612 0 1.43864)
(9.05783 0 1.62132)
(8.89641 0 1.81866)
(8.72143 0 2.03211)
(8.53234 0 2.26317)
(8.32833 0 2.51336)
(8.10833 0 2.78425)
(7.8708 0 3.07745)
(7.61362 0 3.3946)
(7.33376 0 3.73734)
(7.02698 0 4.10729)
(6.68725 0 4.50586)
(6.30603 0 4.93395)
(5.87129 0 5.39132)
(5.36604 0 5.87527)
(4.76721 0 6.37824)
(4.04106 0 6.88335)
(3.16181 0 7.3538)
(2.02502 0 7.72371)
(0.880875 0 7.75777)
(9.99459 0 0.120856)
(9.97657 0 0.24023)
(9.94461 0 0.360016)
(9.89995 0 0.482011)
(9.84355 0 0.607807)
(9.77574 0 0.738894)
(9.6966 0 0.876708)
(9.60621 0 1.02265)
(9.50461 0 1.17812)
(9.39181 0 1.34451)
(9.26778 0 1.52324)
(9.13238 0 1.71576)
(8.98543 0 1.92358)
(8.82664 0 2.14825)
(8.65558 0 2.39142)
(8.47163 0 2.65485)
(8.27388 0 2.94043)
(8.06105 0 3.25022)
(7.83125 0 3.58654)
(7.5818 0 3.95201)
(7.30882 0 4.34965)
(7.00672 0 4.78296)
(6.66734 0 5.2559)
(6.27867 0 5.77276)
(5.82273 0 6.33754)
(5.27285 0 6.95235)
(4.58498 0 7.61372)
(3.71045 0 8.30124)
(2.48862 0 8.95887)
(1.12472 0 9.29421)
(9.99501 0 0.127214)
(9.97837 0 0.252891)
(9.9489 0 0.37903)
(9.90779 0 0.507498)
(9.85597 0 0.639921)
(9.7938 0 0.777816)
(9.7214 0 0.922652)
(9.63891 0 1.07587)
(9.54644 0 1.2389)
(9.44409 0 1.41317)
(9.33191 0 1.60015)
(9.2099 0 1.80134)
(9.078 0 2.01831)
(8.93608 0 2.25271)
(8.78391 0 2.50632)
(8.6211 0 2.78109)
(8.44702 0 3.07918)
(8.26075 0 3.40306)
(8.0609 0 3.75561)
(7.84542 0 4.14031)
(7.61131 0 4.56146)
(7.35412 0 5.02447)
(7.06724 0 5.53627)
(6.74058 0 6.10589)
(6.3582 0 6.74501)
(5.89448 0 7.46875)
(5.30135 0 8.2963)
(4.50959 0 9.24825)
(3.26958 0 10.3426)
(1.60551 0 11.3607)
(9.99544 0 0.133054)
(9.98026 0 0.264511)
(9.95339 0 0.396453)
(9.91595 0 0.530802)
(9.86887 0 0.669215)
(9.81251 0 0.813229)
(9.74705 0 0.964338)
(9.67268 0 1.12401)
(9.58959 0 1.29369)
(9.49797 0 1.47484)
(9.39797 0 1.66895)
(9.28972 0 1.87756)
(9.1733 0 2.10227)
(9.04879 0 2.3448)
(8.91616 0 2.60703)
(8.7753 0 2.89103)
(8.62598 0 3.19916)
(8.46775 0 3.53417)
(8.29987 0 3.89937)
(8.12122 0 4.29886)
(7.9301 0 4.73784)
(7.72394 0 5.22318)
(7.49893 0 5.76409)
(7.24918 0 6.3734)
(6.9652 0 7.06956)
(6.63148 0 7.88043)
(6.21525 0 8.85147)
(5.66709 0 10.0658)
(4.6918 0 11.7318)
(2.68869 0 14.5954)
(0.133231 0 -0.136549)
(0.30848 0 -0.122691)
(0.489648 0 -0.098064)
(0.644644 0 -0.0758401)
(0.769041 0 -0.058064)
(0.868242 0 -0.0442688)
(0.948471 0 -0.0337149)
(1.01454 0 -0.0257705)
(1.07001 0 -0.0198881)
(1.11762 0 -0.0155855)
(1.15952 0 -0.0124423)
(1.19724 0 -0.0100911)
(1.23173 0 -0.00821083)
(1.2634 0 -0.00653766)
(1.29219 0 -0.00489437)
(1.31776 0 -0.00321322)
(1.33975 0 -0.00150784)
(1.35789 0 0.000230463)
(1.37185 0 0.00214789)
(1.38088 0 0.00446895)
(1.3839 0 0.00713752)
(1.38021 0 0.00933237)
(1.37003 0 0.0106502)
(1.35623 0 0.0105769)
(1.34267 0 0.00925773)
(1.33197 0 0.00727179)
(1.32478 0 0.00500957)
(1.3211 0 0.00242871)
(1.32217 0 -8.10129e-05)
(1.33057 0 -0.00236801)
(0.108231 0 -0.305654)
(0.276497 0 -0.285487)
(0.442012 0 -0.234895)
(0.586084 0 -0.187624)
(0.705531 0 -0.14958)
(0.805038 0 -0.120012)
(0.889604 0 -0.0973815)
(0.962999 0 -0.0803307)
(1.02799 0 -0.0676771)
(1.08671 0 -0.0583821)
(1.14082 0 -0.0515433)
(1.19154 0 -0.0463693)
(1.23969 0 -0.0421606)
(1.2857 0 -0.0383335)
(1.32962 0 -0.0344895)
(1.37127 0 -0.0304837)
(1.41043 0 -0.0263915)
(1.44703 0 -0.0222955)
(1.48123 0 -0.0179929)
(1.51309 0 -0.0130014)
(1.54188 0 -0.00715661)
(1.56592 0 -0.00148886)
(1.58466 0 0.00264422)
(1.59942 0 0.00430451)
(1.61321 0 0.00389482)
(1.62826 0 0.00267327)
(1.64502 0 0.00127906)
(1.66315 0 -0.000568778)
(1.68128 0 -0.00279262)
(1.70217 0 -0.0043598)
(0.0819619 0 -0.47547)
(0.222726 0 -0.446251)
(0.350386 0 -0.370196)
(0.461402 0 -0.299229)
(0.552924 0 -0.242251)
(0.629545 0 -0.197835)
(0.694989 0 -0.163642)
(0.751958 0 -0.137627)
(0.802476 0 -0.118053)
(0.848124 0 -0.103428)
(0.890147 0 -0.0924709)
(0.929494 0 -0.0840516)
(0.966824 0 -0.0771598)
(1.0025 0 -0.07093)
(1.03659 0 -0.0647457)
(1.06888 0 -0.0583737)
(1.09906 0 -0.0519795)
(1.12698 0 -0.0458542)
(1.15295 0 -0.0398533)
(1.17764 0 -0.0330244)
(1.20127 0 -0.0242511)
(1.22287 0 -0.0142713)
(1.2405 0 -0.00701612)
(1.25356 0 -0.00526302)
(1.26428 0 -0.00757008)
(1.27475 0 -0.011342)
(1.28503 0 -0.015042)
(1.29432 0 -0.0180256)
(1.30219 0 -0.0202563)
(1.31066 0 -0.0196486)
(0.0574783 0 -0.603161)
(0.163184 0 -0.559146)
(0.244893 0 -0.46052)
(0.316896 0 -0.371547)
(0.373723 0 -0.301254)
(0.420923 0 -0.24668)
(0.460586 0 -0.204712)
(0.494301 0 -0.172719)
(0.523342 0 -0.148548)
(0.54873 0 -0.130408)
(0.571284 0 -0.116773)
(0.591654 0 -0.106292)
(0.610367 0 -0.0977467)
(0.627811 0 -0.090062)
(0.644175 0 -0.0824219)
(0.659365 0 -0.0744543)
(0.672818 0 -0.0663485)
(0.683916 0 -0.0586703)
(0.692526 0 -0.0517432)
(0.700077 0 -0.0451855)
(0.708545 0 -0.0378117)
(0.718191 0 -0.0286723)
(0.722148 0 -0.0185438)
(0.710292 0 -0.0106808)
(0.689803 0 -0.00733434)
(0.668602 0 -0.00596485)
(0.648324 0 -0.00460682)
(0.627554 0 -0.00495242)
(0.608274 0 -0.00704216)
(0.591375 0 -0.00851348)
(0.0325456 0 -0.691281)
(0.0967465 0 -0.627416)
(0.126701 0 -0.509548)
(0.156647 0 -0.408583)
(0.174064 0 -0.33)
(0.187082 0 -0.269126)
(0.195583 0 -0.222294)
(0.200396 0 -0.186489)
(0.202223 0 -0.159325)
(0.201651 0 -0.138853)
(0.199127 0 -0.123443)
(0.195049 0 -0.111661)
(0.189878 0 -0.102188)
(0.184105 0 -0.0938116)
(0.178175 0 -0.0855231)
(0.172307 0 -0.0767016)
(0.165673 0 -0.0673123)
(0.157447 0 -0.057812)
(0.144776 0 -0.0484608)
(0.128168 0 -0.0385547)
(0.106132 0 -0.0262877)
(0.0838771 0 -0.0109248)
(0.0604683 0 0.00397158)
(0.0465428 0 0.0117521)
(0.033482 0 0.0114459)
(0.0214694 0 0.00738794)
(0.0162332 0 0.00332766)
(0.0128991 0 -0.00112885)
(0.00981846 0 -0.00596773)
(0.00227788 0 -0.0149619)
(0.00595241 0 -0.733219)
(0.0230532 0 -0.645647)
(-0.00120004 0 -0.511863)
(-0.0161555 0 -0.404121)
(-0.0412074 0 -0.321057)
(-0.0662549 0 -0.257333)
(-0.0931909 0 -0.208644)
(-0.121138 0 -0.17171)
(-0.149623 0 -0.143872)
(-0.178241 0 -0.122991)
(-0.20673 0 -0.107343)
(-0.234827 0 -0.0954588)
(-0.262212 0 -0.0860037)
(-0.288537 0 -0.077787)
(-0.313447 0 -0.0698516)
(-0.336581 0 -0.0615751)
(-0.357648 0 -0.0527436)
(-0.376552 0 -0.0435107)
(-0.393445 0 -0.0341752)
(-0.408264 0 -0.0247895)
(-0.420745 0 -0.0153062)
(-0.430348 0 -0.0057399)
(-0.435671 0 0.00247471)
(-0.440211 0 0.00768525)
(-0.446215 0 0.00890689)
(-0.453577 0 0.00632582)
(-0.460251 0 0.00307183)
(-0.465881 0 0.00101903)
(-0.472944 0 -0.00220777)
(-0.480474 0 -0.00806233)
(-0.0247881 0 -0.72168)
(-0.0596112 0 -0.607083)
(-0.135747 0 -0.467604)
(-0.198905 0 -0.360478)
(-0.265581 0 -0.277955)
(-0.329396 0 -0.215955)
(-0.390014 0 -0.169572)
(-0.446596 0 -0.135262)
(-0.498657 0 -0.110236)
(-0.545986 0 -0.0922564)
(-0.588682 0 -0.0794893)
(-0.627059 0 -0.0704058)
(-0.661512 0 -0.0636482)
(-0.692418 0 -0.0580363)
(-0.720059 0 -0.0526657)
(-0.744564 0 -0.0469615)
(-0.765953 0 -0.0406682)
(-0.784269 0 -0.0337449)
(-0.799672 0 -0.0261829)
(-0.812378 0 -0.017896)
(-0.82254 0 -0.00892481)
(-0.830609 0 7.24811e-05)
(-0.834905 0 0.00758453)
(-0.838824 0 0.0120028)
(-0.843609 0 0.012797)
(-0.849903 0 0.0108317)
(-0.857075 0 0.00778237)
(-0.864322 0 0.00415388)
(-0.871037 0 -0.00114412)
(-0.876513 0 -0.00757503)
(-0.0616193 0 -0.653274)
(-0.147984 0 -0.519515)
(-0.273911 0 -0.380949)
(-0.382883 0 -0.277532)
(-0.487366 0 -0.2017)
(-0.58189 0 -0.147587)
(-0.665753 0 -0.109475)
(-0.739066 0 -0.0830597)
(-0.802679 0 -0.0652187)
(-0.85779 0 -0.0536465)
(-0.905606 0 -0.0464293)
(-0.947265 0 -0.0420454)
(-0.983727 0 -0.039228)
(-1.01579 0 -0.0369405)
(-1.04407 0 -0.0344684)
(-1.06899 0 -0.0314174)
(-1.09077 0 -0.0276497)
(-1.10948 0 -0.0231425)
(-1.12524 0 -0.0178236)
(-1.13821 0 -0.0115508)
(-1.14852 0 -0.00435242)
(-1.15638 0 0.00311411)
(-1.162 0 0.00981109)
(-1.16715 0 0.0143342)
(-1.17266 0 0.0157715)
(-1.17912 0 0.0145584)
(-1.18648 0 0.0118647)
(-1.19449 0 0.00807346)
(-1.2024 0 0.00261532)
(-1.20654 0 -0.00309968)
(-0.10488 0 -0.526119)
(-0.244772 0 -0.381735)
(-0.420943 0 -0.253946)
(-0.569475 0 -0.165381)
(-0.703178 0 -0.104023)
(-0.818865 0 -0.0634581)
(-0.917187 0 -0.0381359)
(-0.999573 0 -0.0234719)
(-1.06706 0 -0.0160541)
(-1.12322 0 -0.0128507)
(-1.1708 0 -0.0121327)
(-1.21193 0 -0.0128222)
(-1.24818 0 -0.014108)
(-1.28027 0 -0.0152857)
(-1.30864 0 -0.0157605)
(-1.33383 0 -0.0152447)
(-1.35611 0 -0.0137793)
(-1.37549 0 -0.0114666)
(-1.39192 0 -0.00824399)
(-1.40548 0 -0.0039173)
(-1.41637 0 0.00153066)
(-1.42459 0 0.00759976)
(-1.43178 0 0.0133338)
(-1.43854 0 0.0174857)
(-1.44551 0 0.0190802)
(-1.45306 0 0.0182364)
(-1.46139 0 0.0157203)
(-1.47051 0 0.0118398)
(-1.47926 0 0.00651422)
(-1.4838 0 0.0017308)
(-0.160152 0 -0.340891)
(-0.366503 0 -0.199689)
(-0.607556 0 -0.0826926)
(-0.796979 0 -0.0127365)
(-0.948435 0 0.0215923)
(-1.06886 0 0.0364923)
(-1.16459 0 0.0403712)
(-1.24151 0 0.0381848)
(-1.30525 0 0.0332857)
(-1.35849 0 0.0273704)
(-1.40357 0 0.0213015)
(-1.44221 0 0.0154226)
(-1.47553 0 0.00998638)
(-1.50477 0 0.00545395)
(-1.53103 0 0.00227347)
(-1.55485 0 0.000494304)
(-1.57637 0 -0.000186932)
(-1.59533 0 -3.55325e-05)
(-1.61144 0 0.00105952)
(-1.6247 0 0.00349791)
(-1.63558 0 0.00748897)
(-1.64509 0 0.012673)
(-1.65394 0 0.0179563)
(-1.66267 0 0.0219284)
(-1.67159 0 0.0235919)
(-1.68083 0 0.0228918)
(-1.69062 0 0.0204018)
(-1.70118 0 0.0165019)
(-1.71112 0 0.0114757)
(-1.71629 0 0.00726012)
(-0.236204 0 -0.0643758)
(-0.494678 0 0.0899037)
(-0.751291 0 0.137205)
(-0.944907 0 0.14702)
(-1.10105 0 0.141844)
(-1.22598 0 0.128882)
(-1.32627 0 0.112841)
(-1.40728 0 0.0961533)
(-1.47329 0 0.0801238)
(-1.52787 0 0.0656604)
(-1.57403 0 0.0531341)
(-1.61381 0 0.0422962)
(-1.64839 0 0.0329352)
(-1.67862 0 0.0252888)
(-1.70544 0 0.0196735)
(-1.72973 0 0.0159311)
(-1.75187 0 0.0134137)
(-1.77156 0 0.0115867)
(-1.78833 0 0.0106054)
(-1.8022 0 0.0112005)
(-1.8139 0 0.013932)
(-1.82453 0 0.0184791)
(-1.83504 0 0.0235563)
(-1.84589 0 0.0275249)
(-1.85702 0 0.0292157)
(-1.86821 0 0.0284498)
(-1.87958 0 0.0257954)
(-1.89136 0 0.0218276)
(-1.90202 0 0.0170889)
(-1.90728 0 0.0133292)
(-0.282759 0 0.317722)
(-0.570192 0 0.371656)
(-0.860019 0 0.353965)
(-1.07561 0 0.315732)
(-1.24246 0 0.272111)
(-1.37112 0 0.229362)
(-1.47163 0 0.190885)
(-1.55146 0 0.157464)
(-1.61576 0 0.128848)
(-1.66858 0 0.10517)
(-1.71345 0 0.0861414)
(-1.75264 0 0.0704447)
(-1.787 0 0.0569591)
(-1.817 0 0.045791)
(-1.84372 0 0.0375337)
(-1.86841 0 0.0319441)
(-1.89158 0 0.0277999)
(-1.91257 0 0.0240285)
(-1.93037 0 0.0207928)
(-1.94477 0 0.0193642)
(-1.9568 0 0.0208505)
(-1.96814 0 0.0250086)
(-1.98007 0 0.0302141)
(-1.99292 0 0.0343869)
(-2.0062 0 0.0360475)
(-2.01923 0 0.0349305)
(-2.03193 0 0.0317894)
(-2.04462 0 0.027571)
(-2.05576 0 0.0230625)
(-2.0611 0 0.0197421)
(-0.335603 0 0.722872)
(-0.680215 0 0.712085)
(-1.00788 0 0.602666)
(-1.23099 0 0.494456)
(-1.39401 0 0.403379)
(-1.51513 0 0.326669)
(-1.60744 0 0.264563)
(-1.68019 0 0.214943)
(-1.73854 0 0.174374)
(-1.78625 0 0.142041)
(-1.82741 0 0.117484)
(-1.86465 0 0.0979369)
(-1.89802 0 0.0807191)
(-1.92703 0 0.0659623)
(-1.95276 0 0.0551498)
(-1.97726 0 0.0481769)
(-2.00131 0 0.0428995)
(-2.02367 0 0.037277)
(-2.04234 0 0.0314386)
(-2.05669 0 0.0275839)
(-2.06828 0 0.0277878)
(-2.07968 0 0.0319228)
(-2.09267 0 0.03774)
(-2.10749 0 0.0424227)
(-2.12303 0 0.0440382)
(-2.13797 0 0.0422849)
(-2.15193 0 0.0383131)
(-2.16533 0 0.0336504)
(-2.17682 0 0.0293253)
(-2.18221 0 0.0264227)
(-0.439563 0 1.22324)
(-0.869099 0 1.11137)
(-1.22452 0 0.864981)
(-1.42592 0 0.662067)
(-1.56277 0 0.521643)
(-1.66237 0 0.410507)
(-1.73621 0 0.32703)
(-1.79534 0 0.265577)
(-1.84386 0 0.21534)
(-1.88322 0 0.174536)
(-1.9182 0 0.145386)
(-1.95253 0 0.123538)
(-1.9847 0 0.103185)
(-2.01199 0 0.0846641)
(-2.03548 0 0.0715304)
(-2.05881 0 0.0642436)
(-2.08363 0 0.0589428)
(-2.10766 0 0.0517365)
(-2.12715 0 0.0426587)
(-2.14068 0 0.035567)
(-2.15069 0 0.0343284)
(-2.16126 0 0.0389733)
(-2.17502 0 0.046113)
(-2.19194 0 0.0517506)
(-2.21006 0 0.0533329)
(-2.22712 0 0.0505793)
(-2.24225 0 0.045296)
(-2.25606 0 0.039905)
(-2.26766 0 0.0357146)
(-2.27307 0 0.0331999)
(-0.649949 0 2.15538)
(-1.17805 0 1.74566)
(-1.55081 0 1.15523)
(-1.67615 0 0.760597)
(-1.749 0 0.601905)
(-1.81184 0 0.475707)
(-1.85477 0 0.378654)
(-1.89442 0 0.310195)
(-1.93239 0 0.249097)
(-1.96124 0 0.196505)
(-1.9866 0 0.165788)
(-2.01695 0 0.147757)
(-2.04843 0 0.127051)
(-2.0734 0 0.104216)
(-2.09277 0 0.0877523)
(-2.11361 0 0.0807782)
(-2.13948 0 0.0763449)
(-2.1663 0 0.0672804)
(-2.18706 0 0.0535092)
(-2.19884 0 0.0417389)
(-2.20562 0 0.0389204)
(-2.21423 0 0.0451717)
(-2.22853 0 0.054928)
(-2.24797 0 0.0623134)
(-2.26924 0 0.0640024)
(-2.28873 0 0.059835)
(-2.30487 0 0.0525985)
(-2.31861 0 0.0461071)
(-2.32997 0 0.0420898)
(-2.33533 0 0.039991)
(9.9959 0 0.13845)
(9.98225 0 0.275247)
(9.9581 0 0.412537)
(9.92452 0 0.552289)
(9.88241 0 0.696179)
(9.83214 0 0.845759)
(9.77396 0 1.00254)
(9.70811 0 1.16799)
(9.63488 0 1.34357)
(9.55453 0 1.53075)
(9.46733 0 1.73103)
(9.37356 0 1.94594)
(9.27347 0 2.17712)
(9.16733 0 2.42631)
(9.05538 0 2.69543)
(8.93785 0 2.98659)
(8.81493 0 3.30227)
(8.68675 0 3.64535)
(8.55338 0 4.01933)
(8.41484 0 4.42861)
(8.27106 0 4.87882)
(8.12191 0 5.37742)
(7.96737 0 5.93458)
(7.8077 0 6.56466)
(7.64414 0 7.28873)
(7.4817 0 8.13941)
(7.33372 0 9.17067)
(7.29048 0 10.4761)
(7.75079 0 12.2007)
(7.93687 0 14.9204)
(9.99638 0 0.14341)
(9.98433 0 0.285103)
(9.96305 0 0.427267)
(9.9335 0 0.571901)
(9.89655 0 0.720697)
(9.8526 0 0.875211)
(9.80194 0 1.03695)
(9.74488 0 1.2074)
(9.68179 0 1.388)
(9.61303 0 1.58021)
(9.53899 0 1.78552)
(9.4601 0 2.00545)
(9.37678 0 2.24162)
(9.28952 0 2.49574)
(9.19884 0 2.76971)
(9.10531 0 3.06564)
(9.0096 0 3.38595)
(8.91245 0 3.73349)
(8.81478 0 4.11171)
(8.71776 0 4.52488)
(8.62302 0 4.9784)
(8.53292 0 5.47931)
(8.45118 0 6.03692)
(8.38408 0 6.66381)
(8.34282 0 7.3772)
(8.3495 0 8.20049)
(8.44305 0 9.16377)
(8.67946 0 10.3002)
(9.3277 0 11.5543)
(9.81978 0 12.6403)
(9.99688 0 0.147848)
(9.9865 0 0.293916)
(9.96818 0 0.44042)
(9.94281 0 0.589374)
(9.91119 0 0.742474)
(9.87375 0 0.90127)
(9.83082 0 1.06726)
(9.78278 0 1.2419)
(9.73007 0 1.42662)
(9.67316 0 1.62286)
(9.61254 0 1.83204)
(9.54878 0 2.05567)
(9.48249 0 2.29529)
(9.41438 0 2.55255)
(9.34524 0 2.82926)
(9.276 0 3.12742)
(9.20774 0 3.4493)
(9.14182 0 3.79754)
(9.07991 0 4.17524)
(9.02425 0 4.58617)
(8.97783 0 5.03493)
(8.94496 0 5.52718)
(8.93192 0 6.0699)
(8.94825 0 6.67148)
(9.00844 0 7.34133)
(9.13465 0 8.08807)
(9.35789 0 8.91349)
(9.68762 0 9.80635)
(10.2535 0 10.7151)
(10.9411 0 11.4291)
(9.9974 0 0.15171)
(9.98873 0 0.301579)
(9.97346 0 0.451829)
(9.95237 0 0.604477)
(9.92621 0 0.761209)
(9.89541 0 0.92356)
(9.86037 0 1.093)
(9.82152 0 1.27096)
(9.77935 0 1.45883)
(9.73443 0 1.65799)
(9.68737 0 1.86982)
(9.63886 0 2.09573)
(9.58969 0 2.33718)
(9.54075 0 2.5957)
(9.49309 0 2.87296)
(9.44796 0 3.17074)
(9.40682 0 3.49106)
(9.37152 0 3.83618)
(9.34435 0 4.20867)
(9.32828 0 4.61151)
(9.32724 0 5.04808)
(9.34654 0 5.52224)
(9.39342 0 6.03808)
(9.47779 0 6.59958)
(9.61285 0 7.20947)
(9.81543 0 7.8674)
(10.1083 0 8.56622)
(10.5 0 9.2912)
(11.0573 0 10.0322)
(11.8501 0 10.676)
(9.99792 0 0.154951)
(9.991 0 0.308)
(9.97883 0 0.461359)
(9.9621 0 0.617031)
(9.94148 0 0.776683)
(9.91742 0 0.941821)
(9.89035 0 1.11388)
(9.86075 0 1.29424)
(9.8292 0 1.48424)
(9.79631 0 1.68518)
(9.7628 0 1.89837)
(9.72949 0 2.1251)
(9.69729 0 2.36672)
(9.66729 0 2.6246)
(9.64072 0 2.90018)
(9.61909 0 3.19501)
(9.60416 0 3.51073)
(9.59812 0 3.84912)
(9.60366 0 4.21209)
(9.62416 0 4.60169)
(9.66395 0 5.02002)
(9.72855 0 5.46908)
(9.82503 0 5.95048)
(9.96235 0 6.46491)
(10.1516 0 7.01126)
(10.4057 0 7.58566)
(10.7421 0 8.17994)
(11.1723 0 8.77942)
(11.7192 0 9.37252)
(12.4718 0 9.88435)
(9.99845 0 0.157525)
(9.9933 0 0.313093)
(9.98426 0 0.468883)
(9.97192 0 0.626873)
(9.95687 0 0.788694)
(9.93958 0 0.955812)
(9.92049 0 1.12961)
(9.90015 0 1.31142)
(9.87916 0 1.50249)
(9.85822 0 1.70406)
(9.83812 0 1.9173)
(9.81976 0 2.14341)
(9.80419 0 2.38355)
(9.7926 0 2.63891)
(9.78641 0 2.91069)
(9.78726 0 3.20011)
(9.79712 0 3.50842)
(9.81836 0 3.83685)
(9.85383 0 4.18663)
(9.90704 0 4.55888)
(9.98226 0 4.9545)
(10.0847 0 5.37395)
(10.2207 0 5.81696)
(10.3979 0 6.28208)
(10.6249 0 6.76603)
(10.9115 0 7.26304)
(11.2689 0 7.76388)
(11.7051 0 8.25299)
(12.2207 0 8.71366)
(12.8958 0 9.10442)
(9.99898 0 0.159396)
(9.9956 0 0.31678)
(9.9897 0 0.474289)
(9.98174 0 0.633853)
(9.97226 0 0.79706)
(9.96169 0 0.965324)
(9.95054 0 1.13997)
(9.93934 0 1.32224)
(9.92877 0 1.51333)
(9.91956 0 1.71434)
(9.91256 0 1.92635)
(9.90875 0 2.15039)
(9.90923 0 2.38746)
(9.91529 0 2.63852)
(9.92844 0 2.9045)
(9.9504 0 3.18629)
(9.98321 0 3.48471)
(10.0293 0 3.80048)
(10.0914 0 4.13415)
(10.173 0 4.48602)
(10.278 0 4.85599)
(10.411 0 5.24335)
(10.5772 0 5.64653)
(10.7826 0 6.06271)
(11.0337 0 6.4874)
(11.3368 0 6.91392)
(11.6979 0 7.3329)
(12.1213 0 7.73093)
(12.6008 0 8.09346)
(13.2056 0 8.40001)
(9.99951 0 0.160528)
(9.99788 0 0.318997)
(9.99509 0 0.477479)
(9.99149 0 0.637846)
(9.9875 0 0.801631)
(9.98357 0 0.970184)
(9.98021 0 1.14476)
(9.97798 0 1.32652)
(9.97758 0 1.51654)
(9.97975 0 1.71584)
(9.98541 0 1.92536)
(9.99554 0 2.14595)
(10.0113 0 2.37843)
(10.034 0 2.62353)
(10.0652 0 2.88192)
(10.1066 0 3.15414)
(10.1602 0 3.4406)
(10.2284 0 3.74155)
(10.3137 0 4.05696)
(10.4192 0 4.38645)
(10.5484 0 4.72917)
(10.7049 0 5.08358)
(10.8931 0 5.4473)
(11.1172 0 5.81681)
(11.3814 0 6.1872)
(11.6896 0 6.55192)
(12.0446 0 6.90269)
(12.4478 0 7.2292)
(12.8917 0 7.52033)
(13.4342 0 7.76479)
(10 0 0.160894)
(10.0001 0 0.319687)
(10.0004 0 0.478372)
(10.0011 0 0.638752)
(10.0025 0 0.802289)
(10.005 0 0.970263)
(10.0092 0 1.14384)
(10.0157 0 1.32411)
(10.0251 0 1.51203)
(10.0382 0 1.70849)
(10.0559 0 1.91428)
(10.0793 0 2.13012)
(10.1094 0 2.35662)
(10.1476 0 2.59429)
(10.1953 0 2.84351)
(10.2543 0 3.10453)
(10.3264 0 3.3774)
(10.4137 0 3.66195)
(10.5186 0 3.95768)
(10.6437 0 4.26371)
(10.7918 0 4.57866)
(10.9658 0 4.90051)
(11.1689 0 5.22646)
(11.4039 0 5.55281)
(11.6734 0 5.8748)
(11.9794 0 6.18659)
(12.3225 0 6.48131)
(12.7026 0 6.75115)
(13.1119 0 6.98776)
(13.5992 0 7.18432)
(10.0005 0 0.160472)
(10.0023 0 0.318809)
(10.0056 0 0.47691)
(10.0104 0 0.636496)
(10.017 0 0.798951)
(10.0259 0 0.965476)
(10.0374 0 1.13715)
(10.0522 0 1.31495)
(10.071 0 1.49974)
(10.0944 0 1.69229)
(10.1235 0 1.89323)
(10.1592 0 2.10312)
(10.2025 0 2.32238)
(10.2548 0 2.55131)
(10.3175 0 2.79006)
(10.392 0 3.0386)
(10.4801 0 3.29667)
(10.5837 0 3.56376)
(10.7047 0 3.83905)
(10.8453 0 4.1213)
(11.0076 0 4.40883)
(11.1939 0 4.69937)
(11.4062 0 4.99005)
(11.6463 0 5.27729)
(11.9155 0 5.55681)
(12.2144 0 5.82362)
(12.5425 0 6.0722)
(12.8986 0 6.29666)
(13.2755 0 6.49098)
(13.715 0 6.65099)
(10.001 0 0.159248)
(10.0044 0 0.316333)
(10.0106 0 0.473053)
(10.0194 0 0.631032)
(10.031 0 0.791571)
(10.0459 0 0.955784)
(10.0644 0 1.12466)
(10.0871 0 1.29906)
(10.1147 0 1.47975)
(10.1479 0 1.66736)
(10.1875 0 1.8624)
(10.2345 0 2.06526)
(10.2899 0 2.2762)
(10.3549 0 2.49531)
(10.4308 0 2.72254)
(10.5188 0 2.95763)
(10.6205 0 3.20009)
(10.7375 0 3.44916)
(10.8714 0 3.70379)
(11.0238 0 3.96255)
(11.1963 0 4.2236)
(11.3904 0 4.48466)
(11.6074 0 4.74296)
(11.8481 0 4.99525)
(12.1131 0 5.23782)
(12.402 0 5.46656)
(12.7136 0 5.67716)
(13.0462 0 5.86526)
(13.3935 0 6.02664)
(13.792 0 6.15878)
(10.0015 0 0.157213)
(10.0065 0 0.312246)
(10.0154 0 0.466782)
(10.028 0 0.622343)
(10.0444 0 0.780141)
(10.065 0 0.941196)
(10.09 0 1.1064)
(10.1202 0 1.27652)
(10.156 0 1.45219)
(10.1981 0 1.63394)
(10.2474 0 1.82213)
(10.3047 0 2.01702)
(10.3709 0 2.2187)
(10.4471 0 2.42712)
(10.5344 0 2.64204)
(10.6339 0 2.86303)
(10.7469 0 3.08942)
(10.8747 0 3.32031)
(11.0184 0 3.5545)
(11.1793 0 3.79048)
(11.3585 0 4.02642)
(11.5569 0 4.26013)
(11.7751 0 4.48908)
(12.0134 0 4.71041)
(12.2715 0 4.92102)
(12.5488 0 5.11764)
(12.8436 0 5.29694)
(13.1539 0 5.45577)
(13.4746 0 5.59122)
(13.8378 0 5.70179)
(10.0019 0 0.154367)
(10.0084 0 0.306546)
(10.0199 0 0.4581)
(10.0361 0 0.610443)
(10.0571 0 0.764689)
(10.0829 0 0.921767)
(10.1141 0 1.08247)
(10.1512 0 1.24746)
(10.1945 0 1.41727)
(10.2449 0 1.5923)
(10.3029 0 1.77282)
(10.3694 0 1.95893)
(10.4451 0 2.15061)
(10.531 0 2.34767)
(10.628 0 2.54974)
(10.737 0 2.75625)
(10.8591 0 2.96644)
(10.9952 0 3.1793)
(11.1462 0 3.3936)
(11.3128 0 3.60784)
(11.4959 0 3.82027)
(11.6957 0 4.02888)
(11.9125 0 4.23143)
(12.146 0 4.42551)
(12.3957 0 4.60858)
(12.6605 0 4.77806)
(12.9388 0 4.93147)
(13.2286 0 5.06654)
(13.5254 0 5.18129)
(13.8583 0 5.27487)
(10.0024 0 0.150715)
(10.0102 0 0.299246)
(10.0241 0 0.447032)
(10.0438 0 0.59537)
(10.0689 0 0.74528)
(10.0997 0 0.897594)
(10.1366 0 1.05301)
(10.1799 0 1.21209)
(10.2301 0 1.37527)
(10.2878 0 1.54284)
(10.3536 0 1.71495)
(10.4282 0 1.89163)
(10.5121 0 2.07273)
(10.6062 0 2.25795)
(10.7113 0 2.44683)
(10.828 0 2.63873)
(10.9572 0 2.83283)
(11.0994 0 3.02808)
(11.2553 0 3.22329)
(11.4254 0 3.417)
(11.6099 0 3.60763)
(11.809 0 3.79338)
(12.0224 0 3.97234)
(12.2498 0 4.1425)
(12.4901 0 4.30183)
(12.7424 0 4.44834)
(13.0049 0 4.58019)
(13.2758 0 4.69578)
(13.5513 0 4.79378)
(13.8579 0 4.87377)
(10.0027 0 0.146269)
(10.0119 0 0.290374)
(10.0281 0 0.43362)
(10.0508 0 0.577193)
(10.0798 0 0.722011)
(10.1152 0 0.868814)
(10.1572 0 1.01821)
(10.2062 0 1.17066)
(10.2626 0 1.32651)
(10.3268 0 1.48597)
(10.3994 0 1.64909)
(10.4809 0 1.8158)
(10.5718 0 1.98588)
(10.6728 0 2.15897)
(10.7843 0 2.33453)
(10.9071 0 2.51188)
(11.0415 0 2.69019)
(11.1879 0 2.86844)
(11.3469 0 3.04548)
(11.5184 0 3.22)
(11.7026 0 3.39056)
(11.8993 0 3.55561)
(12.108 0 3.71354)
(12.3282 0 3.86272)
(12.5588 0 4.00156)
(12.7987 0 4.12853)
(13.0463 0 4.24231)
(13.3 0 4.34176)
(13.5566 0 4.42603)
(13.8402 0 4.49495)
(10.0031 0 0.141049)
(10.0134 0 0.279965)
(10.0317 0 0.417926)
(10.0573 0 0.555999)
(10.0898 0 0.695008)
(10.1293 0 0.835601)
(10.1759 0 0.978293)
(10.23 0 1.12347)
(10.2918 0 1.27139)
(10.3618 0 1.42218)
(10.4402 0 1.57581)
(10.5276 0 1.73216)
(10.6243 0 1.89094)
(10.7308 0 2.05173)
(10.8474 0 2.21399)
(10.9746 0 2.37702)
(11.1127 0 2.54)
(11.2618 0 2.70198)
(11.4221 0 2.86188)
(11.5936 0 3.01855)
(11.776 0 3.17071)
(11.9691 0 3.31707)
(12.1723 0 3.45629)
(12.3847 0 3.58706)
(12.6055 0 3.70815)
(12.8335 0 3.81843)
(13.0672 0 3.91692)
(13.3053 0 4.00286)
(13.545 0 4.07571)
(13.8085 0 4.13547)
(10.0034 0 0.135078)
(10.0148 0 0.26807)
(10.035 0 0.400026)
(10.0631 0 0.531901)
(10.0988 0 0.664422)
(10.142 0 0.798152)
(10.1927 0 0.933524)
(10.2513 0 1.07085)
(10.3178 0 1.21031)
(10.3927 0 1.35195)
(10.4761 0 1.49572)
(10.5683 0 1.64142)
(10.6697 0 1.78873)
(10.7805 0 1.93721)
(10.901 0 2.08631)
(11.0313 0 2.23536)
(11.1717 0 2.38357)
(11.3221 0 2.53007)
(11.4825 0 2.6739)
(11.6527 0 2.81404)
(11.8323 0 2.9494)
(12.021 0 3.0789)
(12.218 0 3.20146)
(12.4225 0 3.31605)
(12.6337 0 3.42171)
(12.8503 0 3.51762)
(13.0712 0 3.60308)
(13.295 0 3.67758)
(13.5196 0 3.7408)
(13.7655 0 3.79284)
(10.0037 0 0.128384)
(10.0161 0 0.254744)
(10.0379 0 0.380008)
(10.0684 0 0.505022)
(10.1069 0 0.630422)
(10.1533 0 0.756689)
(10.2076 0 0.884181)
(10.27 0 1.01314)
(10.3406 0 1.14368)
(10.4196 0 1.27582)
(10.5071 0 1.40943)
(10.6033 0 1.54429)
(10.7083 0 1.68007)
(10.8224 0 1.81632)
(10.9456 0 1.9525)
(11.078 0 2.08799)
(11.2195 0 2.22206)
(11.3701 0 2.35392)
(11.5295 0 2.48273)
(11.6975 0 2.6076)
(11.8736 0 2.72764)
(12.0573 0 2.84194)
(12.2478 0 2.94964)
(12.4445 0 3.04994)
(12.6463 0 3.14212)
(12.8523 0 3.22557)
(13.0613 0 3.29982)
(13.2723 0 3.36453)
(13.4834 0 3.41953)
(13.7136 0 3.46498)
(10.004 0 0.120997)
(10.0172 0 0.24005)
(10.0405 0 0.357972)
(10.0731 0 0.475502)
(10.114 0 0.593191)
(10.1632 0 0.711445)
(10.2207 0 0.830554)
(10.2864 0 0.9507)
(10.3604 0 1.07195)
(10.4428 0 1.19427)
(10.5336 0 1.31751)
(10.6328 0 1.44144)
(10.7407 0 1.56571)
(10.8571 0 1.68989)
(10.982 0 1.81348)
(11.1154 0 1.93588)
(11.2572 0 2.05646)
(11.4071 0 2.17451)
(11.5648 0 2.28931)
(11.7299 0 2.40011)
(11.902 0 2.50615)
(12.0804 0 2.60672)
(12.2645 0 2.70114)
(12.4534 0 2.78878)
(12.6463 0 2.8691)
(12.8424 0 2.94168)
(13.0406 0 3.00619)
(13.2399 0 3.06243)
(13.4389 0 3.11032)
(13.6553 0 3.15004)
(10.0042 0 0.112951)
(10.0182 0 0.224056)
(10.0428 0 0.33402)
(10.0771 0 0.443483)
(10.1202 0 0.552918)
(10.1718 0 0.66266)
(10.2319 0 0.77294)
(10.3004 0 0.883888)
(10.3772 0 0.995532)
(10.4624 0 1.1078)
(10.5558 0 1.22054)
(10.6574 0 1.3335)
(10.7672 0 1.44635)
(10.8851 0 1.55867)
(11.011 0 1.67002)
(11.1447 0 1.77984)
(11.286 0 1.88759)
(11.4345 0 1.99264)
(11.59 0 2.09438)
(11.7518 0 2.19219)
(11.9195 0 2.28546)
(12.0926 0 2.37359)
(12.2702 0 2.45608)
(12.4518 0 2.53243)
(12.6364 0 2.60227)
(12.8233 0 2.66528)
(13.0116 0 2.72125)
(13.2004 0 2.77007)
(13.3885 0 2.81173)
(13.5926 0 2.84642)
(10.0044 0 0.104278)
(10.019 0 0.206828)
(10.0448 0 0.308256)
(10.0807 0 0.409112)
(10.1256 0 0.509793)
(10.1793 0 0.610572)
(10.2415 0 0.711628)
(10.3123 0 0.813046)
(10.3914 0 0.914824)
(10.4787 0 1.01687)
(10.5741 0 1.11902)
(10.6774 0 1.22103)
(10.7885 0 1.32259)
(10.9073 0 1.42331)
(11.0335 0 1.52279)
(11.1669 0 1.62054)
(11.3071 0 1.71609)
(11.4538 0 1.80891)
(11.6066 0 1.89847)
(11.7649 0 1.98428)
(11.9282 0 2.06582)
(12.096 0 2.14266)
(12.2674 0 2.21438)
(12.442 0 2.28062)
(12.6189 0 2.3411)
(12.7973 0 2.39561)
(12.9766 0 2.44402)
(13.1561 0 2.48629)
(13.3345 0 2.52242)
(13.5277 0 2.55263)
(10.0046 0 0.0950113)
(10.0198 0 0.188432)
(10.0466 0 0.280782)
(10.0837 0 0.372529)
(10.1302 0 0.464)
(10.1856 0 0.555412)
(10.2497 0 0.646895)
(10.3222 0 0.7385)
(10.4031 0 0.830201)
(10.4921 0 0.921898)
(10.5889 0 1.01342)
(10.6934 0 1.10454)
(10.8053 0 1.19496)
(10.9244 0 1.28435)
(11.0504 0 1.37234)
(11.183 0 1.45852)
(11.3218 0 1.54247)
(11.4664 0 1.62376)
(11.6163 0 1.70194)
(11.771 0 1.77662)
(11.9299 0 1.8474)
(12.0925 0 1.91391)
(12.2582 0 1.97585)
(12.4262 0 2.03296)
(12.596 0 2.08503)
(12.7668 0 2.13193)
(12.938 0 2.17359)
(13.1091 0 2.20998)
(13.2789 0 2.24117)
(13.4625 0 2.26734)
(10.0047 0 0.085178)
(10.0204 0 0.168926)
(10.0481 0 0.251691)
(10.0863 0 0.333866)
(10.1341 0 0.415713)
(10.1909 0 0.497393)
(10.2564 0 0.578994)
(10.3305 0 0.66054)
(10.4127 0 0.741988)
(10.5029 0 0.823232)
(10.6007 0 0.90411)
(10.7059 0 0.984406)
(10.8182 0 1.06386)
(10.9372 0 1.14219)
(11.0627 0 1.21905)
(11.1942 0 1.29411)
(11.3313 0 1.36701)
(11.4735 0 1.4374)
(11.6205 0 1.50491)
(11.7716 0 1.56923)
(11.9263 0 1.63003)
(12.0841 0 1.68706)
(12.2443 0 1.74006)
(12.4064 0 1.78886)
(12.5698 0 1.83331)
(12.7337 0 1.87333)
(12.8978 0 1.90887)
(13.0613 0 1.93996)
(13.2236 0 1.96665)
(13.3987 0 1.98912)
(10.0049 0 0.0747986)
(10.021 0 0.148355)
(10.0494 0 0.221061)
(10.0886 0 0.293242)
(10.1374 0 0.36509)
(10.1954 0 0.436713)
(10.2621 0 0.508167)
(10.3372 0 0.579451)
(10.4205 0 0.650512)
(10.5115 0 0.721243)
(10.61 0 0.791493)
(10.7155 0 0.861067)
(10.8278 0 0.92974)
(10.9465 0 0.997257)
(11.0711 0 1.06334)
(11.2013 0 1.12771)
(11.3366 0 1.19006)
(11.4766 0 1.2501)
(11.6207 0 1.30756)
(11.7684 0 1.36218)
(11.9192 0 1.41371)
(12.0725 0 1.46195)
(12.2278 0 1.50671)
(12.3845 0 1.54788)
(12.5421 0 1.58535)
(12.7 0 1.61907)
(12.8577 0 1.64904)
(13.0147 0 1.67527)
(13.1704 0 1.69784)
(13.3381 0 1.7169)
(10.005 0 0.06388)
(10.0216 0 0.126742)
(10.0506 0 0.188951)
(10.0906 0 0.25075)
(10.1403 0 0.31225)
(10.1992 0 0.373504)
(10.2668 0 0.43454)
(10.3428 0 0.495343)
(10.4268 0 0.555857)
(10.5184 0 0.615981)
(10.6172 0 0.67558)
(10.7229 0 0.734485)
(10.835 0 0.792502)
(10.9531 0 0.849418)
(11.0767 0 0.905004)
(11.2056 0 0.959025)
(11.3391 0 1.01124)
(11.4768 0 1.06142)
(11.6182 0 1.10935)
(11.7627 0 1.15482)
(11.9099 0 1.19765)
(12.0592 0 1.23767)
(12.2101 0 1.27478)
(12.3621 0 1.30887)
(12.5146 0 1.33988)
(12.6672 0 1.36778)
(12.8195 0 1.39258)
(12.9709 0 1.41431)
(13.1208 0 1.43304)
(13.2823 0 1.44889)
(10.0051 0 0.0524016)
(10.0221 0 0.104076)
(10.0518 0 0.155402)
(10.0925 0 0.20652)
(10.143 0 0.257426)
(10.2026 0 0.308117)
(10.2709 0 0.35859)
(10.3475 0 0.408819)
(10.432 0 0.45874)
(10.5239 0 0.508259)
(10.6229 0 0.557257)
(10.7284 0 0.605593)
(10.8401 0 0.653108)
(10.9576 0 0.699629)
(11.0803 0 0.744973)
(11.2078 0 0.788954)
(11.3396 0 0.831387)
(11.4752 0 0.872093)
(11.6141 0 0.910903)
(11.7559 0 0.947666)
(11.8999 0 0.982245)
(12.0457 0 1.01453)
(12.1928 0 1.04443)
(12.3407 0 1.07188)
(12.4889 0 1.09684)
(12.6371 0 1.1193)
(12.7846 0 1.13927)
(12.9312 0 1.15679)
(13.0764 0 1.17192)
(13.2325 0 1.18477)
(10.0053 0 0.0402806)
(10.0228 0 0.08025)
(10.0533 0 0.12026)
(10.0947 0 0.160246)
(10.1458 0 0.200101)
(10.206 0 0.239806)
(10.2748 0 0.279357)
(10.3519 0 0.318719)
(10.4367 0 0.357826)
(10.5288 0 0.396592)
(10.6277 0 0.434918)
(10.7331 0 0.472686)
(10.8443 0 0.509768)
(10.9611 0 0.546027)
(11.0828 0 0.58132)
(11.2091 0 0.615504)
(11.3393 0 0.648437)
(11.4731 0 0.679985)
(11.6099 0 0.710022)
(11.7492 0 0.738437)
(11.8906 0 0.765133)
(12.0335 0 0.790029)
(12.1774 0 0.813063)
(12.3219 0 0.834195)
(12.4666 0 0.853401)
(12.611 0 0.870677)
(12.7548 0 0.886038)
(12.8975 0 0.899516)
(13.0388 0 0.911155)
(13.1907 0 0.921045)
(10.0056 0 0.0273345)
(10.0239 0 0.0556068)
(10.0551 0 0.0846093)
(10.0971 0 0.113677)
(10.1487 0 0.14258)
(10.2093 0 0.171339)
(10.2785 0 0.199967)
(10.3558 0 0.22843)
(10.4409 0 0.256672)
(10.5331 0 0.28463)
(10.6319 0 0.312235)
(10.7371 0 0.339404)
(10.8479 0 0.366049)
(10.9641 0 0.392073)
(11.085 0 0.417379)
(11.2102 0 0.441865)
(11.3391 0 0.465436)
(11.4714 0 0.487998)
(11.6065 0 0.509466)
(11.7438 0 0.529763)
(11.883 0 0.548826)
(12.0235 0 0.5666)
(12.1649 0 0.583046)
(12.3068 0 0.598137)
(12.4487 0 0.61186)
(12.5902 0 0.624216)
(12.731 0 0.635217)
(12.8706 0 0.644888)
(13.0089 0 0.653263)
(13.1573 0 0.660412)
(10.0068 0 0.0112509)
(10.0271 0 0.0265904)
(10.0594 0 0.0438214)
(10.1017 0 0.0613378)
(10.1535 0 0.0788205)
(10.2142 0 0.0963119)
(10.2836 0 0.113806)
(10.361 0 0.131245)
(10.446 0 0.148566)
(10.5381 0 0.165716)
(10.6367 0 0.182642)
(10.7415 0 0.199287)
(10.8519 0 0.215591)
(10.9675 0 0.231494)
(11.0876 0 0.246932)
(11.212 0 0.261845)
(11.3399 0 0.276173)
(11.471 0 0.289863)
(11.6048 0 0.302864)
(11.7407 0 0.315132)
(11.8783 0 0.326632)
(12.0171 0 0.337334)
(12.1567 0 0.347217)
(12.2967 0 0.35627)
(12.4366 0 0.364488)
(12.5761 0 0.371875)
(12.7148 0 0.378443)
(12.8523 0 0.384211)
(12.9885 0 0.389208)
(13.1347 0 0.393493)
(9.99589 0 0.000924423)
(10.007 0 0.0049577)
(10.0277 0 0.0102673)
(10.0577 0 0.0158106)
(10.0974 0 0.021426)
(10.1467 0 0.0271402)
(10.2051 0 0.0329438)
(10.272 0 0.0388022)
(10.347 0 0.044683)
(10.4296 0 0.0505601)
(10.5192 0 0.0564091)
(10.6155 0 0.0622051)
(10.7178 0 0.0679222)
(10.8256 0 0.0735342)
(10.9385 0 0.0790145)
(11.0559 0 0.0843375)
(11.1773 0 0.0894782)
(11.3021 0 0.0944134)
(11.4299 0 0.0991218)
(11.5601 0 0.103584)
(11.6923 0 0.107785)
(11.8259 0 0.111711)
(11.9605 0 0.115351)
(12.0956 0 0.1187)
(12.2309 0 0.121754)
(12.3659 0 0.124512)
(12.5003 0 0.126976)
(12.6337 0 0.129152)
(12.7659 0 0.131044)
(12.9078 0 0.132683)
(9.44991 0 13.0854)
(6.23369 0 10.7585)
(-1.00651 0 5.40865)
(10.3683 0 11.2097)
(9.80856 0 9.89946)
(8.21811 0 8.08734)
(11.4621 0 11.1222)
(11.6762 0 10.5654)
(11.4178 0 9.65349)
(12.351 0 10.7301)
(12.6958 0 10.5622)
(12.8013 0 10.145)
(12.9164 0 9.99542)
(13.2857 0 9.98786)
(13.5281 0 9.84908)
(13.2907 0 9.2215)
(13.6519 0 9.27863)
(13.9345 0 9.26826)
(13.557 0 8.50616)
(13.8893 0 8.57874)
(14.1632 0 8.61427)
(13.7459 0 7.85324)
(14.0434 0 7.9201)
(14.2925 0 7.96497)
(13.8763 0 7.25652)
(14.1414 0 7.31313)
(14.364 0 7.3551)
(13.9627 0 6.71042)
(14.1996 0 6.75776)
(14.3985 0 6.79425)
(14.0151 0 6.20834)
(14.228 0 6.24819)
(14.4067 0 6.27951)
(14.0401 0 5.74363)
(14.2328 0 5.77756)
(14.3945 0 5.80461)
(14.0428 0 5.31062)
(14.2185 0 5.33984)
(14.3658 0 5.36345)
(14.0272 0 4.90461)
(14.1883 0 4.93003)
(14.3234 0 4.95083)
(13.9965 0 4.52177)
(14.145 0 4.54405)
(14.2697 0 4.5625)
(13.9534 0 4.15892)
(14.0911 0 4.17857)
(14.2066 0 4.195)
(13.9004 0 3.81344)
(14.0286 0 3.83081)
(14.1362 0 3.84549)
(13.8398 0 3.4831)
(13.9596 0 3.49849)
(14.0603 0 3.51161)
(13.7737 0 3.16599)
(13.8862 0 3.17963)
(13.9807 0 3.19135)
(13.7042 0 2.86044)
(13.8102 0 2.8725)
(13.8993 0 2.88293)
(13.6333 0 2.56491)
(13.7335 0 2.57553)
(13.8178 0 2.58478)
(13.5627 0 2.27803)
(13.6579 0 2.28732)
(13.7379 0 2.29546)
(13.4943 0 1.99835)
(13.585 0 2.0064)
(13.6613 0 2.01348)
(13.4296 0 1.72477)
(13.5165 0 1.73165)
(13.5896 0 1.73773)
(13.3703 0 1.45545)
(13.4539 0 1.4612)
(13.5242 0 1.46631)
(13.3176 0 1.19011)
(13.3984 0 1.19481)
(13.4665 0 1.19899)
(13.2734 0 0.925148)
(13.352 0 0.928759)
(13.4182 0 0.931986)
(13.2381 0 0.66339)
(13.3149 0 0.666009)
(13.3798 0 0.668348)
(13.2142 0 0.39521)
(13.2897 0 0.396657)
(13.3534 0 0.397927)
(12.9851 0 0.133293)
(13.0586 0 0.133773)
(13.1206 0 0.1342)
(-2.6101 0 1.53275)
(-1.90853 0 1.27752)
(-2.21451 0 0.765826)
(-2.04428 0 0.70258)
(-1.91497 0 0.753196)
(-1.94723 0 0.573548)
(-1.96036 0 0.382667)
(-1.98033 0 0.305771)
(-2.01029 0 0.255059)
(-2.02191 0 0.206872)
(-2.02734 0 0.189341)
(-2.0528 0 0.1816)
(-2.08836 0 0.155329)
(-2.11287 0 0.117942)
(-2.12572 0 0.092628)
(-2.1416 0 0.0893157)
(-2.16904 0 0.0910552)
(-2.2006 0 0.0831358)
(-2.22333 0 0.0648855)
(-2.23167 0 0.0473995)
(-2.23244 0 0.0428232)
(-2.23734 0 0.052259)
(-2.25216 0 0.0662834)
(-2.27501 0 0.0761113)
(-2.30043 0 0.0776076)
(-2.3229 0 0.0709779)
(-2.33978 0 0.0604653)
(-2.35264 0 0.0521228)
(-2.36321 0 0.0484475)
(-2.36845 0 0.0469513)
(6.073 0 5.45351)
(3.60267 0 3.52458)
(1.47745 0 2.06498)
(-1.24174 0 0.576268)
(-1.87661 0 0.406968)
(-2.16228 0 0.205284)
(-2.1185 0 0.242945)
(-2.02684 0 0.421959)
(-2.03488 0 0.409861)
(-2.0331 0 0.27151)
(-2.02209 0 0.177024)
(-2.05752 0 0.174188)
(-2.11066 0 0.153937)
(-2.13394 0 0.115099)
(-2.12762 0 0.0990369)
(-2.12882 0 0.11613)
(-2.15856 0 0.130066)
(-2.19976 0 0.120019)
(-2.22759 0 0.0867907)
(-2.23145 0 0.0509109)
(-2.22247 0 0.0375932)
(-2.2212 0 0.0526976)
(-2.23694 0 0.0747095)
(-2.26488 0 0.0887957)
(-2.29603 0 0.0905829)
(-2.32222 0 0.0811735)
(-2.33921 0 0.0666366)
(-2.34956 0 0.0562533)
(-2.35829 0 0.054066)
(-2.36335 0 0.0541459)
(10.3462 0 7.61718)
(8.59907 0 5.82848)
(6.67892 0 4.38213)
(4.75525 0 3.15755)
(2.99152 0 2.1799)
(1.56659 0 1.36487)
(-0.624916 0 0.437974)
(-1.68065 0 0.242731)
(-2.05551 0 0.0778633)
(-2.14763 0 -0.0705126)
(-2.04827 0 0.0799566)
(-2.00671 0 0.321884)
(-2.06874 0 0.321685)
(-2.08738 0 0.214705)
(-2.05552 0 0.111916)
(-2.04891 0 0.0935332)
(-2.09741 0 0.118463)
(-2.16239 0 0.109123)
(-2.20194 0 0.0638241)
(-2.19617 0 0.0199114)
(-2.16361 0 0.0239594)
(-2.14713 0 0.0631007)
(-2.16444 0 0.0994791)
(-2.20046 0 0.118885)
(-2.23938 0 0.119626)
(-2.26999 0 0.104252)
(-2.28599 0 0.0806138)
(-2.29126 0 0.0632918)
(-2.29653 0 0.0615326)
(-2.30165 0 0.0638885)
(12.4846 0 8.78136)
(11.6051 0 7.33519)
(10.3737 0 6.0256)
(8.97797 0 4.84863)
(7.4965 0 3.83635)
(6.05952 0 3.01228)
(4.60127 0 2.31203)
(3.22908 0 1.7206)
(1.98205 0 1.18591)
(1.00633 0 0.641809)
(-1.11792 0 0.124721)
(-1.56938 0 0.203726)
(-1.96025 0 0.0849526)
(-2.07148 0 -0.0726922)
(-1.99899 0 -0.0807637)
(-1.93849 0 0.108471)
(-1.96123 0 0.259751)
(-2.05225 0 0.269016)
(-2.10081 0 0.193387)
(-2.06662 0 0.0802588)
(-2.00031 0 0.00707409)
(-1.98716 0 0.0452095)
(-2.02036 0 0.0993667)
(-2.07204 0 0.123057)
(-2.12305 0 0.119854)
(-2.16066 0 0.0961741)
(-2.17524 0 0.0629466)
(-2.17081 0 0.0430618)
(-2.16849 0 0.0546825)
(-2.17354 0 0.0693448)
(13.6542 0 9.09961)
(13.3669 0 8.09381)
(12.7437 0 7.04508)
(11.8838 0 6.03045)
(10.8616 0 5.10358)
(9.7576 0 4.29438)
(8.60868 0 3.57232)
(7.43433 0 2.92484)
(6.26304 0 2.36181)
(5.15622 0 1.91491)
(3.99515 0 1.54657)
(2.96083 0 1.20287)
(2.00773 0 0.872345)
(1.21637 0 0.541798)
(-0.0317065 0 0.130837)
(-1.12609 0 0.127564)
(-1.48537 0 0.181828)
(-1.75468 0 0.117126)
(-1.87841 0 -0.0264016)
(-1.84987 0 -0.166799)
(-1.74756 0 -0.107745)
(-1.75351 0 0.0845816)
(-1.78505 0 0.182985)
(-1.85825 0 0.211846)
(-1.92172 0 0.204885)
(-1.96234 0 0.173925)
(-1.96602 0 0.125004)
(-1.93619 0 0.0809405)
(-1.91811 0 0.0810897)
(-1.92857 0 0.110134)
(14.279 0 8.92013)
(14.3583 0 8.30199)
(14.1858 0 7.55413)
(13.7804 0 6.76149)
(13.1848 0 5.97789)
(12.452 0 5.23734)
(11.625 0 4.54682)
(10.7335 0 3.91541)
(9.80248 0 3.35462)
(8.86409 0 2.87974)
(7.92335 0 2.45625)
(6.99594 0 2.06236)
(6.08961 0 1.7039)
(5.2084 0 1.40927)
(4.33605 0 1.18285)
(3.45765 0 0.989203)
(2.68596 0 0.799512)
(1.98159 0 0.617198)
(1.32407 0 0.427834)
(0.825665 0 0.179767)
(-0.511128 0 -0.00306018)
(-1.01607 0 0.100796)
(-1.30108 0 0.146744)
(-1.4621 0 0.154221)
(-1.56692 0 0.128666)
(-1.63793 0 0.0734922)
(-1.66351 0 -0.00279745)
(-1.6344 0 -0.062039)
(-1.61095 0 -0.00175341)
(-1.62889 0 0.121402)
(14.5845 0 8.48785)
(14.8656 0 8.14864)
(14.99 0 7.66286)
(14.9241 0 7.09002)
(14.6775 0 6.47544)
(14.2823 0 5.8539)
(13.7714 0 5.24731)
(13.1714 0 4.67133)
(12.5044 0 4.1373)
(11.7926 0 3.65354)
(11.0545 0 3.21171)
(10.3028 0 2.80609)
(9.54352 0 2.438)
(8.78156 0 2.12121)
(8.0287 0 1.85197)
(7.28643 0 1.6141)
(6.577 0 1.38975)
(5.89423 0 1.17523)
(5.2227 0 0.979053)
(4.56974 0 0.838755)
(3.89158 0 0.741609)
(3.24702 0 0.631017)
(2.65855 0 0.526749)
(2.11278 0 0.440504)
(1.60554 0 0.368952)
(1.13883 0 0.299245)
(0.686395 0 0.218219)
(0.279376 0 0.088797)
(-0.522778 0 0.0815898)
(-0.875391 0 0.296675)
(14.7167 0 7.94549)
(15.0855 0 7.78153)
(15.3786 0 7.49075)
(15.5379 0 7.10416)
(15.5496 0 6.65323)
(15.4272 0 6.16636)
(15.1898 0 5.66606)
(14.8551 0 5.16946)
(14.44 0 4.68959)
(13.9619 0 4.23604)
(13.4374 0 3.81135)
(12.8792 0 3.41518)
(12.2947 0 3.04922)
(11.6912 0 2.71921)
(11.0798 0 2.42511)
(10.4701 0 2.16155)
(9.86929 0 1.91709)
(9.27419 0 1.68736)
(8.67879 0 1.48002)
(8.08573 0 1.31191)
(7.50226 0 1.17245)
(6.935 0 1.04761)
(6.39073 0 0.933845)
(5.86195 0 0.831064)
(5.34589 0 0.736467)
(4.84265 0 0.647325)
(4.3432 0 0.569012)
(3.84922 0 0.521407)
(3.34155 0 0.490752)
(2.63419 0 0.522107)
(14.7601 0 7.37915)
(15.1482 0 7.31228)
(15.5171 0 7.14988)
(15.8052 0 6.903)
(15.9865 0 6.5892)
(16.0613 0 6.22739)
(16.0369 0 5.83518)
(15.9217 0 5.42796)
(15.7259 0 5.0187)
(15.4613 0 4.61759)
(15.14 0 4.23073)
(14.7726 0 3.86132)
(14.367 0 3.51272)
(13.9314 0 3.18923)
(13.475 0 2.89267)
(13.0067 0 2.62061)
(12.5315 0 2.36743)
(12.0495 0 2.13123)
(11.5598 0 1.91653)
(11.0655 0 1.73009)
(10.5743 0 1.56971)
(10.0925 0 1.42913)
(9.62103 0 1.30147)
(9.15567 0 1.18432)
(8.69353 0 1.0764)
(8.23241 0 0.977784)
(7.76823 0 0.893264)
(7.29866 0 0.833056)
(6.8335 0 0.801973)
(6.22878 0 0.807624)
(14.7583 0 6.83191)
(15.1316 0 6.81284)
(15.5185 0 6.72645)
(15.8645 0 6.57372)
(16.1411 0 6.36242)
(16.342 0 6.10309)
(16.4665 0 5.80727)
(16.5161 0 5.48653)
(16.4943 0 5.15165)
(16.4072 0 4.81188)
(16.2624 0 4.47421)
(16.0673 0 4.14374)
(15.8287 0 3.82491)
(15.5536 0 3.52189)
(15.2494 0 3.23717)
(14.9229 0 2.97058)
(14.5791 0 2.72036)
(14.22 0 2.48636)
(13.8471 0 2.27137)
(13.4639 0 2.07901)
(13.0763 0 1.90908)
(12.6891 0 1.75745)
(12.3033 0 1.61946)
(11.9171 0 1.49317)
(11.5287 0 1.3782)
(11.1358 0 1.27544)
(10.7363 0 1.1884)
(10.3301 0 1.12311)
(9.92692 0 1.08421)
(9.41892 0 1.06677)
(14.7313 0 6.31883)
(15.0771 0 6.32101)
(15.4519 0 6.27615)
(15.8112 0 6.18175)
(16.1295 0 6.04051)
(16.3986 0 5.85745)
(16.6148 0 5.63909)
(16.7749 0 5.39293)
(16.8781 0 5.12678)
(16.9259 0 4.84804)
(16.9216 0 4.56312)
(16.8694 0 4.27739)
(16.774 0 3.99554)
(16.6404 0 3.72163)
(16.4739 0 3.45864)
(16.2797 0 3.20795)
(16.0621 0 2.97002)
(15.8238 0 2.74573)
(15.5673 0 2.53719)
(15.296 0 2.34675)
(15.0142 0 2.17476)
(14.7257 0 2.01914)
(14.4321 0 1.87731)
(14.1331 0 1.74801)
(13.8275 0 1.63117)
(13.5142 0 1.52784)
(13.1925 0 1.44057)
(12.8633 0 1.37285)
(12.5347 0 1.32588)
(12.1185 0 1.29176)
(14.6882 0 5.84169)
(15.0044 0 5.85259)
(15.355 0 5.82952)
(15.7039 0 5.76957)
(16.0303 0 5.67338)
(16.3273 0 5.54316)
(16.5905 0 5.38224)
(16.8153 0 5.195)
(16.9986 0 4.98656)
(17.1388 0 4.76226)
(17.2364 0 4.52724)
(17.2928 0 4.28619)
(17.3105 0 4.04339)
(17.2922 0 3.80264)
(17.2414 0 3.56705)
(17.1617 0 3.33882)
(17.0562 0 3.11946)
(16.9277 0 2.91051)
(16.7786 0 2.71388)
(16.6118 0 2.53143)
(16.4307 0 2.36393)
(16.2383 0 2.21072)
(16.0362 0 2.07066)
(15.825 0 1.94309)
(15.6043 0 1.82823)
(15.3739 0 1.72706)
(15.1338 0 1.64136)
(14.8853 0 1.57291)
(14.6344 0 1.52118)
(14.3103 0 1.47898)
(14.6331 0 5.39742)
(14.9219 0 5.41166)
(15.2455 0 5.40021)
(15.5743 0 5.36056)
(15.8913 0 5.29276)
(16.1915 0 5.19779)
(16.4716 0 5.07734)
(16.7273 0 4.93388)
(16.9546 0 4.77061)
(17.151 0 4.59116)
(17.3151 0 4.39929)
(17.4465 0 4.19871)
(17.5457 0 3.99299)
(17.6141 0 3.78545)
(17.6533 0 3.579)
(17.6654 0 3.37605)
(17.6525 0 3.17858)
(17.6167 0 2.98841)
(17.5599 0 2.80741)
(17.4846 0 2.63728)
(17.3932 0 2.4791)
(17.288 0 2.33308)
(17.1707 0 2.199)
(17.0421 0 2.07679)
(16.9023 0 1.9669)
(16.7517 0 1.87025)
(16.5907 0 1.78808)
(16.4206 0 1.72127)
(16.2454 0 1.66887)
(16.0118 0 1.62517)
(14.5682 0 4.98178)
(14.8329 0 4.99716)
(15.131 0 4.99233)
(15.4372 0 4.96521)
(15.7375 0 4.91571)
(16.0285 0 4.84433)
(16.308 0 4.75198)
(16.5727 0 4.64014)
(16.819 0 4.51081)
(17.0442 0 4.36643)
(17.2463 0 4.20969)
(17.424 0 4.04339)
(17.5767 0 3.87032)
(17.7046 0 3.69324)
(17.8081 0 3.51469)
(17.8882 0 3.33697)
(17.9461 0 3.16212)
(17.9831 0 2.992)
(18.0005 0 2.82845)
(18 0 2.67308)
(17.9835 0 2.52715)
(17.9526 0 2.39138)
(17.9088 0 2.26615)
(17.8529 0 2.15184)
(17.7854 0 2.0491)
(17.7068 0 1.95881)
(17.6178 0 1.88194)
(17.5194 0 1.819)
(17.414 0 1.76927)
(17.2658 0 1.72861)
(14.4953 0 4.59069)
(14.7391 0 4.60631)
(15.0143 0 4.60558)
(15.2988 0 4.58678)
(15.5806 0 4.54974)
(15.8572 0 4.49475)
(16.1275 0 4.42235)
(16.3892 0 4.33346)
(16.6393 0 4.22943)
(16.8753 0 4.11194)
(17.0953 0 3.98294)
(17.2977 0 3.84451)
(17.4817 0 3.69886)
(17.6465 0 3.54817)
(17.7921 0 3.3946)
(17.9186 0 3.24019)
(18.0264 0 3.08684)
(18.1164 0 2.93634)
(18.1892 0 2.7904)
(18.246 0 2.65057)
(18.288 0 2.51817)
(18.3164 0 2.39419)
(18.3324 0 2.27938)
(18.3366 0 2.17443)
(18.3297 0 2.08013)
(18.3124 0 1.99738)
(18.2852 0 1.92704)
(18.2488 0 1.86961)
(18.2047 0 1.82482)
(18.1334 0 1.78998)
(14.4156 0 4.22071)
(14.6414 0 4.23612)
(14.8965 0 4.23811)
(15.1613 0 4.22519)
(15.4252 0 4.19716)
(15.6863 0 4.15417)
(15.9441 0 4.09653)
(16.1971 0 4.02484)
(16.4428 0 3.94004)
(16.6793 0 3.84334)
(16.9047 0 3.7362)
(17.1178 0 3.6202)
(17.3173 0 3.49708)
(17.5025 0 3.36861)
(17.673 0 3.23659)
(17.8284 0 3.10276)
(17.9688 0 2.96884)
(18.0945 0 2.83646)
(18.206 0 2.70718)
(18.3037 0 2.58248)
(18.3886 0 2.46365)
(18.4614 0 2.35182)
(18.523 0 2.24793)
(18.574 0 2.15286)
(18.6151 0 2.0675)
(18.6468 0 1.99279)
(18.6697 0 1.9296)
(18.6843 0 1.87857)
(18.6913 0 1.83992)
(18.686 0 1.81224)
(14.3307 0 3.86893)
(14.5407 0 3.88388)
(14.7783 0 3.88771)
(15.0256 0 3.87913)
(15.2729 0 3.85792)
(15.5191 0 3.82411)
(15.7639 0 3.77786)
(16.0061 0 3.71955)
(16.2439 0 3.64986)
(16.4755 0 3.56966)
(16.6996 0 3.48007)
(16.9149 0 3.38232)
(17.1204 0 3.2778)
(17.3152 0 3.16795)
(17.4987 0 3.05429)
(17.6706 0 2.9383)
(17.8306 0 2.82151)
(17.9788 0 2.70536)
(18.1154 0 2.59129)
(18.2407 0 2.48066)
(18.3551 0 2.37473)
(18.4593 0 2.27465)
(18.5539 0 2.18144)
(18.6393 0 2.0961)
(18.7162 0 2.01958)
(18.7851 0 1.95286)
(18.8466 0 1.89688)
(18.901 0 1.85245)
(18.9488 0 1.82023)
(18.9974 0 1.79986)
(14.2421 0 3.53294)
(14.4384 0 3.54726)
(14.6605 0 3.55231)
(14.8922 0 3.54699)
(15.1247 0 3.53105)
(15.357 0 3.50446)
(15.5892 0 3.46727)
(15.8203 0 3.41971)
(16.049 0 3.36224)
(16.2736 0 3.29551)
(16.4931 0 3.22037)
(16.7063 0 3.13778)
(16.9122 0 3.04887)
(17.1102 0 2.95483)
(17.2996 0 2.85691)
(17.48 0 2.75641)
(17.651 0 2.65465)
(17.8125 0 2.55294)
(17.9647 0 2.45256)
(18.1075 0 2.35477)
(18.2415 0 2.26076)
(18.3669 0 2.17167)
(18.4842 0 2.08854)
(18.5938 0 2.01242)
(18.6964 0 1.94429)
(18.7924 0 1.88517)
(18.8824 0 1.83606)
(18.9667 0 1.79795)
(19.0456 0 1.77181)
(19.1367 0 1.75808)
(14.1513 0 3.2107)
(14.3355 0 3.22424)
(14.544 0 3.23005)
(14.7619 0 3.22716)
(14.9811 0 3.21534)
(15.2008 0 3.19451)
(15.4213 0 3.16466)
(15.6418 0 3.12589)
(15.8612 0 3.07851)
(16.0781 0 3.023)
(16.2916 0 2.95999)
(16.5006 0 2.89026)
(16.7044 0 2.81469)
(16.9021 0 2.73426)
(17.0933 0 2.65005)
(17.2774 0 2.56314)
(17.4541 0 2.4747)
(17.6232 0 2.38588)
(17.7847 0 2.29785)
(17.9386 0 2.21174)
(18.0851 0 2.12869)
(18.2245 0 2.04977)
(18.3572 0 1.97603)
(18.4837 0 1.90849)
(18.6042 0 1.84818)
(18.7195 0 1.79612)
(18.83 0 1.75337)
(18.9363 0 1.72102)
(19.0384 0 1.70025)
(19.1619 0 1.69203)
(14.0601 0 2.90041)
(14.2335 0 2.91307)
(14.4299 0 2.91927)
(14.6356 0 2.91818)
(14.843 0 2.90958)
(15.0513 0 2.89337)
(15.2611 0 2.86948)
(15.4717 0 2.83797)
(15.6822 0 2.79901)
(15.8914 0 2.75295)
(16.0984 0 2.70027)
(16.3024 0 2.64157)
(16.5027 0 2.57755)
(16.6985 0 2.50903)
(16.8892 0 2.43687)
(17.0744 0 2.36204)
(17.2538 0 2.28552)
(17.427 0 2.20833)
(17.5941 0 2.13151)
(17.7549 0 2.05611)
(17.9097 0 1.98315)
(18.0585 0 1.91366)
(18.2018 0 1.84865)
(18.3399 0 1.78911)
(18.4733 0 1.73606)
(18.6024 0 1.69052)
(18.7278 0 1.65357)
(18.8502 0 1.62634)
(18.9697 0 1.61012)
(19.1178 0 1.60616)
(13.9699 0 2.60046)
(14.1339 0 2.61215)
(14.3197 0 2.61846)
(14.5145 0 2.61866)
(14.7113 0 2.61256)
(14.9094 0 2.60004)
(15.1094 0 2.58103)
(15.3109 0 2.55552)
(15.513 0 2.52362)
(15.7148 0 2.48557)
(15.9155 0 2.44173)
(16.1142 0 2.39256)
(16.3104 0 2.33861)
(16.5033 0 2.28055)
(16.6925 0 2.2191)
(16.8774 0 2.15507)
(17.0578 0 2.08929)
(17.2332 0 2.02267)
(17.4036 0 1.95611)
(17.569 0 1.89056)
(17.7293 0 1.82696)
(17.8847 0 1.76625)
(18.0355 0 1.70939)
(18.1821 0 1.65733)
(18.3248 0 1.61105)
(18.4642 0 1.57154)
(18.6009 0 1.53986)
(18.7355 0 1.51715)
(18.8683 0 1.50468)
(19.0354 0 1.50385)
(13.8824 0 2.30941)
(14.0381 0 2.32006)
(14.2145 0 2.32624)
(14.3997 0 2.32733)
(14.5871 0 2.32314)
(14.7761 0 2.31358)
(14.9673 0 2.29856)
(15.1606 0 2.27803)
(15.355 0 2.25206)
(15.5498 0 2.22082)
(15.7443 0 2.18456)
(15.9378 0 2.14365)
(16.1298 0 2.09851)
(16.3195 0 2.04968)
(16.5065 0 1.99776)
(16.6903 0 1.94341)
(16.8706 0 1.88736)
(17.0471 0 1.83036)
(17.2195 0 1.77323)
(17.3878 0 1.71679)
(17.552 0 1.66189)
(17.7123 0 1.60939)
(17.8687 0 1.56016)
(18.0217 0 1.51511)
(18.1717 0 1.47515)
(18.3191 0 1.44123)
(18.4646 0 1.41436)
(18.6089 0 1.39563)
(18.7524 0 1.38625)
(18.9344 0 1.3876)
(13.7991 0 2.02574)
(13.9476 0 2.0353)
(14.1157 0 2.04117)
(14.2925 0 2.0428)
(14.4716 0 2.04006)
(14.6526 0 2.03285)
(14.836 0 2.02108)
(15.0217 0 2.00469)
(15.2092 0 1.98371)
(15.3976 0 1.95827)
(15.5863 0 1.92853)
(15.7749 0 1.89479)
(15.9626 0 1.85737)
(16.1489 0 1.8167)
(16.3335 0 1.77327)
(16.5158 0 1.72762)
(16.6954 0 1.68037)
(16.8721 0 1.63216)
(17.0457 0 1.58368)
(17.216 0 1.53566)
(17.3831 0 1.48884)
(17.5469 0 1.444)
(17.7077 0 1.40193)
(17.8658 0 1.36345)
(18.0216 0 1.32939)
(18.1754 0 1.30065)
(18.3281 0 1.27815)
(18.4804 0 1.26292)
(18.6326 0 1.25606)
(18.8269 0 1.25886)
(13.7216 0 1.74835)
(13.8637 0 1.75677)
(14.0247 0 1.76216)
(14.1942 0 1.76408)
(14.3661 0 1.76241)
(14.54 0 1.75705)
(14.7165 0 1.74793)
(14.8956 0 1.73499)
(15.0768 0 1.71824)
(15.2594 0 1.69774)
(15.4429 0 1.67364)
(15.6268 0 1.64614)
(15.8105 0 1.61551)
(15.9936 0 1.58207)
(16.1755 0 1.54623)
(16.356 0 1.50842)
(16.5347 0 1.46915)
(16.7112 0 1.42897)
(16.8853 0 1.38845)
(17.0569 0 1.34822)
(17.226 0 1.30892)
(17.3926 0 1.27124)
(17.5568 0 1.23587)
(17.719 0 1.20353)
(17.8794 0 1.17499)
(18.0387 0 1.15105)
(18.1973 0 1.13254)
(18.3563 0 1.12039)
(18.5159 0 1.11556)
(18.7202 0 1.11925)
(13.6512 0 1.4753)
(13.788 0 1.48253)
(13.9429 0 1.48731)
(14.106 0 1.4893)
(14.2717 0 1.48837)
(14.4395 0 1.48447)
(14.6101 0 1.47751)
(14.7835 0 1.46744)
(14.9592 0 1.45426)
(15.1367 0 1.438)
(15.3154 0 1.41878)
(15.4951 0 1.39674)
(15.6751 0 1.37209)
(15.855 0 1.34508)
(16.0345 0 1.31602)
(16.2132 0 1.28528)
(16.3906 0 1.25326)
(16.5666 0 1.2204)
(16.7408 0 1.1872)
(16.9133 0 1.15416)
(17.0838 0 1.12184)
(17.2524 0 1.09082)
(17.4193 0 1.06169)
(17.5847 0 1.03509)
(17.749 0 1.01168)
(17.9127 0 0.99215)
(18.0763 0 0.977248)
(18.2408 0 0.967766)
(18.4065 0 0.964556)
(18.6192 0 0.968679)
(13.5894 0 1.20637)
(13.7216 0 1.21238)
(13.8714 0 1.21648)
(14.0293 0 1.21836)
(14.1898 0 1.21795)
(14.3524 0 1.21519)
(14.5179 0 1.21002)
(14.6864 0 1.20238)
(14.8574 0 1.19226)
(15.0305 0 1.1797)
(15.2052 0 1.16476)
(15.3811 0 1.14756)
(15.5579 0 1.12824)
(15.735 0 1.10701)
(15.9122 0 1.08411)
(16.089 0 1.05981)
(16.2652 0 1.03443)
(16.4405 0 1.00834)
(16.6146 0 0.98192)
(16.7875 0 0.955591)
(16.959 0 0.929802)
(17.1291 0 0.905029)
(17.2981 0 0.881771)
(17.466 0 0.860556)
(17.6334 0 0.841939)
(17.8006 0 0.826508)
(17.9683 0 0.814888)
(18.1373 0 0.80775)
(18.3082 0 0.805804)
(18.5279 0 0.809962)
(13.5376 0 0.937729)
(13.6661 0 0.942459)
(13.8118 0 0.945737)
(13.9654 0 0.947341)
(14.1216 0 0.947211)
(14.2801 0 0.945305)
(14.4415 0 0.941567)
(14.6059 0 0.935955)
(14.7731 0 0.928459)
(14.9425 0 0.919095)
(15.1137 0 0.907912)
(15.2865 0 0.894988)
(15.4605 0 0.880435)
(15.6352 0 0.864399)
(15.8103 0 0.847058)
(15.9856 0 0.828622)
(16.1606 0 0.809334)
(16.3351 0 0.789466)
(16.5089 0 0.769318)
(16.6819 0 0.749216)
(16.854 0 0.729509)
(17.0253 0 0.71057)
(17.1957 0 0.692794)
(17.3656 0 0.676601)
(17.5353 0 0.662435)
(17.7052 0 0.650768)
(17.8761 0 0.642107)
(18.0488 0 0.636995)
(18.2238 0 0.63601)
(18.4487 0 0.639942)
(13.4967 0 0.67251)
(13.6225 0 0.675995)
(13.7649 0 0.678467)
(13.9152 0 0.679757)
(14.0682 0 0.679828)
(14.2234 0 0.678652)
(14.3816 0 0.67619)
(14.5429 0 0.672411)
(14.707 0 0.667302)
(14.8736 0 0.660873)
(15.0422 0 0.653157)
(15.2125 0 0.644204)
(15.3842 0 0.634092)
(15.557 0 0.622918)
(15.7304 0 0.610806)
(15.9043 0 0.597903)
(16.0783 0 0.584378)
(16.2521 0 0.570424)
(16.4256 0 0.556253)
(16.5986 0 0.542098)
(16.771 0 0.528209)
(16.943 0 0.514856)
(17.1144 0 0.502326)
(17.2857 0 0.490924)
(17.4571 0 0.480978)
(17.6291 0 0.472837)
(17.8024 0 0.466884)
(17.9778 0 0.463536)
(18.156 0 0.463241)
(18.3852 0 0.466631)
(13.4684 0 0.400272)
(13.5921 0 0.402376)
(13.7323 0 0.40388)
(13.8802 0 0.404641)
(14.0308 0 0.404655)
(14.1837 0 0.403922)
(14.3396 0 0.402419)
(14.4987 0 0.400126)
(14.6606 0 0.397036)
(14.8251 0 0.393156)
(14.9917 0 0.388504)
(15.1602 0 0.383113)
(15.3302 0 0.377027)
(15.5014 0 0.370305)
(15.6736 0 0.363022)
(15.8463 0 0.355265)
(16.0194 0 0.347136)
(16.1926 0 0.338751)
(16.3656 0 0.330239)
(16.5384 0 0.32174)
(16.7109 0 0.313406)
(16.8831 0 0.305403)
(17.0551 0 0.297906)
(17.2271 0 0.291103)
(17.3995 0 0.285197)
(17.5728 0 0.280411)
(17.7476 0 0.276995)
(17.9248 0 0.275246)
(18.105 0 0.275549)
(18.3362 0 0.278671)
(13.2324 0 0.13511)
(13.3526 0 0.136045)
(13.4887 0 0.136768)
(13.6325 0 0.137214)
(13.7791 0 0.137392)
(13.9279 0 0.137306)
(14.0796 0 0.136947)
(14.2344 0 0.136306)
(14.3921 0 0.135378)
(14.5522 0 0.134166)
(14.7144 0 0.132674)
(14.8784 0 0.130913)
(15.0438 0 0.128897)
(15.2104 0 0.126646)
(15.3779 0 0.124185)
(15.5458 0 0.121545)
(15.7141 0 0.118761)
(15.8823 0 0.115873)
(16.0503 0 0.112927)
(16.2179 0 0.109973)
(16.3852 0 0.107064)
(16.552 0 0.104261)
(16.7185 0 0.101625)
(16.885 0 0.0992253)
(17.0517 0 0.0971359)
(17.2193 0 0.0954394)
(17.3884 0 0.0942334)
(17.5599 0 0.0936472)
(17.7351 0 0.0938814)
(17.9618 0 0.0955375)
)
;

boundaryField
{
    inlet
    {
        type            fixedValue;
        value           uniform (10 0 0);
    }
    outlet
    {
        type            zeroGradient;
    }
    flap
    {
        type            movingWallVelocity;
        value           nonuniform List<vector> 
33
(
(0 0 6.93889e-16)
(0 0 0)
(0 0 0)
(0 0 0)
(0 0 0)
(0 0 0)
(0 0 0)
(0 0 0)
(0 0 0)
(0 0 0)
(0 0 0)
(0 0 -1.11022e-14)
(0 0 -1.11022e-14)
(0 0 -1.11022e-14)
(0 0 -2.22045e-14)
(6.93889e-16 -2.77556e-15 0)
(0 -2.77556e-15 0)
(0 0 0)
(0 0 6.93889e-16)
(0 0 0)
(0 0 0)
(0 0 0)
(0 0 0)
(0 0 0)
(0 0 -5.55112e-15)
(0 0 0)
(0 0 -1.11022e-14)
(0 0 0)
(0 0 0)
(0 0 0)
(0 0 0)
(0 -2.77556e-15 -1.11022e-14)
(0 0 -1.11022e-14)
)
;
    }
    upperWall
    {
        type            noSlip;
    }
    lowerWall
    {
        type            noSlip;
    }
    frontAndBack
    {
        type            empty;
    }
}


// ************************************************************************* //
