/*--------------------------------*- C++ -*----------------------------------*\
  =========                 |
  \\      /  F ield         | OpenFOAM: The Open Source CFD Toolbox
   \\    /   O peration     | Website:  https://openfoam.org
    \\  /    A nd           | Version:  dev
     \\/     M anipulation  |
\*---------------------------------------------------------------------------*/
FoamFile
{
    version     2.0;
    format      ascii;
    class       volVectorField;
    location    "0.5";
    object      U;
}
// * * * * * * * * * * * * * * * * * * * * * * * * * * * * * * * * * * * * * //

dimensions      [0 1 -1 0 0 0 0];

internalField   nonuniform List<vector> 
2790
(
(9.94396 0 0.0205394)
(9.87561 0 0.0296096)
(9.77501 0 0.0360067)
(9.64919 0 0.0425587)
(9.50387 0 0.0493635)
(9.33997 0 0.0563713)
(9.15671 0 0.0637125)
(8.9532 0 0.071549)
(8.72865 0 0.0800183)
(8.48211 0 0.0892436)
(8.21241 0 0.0993473)
(7.91823 0 0.110453)
(7.5981 0 0.122684)
(7.2505 0 0.136154)
(6.87392 0 0.150963)
(6.46696 0 0.167176)
(6.02845 0 0.184806)
(5.55769 0 0.20378)
(5.05465 0 0.223896)
(4.52032 0 0.244763)
(3.95709 0 0.265719)
(3.36923 0 0.285691)
(2.76344 0 0.302972)
(2.14957 0 0.314775)
(1.5416 0 0.316303)
(0.959395 0 0.298952)
(0.433515 0 0.247806)
(0.0207073 0 0.13841)
(-0.207101 0 -0.0489808)
(-0.0985317 0 -0.187198)
(9.99847 0 0.0407515)
(9.98135 0 0.0624474)
(9.93555 0 0.0791907)
(9.86393 0 0.0966328)
(9.77077 0 0.115062)
(9.65708 0 0.134328)
(9.52226 0 0.154687)
(9.36549 0 0.176494)
(9.18599 0 0.200059)
(8.98281 0 0.225655)
(8.75482 0 0.253548)
(8.50067 0 0.283991)
(8.21888 0 0.317217)
(7.90789 0 0.353413)
(7.56609 0 0.39269)
(7.19195 0 0.435032)
(6.78414 0 0.480234)
(6.3417 0 0.527816)
(5.86432 0 0.576918)
(5.3526 0 0.626167)
(4.80853 0 0.673522)
(4.23593 0 0.716081)
(3.64102 0 0.749826)
(3.0331 0 0.769233)
(2.42515 0 0.766589)
(1.83432 0 0.730882)
(1.28189 0 0.64651)
(0.794747 0 0.492774)
(0.393919 0 0.246144)
(0.133496 0 -0.124174)
(9.99556 0 0.0432881)
(9.97545 0 0.0753792)
(9.9316 0 0.10343)
(9.86464 0 0.132384)
(9.77754 0 0.162956)
(9.67141 0 0.195131)
(9.54596 0 0.229261)
(9.40057 0 0.265853)
(9.23462 0 0.305388)
(9.04733 0 0.348315)
(8.83774 0 0.395077)
(8.6047 0 0.446106)
(8.3469 0 0.501807)
(8.06292 0 0.562519)
(7.75124 0 0.628468)
(7.41036 0 0.699689)
(7.0388 0 0.775918)
(6.63532 0 0.856458)
(6.19906 0 0.939996)
(5.72981 0 1.02439)
(5.22836 0 1.10639)
(4.69689 0 1.18137)
(4.13945 0 1.24296)
(3.56239 0 1.28264)
(2.9746 0 1.28921)
(2.38725 0 1.2484)
(1.81227 0 1.14306)
(1.26158 0 0.9561)
(0.732536 0 0.680848)
(0.318853 0 0.308822)
(9.994 0 0.049613)
(9.9717 0 0.0933582)
(9.92768 0 0.133693)
(9.86199 0 0.174236)
(9.77668 0 0.216306)
(9.67282 0 0.260316)
(9.55035 0 0.306802)
(9.40885 0 0.356434)
(9.24785 0 0.409874)
(9.06679 0 0.467756)
(8.86496 0 0.530699)
(8.64151 0 0.599316)
(8.39545 0 0.674188)
(8.12569 0 0.75583)
(7.83108 0 0.844625)
(7.51039 0 0.940737)
(7.16242 0 1.04398)
(6.78597 0 1.15363)
(6.38003 0 1.26821)
(5.94388 0 1.38518)
(5.4773 0 1.50062)
(4.98081 0 1.60881)
(4.45602 0 1.70186)
(3.90583 0 1.76928)
(3.33453 0 1.79783)
(2.74747 0 1.77162)
(2.14999 0 1.67353)
(1.54786 0 1.48922)
(0.928379 0 1.21804)
(0.405557 0 0.846153)
(9.99328 0 0.0573599)
(9.96983 0 0.111155)
(9.92573 0 0.162262)
(9.8612 0 0.213388)
(9.77773 0 0.266204)
(9.67617 0 0.321491)
(9.55655 0 0.37993)
(9.41852 0 0.442284)
(9.2617 0 0.509324)
(9.08563 0 0.581797)
(8.88973 0 0.660439)
(8.6733 0 0.745969)
(8.43558 0 0.839081)
(8.1757 0 0.940401)
(7.89278 0 1.05042)
(7.58586 0 1.16941)
(7.25396 0 1.29728)
(6.89604 0 1.43338)
(6.51108 0 1.57623)
(6.09806 0 1.72325)
(5.65603 0 1.87028)
(5.18422 0 2.01122)
(4.68214 0 2.13753)
(4.14976 0 2.23796)
(3.58754 0 2.29849)
(2.99646 0 2.30285)
(2.37752 0 2.23429)
(1.73418 0 2.07918)
(1.04791 0 1.83749)
(0.453957 0 1.48401)
(9.99299 0 0.0657171)
(9.96912 0 0.128941)
(9.92537 0 0.190309)
(9.86227 0 0.251899)
(9.78103 0 0.315405)
(9.68226 0 0.381826)
(9.566 0 0.451973)
(9.43198 0 0.526696)
(9.27986 0 0.606866)
(9.10923 0 0.69334)
(8.91959 0 0.786961)
(8.71033 0 0.888555)
(8.48076 0 0.998917)
(8.23016 0 1.11877)
(7.95773 0 1.24871)
(7.66263 0 1.38912)
(7.34397 0 1.54)
(7.00073 0 1.70084)
(6.63179 0 1.87033)
(6.23585 0 2.04602)
(5.81134 0 2.22393)
(5.35645 0 2.39809)
(4.86905 0 2.56008)
(4.34684 0 2.69866)
(3.78742 0 2.7998)
(3.18864 0 2.84718)
(2.54868 0 2.82387)
(1.87056 0 2.71516)
(1.13115 0 2.51875)
(0.48496 0 2.19487)
(9.99294 0 0.0742851)
(9.96916 0 0.146597)
(9.92618 0 0.217716)
(9.86483 0 0.289363)
(9.78617 0 0.363163)
(9.69066 0 0.440268)
(9.57832 0 0.521636)
(9.44894 0 0.608217)
(9.30224 0 0.700981)
(9.13784 0 0.800885)
(8.95528 0 0.908868)
(8.754 0 1.02585)
(8.53337 0 1.15272)
(8.2927 0 1.2903)
(8.03122 0 1.43927)
(7.74807 0 1.60014)
(7.4423 0 1.77305)
(7.11279 0 1.95769)
(6.7582 0 2.153)
(6.37683 0 2.35688)
(5.96651 0 2.56581)
(5.52449 0 2.77438)
(5.0473 0 2.97477)
(4.5308 0 3.15637)
(3.97037 0 3.30554)
(3.36151 0 3.40596)
(2.7002 0 3.43981)
(1.9899 0 3.38973)
(1.203 0 3.24888)
(0.510692 0 2.96089)
(9.99304 0 0.0828294)
(9.96971 0 0.163931)
(9.92788 0 0.244319)
(9.86861 0 0.325566)
(9.79288 0 0.409236)
(9.70108 0 0.496585)
(9.5932 0 0.588699)
(9.46909 0 0.686629)
(9.3285 0 0.791429)
(9.17112 0 0.904149)
(8.99651 0 1.02582)
(8.80416 0 1.15746)
(8.59348 0 1.30006)
(8.36378 0 1.45453)
(8.11428 0 1.62169)
(7.84407 0 1.80218)
(7.55206 0 1.99636)
(7.23695 0 2.20416)
(6.89708 0 2.42489)
(6.53029 0 2.65696)
(6.13379 0 2.89755)
(5.7039 0 3.14209)
(5.23591 0 3.3838)
(4.72405 0 3.6131)
(4.16169 0 3.81713)
(3.5421 0 3.97957)
(2.85893 0 4.08122)
(2.11584 0 4.10076)
(1.28046 0 4.02455)
(0.538927 0 3.77726)
(9.99323 0 0.0911998)
(9.97062 0 0.180774)
(9.93028 0 0.269971)
(9.87339 0 0.360342)
(9.80095 0 0.453419)
(9.71327 0 0.550529)
(9.61036 0 0.652863)
(9.49209 0 0.761565)
(9.35828 0 0.877775)
(9.20865 0 1.00263)
(9.04283 0 1.13725)
(8.86035 0 1.28274)
(8.66066 0 1.44021)
(8.44307 0 1.61069)
(8.20679 0 1.79515)
(7.95086 0 1.99441)
(7.67407 0 2.20908)
(7.37489 0 2.43943)
(7.05137 0 2.68525)
(6.70088 0 2.94562)
(6.32 0 3.21858)
(5.90415 0 3.50073)
(5.44742 0 3.78668)
(4.94238 0 4.06829)
(4.38024 0 4.33394)
(3.7516 0 4.56763)
(3.04684 0 4.74865)
(2.26847 0 4.85074)
(1.37808 0 4.85108)
(0.576301 0 4.6515)
(9.9935 0 0.0992927)
(9.97181 0 0.196983)
(9.93323 0 0.29453)
(9.87903 0 0.393529)
(9.81019 0 0.495508)
(9.72702 0 0.601848)
(9.62953 0 0.713828)
(9.51764 0 0.832675)
(9.39121 0 0.959609)
(9.25003 0 1.09585)
(9.09378 0 1.2426)
(8.92205 0 1.40107)
(8.73433 0 1.57247)
(8.52999 0 1.75797)
(8.30824 0 1.95871)
(8.06808 0 2.17574)
(7.80823 0 2.40996)
(7.52702 0 2.66207)
(7.22223 0 2.93243)
(6.89089 0 3.22092)
(6.529 0 3.52667)
(6.13122 0 3.84771)
(5.69046 0 4.1804)
(5.1976 0 4.51865)
(4.64131 0 4.85278)
(4.00868 0 5.16798)
(3.28499 0 5.44263)
(2.46877 0 5.64527)
(1.51245 0 5.74121)
(0.630881 0 5.60287)
(9.99382 0 0.107032)
(9.97321 0 0.21244)
(9.93664 0 0.317866)
(9.88538 0 0.424976)
(9.82045 0 0.535319)
(9.74214 0 0.650319)
(9.65049 0 0.771326)
(9.54544 0 0.899646)
(9.42694 0 1.03657)
(9.29483 0 1.18338)
(9.14885 0 1.34138)
(8.98868 0 1.51186)
(8.81388 0 1.69615)
(8.62387 0 1.89556)
(8.41792 0 2.11142)
(8.19505 0 2.34501)
(7.95399 0 2.59758)
(7.69302 0 2.87031)
(7.4098 0 3.16421)
(7.10117 0 3.48008)
(6.76278 0 3.8183)
(6.38874 0 4.17861)
(5.971 0 4.5596)
(5.49884 0 4.95795)
(4.95817 0 5.36708)
(4.33154 0 5.77503)
(3.59668 0 6.16134)
(2.74323 0 6.49082)
(1.70729 0 6.715)
(0.715511 0 6.66568)
(9.99418 0 0.11436)
(9.97479 0 0.227048)
(9.94041 0 0.339862)
(9.89234 0 0.454548)
(9.83158 0 0.572686)
(9.75845 0 0.695741)
(9.67298 0 0.825123)
(9.57521 0 0.962199)
(9.46512 0 1.10832)
(9.34262 0 1.26485)
(9.20755 0 1.43314)
(9.05967 0 1.61459)
(8.89863 0 1.81063)
(8.72395 0 2.02271)
(8.53499 0 2.25233)
(8.33089 0 2.50104)
(8.11045 0 2.77045)
(7.87205 0 3.06221)
(7.61342 0 3.37805)
(7.33145 0 3.71974)
(7.02177 0 4.08904)
(6.67833 0 4.48763)
(6.29264 0 4.91677)
(5.85285 0 5.37675)
(5.34241 0 5.86573)
(4.73891 0 6.37738)
(4.01 0 6.89679)
(3.12943 0 7.39074)
(2.00219 0 7.79987)
(0.85468 0 7.89995)
(9.99457 0 0.121231)
(9.9765 0 0.240727)
(9.94449 0 0.360415)
(9.89981 0 0.482123)
(9.84345 0 0.607465)
(9.77575 0 0.737942)
(9.69679 0 0.87501)
(9.60665 0 1.02009)
(9.50538 0 1.17459)
(9.39297 0 1.33991)
(9.26935 0 1.51749)
(9.13438 0 1.70879)
(8.98783 0 1.91533)
(8.82936 0 2.13869)
(8.65847 0 2.38056)
(8.47447 0 2.64271)
(8.27637 0 2.92708)
(8.06277 0 3.23581)
(7.83169 0 3.57129)
(7.58037 0 3.93626)
(7.30484 0 4.33389)
(6.9995 0 4.76787)
(6.65624 0 5.24243)
(6.26324 0 5.76226)
(5.80292 0 6.33195)
(5.24915 0 6.95454)
(4.55915 0 7.62822)
(3.68368 0 8.33562)
(2.47015 0 9.02667)
(1.10165 0 9.41941)
(9.99499 0 0.127609)
(9.97831 0 0.253412)
(9.9488 0 0.379442)
(9.90769 0 0.507599)
(9.85593 0 0.639534)
(9.79388 0 0.776778)
(9.72169 0 0.920824)
(9.63947 0 1.07313)
(9.54735 0 1.23514)
(9.44541 0 1.40831)
(9.33369 0 1.59412)
(9.21215 0 1.79409)
(9.0807 0 2.00981)
(8.93917 0 2.24297)
(8.78726 0 2.49539)
(8.6245 0 2.76906)
(8.45021 0 3.06619)
(8.26337 0 3.38934)
(8.06251 0 3.74147)
(7.84548 0 4.12616)
(7.60924 0 4.54784)
(7.34933 0 5.01207)
(7.05919 0 5.52598)
(6.7289 0 6.09882)
(6.34288 0 6.7427)
(5.87603 0 7.47341)
(5.28146 0 8.31147)
(4.48952 0 9.28019)
(3.25741 0 10.4035)
(1.58661 0 11.4734)
(9.99543 0 0.133468)
(9.98021 0 0.26505)
(9.95331 0 0.39687)
(9.91589 0 0.530883)
(9.86888 0 0.668773)
(9.81267 0 0.812095)
(9.74744 0 0.962368)
(9.67338 0 1.12108)
(9.59068 0 1.2897)
(9.49952 0 1.46971)
(9.40002 0 1.66262)
(9.29231 0 1.86999)
(9.17642 0 2.09347)
(9.05239 0 2.33482)
(8.92014 0 2.59595)
(8.77951 0 2.879)
(8.63019 0 3.18639)
(8.47164 0 3.52095)
(8.30308 0 3.88608)
(8.1233 0 4.28598)
(7.93053 0 4.72596)
(7.72222 0 5.21299)
(7.49457 0 5.75641)
(7.24184 0 6.36917)
(6.95486 0 7.06994)
(6.61864 0 7.88696)
(6.20173 0 8.86669)
(5.65504 0 10.0945)
(4.69052 0 11.7853)
(2.67822 0 14.7063)
(-0.390105 0 0.475807)
(-1.16199 0 0.588866)
(-2.13165 0 0.593824)
(-3.12921 0 0.578082)
(-4.14651 0 0.554266)
(-5.16922 0 0.526426)
(-6.18597 0 0.495948)
(-7.18684 0 0.463411)
(-8.16254 0 0.429052)
(-9.10382 0 0.392921)
(-10.001 0 0.354954)
(-10.8436 0 0.315019)
(-11.6203 0 0.272962)
(-12.3182 0 0.228656)
(-12.9239 0 0.182025)
(-13.4229 0 0.133134)
(-13.8008 0 0.0820602)
(-14.0428 0 0.0290013)
(-14.1334 0 -0.0263362)
(-14.0595 0 -0.0860856)
(-13.8122 0 -0.147597)
(-13.3825 0 -0.210692)
(-12.7652 0 -0.276217)
(-11.9541 0 -0.346299)
(-10.9352 0 -0.425128)
(-9.67452 0 -0.522464)
(-8.11561 0 -0.66439)
(-6.20724 0 -0.910546)
(-3.82654 0 -1.35316)
(1.75932 0 -2.18001)
(-0.570534 0 1.16613)
(-1.39038 0 1.31455)
(-2.37794 0 1.35465)
(-3.37202 0 1.36092)
(-4.37846 0 1.34487)
(-5.38518 0 1.31325)
(-6.38206 0 1.26961)
(-7.35984 0 1.21596)
(-8.30967 0 1.15336)
(-9.22259 0 1.08218)
(-10.0891 0 1.00237)
(-10.8989 0 0.913557)
(-11.6403 0 0.815261)
(-12.3007 0 0.707059)
(-12.8662 0 0.588769)
(-13.3222 0 0.460649)
(-13.6539 0 0.323486)
(-13.8465 0 0.178543)
(-13.8859 0 0.0270727)
(-13.7602 0 -0.130228)
(-13.4668 0 -0.286767)
(-12.9983 0 -0.44062)
(-12.3498 0 -0.59214)
(-11.5153 0 -0.743561)
(-10.483 0 -0.899542)
(-9.227 0 -1.07303)
(-7.70907 0 -1.30456)
(-5.90348 0 -1.68927)
(-3.73205 0 -2.35502)
(-0.134119 0 -3.31838)
(-0.60121 0 2.07017)
(-1.41372 0 2.22294)
(-2.38396 0 2.26422)
(-3.33781 0 2.26357)
(-4.29466 0 2.22976)
(-5.2457 0 2.17091)
(-6.18391 0 2.0921)
(-7.10216 0 1.99645)
(-7.99319 0 1.88569)
(-8.8493 0 1.76049)
(-9.66194 0 1.62074)
(-10.4214 0 1.46587)
(-11.1168 0 1.2951)
(-11.7354 0 1.10778)
(-12.2637 0 0.903743)
(-12.6868 0 0.683583)
(-12.9898 0 0.44894)
(-13.1579 0 0.2024)
(-13.1762 0 -0.0523301)
(-13.0359 0 -0.310263)
(-12.733 0 -0.567923)
(-12.2616 0 -0.821947)
(-11.6182 0 -1.07257)
(-10.7984 0 -1.32286)
(-9.79334 0 -1.57906)
(-8.58683 0 -1.85692)
(-7.16197 0 -2.20009)
(-5.52579 0 -2.69827)
(-3.66599 0 -3.451)
(-1.12509 0 -4.44072)
(-0.572597 0 2.98477)
(-1.33892 0 3.11793)
(-2.26067 0 3.13747)
(-3.15 0 3.11493)
(-4.03793 0 3.05564)
(-4.91753 0 2.96748)
(-5.78492 0 2.85559)
(-6.63526 0 2.72325)
(-7.46296 0 2.57213)
(-8.26142 0 2.40261)
(-9.02274 0 2.21409)
(-9.73746 0 2.00535)
(-10.3943 0 1.7749)
(-10.9804 0 1.52143)
(-11.4809 0 1.24424)
(-11.8801 0 0.943692)
(-12.1622 0 0.621595)
(-12.3112 0 0.28138)
(-12.3113 0 -0.0716575)
(-12.1574 0 -0.429818)
(-11.8478 0 -0.784735)
(-11.3786 0 -1.13267)
(-10.7482 0 -1.47425)
(-9.95366 0 -1.81355)
(-8.98935 0 -2.15814)
(-7.84752 0 -2.52519)
(-6.52841 0 -2.95664)
(-5.06401 0 -3.52861)
(-3.49586 0 -4.31132)
(-1.61258 0 -5.2527)
(-0.518027 0 3.83805)
(-1.21184 0 3.94636)
(-2.05789 0 3.93918)
(-2.86311 0 3.89224)
(-3.6684 0 3.8081)
(-4.46669 0 3.69383)
(-5.25637 0 3.55373)
(-6.03421 0 3.3904)
(-6.79569 0 3.20475)
(-7.53482 0 2.99628)
(-8.24384 0 2.76341)
(-8.91305 0 2.5039)
(-9.5307 0 2.21535)
(-10.083 0 1.89577)
(-10.5543 0 1.54415)
(-10.928 0 1.16116)
(-11.1872 0 0.749873)
(-11.3151 0 0.316136)
(-11.2956 0 -0.131415)
(-11.129 0 -0.582364)
(-10.8153 0 -1.02657)
(-10.3533 0 -1.45962)
(-9.74351 0 -1.88271)
(-8.98421 0 -2.3007)
(-8.0722 0 -2.72135)
(-7.00642 0 -3.15994)
(-5.79919 0 -3.65091)
(-4.4988 0 -4.25325)
(-3.18427 0 -5.01601)
(-1.74129 0 -5.85899)
(-0.449501 0 4.59674)
(-1.05177 0 4.6859)
(-1.80136 0 4.65563)
(-2.50714 0 4.58744)
(-3.21831 0 4.48255)
(-3.92626 0 4.34748)
(-4.63103 0 4.18543)
(-5.33023 0 3.99798)
(-6.01998 0 3.78497)
(-6.69455 0 3.54476)
(-7.3462 0 3.27461)
(-7.96502 0 2.9712)
(-8.53886 0 2.63114)
(-9.05337 0 2.25168)
(-9.49224 0 1.83137)
(-9.83779 0 1.37087)
(-10.072 0 0.874166)
(-10.1771 0 0.349549)
(-10.1364 0 -0.190634)
(-9.95782 0 -0.731664)
(-9.64272 0 -1.25996)
(-9.19325 0 -1.77127)
(-8.6118 0 -2.26822)
(-7.89749 0 -2.75701)
(-7.0485 0 -3.24494)
(-6.06814 0 -3.74318)
(-4.97613 0 -4.27483)
(-3.82948 0 -4.88017)
(-2.72898 0 -5.59243)
(-1.60139 0 -6.3091)
(-0.372519 0 5.24184)
(-0.868648 0 5.3207)
(-1.50628 0 5.27391)
(-2.10038 0 5.19035)
(-2.70717 0 5.07089)
(-3.31571 0 4.92171)
(-3.92745 0 4.74482)
(-4.54041 0 4.54058)
(-5.15106 0 4.30751)
(-5.75389 0 4.0426)
(-6.34119 0 3.74181)
(-6.90302 0 3.40055)
(-7.4271 0 3.01432)
(-7.89879 0 2.57945)
(-8.30131 0 2.09396)
(-8.61602 0 1.55855)
(-8.82331 0 0.978455)
(-8.90373 0 0.365528)
(-8.84051 0 -0.26266)
(-8.65127 0 -0.88689)
(-8.338 0 -1.49043)
(-7.90672 0 -2.06993)
(-7.36141 0 -2.63058)
(-6.70126 0 -3.18038)
(-5.92467 0 -3.72576)
(-5.0373 0 -4.27236)
(-4.0627 0 -4.82999)
(-3.06092 0 -5.4203)
(-2.13999 0 -6.06449)
(-1.25365 0 -6.64526)
(-0.290434 0 5.76024)
(-0.668792 0 5.83845)
(-1.18263 0 5.7826)
(-1.65496 0 5.69095)
(-2.14815 0 5.56438)
(-2.64844 0 5.40874)
(-3.15873 0 5.22472)
(-3.67719 0 5.01138)
(-4.20057 0 4.76579)
(-4.72353 0 4.48354)
(-5.23859 0 4.1592)
(-5.73606 0 3.78694)
(-6.20387 0 3.36104)
(-6.62754 0 2.87684)
(-6.99014 0 2.33164)
(-7.27216 0 1.72595)
(-7.45155 0 1.06606)
(-7.50602 0 0.367933)
(-7.41897 0 -0.343962)
(-7.2213 0 -1.04463)
(-6.91382 0 -1.71391)
(-6.50669 0 -2.35086)
(-6.00487 0 -2.96465)
(-5.40668 0 -3.56575)
(-4.7098 0 -4.1592)
(-3.92056 0 -4.74445)
(-3.06448 0 -5.3173)
(-2.20058 0 -5.88207)
(-1.43207 0 -6.45)
(-0.742137 0 -6.89629)
(-0.205627 0 6.14226)
(-0.45669 0 6.2299)
(-0.837839 0 6.17266)
(-1.17998 0 6.08078)
(-1.55155 0 5.95514)
(-1.93548 0 5.80119)
(-2.33636 0 5.61808)
(-2.75229 0 5.40352)
(-3.18021 0 5.15315)
(-3.61503 0 4.86113)
(-4.04962 0 4.52075)
(-4.47486 0 4.12497)
(-4.87939 0 3.66678)
(-5.24935 0 3.14026)
(-5.56824 0 2.5417)
(-5.81593 0 1.87111)
(-5.96715 0 1.13547)
(-5.99501 0 0.355488)
(-5.88434 0 -0.434659)
(-5.68237 0 -1.20378)
(-5.38641 0 -1.92767)
(-5.01021 0 -2.61012)
(-4.55867 0 -3.26605)
(-4.02845 0 -3.90905)
(-3.4161 0 -4.54212)
(-2.72724 0 -5.1576)
(-1.98973 0 -5.73772)
(-1.25783 0 -6.27282)
(-0.621987 0 -6.76231)
(-0.0991866 0 -7.08431)
(-0.120111 0 6.38103)
(-0.235982 0 6.4883)
(-0.47815 0 6.43708)
(-0.68322 0 6.35295)
(-0.926657 0 6.23648)
(-1.18734 0 6.09257)
(-1.47206 0 5.91851)
(-1.77843 0 5.71062)
(-2.10354 0 5.46316)
(-2.44247 0 5.169)
(-2.78841 0 4.82021)
(-3.13314 0 4.40893)
(-3.46655 0 3.92675)
(-3.7761 0 3.36627)
(-4.04667 0 2.72239)
(-4.2584 0 1.99405)
(-4.38152 0 1.18812)
(-4.38103 0 0.330215)
(-4.24711 0 -0.535144)
(-4.04946 0 -1.36269)
(-3.77426 0 -2.12801)
(-3.43733 0 -2.84307)
(-3.04263 0 -3.53008)
(-2.58455 0 -4.20661)
(-2.05902 0 -4.87279)
(-1.46979 0 -5.5129)
(-0.849361 0 -6.09369)
(-0.24422 0 -6.59946)
(0.271752 0 -7.01044)
(0.650716 0 -7.22292)
(-0.0361917 0 6.47271)
(-0.0103049 0 6.60918)
(-0.109555 0 6.57167)
(-0.171968 0 6.50306)
(-0.282571 0 6.40418)
(-0.414829 0 6.27872)
(-0.578491 0 6.12163)
(-0.770113 0 5.92771)
(-0.986764 0 5.68996)
(-1.22346 0 5.40043)
(-1.47329 0 5.05104)
(-1.72895 0 4.63209)
(-1.98215 0 4.13415)
(-2.22226 0 3.54793)
(-2.4369 0 2.86595)
(-2.608 0 2.08553)
(-2.69908 0 1.21482)
(-2.66255 0 0.286251)
(-2.51536 0 -0.642874)
(-2.33677 0 -1.51486)
(-2.09673 0 -2.30852)
(-1.80955 0 -3.04562)
(-1.4783 0 -3.75498)
(-1.09549 0 -4.45812)
(-0.656906 0 -5.15171)
(-0.164394 0 -5.81457)
(0.344047 0 -6.39174)
(0.817133 0 -6.85681)
(1.22961 0 -7.19946)
(1.50045 0 -7.3272)
(0.0462007 0 6.41692)
(0.214867 0 6.58711)
(0.264417 0 6.57256)
(0.344503 0 6.52649)
(0.370294 0 6.45437)
(0.368758 0 6.35658)
(0.328918 0 6.22556)
(0.255341 0 6.05444)
(0.151383 0 5.83557)
(0.0224445 0 5.55966)
(-0.127318 0 5.21312)
(-0.287164 0 4.79451)
(-0.451273 0 4.29029)
(-0.611506 0 3.69007)
(-0.76047 0 2.98472)
(-0.886624 0 2.17046)
(-0.936044 0 1.25197)
(-0.840137 0 0.259363)
(-0.698647 0 -0.732198)
(-0.56231 0 -1.64031)
(-0.376641 0 -2.45516)
(-0.151663 0 -3.21244)
(0.111726 0 -3.94609)
(0.417685 0 -4.67225)
(0.771047 0 -5.38631)
(1.15797 0 -6.04983)
(1.55944 0 -6.61866)
(1.9305 0 -7.05849)
(2.25391 0 -7.34577)
(2.427 0 -7.40046)
(0.132566 0 6.21029)
(0.442216 0 6.42297)
(0.642289 0 6.43823)
(0.862165 0 6.42087)
(1.02513 0 6.38443)
(1.15161 0 6.32258)
(1.23305 0 6.22456)
(1.27537 0 6.0818)
(1.28327 0 5.88623)
(1.26297 0 5.62902)
(1.21924 0 5.29639)
(1.15989 0 4.88482)
(1.0921 0 4.38284)
(1.02257 0 3.77992)
(0.956271 0 3.0662)
(0.899674 0 2.23367)
(0.910467 0 1.28158)
(1.05558 0 0.239448)
(1.15942 0 -0.793944)
(1.24098 0 -1.72987)
(1.35533 0 -2.5631)
(1.50311 0 -3.32948)
(1.68828 0 -4.07667)
(1.91837 0 -4.82568)
(2.19287 0 -5.5597)
(2.49698 0 -6.23527)
(2.80972 0 -6.79974)
(3.08872 0 -7.2133)
(3.32785 0 -7.45049)
(3.40802 0 -7.44413)
(0.232267 0 5.8446)
(0.676277 0 6.1246)
(1.02166 0 6.16815)
(1.38015 0 6.18638)
(1.67907 0 6.19727)
(1.92783 0 6.18109)
(2.12416 0 6.12331)
(2.27647 0 6.01448)
(2.39137 0 5.84644)
(2.47581 0 5.61068)
(2.53538 0 5.29448)
(2.57634 0 4.89234)
(2.60618 0 4.3945)
(2.63127 0 3.79095)
(2.65645 0 3.0718)
(2.68839 0 2.22772)
(2.76013 0 1.26383)
(2.88855 0 0.221018)
(2.96764 0 -0.818404)
(3.00487 0 -1.76857)
(3.05034 0 -2.61796)
(3.12435 0 -3.40441)
(3.24001 0 -4.17461)
(3.40451 0 -4.94644)
(3.61266 0 -5.69809)
(3.84569 0 -6.37972)
(4.07958 0 -6.93556)
(4.27454 0 -7.32319)
(4.43353 0 -7.51567)
(4.42332 0 -7.4584)
(0.358863 0 5.31285)
(0.922636 0 5.72753)
(1.39506 0 5.77438)
(1.89946 0 5.83392)
(2.33182 0 5.90398)
(2.69292 0 5.94239)
(2.9934 0 5.93114)
(3.2461 0 5.86108)
(3.45948 0 5.72439)
(3.64101 0 5.51309)
(3.79691 0 5.21616)
(3.93269 0 4.82675)
(4.05501 0 4.33612)
(4.16953 0 3.73496)
(4.28023 0 3.01383)
(4.39043 0 2.16507)
(4.50686 0 1.19961)
(4.63182 0 0.163198)
(4.69036 0 -0.853192)
(4.68787 0 -1.78891)
(4.67447 0 -2.63971)
(4.68617 0 -3.44215)
(4.74587 0 -4.23692)
(4.85996 0 -5.03386)
(5.01644 0 -5.80244)
(5.19032 0 -6.48724)
(5.35433 0 -7.031)
(5.47172 0 -7.39158)
(5.55358 0 -7.54284)
(5.45421 0 -7.44265)
(9.99589 0 0.138878)
(9.98221 0 0.275799)
(9.95805 0 0.412951)
(9.92451 0 0.552337)
(9.88249 0 0.695668)
(9.8324 0 0.84451)
(9.77448 0 1.0004)
(9.70898 0 1.16484)
(9.63618 0 1.33931)
(9.55634 0 1.5253)
(9.46972 0 1.72434)
(9.37657 0 1.938)
(9.27712 0 2.16795)
(9.1716 0 2.41599)
(9.06021 0 2.68407)
(8.94312 0 2.9744)
(8.82046 0 3.28951)
(8.69231 0 3.63237)
(8.55868 0 4.00659)
(8.41949 0 4.41664)
(8.27463 0 4.86826)
(8.12395 0 5.36898)
(7.9674 0 5.92904)
(7.80536 0 6.56282)
(7.63928 0 7.2914)
(7.47469 0 8.14742)
(7.32645 0 9.18508)
(7.28722 0 10.4987)
(7.77558 0 12.2348)
(8.01475 0 14.9784)
(9.99637 0 0.143851)
(9.98431 0 0.285662)
(9.96303 0 0.427668)
(9.93354 0 0.571906)
(9.89671 0 0.7201)
(9.85297 0 0.873825)
(9.8026 0 1.03462)
(9.74594 0 1.20399)
(9.68334 0 1.38342)
(9.61516 0 1.57439)
(9.54179 0 1.77841)
(9.46362 0 1.99705)
(9.38107 0 2.23197)
(9.2946 0 2.48494)
(9.20469 0 2.75792)
(9.11187 0 3.05308)
(9.01676 0 3.37295)
(8.92004 0 3.72045)
(8.82257 0 4.09914)
(8.72548 0 4.51338)
(8.6303 0 4.96867)
(8.53934 0 5.47211)
(8.45627 0 6.03303)
(8.38733 0 6.66398)
(8.34377 0 7.38201)
(8.34785 0 8.21015)
(8.43922 0 9.1778)
(8.67318 0 10.3166)
(9.32382 0 11.5667)
(9.81276 0 12.6218)
(9.99688 0 0.148296)
(9.98649 0 0.294474)
(9.96819 0 0.440797)
(9.94291 0 0.589318)
(9.91144 0 0.74177)
(9.87424 0 0.899721)
(9.83165 0 1.0647)
(9.78406 0 1.2382)
(9.7319 0 1.42168)
(9.67565 0 1.6166)
(9.61579 0 1.82443)
(9.55288 0 2.04671)
(9.48753 0 2.28503)
(9.4204 0 2.54111)
(9.35228 0 2.81683)
(9.28406 0 3.11426)
(9.21678 0 3.43576)
(9.15175 0 3.78406)
(9.09061 0 4.16239)
(9.03551 0 4.57462)
(8.98938 0 5.02545)
(8.95643 0 5.52061)
(8.94281 0 6.06713)
(8.95788 0 6.67335)
(9.01588 0 7.34852)
(9.13844 0 8.10083)
(9.35581 0 8.93127)
(9.67425 0 9.82712)
(10.2199 0 10.7354)
(10.8667 0 11.4402)
(9.9974 0 0.152162)
(9.98873 0 0.302128)
(9.9735 0 0.452168)
(9.95253 0 0.604343)
(9.92655 0 0.760376)
(9.89603 0 0.92182)
(9.86138 0 1.09018)
(9.82303 0 1.26693)
(9.78149 0 1.45347)
(9.73732 0 1.65123)
(9.69113 0 1.86161)
(9.64361 0 2.08609)
(9.59555 0 2.32616)
(9.54782 0 2.58344)
(9.50146 0 2.85964)
(9.45769 0 3.15666)
(9.41797 0 3.47659)
(9.38408 0 3.82181)
(9.3583 0 4.19501)
(9.34352 0 4.59928)
(9.34362 0 5.03815)
(9.36376 0 5.51556)
(9.41104 0 6.03573)
(9.49507 0 6.60269)
(9.62861 0 7.2192)
(9.82766 0 7.88491)
(10.1138 0 8.59277)
(10.4931 0 9.32856)
(11.0307 0 10.0848)
(11.7875 0 10.7533)
(9.99792 0 0.155401)
(9.99102 0 0.308529)
(9.97892 0 0.461647)
(9.96232 0 0.616801)
(9.94191 0 0.775696)
(9.91818 0 0.939858)
(9.89154 0 1.11076)
(9.86251 0 1.28981)
(9.83166 0 1.47838)
(9.79961 0 1.67782)
(9.7671 0 1.88946)
(9.73493 0 2.11464)
(9.70403 0 2.35477)
(9.67548 0 2.61129)
(9.65052 0 2.88571)
(9.63063 0 3.17967)
(9.61758 0 3.49491)
(9.61353 0 3.83333)
(9.62115 0 4.19697)
(9.64378 0 4.58803)
(9.68567 0 5.00874)
(9.75226 0 5.4613)
(9.85045 0 5.94749)
(9.98893 0 6.46821)
(10.1784 0 7.02266)
(10.4312 0 7.60741)
(10.764 0 8.21517)
(11.1871 0 8.83275)
(11.7234 0 9.45178)
(12.4568 0 10.0014)
(9.99846 0 0.157969)
(9.99334 0 0.313592)
(9.98438 0 0.469104)
(9.9722 0 0.626524)
(9.95741 0 0.787525)
(9.94047 0 0.953592)
(9.92188 0 1.12615)
(9.90216 0 1.30654)
(9.88195 0 1.49608)
(9.86195 0 1.69601)
(9.84296 0 1.90757)
(9.82591 0 2.13198)
(9.81184 0 2.37048)
(9.80196 0 2.62431)
(9.79768 0 2.89476)
(9.80067 0 3.18312)
(9.81291 0 3.49077)
(9.83674 0 3.81905)
(9.87505 0 4.16933)
(9.93129 0 4.5429)
(10.0097 0 4.94082)
(10.1155 0 5.36378)
(10.2549 0 5.81177)
(10.4353 0 6.28367)
(10.6652 0 6.77665)
(10.9541 0 7.28561)
(11.3129 0 7.80232)
(11.7493 0 8.31271)
(12.2644 0 8.8024)
(12.9366 0 9.23254)
(9.99899 0 0.159826)
(9.99565 0 0.317239)
(9.98986 0 0.474427)
(9.98209 0 0.633365)
(9.97289 0 0.795682)
(9.96273 0 0.96281)
(9.95211 0 1.13611)
(9.94161 0 1.31686)
(9.93189 0 1.50628)
(9.92371 0 1.70552)
(9.91795 0 1.91568)
(9.91559 0 2.13784)
(9.91777 0 2.37306)
(9.9258 0 2.62237)
(9.94118 0 2.88677)
(9.96568 0 3.16724)
(10.0014 0 3.46471)
(10.0507 0 3.78001)
(10.1164 0 4.11385)
(10.202 0 4.4667)
(10.3114 0 4.83864)
(10.4492 0 5.22921)
(10.6206 0 5.63712)
(10.8317 0 6.05994)
(11.0887 0 6.49365)
(11.3982 0 6.93222)
(11.7663 0 7.36718)
(12.1973 0 7.7863)
(12.6858 0 8.17669)
(13.3027 0 8.5196)
(9.99952 0 0.160939)
(9.99795 0 0.319402)
(9.99529 0 0.477516)
(9.9919 0 0.637196)
(9.98823 0 0.800015)
(9.98475 0 0.96734)
(9.98196 0 1.14046)
(9.98048 0 1.32057)
(9.981 0 1.50879)
(9.9843 0 1.70614)
(9.99131 0 1.91361)
(10.003 0 2.13211)
(10.0207 0 2.3625)
(10.0456 0 2.60557)
(10.0794 0 2.86206)
(10.1237 0 3.13259)
(10.1807 0 3.4177)
(10.2526 0 3.71773)
(10.3423 0 4.03281)
(10.4528 0 4.3627)
(10.5875 0 4.70676)
(10.7504 0 5.06369)
(10.9457 0 5.43138)
(11.1778 0 5.80665)
(11.4512 0 6.18505)
(11.7698 0 6.56055)
(12.1368 0 6.92557)
(12.5544 0 7.27063)
(13.0156 0 7.5857)
(13.5823 0 7.8604)
(10 0 0.161279)
(10.0002 0 0.320028)
(10.0006 0 0.478292)
(10.0015 0 0.637918)
(10.0033 0 0.800407)
(10.0063 0 0.967054)
(10.0112 0 1.13907)
(10.0184 0 1.31754)
(10.0288 0 1.50349)
(10.0431 0 1.69781)
(10.0623 0 1.90135)
(10.0874 0 2.11484)
(10.1195 0 2.33895)
(10.1601 0 2.57425)
(10.2107 0 2.82118)
(10.2729 0 3.08007)
(10.3488 0 3.35106)
(10.4405 0 3.63409)
(10.5505 0 3.92879)
(10.6814 0 4.23443)
(10.8362 0 4.54978)
(11.018 0 4.87305)
(11.2299 0 5.20168)
(11.4752 0 5.53225)
(11.7566 0 5.86033)
(12.0764 0 6.18049)
(12.436 0 6.4863)
(12.8357 0 6.77044)
(13.2686 0 7.0251)
(13.7883 0 7.24374)
(10.0006 0 0.160825)
(10.0024 0 0.319073)
(10.0058 0 0.476696)
(10.0109 0 0.635456)
(10.0179 0 0.796776)
(10.0273 0 0.961869)
(10.0394 0 1.13185)
(10.0551 0 1.30771)
(10.0749 0 1.49035)
(10.0996 0 1.68055)
(10.1302 0 1.87899)
(10.1677 0 2.08625)
(10.2133 0 2.30279)
(10.2682 0 2.52895)
(10.3339 0 2.76495)
(10.412 0 3.01082)
(10.5042 0 3.26638)
(10.6127 0 3.53121)
(10.7393 0 3.8046)
(10.8865 0 4.08542)
(11.0565 0 4.37214)
(11.2516 0 4.66266)
(11.4743 0 4.95427)
(11.7264 0 5.2436)
(12.0097 0 5.52659)
(12.3251 0 5.79849)
(12.6728 0 6.054)
(13.0521 0 6.28743)
(13.4566 0 6.49288)
(13.9332 0 6.66611)
(10.0011 0 0.159562)
(10.0046 0 0.316509)
(10.0109 0 0.47269)
(10.02 0 0.629768)
(10.032 0 0.789081)
(10.0474 0 0.951751)
(10.0666 0 1.1188)
(10.0901 0 1.29111)
(10.1188 0 1.46946)
(10.1533 0 1.6545)
(10.1945 0 1.84677)
(10.2434 0 2.04668)
(10.3011 0 2.25452)
(10.3688 0 2.47043)
(10.4478 0 2.69439)
(10.5396 0 2.92619)
(10.6458 0 3.1654)
(10.768 0 3.41135)
(10.908 0 3.66305)
(11.0675 0 3.91917)
(11.2483 0 4.17796)
(11.4521 0 4.43725)
(11.6805 0 4.69439)
(11.9345 0 4.94623)
(12.215 0 5.18917)
(12.5221 0 5.4192)
(12.8551 0 5.63203)
(13.2129 0 5.82331)
(13.5897 0 5.98866)
(14.0269 0 6.12532)
(10.0015 0 0.157483)
(10.0066 0 0.312324)
(10.0157 0 0.466256)
(10.0286 0 0.620839)
(10.0454 0 0.777316)
(10.0665 0 0.936715)
(10.0923 0 1.09995)
(10.1233 0 1.26782)
(10.1601 0 1.44095)
(10.2036 0 1.61989)
(10.2545 0 1.80504)
(10.3137 0 1.99664)
(10.3822 0 2.19482)
(10.4612 0 2.39956)
(10.5517 0 2.61064)
(10.6552 0 2.82766)
(10.7728 0 3.05001)
(10.9059 0 3.27681)
(11.056 0 3.50693)
(11.2243 0 3.73892)
(11.4122 0 3.97098)
(11.6208 0 4.20098)
(11.8509 0 4.42645)
(12.103 0 4.64455)
(12.3774 0 4.8522)
(12.6735 0 5.04607)
(12.9903 0 5.22279)
(13.3262 0 5.37902)
(13.6764 0 5.51159)
(14.0778 0 5.61865)
(10.002 0 0.154586)
(10.0085 0 0.306517)
(10.0202 0 0.457402)
(10.0368 0 0.608687)
(10.0581 0 0.761519)
(10.0845 0 0.916826)
(10.1164 0 1.07543)
(10.1543 0 1.23799)
(10.1987 0 1.40507)
(10.2503 0 1.57706)
(10.3099 0 1.75423)
(10.3783 0 1.93671)
(10.4563 0 2.12447)
(10.5449 0 2.31734)
(10.6451 0 2.51497)
(10.7581 0 2.7168)
(10.8847 0 2.92209)
(11.0262 0 3.12986)
(11.1835 0 3.33888)
(11.3577 0 3.54768)
(11.5494 0 3.75453)
(11.7595 0 3.9574)
(11.9882 0 4.15407)
(12.2356 0 4.34207)
(12.5013 0 4.51881)
(12.7848 0 4.68159)
(13.0845 0 4.82776)
(13.399 0 4.95483)
(13.724 0 5.06048)
(14.0924 0 5.1435)
(10.0024 0 0.15088)
(10.0103 0 0.299105)
(10.0245 0 0.446154)
(10.0444 0 0.593358)
(10.0699 0 0.741761)
(10.1013 0 0.892193)
(10.1388 0 1.04537)
(10.1829 0 1.20187)
(10.2341 0 1.36211)
(10.2931 0 1.5264)
(10.3604 0 1.69488)
(10.4367 0 1.86757)
(10.5228 0 2.04433)
(10.6196 0 2.22486)
(10.7278 0 2.40869)
(10.8482 0 2.59518)
(10.9818 0 2.78351)
(11.1292 0 2.97264)
(11.2913 0 3.16134)
(11.4686 0 3.34818)
(11.6615 0 3.53151)
(11.8704 0 3.70952)
(12.0953 0 3.88023)
(12.3358 0 4.04156)
(12.5914 0 4.19135)
(12.8611 0 4.32745)
(13.1436 0 4.44783)
(13.4372 0 4.55061)
(13.7384 0 4.63413)
(14.0767 0 4.69762)
(10.0028 0 0.146377)
(10.012 0 0.290115)
(10.0284 0 0.43256)
(10.0514 0 0.574924)
(10.0808 0 0.718149)
(10.1166 0 0.862967)
(10.1593 0 1.01)
(10.209 0 1.15971)
(10.2663 0 1.31244)
(10.3317 0 1.46838)
(10.4057 0 1.62759)
(10.4888 0 1.78998)
(10.5818 0 1.95531)
(10.6851 0 2.12321)
(10.7996 0 2.29312)
(10.9257 0 2.46436)
(11.0642 0 2.63606)
(11.2155 0 2.80718)
(11.3802 0 2.97654)
(11.5584 0 3.14278)
(11.7503 0 3.30442)
(11.956 0 3.45983)
(12.1752 0 3.60732)
(12.4074 0 3.74513)
(12.6518 0 3.87153)
(12.9073 0 3.98483)
(13.1727 0 4.08345)
(13.4463 0 4.16601)
(13.7251 0 4.23135)
(14.0359 0 4.27899)
(10.0031 0 0.141098)
(10.0136 0 0.279589)
(10.032 0 0.416687)
(10.0579 0 0.553484)
(10.0907 0 0.690821)
(10.1306 0 0.829335)
(10.1778 0 0.969551)
(10.2326 0 1.11185)
(10.2952 0 1.25648)
(10.3661 0 1.40354)
(10.4458 0 1.553)
(10.5346 0 1.70471)
(10.6331 0 1.85836)
(10.7417 0 2.01351)
(10.8609 0 2.16957)
(10.9911 0 2.32582)
(11.1327 0 2.48141)
(11.2861 0 2.63533)
(11.4514 0 2.78647)
(11.6287 0 2.93359)
(11.818 0 3.07535)
(12.019 0 3.21037)
(12.2312 0 3.3372)
(12.454 0 3.4544)
(12.6866 0 3.56058)
(12.9279 0 3.65441)
(13.1765 0 3.73473)
(13.4312 0 3.80051)
(13.6891 0 3.85095)
(13.9746 0 3.88579)
(10.0035 0 0.135067)
(10.015 0 0.267579)
(10.0353 0 0.398618)
(10.0637 0 0.529158)
(10.0997 0 0.65994)
(10.1432 0 0.791513)
(10.1944 0 0.924313)
(10.2535 0 1.05864)
(10.3207 0 1.19466)
(10.3963 0 1.3324)
(10.4807 0 1.47178)
(10.5741 0 1.61256)
(10.6769 0 1.75441)
(10.7895 0 1.89684)
(10.912 0 2.03926)
(11.0449 0 2.18095)
(11.1882 0 2.32108)
(11.3421 0 2.45872)
(11.5066 0 2.59284)
(11.6816 0 2.72233)
(11.8668 0 2.84604)
(12.0619 0 2.96277)
(12.2663 0 3.07132)
(12.4792 0 3.17052)
(12.6997 0 3.25928)
(12.9269 0 3.33657)
(13.1595 0 3.40153)
(13.3963 0 3.45343)
(13.6349 0 3.49172)
(13.8973 0 3.5163)
(10.0038 0 0.128314)
(10.0162 0 0.254146)
(10.0382 0 0.378447)
(10.0689 0 0.50208)
(10.1076 0 0.62569)
(10.1543 0 0.749741)
(10.209 0 0.874589)
(10.2718 0 1.00046)
(10.3429 0 1.12745)
(10.4224 0 1.25554)
(10.5106 0 1.38459)
(10.6076 0 1.51432)
(10.7137 0 1.64436)
(10.8291 0 1.77424)
(10.9538 0 1.90335)
(11.088 0 2.03101)
(11.2317 0 2.15644)
(11.3848 0 2.27879)
(11.5473 0 2.39712)
(11.7189 0 2.51048)
(11.8991 0 2.61786)
(12.0875 0 2.71827)
(12.2835 0 2.81072)
(12.4862 0 2.89428)
(12.6949 0 2.96809)
(12.9084 0 3.03138)
(13.1258 0 3.08351)
(13.3457 0 3.12398)
(13.5664 0 3.15242)
(13.8078 0 3.16886)
(10.004 0 0.120874)
(10.0173 0 0.239356)
(10.0408 0 0.356281)
(10.0734 0 0.472399)
(10.1146 0 0.588267)
(10.164 0 0.704271)
(10.2216 0 0.820696)
(10.2876 0 0.937701)
(10.3619 0 1.05533)
(10.4445 0 1.17352)
(10.5357 0 1.29208)
(10.6355 0 1.41072)
(10.7439 0 1.52907)
(10.861 0 1.64665)
(10.9868 0 1.76288)
(11.1213 0 1.87712)
(11.2644 0 1.98866)
(11.4158 0 2.09673)
(11.5753 0 2.20052)
(11.7427 0 2.29918)
(11.9172 0 2.39188)
(12.0985 0 2.4778)
(12.2859 0 2.55613)
(12.4785 0 2.62614)
(12.6755 0 2.68717)
(12.876 0 2.73865)
(13.079 0 2.78012)
(13.2834 0 2.81123)
(13.4877 0 2.83179)
(13.7098 0 2.84186)
(10.0042 0 0.112779)
(10.0183 0 0.223282)
(10.043 0 0.332229)
(10.0774 0 0.440269)
(10.1206 0 0.547876)
(10.1723 0 0.655363)
(10.2325 0 0.762952)
(10.301 0 0.870748)
(10.3778 0 0.978752)
(10.463 0 1.08686)
(10.5564 0 1.19486)
(10.6581 0 1.30248)
(10.768 0 1.40932)
(10.886 0 1.51492)
(11.0121 0 1.61876)
(11.146 0 1.72024)
(11.2876 0 1.81873)
(11.4366 0 1.91354)
(11.5925 0 2.00397)
(11.7551 0 2.08931)
(11.9236 0 2.16887)
(12.0976 0 2.24196)
(12.2763 0 2.30795)
(12.4591 0 2.36627)
(12.645 0 2.41642)
(12.8332 0 2.45799)
(13.0228 0 2.49064)
(13.2128 0 2.51418)
(13.402 0 2.52849)
(13.6069 0 2.53369)
(10.0044 0 0.104066)
(10.0191 0 0.205994)
(10.045 0 0.306402)
(10.0808 0 0.405845)
(10.1258 0 0.504719)
(10.1794 0 0.603272)
(10.2416 0 0.701671)
(10.3122 0 0.799975)
(10.391 0 0.898151)
(10.4781 0 0.99607)
(10.5731 0 1.09352)
(10.676 0 1.19021)
(10.7867 0 1.28578)
(10.9049 0 1.37979)
(11.0305 0 1.47176)
(11.1633 0 1.56116)
(11.3028 0 1.64743)
(11.4487 0 1.72997)
(11.6007 0 1.80818)
(11.7581 0 1.88148)
(11.9205 0 1.94929)
(12.0872 0 2.01107)
(12.2576 0 2.06631)
(12.4308 0 2.11458)
(12.6062 0 2.1555)
(12.783 0 2.18878)
(12.9602 0 2.21422)
(13.1372 0 2.23167)
(13.3128 0 2.24111)
(13.5021 0 2.24269)
(10.0046 0 0.094769)
(10.0198 0 0.187562)
(10.0466 0 0.278909)
(10.0837 0 0.369277)
(10.1301 0 0.458993)
(10.1853 0 0.548245)
(10.2492 0 0.63715)
(10.3214 0 0.725732)
(10.4018 0 0.813932)
(10.4901 0 0.90161)
(10.5862 0 0.988553)
(10.6898 0 1.07448)
(10.8007 0 1.15905)
(10.9186 0 1.24188)
(11.0432 0 1.32252)
(11.1742 0 1.40052)
(11.3113 0 1.47537)
(11.4539 0 1.54658)
(11.6016 0 1.61365)
(11.7539 0 1.67609)
(11.9102 0 1.73342)
(12.0698 0 1.78523)
(12.2322 0 1.83112)
(12.3965 0 1.87077)
(12.5622 0 1.9039)
(12.7284 0 1.93031)
(12.8944 0 1.94986)
(13.0596 0 1.96251)
(13.2229 0 1.96825)
(13.3983 0 1.96726)
(10.0047 0 0.0849166)
(10.0205 0 0.168048)
(10.0481 0 0.249847)
(10.0862 0 0.330706)
(10.1338 0 0.410882)
(10.1903 0 0.490508)
(10.2554 0 0.569659)
(10.3288 0 0.64833)
(10.4103 0 0.726445)
(10.4995 0 0.803861)
(10.5962 0 0.880372)
(10.7 0 0.955717)
(10.8107 0 1.02959)
(10.9279 0 1.10163)
(11.0512 0 1.17147)
(11.1802 0 1.2387)
(11.3145 0 1.3029)
(11.4537 0 1.36365)
(11.5971 0 1.42054)
(11.7444 0 1.47317)
(11.8947 0 1.52117)
(12.0477 0 1.5642)
(12.2025 0 1.60197)
(12.3587 0 1.63423)
(12.5154 0 1.6608)
(12.672 0 1.68153)
(12.828 0 1.69635)
(12.9826 0 1.70525)
(13.1351 0 1.70827)
(13.2982 0 1.70557)
(10.0049 0 0.0745311)
(10.021 0 0.147499)
(10.0493 0 0.219299)
(10.0883 0 0.290254)
(10.1369 0 0.36055)
(10.1944 0 0.430269)
(10.2605 0 0.49945)
(10.3348 0 0.568067)
(10.4171 0 0.636035)
(10.5068 0 0.703212)
(10.6037 0 0.769403)
(10.7074 0 0.834373)
(10.8175 0 0.897847)
(10.9337 0 0.959521)
(11.0554 0 1.01907)
(11.1823 0 1.07614)
(11.3138 0 1.1304)
(11.4495 0 1.18149)
(11.5889 0 1.22908)
(11.7313 0 1.27285)
(11.8761 0 1.31252)
(12.0229 0 1.34781)
(12.1709 0 1.37852)
(12.3196 0 1.40446)
(12.4683 0 1.42551)
(12.6164 0 1.44157)
(12.7635 0 1.45262)
(12.9088 0 1.45867)
(13.0517 0 1.45978)
(13.2042 0 1.45611)
(10.005 0 0.0636201)
(10.0215 0 0.125941)
(10.0504 0 0.187327)
(10.0902 0 0.248019)
(10.1396 0 0.308121)
(10.1979 0 0.367662)
(10.2647 0 0.426654)
(10.3397 0 0.485059)
(10.4224 0 0.54279)
(10.5124 0 0.599714)
(10.6093 0 0.655658)
(10.7126 0 0.710414)
(10.822 0 0.763746)
(10.937 0 0.815396)
(11.0571 0 0.865089)
(11.1818 0 0.912542)
(11.3106 0 0.95747)
(11.443 0 0.999595)
(11.5785 0 1.03865)
(11.7164 0 1.07438)
(11.8563 0 1.10657)
(11.9974 0 1.13502)
(12.1393 0 1.15957)
(12.2814 0 1.18009)
(12.4231 0 1.1965)
(12.5638 0 1.20874)
(12.7031 0 1.21681)
(12.8404 0 1.22075)
(12.9751 0 1.2206)
(13.1184 0 1.21653)
(10.0051 0 0.0521633)
(10.022 0 0.103361)
(10.0516 0 0.153972)
(10.092 0 0.204131)
(10.142 0 0.253829)
(10.2009 0 0.303041)
(10.2683 0 0.351751)
(10.3437 0 0.399909)
(10.4266 0 0.447428)
(10.5167 0 0.494183)
(10.6134 0 0.540024)
(10.7162 0 0.584775)
(10.8248 0 0.628242)
(10.9385 0 0.670211)
(11.057 0 0.710464)
(11.1796 0 0.748772)
(11.3059 0 0.784913)
(11.4354 0 0.818668)
(11.5674 0 0.849832)
(11.7013 0 0.878215)
(11.8368 0 0.903649)
(11.9731 0 0.925991)
(12.1097 0 0.945126)
(12.2461 0 0.960968)
(12.3817 0 0.973461)
(12.5161 0 0.982583)
(12.6488 0 0.98834)
(12.7793 0 0.99077)
(12.9071 0 0.989938)
(13.0427 0 0.985973)
(10.0053 0 0.0400773)
(10.0228 0 0.0796512)
(10.053 0 0.119073)
(10.0941 0 0.158275)
(10.1447 0 0.197145)
(10.204 0 0.235644)
(10.2718 0 0.273756)
(10.3475 0 0.311429)
(10.4305 0 0.348576)
(10.5205 0 0.385088)
(10.6169 0 0.420838)
(10.7192 0 0.455681)
(10.8269 0 0.489459)
(10.9395 0 0.522006)
(11.0564 0 0.553147)
(11.1772 0 0.582708)
(11.3013 0 0.610516)
(11.4281 0 0.636407)
(11.5571 0 0.660228)
(11.6877 0 0.681838)
(11.8194 0 0.701116)
(11.9516 0 0.717961)
(12.0838 0 0.732292)
(12.2156 0 0.744053)
(12.3462 0 0.753211)
(12.4755 0 0.759757)
(12.6028 0 0.763705)
(12.7278 0 0.765091)
(12.85 0 0.76397)
(12.9794 0 0.760446)
(10.0056 0 0.0271812)
(10.0238 0 0.0551575)
(10.0548 0 0.0837219)
(10.0964 0 0.112205)
(10.1474 0 0.140376)
(10.2071 0 0.168238)
(10.2751 0 0.195797)
(10.351 0 0.223005)
(10.4341 0 0.249791)
(10.524 0 0.276073)
(10.62 0 0.301761)
(10.7218 0 0.326754)
(10.8288 0 0.350941)
(10.9404 0 0.374202)
(11.0561 0 0.396417)
(11.1754 0 0.417462)
(11.2976 0 0.437219)
(11.4223 0 0.455573)
(11.5489 0 0.472418)
(11.6768 0 0.487659)
(11.8055 0 0.501214)
(11.9345 0 0.513016)
(12.0633 0 0.523011)
(12.1913 0 0.531165)
(12.3181 0 0.537459)
(12.4433 0 0.541891)
(12.5665 0 0.544475)
(12.6872 0 0.545241)
(12.8051 0 0.544229)
(12.9296 0 0.54152)
(10.0068 0 0.0111489)
(10.0269 0 0.0263034)
(10.059 0 0.0432637)
(10.1009 0 0.0604183)
(10.152 0 0.077445)
(10.2118 0 0.0943778)
(10.2799 0 0.111206)
(10.3558 0 0.127863)
(10.4387 0 0.144276)
(10.5283 0 0.160382)
(10.624 0 0.176115)
(10.7253 0 0.191407)
(10.8316 0 0.206184)
(10.9424 0 0.220373)
(11.057 0 0.233896)
(11.1751 0 0.246679)
(11.2959 0 0.25865)
(11.4191 0 0.269741)
(11.5439 0 0.279891)
(11.6698 0 0.289045)
(11.7964 0 0.297156)
(11.9231 0 0.304188)
(12.0494 0 0.310112)
(12.1748 0 0.314911)
(12.2989 0 0.318579)
(12.4213 0 0.321118)
(12.5415 0 0.322542)
(12.6592 0 0.322875)
(12.7742 0 0.32215)
(12.8955 0 0.320429)
(9.99587 0 0.000884731)
(10.0069 0 0.00485365)
(10.0273 0 0.0100711)
(10.0569 0 0.0154901)
(10.0959 0 0.0209472)
(10.1442 0 0.0264658)
(10.2013 0 0.0320341)
(10.2666 0 0.0376139)
(10.3394 0 0.0431689)
(10.4194 0 0.0486687)
(10.5059 0 0.0540843)
(10.5984 0 0.059386)
(10.6963 0 0.0645429)
(10.7991 0 0.0695238)
(10.9061 0 0.0742972)
(11.0168 0 0.0788326)
(11.1307 0 0.0831002)
(11.247 0 0.0870725)
(11.3653 0 0.090724)
(11.4849 0 0.0940322)
(11.6054 0 0.0969778)
(11.7261 0 0.0995451)
(11.8466 0 0.101722)
(11.9664 0 0.103501)
(12.0849 0 0.104879)
(12.2019 0 0.105854)
(12.3168 0 0.106432)
(12.4293 0 0.106621)
(12.5391 0 0.106429)
(12.6549 0 0.105891)
(9.61223 0 13.0489)
(6.41856 0 10.5082)
(-0.253054 0 6.27774)
(10.3318 0 11.0746)
(9.67833 0 9.57072)
(8.05965 0 7.84896)
(11.3412 0 11.1059)
(11.4822 0 10.5012)
(11.1701 0 9.63032)
(12.2622 0 10.8268)
(12.5687 0 10.6752)
(12.6388 0 10.3029)
(12.8894 0 10.1399)
(13.2428 0 10.1631)
(13.4704 0 10.0651)
(13.3309 0 9.37595)
(13.6916 0 9.46423)
(13.9754 0 9.4906)
(13.6634 0 8.64874)
(14.0062 0 8.74851)
(14.2915 0 8.81503)
(13.9104 0 7.96685)
(14.2258 0 8.05458)
(14.4924 0 8.12279)
(14.0864 0 7.32832)
(14.3736 0 7.39893)
(14.6172 0 7.45624)
(14.2042 0 6.73243)
(14.4653 0 6.78732)
(14.6866 0 6.83182)
(14.2739 0 6.17674)
(14.5114 0 6.2184)
(14.7123 0 6.25139)
(14.3031 0 5.65792)
(14.5193 0 5.68873)
(14.702 0 5.71211)
(14.2982 0 5.17289)
(14.4953 0 5.19491)
(14.6618 0 5.21048)
(14.2649 0 4.71901)
(14.4448 0 4.73394)
(14.5966 0 4.74327)
(14.2081 0 4.29394)
(14.3724 0 4.30322)
(14.5109 0 4.3076)
(14.1323 0 3.89559)
(14.2825 0 3.9004)
(14.4091 0 3.90094)
(14.0417 0 3.52203)
(14.1792 0 3.52338)
(14.2948 0 3.52099)
(13.9402 0 3.17143)
(14.0661 0 3.17017)
(14.172 0 3.16565)
(13.8314 0 2.84204)
(13.9469 0 2.83888)
(14.044 0 2.83288)
(13.7187 0 2.53213)
(13.8248 0 2.52767)
(13.9139 0 2.52073)
(13.6052 0 2.23994)
(13.7029 0 2.23467)
(13.7849 0 2.22727)
(13.4937 0 1.96376)
(13.584 0 1.9581)
(13.6597 0 1.95062)
(13.3868 0 1.7017)
(13.4705 0 1.69599)
(13.5407 0 1.68873)
(13.2867 0 1.45217)
(13.3648 0 1.4467)
(13.4302 0 1.43994)
(13.1959 0 1.21278)
(13.2691 0 1.20777)
(13.3304 0 1.20169)
(13.116 0 0.982631)
(13.1851 0 0.978276)
(13.243 0 0.973068)
(13.0493 0 0.75764)
(13.1151 0 0.754057)
(13.1702 0 0.749826)
(12.9968 0 0.539424)
(13.0602 0 0.53677)
(13.1133 0 0.533651)
(12.9608 0 0.319056)
(13.0223 0 0.317284)
(13.0739 0 0.31522)
(12.7173 0 0.105386)
(12.7761 0 0.104701)
(12.8253 0 0.103913)
(-1.53804 0 3.74226)
(1.16292 0 4.8152)
(1.75118 0 5.09896)
(2.43262 0 5.32022)
(3.00056 0 5.49597)
(3.4649 0 5.60694)
(3.85941 0 5.65011)
(4.20341 0 5.62321)
(4.50709 0 5.52125)
(4.77832 0 5.33763)
(5.0234 0 5.06327)
(5.24714 0 4.69083)
(5.45452 0 4.2123)
(5.64927 0 3.61951)
(5.83266 0 2.90498)
(6.00181 0 2.06651)
(6.14751 0 1.12307)
(6.26516 0 0.125261)
(6.28892 0 -0.856643)
(6.24579 0 -1.77367)
(6.1885 0 -2.62686)
(6.16099 0 -3.4503)
(6.18924 0 -4.275)
(6.2743 0 -5.09859)
(6.39519 0 -5.88116)
(6.52056 0 -6.56364)
(6.6213 0 -7.08988)
(6.66528 0 -7.42069)
(6.67142 0 -7.53283)
(6.4831 0 -7.39587)
(5.69347 0 5.60516)
(4.26373 0 4.63933)
(3.48772 0 4.49073)
(3.51877 0 4.69351)
(3.87133 0 4.9553)
(4.29729 0 5.15887)
(4.72373 0 5.27549)
(5.12767 0 5.30273)
(5.50256 0 5.24115)
(5.84931 0 5.08866)
(6.17103 0 4.83963)
(6.47047 0 4.48789)
(6.75003 0 4.02666)
(7.01049 0 3.44951)
(7.24942 0 2.75232)
(7.45854 0 1.93924)
(7.62242 0 1.03505)
(7.73159 0 0.0901069)
(7.74175 0 -0.845589)
(7.6861 0 -1.73831)
(7.61967 0 -2.5956)
(7.59001 0 -3.44548)
(7.61927 0 -4.30359)
(7.69822 0 -5.15183)
(7.79637 0 -5.9414)
(7.87831 0 -6.61254)
(7.91634 0 -7.1133)
(7.88532 0 -7.40972)
(7.81261 0 -7.4831)
(7.53181 0 -7.31381)
(9.98983 0 7.8317)
(8.48781 0 6.38946)
(7.05579 0 5.44189)
(6.11658 0 4.94065)
(5.69168 0 4.77943)
(5.64587 0 4.8057)
(5.83316 0 4.88099)
(6.14113 0 4.92238)
(6.49936 0 4.89115)
(6.87034 0 4.77015)
(7.23593 0 4.54992)
(7.58719 0 4.22395)
(7.91909 0 3.78671)
(8.22696 0 3.23415)
(8.50378 0 2.56606)
(8.73762 0 1.79187)
(8.91159 0 0.939418)
(9.01633 0 0.0534035)
(9.02909 0 -0.832811)
(8.99125 0 -1.70464)
(8.95793 0 -2.57283)
(8.9688 0 -3.453)
(9.03091 0 -4.34105)
(9.12081 0 -5.20332)
(9.20122 0 -5.98584)
(9.23773 0 -6.63222)
(9.20851 0 -7.09755)
(9.09803 0 -7.35461)
(8.94236 0 -7.38988)
(8.56655 0 -7.1933)
(12.2581 0 9.10713)
(11.4254 0 7.8589)
(10.3482 0 6.79214)
(9.31693 0 5.96161)
(8.49042 0 5.37518)
(7.93652 0 5.0096)
(7.66488 0 4.80618)
(7.63389 0 4.68768)
(7.77607 0 4.58294)
(8.02661 0 4.43971)
(8.33607 0 4.22428)
(8.67028 0 3.91649)
(9.00599 0 3.50472)
(9.32593 0 2.98354)
(9.61475 0 2.35426)
(9.85644 0 1.62865)
(10.0336 0 0.834152)
(10.1444 0 0.00555465)
(10.1915 0 -0.84088)
(10.2173 0 -1.70414)
(10.2641 0 -2.59029)
(10.3492 0 -3.49666)
(10.4583 0 -4.39971)
(10.5572 0 -5.25554)
(10.6091 0 -6.01092)
(10.5872 0 -6.6167)
(10.4796 0 -7.03655)
(10.2818 0 -7.25023)
(10.0381 0 -7.24904)
(9.56556 0 -7.03103)
(13.5719 0 9.43846)
(13.3045 0 8.57725)
(12.7553 0 7.69701)
(12.0609 0 6.88888)
(11.3402 0 6.18971)
(10.6864 0 5.61637)
(10.1694 0 5.16633)
(9.82777 0 4.81724)
(9.66585 0 4.53208)
(9.66142 0 4.26774)
(9.7785 0 3.98338)
(9.97813 0 3.64609)
(10.2245 0 3.23277)
(10.4871 0 2.73017)
(10.7399 0 2.13508)
(10.9614 0 1.45561)
(11.1332 0 0.712374)
(11.2698 0 -0.075032)
(11.3876 0 -0.902675)
(11.5108 0 -1.77017)
(11.6533 0 -2.67062)
(11.805 0 -3.58386)
(11.9366 0 -4.47448)
(12.0135 0 -5.29668)
(12.0079 0 -6.00324)
(11.9047 0 -6.55403)
(11.7031 0 -6.92108)
(11.4092 0 -7.09017)
(11.0734 0 -7.05642)
(10.5052 0 -6.82432)
(14.3274 0 9.23826)
(14.441 0 8.73006)
(14.3369 0 8.10478)
(14.047 0 7.44702)
(13.6339 0 6.80319)
(13.167 0 6.20239)
(12.7096 0 5.65985)
(12.3127 0 5.1771)
(12.0111 0 4.74399)
(11.8217 0 4.34138)
(11.744 0 3.94472)
(11.7642 0 3.52815)
(11.8597 0 3.0686)
(12.0046 0 2.549)
(12.1732 0 1.96043)
(12.344 0 1.30307)
(12.5002 0 0.584114)
(12.6697 0 -0.192106)
(12.8487 0 -1.02237)
(13.0356 0 -1.89591)
(13.2179 0 -2.79301)
(13.3698 0 -3.68461)
(13.4602 0 -4.53342)
(13.4627 0 -5.29833)
(13.3609 0 -5.94046)
(13.1513 0 -6.42833)
(12.842 0 -6.74095)
(12.4469 0 -6.86865)
(12.0191 0 -6.80921)
(11.361 0 -6.57201)
(14.7414 0 8.76413)
(15.0736 0 8.50827)
(15.2775 0 8.1112)
(15.3233 0 7.62945)
(15.2294 0 7.10332)
(15.0371 0 6.56287)
(14.7902 0 6.02881)
(14.5284 0 5.51189)
(14.2856 0 5.01391)
(14.0878 0 4.52942)
(13.9515 0 4.04751)
(13.8827 0 3.55392)
(13.8783 0 3.03346)
(13.9282 0 2.4726)
(14.0186 0 1.86157)
(14.1363 0 1.19491)
(14.2705 0 0.468338)
(14.438 0 -0.319498)
(14.6094 0 -1.15718)
(14.77 0 -2.02434)
(14.8974 0 -2.8959)
(14.9645 0 -3.74243)
(14.9471 0 -4.53072)
(14.8284 0 -5.22684)
(14.6018 0 -5.80001)
(14.2714 0 -6.22605)
(13.851 0 -6.48931)
(13.3584 0 -6.58336)
(12.8461 0 -6.50777)
(12.1107 0 -6.27548)
(14.9573 0 8.15919)
(15.3882 0 8.05542)
(15.7704 0 7.82636)
(16.0458 0 7.49921)
(16.204 0 7.10036)
(16.2636 0 6.65313)
(16.2496 0 6.17647)
(16.1872 0 5.68348)
(16.1007 0 5.18105)
(16.0123 0 4.67056)
(15.9402 0 4.14892)
(15.8969 0 3.60973)
(15.889 0 3.04477)
(15.9173 0 2.44552)
(15.9784 0 1.80444)
(16.0662 0 1.11524)
(16.1754 0 0.371304)
(16.2959 0 -0.424565)
(16.3976 0 -1.25428)
(16.465 0 -2.0952)
(16.4771 0 -2.92318)
(16.4134 0 -3.71205)
(16.2583 0 -4.43396)
(16.0037 0 -5.06163)
(15.6498 0 -5.57095)
(15.2051 0 -5.94334)
(14.686 0 -6.16715)
(14.1113 0 -6.23817)
(13.5307 0 -6.15717)
(12.7373 0 -5.93949)
(15.06 0 7.51687)
(15.5146 0 7.48851)
(15.9757 0 7.36365)
(16.38 0 7.14944)
(16.703 0 6.85854)
(16.9479 0 6.50483)
(17.1252 0 6.10156)
(17.2473 0 5.65974)
(17.3284 0 5.18703)
(17.3831 0 4.68758)
(17.4253 0 4.16227)
(17.4664 0 3.60941)
(17.5145 0 3.0255)
(17.5738 0 2.40627)
(17.6444 0 1.74755)
(17.7226 0 1.04592)
(17.8036 0 0.299509)
(17.8621 0 -0.482905)
(17.8794 0 -1.28285)
(17.8426 0 -2.08025)
(17.7362 0 -2.85388)
(17.5476 0 -3.5811)
(17.2689 0 -4.23868)
(16.8986 0 -4.80455)
(16.4415 0 -5.25961)
(15.9089 0 -5.5894)
(15.3176 0 -5.78507)
(14.6866 0 -5.8439)
(14.0608 0 -5.7674)
(13.2339 0 -5.57215)
(15.0944 0 6.88845)
(15.5335 0 6.88808)
(16.0095 0 6.81728)
(16.4658 0 6.67345)
(16.8743 0 6.46008)
(17.2305 0 6.18296)
(17.5358 0 5.84903)
(17.7933 0 5.46528)
(18.0083 0 5.03762)
(18.188 0 4.57029)
(18.3404 0 4.06566)
(18.4726 0 3.52449)
(18.59 0 2.94634)
(18.6956 0 2.33031)
(18.7889 0 1.67581)
(18.8657 0 0.983694)
(18.9207 0 0.258108)
(18.9282 0 -0.489161)
(18.8776 0 -1.24267)
(18.76 0 -1.98572)
(18.5654 0 -2.69995)
(18.2872 0 -3.36579)
(17.9233 0 -3.96375)
(17.4767 0 -4.47568)
(16.9552 0 -4.88616)
(16.3712 0 -5.18359)
(15.7416 0 -5.36099)
(15.0843 0 -5.41649)
(14.4393 0 -5.35193)
(13.6049 0 -5.18398)
(15.0835 0 6.29455)
(15.4909 0 6.29839)
(15.9473 0 6.25021)
(16.406 0 6.14436)
(16.8414 0 5.97986)
(17.2466 0 5.75757)
(17.6188 0 5.47963)
(17.9555 0 5.14914)
(18.2559 0 4.76945)
(18.5213 0 4.34356)
(18.7538 0 3.87385)
(18.9561 0 3.36206)
(19.1295 0 2.80953)
(19.2742 0 2.21776)
(19.3879 0 1.58915)
(19.4652 0 0.928128)
(19.5009 0 0.242911)
(19.4756 0 -0.454659)
(19.383 0 -1.152)
(19.2171 0 -1.83517)
(18.9722 0 -2.48836)
(18.6459 0 -3.0948)
(18.2396 0 -3.63803)
(17.7587 0 -4.10288)
(17.2125 0 -4.47654)
(16.6139 0 -4.74936)
(15.9786 0 -4.91554)
(15.3234 0 -4.97354)
(14.6831 0 -4.92519)
(13.8648 0 -4.7862)
(15.0389 0 5.74058)
(15.4105 0 5.73924)
(15.8329 0 5.69757)
(16.2679 0 5.60981)
(16.694 0 5.47351)
(17.1048 0 5.28729)
(17.4966 0 5.05062)
(17.8647 0 4.76392)
(18.2048 0 4.42836)
(18.5143 0 4.04548)
(18.7913 0 3.61702)
(19.0343 0 3.14484)
(19.2414 0 2.63114)
(19.41 0 2.07882)
(19.536 0 1.4921)
(19.6137 0 0.877428)
(19.6378 0 0.244593)
(19.5964 0 -0.395573)
(19.4846 0 -1.03237)
(19.2988 0 -1.654)
(19.0363 0 -2.24695)
(18.6968 0 -2.79694)
(18.2835 0 -3.28993)
(17.8029 0 -3.71306)
(17.2645 0 -4.0554)
(16.6807 0 -4.30864)
(16.0657 0 -4.46768)
(15.435 0 -4.53101)
(14.8183 0 -4.50016)
(14.0343 0 -4.38913)
(14.9676 0 5.22594)
(15.3044 0 5.21709)
(15.6893 0 5.17537)
(16.09 0 5.09567)
(16.4887 0 4.9754)
(16.8805 0 4.81253)
(17.262 0 4.60543)
(17.6282 0 4.35318)
(17.9738 0 4.0556)
(18.2941 0 3.71316)
(18.5848 0 3.3269)
(18.8421 0 2.89846)
(19.0616 0 2.43024)
(19.2391 0 1.9257)
(19.3692 0 1.38979)
(19.4462 0 0.829471)
(19.4653 0 0.254297)
(19.4196 0 -0.325873)
(19.3052 0 -0.901656)
(19.1198 0 -1.46292)
(18.8623 0 -1.99817)
(18.5338 0 -2.49519)
(18.1378 0 -2.94195)
(17.681 0 -3.32739)
(17.1722 0 -3.64199)
(16.6227 0 -3.87844)
(16.0453 0 -4.03204)
(15.4535 0 -4.10117)
(14.8728 0 -4.08688)
(14.1354 0 -4.00105)
(14.8745 0 4.74807)
(15.1795 0 4.73224)
(15.528 0 4.68867)
(15.8923 0 4.61297)
(16.2572 0 4.50278)
(16.6189 0 4.35608)
(16.9749 0 4.17101)
(17.3207 0 3.94619)
(17.651 0 3.68085)
(17.9605 0 3.37487)
(18.2441 0 3.02884)
(18.4967 0 2.6441)
(18.7131 0 2.22293)
(18.888 0 1.76878)
(19.0159 0 1.28652)
(19.0912 0 0.78275)
(19.1094 0 0.265974)
(19.0667 0 -0.255101)
(18.9596 0 -0.772068)
(18.7866 0 -1.27604)
(18.5475 0 -1.75715)
(18.2436 0 -2.20493)
(17.8786 0 -2.60901)
(17.4584 0 -2.95979)
(16.991 0 -3.24892)
(16.4862 0 -3.46982)
(15.9552 0 -3.61812)
(15.41 0 -3.69199)
(14.8718 0 -3.69199)
(14.1874 0 -3.62775)
(14.7637 0 4.30402)
(15.0401 0 4.28262)
(15.3551 0 4.23738)
(15.6848 0 4.16453)
(16.0155 0 4.062)
(16.3444 0 3.92798)
(16.6695 0 3.76072)
(16.987 0 3.55881)
(17.2922 0 3.32134)
(17.5799 0 3.04798)
(17.845 0 2.73907)
(18.0823 0 2.39573)
(18.2865 0 2.02)
(18.4522 0 1.61502)
(18.5739 0 1.18519)
(18.6467 0 0.736335)
(18.6661 0 0.275655)
(18.63 0 -0.189321)
(18.535 0 -0.65105)
(18.3801 0 -1.10163)
(18.1652 0 -1.53251)
(17.892 0 -1.93469)
(17.5634 0 -2.29922)
(17.1848 0 -2.61771)
(16.7629 0 -2.8828)
(16.3062 0 -3.08855)
(15.8244 0 -3.23084)
(15.3277 0 -3.30769)
(14.8343 0 -3.31918)
(14.2051 0 -3.27283)
(14.6392 0 3.891)
(14.8898 0 3.86555)
(15.1748 0 3.81946)
(15.4727 0 3.74948)
(15.7715 0 3.65381)
(16.0686 0 3.5309)
(16.3626 0 3.3792)
(16.6504 0 3.19743)
(16.9277 0 2.98472)
(17.1899 0 2.74073)
(17.4323 0 2.46571)
(17.6501 0 2.16059)
(17.8382 0 1.82716)
(17.9915 0 1.46816)
(18.1053 0 1.08739)
(18.1749 0 0.689778)
(18.1964 0 0.281331)
(18.1679 0 -0.131527)
(18.0865 0 -0.542111)
(17.9511 0 -0.943397)
(17.7619 0 -1.32794)
(17.5202 0 -1.68797)
(17.2286 0 -2.01574)
(16.8915 0 -2.30393)
(16.5147 0 -2.54601)
(16.1053 0 -2.73664)
(15.6716 0 -2.87195)
(15.2225 0 -2.94986)
(14.7733 0 -2.97002)
(14.1986 0 -2.93813)
(14.5047 0 3.50642)
(14.7322 0 3.47832)
(14.9902 0 3.43231)
(15.2595 0 3.36559)
(15.5292 0 3.27662)
(15.7972 0 3.16407)
(16.0624 0 3.02661)
(16.3219 0 2.86315)
(16.5722 0 2.67292)
(16.8091 0 2.45561)
(17.0286 0 2.21144)
(17.2262 0 1.94122)
(17.3976 0 1.64649)
(17.5381 0 1.32957)
(17.6435 0 0.993694)
(17.7098 0 0.642971)
(17.7333 0 0.282366)
(17.7121 0 -0.0826486)
(17.644 0 -0.446252)
(17.5275 0 -0.802249)
(17.3629 0 -1.14415)
(17.1511 0 -1.46524)
(16.8944 0 -1.75881)
(16.5964 0 -2.01846)
(16.2618 0 -2.23843)
(15.8968 0 -2.41392)
(15.5084 0 -2.54132)
(15.1043 0 -2.6185)
(14.6972 0 -2.64479)
(14.1748 0 -2.6244)
(14.3635 0 3.1479)
(14.5703 0 3.11836)
(14.8042 0 3.07329)
(15.048 0 3.01027)
(15.2918 0 2.92801)
(15.5336 0 2.82537)
(15.7726 0 2.70126)
(16.0065 0 2.55472)
(16.232 0 2.38511)
(16.4456 0 2.19219)
(16.6437 0 1.97614)
(16.8225 0 1.73767)
(16.9781 0 1.47808)
(17.1064 0 1.19935)
(17.2038 0 0.904171)
(17.2667 0 0.59597)
(17.2919 0 0.278866)
(17.2775 0 -0.0425048)
(17.2213 0 -0.363137)
(17.1222 0 -0.677632)
(16.98 0 -0.980352)
(16.7956 0 -1.26549)
(16.5707 0 -1.52723)
(16.3083 0 -1.76001)
(16.0124 0 -1.95875)
(15.6881 0 -2.11914)
(15.3414 0 -2.23788)
(14.9789 0 -2.31283)
(14.6114 0 -2.34308)
(14.1384 0 -2.33167)
(14.219 0 2.81318)
(14.4073 0 2.78323)
(14.6198 0 2.73983)
(14.8408 0 2.68092)
(15.0615 0 2.6054)
(15.2801 0 2.51235)
(15.4958 0 2.40082)
(15.7068 0 2.27004)
(15.9102 0 2.11946)
(16.1029 0 1.94889)
(16.2818 0 1.75849)
(16.4436 0 1.54888)
(16.5849 0 1.32115)
(16.7022 0 1.07697)
(16.7923 0 0.81859)
(16.852 0 0.548851)
(16.8785 0 0.271178)
(16.8699 0 -0.0105038)
(16.8245 0 -0.29193)
(16.7408 0 -0.56845)
(16.6187 0 -0.835191)
(16.4587 0 -1.08714)
(16.2624 0 -1.31929)
(16.032 0 -1.52678)
(15.771 0 -1.70519)
(15.4836 0 -1.85067)
(15.175 0 -1.96019)
(14.8507 0 -2.03169)
(14.5198 0 -2.06411)
(14.0928 0 -2.05954)
(14.0743 0 2.50012)
(14.2462 0 2.4706)
(14.4396 0 2.42949)
(14.6405 0 2.37501)
(14.8407 0 2.30626)
(15.0388 0 2.22247)
(15.234 0 2.12287)
(15.4247 0 2.0068)
(15.6085 0 1.87382)
(15.7828 0 1.72378)
(15.9448 0 1.55682)
(16.0915 0 1.37346)
(16.2201 0 1.17464)
(16.3277 0 0.961741)
(16.4112 0 0.736632)
(16.468 0 0.501686)
(16.4955 0 0.259746)
(16.492 0 0.0141329)
(16.4559 0 -0.231552)
(16.3858 0 -0.473345)
(16.2814 0 -0.707064)
(16.1432 0 -0.928404)
(15.9723 0 -1.13305)
(15.7706 0 -1.31681)
(15.5408 0 -1.47582)
(15.2866 0 -1.60667)
(15.0123 0 -1.70663)
(14.7228 0 -1.77372)
(14.4256 0 -1.80684)
(14.0411 0 -1.80735)
(13.9321 0 2.20658)
(14.0895 0 2.17821)
(14.2661 0 2.13987)
(14.4493 0 2.09009)
(14.6315 0 2.0281)
(14.8115 0 1.95328)
(14.9887 0 1.86498)
(15.1617 0 1.76268)
(15.3284 0 1.64602)
(15.4865 0 1.51487)
(15.6336 0 1.36936)
(15.7672 0 1.20993)
(15.8848 0 1.03737)
(15.9837 0 0.852828)
(16.0614 0 0.65786)
(16.1155 0 0.454431)
(16.1439 0 0.244903)
(16.1447 0 0.0320765)
(16.1167 0 -0.181044)
(16.0585 0 -0.391091)
(15.9698 0 -0.5945)
(15.8507 0 -0.787598)
(15.7023 0 -0.966693)
(15.5259 0 -1.12819)
(15.3239 0 -1.26873)
(15.0994 0 -1.38532)
(14.856 0 -1.47552)
(14.5979 0 -1.5375)
(14.3315 0 -1.5701)
(13.9858 0 -1.57419)
(13.7953 0 1.93055)
(13.9399 0 1.9039)
(14.1017 0 1.86875)
(14.2693 0 1.82385)
(14.4359 0 1.76858)
(14.6001 0 1.70243)
(14.7616 0 1.62489)
(14.9192 0 1.53551)
(15.0711 0 1.43401)
(15.2151 0 1.32029)
(15.3493 0 1.19447)
(15.4715 0 1.05692)
(15.5794 0 0.908292)
(15.6708 0 0.749541)
(15.7434 0 0.581953)
(15.7952 0 0.407155)
(15.8243 0 0.227105)
(15.8287 0 0.0441224)
(15.8077 0 -0.139284)
(15.7599 0 -0.320269)
(15.6848 0 -0.495828)
(15.5826 0 -0.662856)
(15.4538 0 -0.818217)
(15.2998 0 -0.958843)
(15.1224 0 -1.08185)
(14.9242 0 -1.18463)
(14.7084 0 -1.26503)
(14.4784 0 -1.32136)
(14.2397 0 -1.35251)
(13.9292 0 -1.35895)
(13.6662 0 1.66986)
(13.7996 0 1.64539)
(13.9486 0 1.61374)
(14.1027 0 1.57386)
(14.2557 0 1.52524)
(14.4063 0 1.46749)
(14.5542 0 1.40018)
(14.6985 0 1.32296)
(14.8375 0 1.23561)
(14.9695 0 1.13803)
(15.0926 0 1.03035)
(15.2049 0 0.912867)
(15.3045 0 0.78612)
(15.3894 0 0.650899)
(15.4577 0 0.508262)
(15.5075 0 0.359544)
(15.537 0 0.206357)
(15.5448 0 0.0505925)
(15.5298 0 -0.105642)
(15.4909 0 -0.259976)
(15.4276 0 -0.4099)
(15.3399 0 -0.552814)
(15.2283 0 -0.686086)
(15.0938 0 -0.807122)
(14.9379 0 -0.913465)
(14.7629 0 -1.00289)
(14.5713 0 -1.0735)
(14.3663 0 -1.12378)
(14.1524 0 -1.15271)
(13.8734 0 -1.16045)
(13.5469 0 1.42272)
(13.6707 0 1.40081)
(13.8087 0 1.3729)
(13.9513 0 1.33814)
(14.0926 0 1.29611)
(14.2315 0 1.24651)
(14.3679 0 1.18898)
(14.5008 0 1.12326)
(14.6289 0 1.04916)
(14.7506 0 0.966621)
(14.8642 0 0.875742)
(14.9682 0 0.776774)
(15.0607 0 0.670159)
(15.1401 0 0.55654)
(15.2047 0 0.436779)
(15.2527 0 0.311963)
(15.2827 0 0.183404)
(15.2931 0 0.0526388)
(15.2833 0 -0.0786094)
(15.252 0 -0.208395)
(15.1988 0 -0.334642)
(15.1236 0 -0.455201)
(15.0267 0 -0.567887)
(14.9091 0 -0.670537)
(14.7719 0 -0.76109)
(14.6169 0 -0.83766)
(14.4465 0 -0.898612)
(14.2634 0 -0.942631)
(14.0714 0 -0.968766)
(13.8202 0 -0.977014)
(13.4396 0 1.18649)
(13.5552 0 1.16744)
(13.6839 0 1.14346)
(13.8167 0 1.11387)
(13.9481 0 1.07836)
(14.0772 0 1.03666)
(14.2039 0 0.988512)
(14.3273 0 0.933701)
(14.4462 0 0.872084)
(14.5592 0 0.80362)
(14.6649 0 0.728387)
(14.7619 0 0.646593)
(14.8485 0 0.558592)
(14.9233 0 0.464901)
(14.9847 0 0.366209)
(15.0312 0 0.263388)
(15.0616 0 0.157488)
(15.0744 0 0.0497376)
(15.0688 0 -0.058464)
(15.0439 0 -0.165545)
(14.9992 0 -0.269819)
(14.9346 0 -0.369537)
(14.8503 0 -0.462917)
(14.7469 0 -0.548194)
(14.6256 0 -0.623669)
(14.4878 0 -0.68778)
(14.3356 0 -0.739154)
(14.1712 0 -0.776667)
(13.9981 0 -0.79948)
(13.771 0 -0.80749)
(13.3461 0 0.960197)
(13.4549 0 0.94424)
(13.5758 0 0.924357)
(13.7005 0 0.90001)
(13.8238 0 0.870947)
(13.9448 0 0.836975)
(14.0635 0 0.797894)
(14.179 0 0.753536)
(14.2904 0 0.703793)
(14.3963 0 0.648637)
(14.4956 0 0.588134)
(14.5867 0 0.522446)
(14.6685 0 0.451855)
(14.7395 0 0.376765)
(14.7983 0 0.297716)
(14.8436 0 0.215389)
(14.8743 0 0.130605)
(14.889 0 0.0443244)
(14.8869 0 -0.042366)
(14.8674 0 -0.12824)
(14.8297 0 -0.211965)
(14.7738 0 -0.292154)
(14.6999 0 -0.367391)
(14.6084 0 -0.436267)
(14.5003 0 -0.497419)
(14.3769 0 -0.549583)
(14.2398 0 -0.591633)
(14.0913 0 -0.622633)
(13.9341 0 -0.641867)
(13.7274 0 -0.649184)
(13.2683 0 0.739494)
(13.3716 0 0.726808)
(13.4863 0 0.711124)
(13.6045 0 0.692034)
(13.7213 0 0.669354)
(13.8359 0 0.642939)
(13.9481 0 0.612643)
(14.0574 0 0.578339)
(14.1628 0 0.539949)
(14.2631 0 0.497455)
(14.3571 0 0.450906)
(14.4437 0 0.400428)
(14.5216 0 0.34623)
(14.5895 0 0.288617)
(14.6463 0 0.227995)
(14.6907 0 0.164871)
(14.7215 0 0.099862)
(14.7377 0 0.0336849)
(14.7385 0 -0.0328232)
(14.7231 0 -0.0987281)
(14.6911 0 -0.163017)
(14.6421 0 -0.224636)
(14.5765 0 -0.282512)
(14.4945 0 -0.335573)
(14.397 0 -0.382778)
(14.2851 0 -0.42315)
(14.1603 0 -0.455812)
(14.0245 0 -0.480016)
(13.8801 0 -0.495174)
(13.6898 0 -0.501139)
(13.2076 0 0.526075)
(13.3068 0 0.51686)
(13.4169 0 0.505527)
(13.5301 0 0.491779)
(13.642 0 0.475489)
(13.7517 0 0.456564)
(13.8591 0 0.434905)
(13.9637 0 0.410423)
(14.0645 0 0.383064)
(14.1605 0 0.352816)
(14.2507 0 0.319717)
(14.3338 0 0.283853)
(14.4088 0 0.245373)
(14.4745 0 0.20449)
(14.5297 0 0.161487)
(14.5733 0 0.11672)
(14.6043 0 0.0706088)
(14.6216 0 0.0236346)
(14.6246 0 -0.0236478)
(14.6124 0 -0.0705847)
(14.5845 0 -0.116452)
(14.5409 0 -0.160496)
(14.4814 0 -0.201947)
(14.4065 0 -0.240037)
(14.3168 0 -0.274015)
(14.2133 0 -0.303173)
(14.0975 0 -0.326862)
(13.9709 0 -0.344508)
(13.8358 0 -0.355621)
(13.6571 0 -0.359958)
(13.1655 0 0.310397)
(13.2618 0 0.304767)
(13.3686 0 0.297883)
(13.4784 0 0.289516)
(13.5869 0 0.279606)
(13.6931 0 0.268114)
(13.7971 0 0.254984)
(13.8984 0 0.240164)
(13.996 0 0.22362)
(14.0891 0 0.205345)
(14.1764 0 0.185362)
(14.2571 0 0.163721)
(14.33 0 0.140511)
(14.394 0 0.115857)
(14.448 0 0.0899303)
(14.491 0 0.0629485)
(14.5218 0 0.0351834)
(14.5396 0 0.00696086)
(14.5432 0 -0.0213595)
(14.532 0 -0.0494218)
(14.5055 0 -0.0768208)
(14.4634 0 -0.103116)
(14.4057 0 -0.127853)
(14.3327 0 -0.150572)
(14.2451 0 -0.170824)
(14.1438 0 -0.188177)
(14.0301 0 -0.202232)
(13.9057 0 -0.212624)
(13.7726 0 -0.219009)
(13.5971 0 -0.221173)
(12.9124 0 0.102191)
(13.0037 0 0.100293)
(13.1049 0 0.0979564)
(13.2088 0 0.0950774)
(13.3113 0 0.0916443)
(13.4113 0 0.0876496)
(13.5089 0 0.0830737)
(13.6035 0 0.0778971)
(13.6942 0 0.0721082)
(13.78 0 0.0657055)
(13.8599 0 0.0586972)
(13.9328 0 0.051103)
(13.9976 0 0.0429553)
(14.0532 0 0.034302)
(14.0984 0 0.0252084)
(14.1323 0 0.0157622)
(14.1537 0 0.00608349)
(14.1618 0 -0.00366512)
(14.156 0 -0.0133435)
(14.1354 0 -0.0228669)
(14.0998 0 -0.0321275)
(14.0488 0 -0.0409954)
(13.9825 0 -0.0493299)
(13.901 0 -0.056985)
(13.8052 0 -0.0638136)
(13.6958 0 -0.069671)
(13.5743 0 -0.0744185)
(13.4421 0 -0.0779241)
(13.3014 0 -0.0800488)
(13.1168 0 -0.0807942)
)
;

boundaryField
{
    inlet
    {
        type            fixedValue;
        value           uniform (10 0 0);
    }
    outlet
    {
        type            zeroGradient;
    }
    flap
    {
        type            movingWallVelocity;
        value           nonuniform List<vector> 
33
(
(0 0 6.93889e-16)
(0 0 0)
(0 0 0)
(0 0 0)
(0 0 0)
(0 0 0)
(0 0 0)
(0 0 0)
(0 0 0)
(0 0 0)
(0 0 0)
(0 0 -1.11022e-14)
(0 0 -1.11022e-14)
(0 0 -1.11022e-14)
(0 0 -2.22045e-14)
(6.93889e-16 -2.77556e-15 0)
(0 -2.77556e-15 0)
(0 0 0)
(0 0 6.93889e-16)
(0 0 0)
(0 0 0)
(0 0 0)
(0 0 0)
(0 0 0)
(0 0 -5.55112e-15)
(0 0 0)
(0 0 -1.11022e-14)
(0 0 0)
(0 0 0)
(0 0 0)
(0 0 0)
(0 -2.77556e-15 -1.11022e-14)
(0 0 -1.11022e-14)
)
;
    }
    upperWall
    {
        type            noSlip;
    }
    lowerWall
    {
        type            noSlip;
    }
    frontAndBack
    {
        type            empty;
    }
}


// ************************************************************************* //
