/*--------------------------------*- C++ -*----------------------------------*\
  =========                 |
  \\      /  F ield         | OpenFOAM: The Open Source CFD Toolbox
   \\    /   O peration     | Website:  https://openfoam.org
    \\  /    A nd           | Version:  dev
     \\/     M anipulation  |
\*---------------------------------------------------------------------------*/
FoamFile
{
    version     2.0;
    format      ascii;
    class       surfaceScalarField;
    location    "5.4";
    object      phi;
}
// * * * * * * * * * * * * * * * * * * * * * * * * * * * * * * * * * * * * * //

dimensions      [0 3 -1 0 0 0 0];

internalField   nonuniform List<scalar> 
5457
(
0.198418
0.00158236
0.19648
0.00193734
0.194192
0.00228804
0.191509
0.00268352
0.188428
0.00308112
0.184951
0.00347668
0.181072
0.00387847
0.176779
0.0042939
0.17205
0.0047281
0.166865
0.0051851
0.161197
0.00566837
0.155016
0.00618089
0.148291
0.00672483
0.14099
0.0073012
0.133081
0.00790936
0.124534
0.00854631
0.115329
0.00920576
0.105452
0.00987706
0.0949076
0.010544
0.0837242
0.0111834
0.0719596
0.0117646
0.0597113
0.0122483
0.0471226
0.0125887
0.0343823
0.0127403
0.0216872
0.0126951
0.00903693
0.0126503
-0.00291664
0.0119536
-0.00847236
0.00555572
-0.00804311
-0.000429249
-0.00804311
0.199928
0.00165419
0.199176
0.00268975
0.197965
0.00349893
0.196332
0.00431664
0.194272
0.0051411
0.191782
0.00596667
0.188855
0.00680536
0.185478
0.00767067
0.181633
0.0085729
0.177298
0.00952038
0.172446
0.0105204
0.167048
0.0115791
0.161071
0.0127014
0.154482
0.01389
0.147247
0.0151443
0.139334
0.0164593
0.130717
0.0178236
0.121377
0.0192171
0.111312
0.0206087
0.100542
0.0219532
0.0891177
0.023189
0.0771301
0.0242359
0.0647241
0.0249947
0.0521165
0.0253478
0.0396561
0.0251556
0.0281059
0.0242005
0.0185952
0.0214642
0.00879726
0.0153536
0.00118352
0.00718449
-0.00685959
0.199781
0.00187361
0.199087
0.00338356
0.197946
0.00463982
0.196409
0.0058532
0.194483
0.00706717
0.192164
0.00828564
0.189447
0.00952271
0.186322
0.0107961
0.182774
0.0121207
0.178785
0.0135092
0.174333
0.0149724
0.169392
0.01652
0.163934
0.0181599
0.157927
0.0198971
0.151338
0.0217324
0.144137
0.0236609
0.136291
0.0256689
0.127778
0.0277309
0.118581
0.0298055
0.108703
0.0318311
0.0981711
0.0337208
0.0870488
0.0353582
0.075452
0.0365915
0.0635748
0.037225
0.0517329
0.0369975
0.0403975
0.0355358
0.0297391
0.0321226
0.0191661
0.0259267
0.00959767
0.0167529
0.00273809
0.199703
0.00217053
0.199008
0.00407884
0.197887
0.0057603
0.196376
0.00736406
0.194488
0.00895522
0.192222
0.0105516
0.189575
0.0121703
0.186539
0.0138319
0.183105
0.0155551
0.179258
0.0173555
0.174983
0.0192473
0.170261
0.0212426
0.165069
0.0233515
0.159385
0.0255811
0.153184
0.027934
0.146438
0.030406
0.139124
0.0329832
0.131217
0.0356381
0.122698
0.0383246
0.113557
0.0409719
0.1038
0.0434777
0.0934575
0.0457008
0.0825962
0.0474528
0.0713334
0.0484879
0.0598413
0.0484896
0.0483172
0.04706
0.0368111
0.0436286
0.0251879
0.0375498
0.0133356
0.0286053
0.0160737
0.199667
0.00250311
0.198964
0.00478208
0.197863
0.00686158
0.196381
0.00884569
0.194533
0.0108039
0.192318
0.0127661
0.189734
0.014754
0.186776
0.0167904
0.183434
0.0188967
0.179699
0.0210912
0.175556
0.0233901
0.170991
0.0258075
0.165987
0.0283552
0.160527
0.0310413
0.154591
0.0338695
0.148161
0.0368364
0.141215
0.0399289
0.133734
0.0431196
0.125697
0.0463614
0.117088
0.0495813
0.107894
0.0526712
0.0981152
0.0554799
0.0877652
0.0578028
0.0768791
0.059374
0.065509
0.0598597
0.0537081
0.0588608
0.041454
0.0558828
0.0285877
0.0504161
0.0148523
0.0423407
0.030926
0.199653
0.0028503
0.198949
0.00548611
0.197871
0.00793949
0.196427
0.0102898
0.194627
0.0126039
0.192473
0.0149196
0.189964
0.0172636
0.187093
0.0196612
0.183854
0.0221359
0.180237
0.0247083
0.17623
0.0273965
0.171822
0.0302161
0.166997
0.0331798
0.161741
0.0362971
0.156038
0.0395723
0.149872
0.043003
0.143224
0.0465771
0.136074
0.0502689
0.128402
0.0540337
0.120183
0.0578009
0.111388
0.0614656
0.101989
0.0648787
0.091955
0.0678371
0.0812541
0.0700749
0.0698542
0.0712596
0.0577167
0.0709983
0.0447605
0.068839
0.0308489
0.0643276
0.015873
0.0573166
0.046799
0.19965
0.00320023
0.198954
0.00618207
0.197905
0.00898908
0.196505
0.0116895
0.194763
0.0143461
0.192681
0.0170015
0.190257
0.0196871
0.187488
0.0224307
0.184366
0.0252578
0.180883
0.0281911
0.177029
0.0312504
0.172793
0.0344526
0.168161
0.0378118
0.163119
0.0413386
0.157653
0.0450384
0.151745
0.0489104
0.145378
0.0529446
0.138528
0.0571184
0.13117
0.0613919
0.123269
0.0657018
0.114783
0.0699524
0.105655
0.0740067
0.0958167
0.077675
0.0851861
0.0807056
0.073668
0.0827777
0.0611611
0.0835051
0.0475548
0.0824453
0.0327583
0.0791242
0.0167827
0.0732922
0.0635817
0.199655
0.00354557
0.198975
0.00686217
0.197959
0.0100048
0.19661
0.0130382
0.194934
0.016022
0.192934
0.019002
0.190608
0.0220132
0.187953
0.0250859
0.184963
0.0282477
0.181631
0.0315231
0.177947
0.0349337
0.173902
0.0384978
0.169483
0.0422313
0.164675
0.0461459
0.159465
0.0502492
0.153832
0.0545427
0.147757
0.0590197
0.141212
0.063663
0.134164
0.0684402
0.126567
0.0732986
0.118362
0.0781576
0.109469
0.0828996
0.0997863
0.0873579
0.089187
0.091305
0.0775246
0.09444
0.0646468
0.096383
0.0504168
0.0966752
0.0347676
0.0947734
0.0177895
0.0902703
0.0813712
0.199664
0.00388138
0.199006
0.00751995
0.19803
0.010981
0.196739
0.0143296
0.195137
0.017624
0.193227
0.0209118
0.191009
0.0242309
0.188481
0.0276144
0.185637
0.0310916
0.182471
0.0346887
0.178976
0.038429
0.175141
0.0423327
0.170955
0.046417
0.166405
0.0506962
0.161474
0.0551802
0.156143
0.0598739
0.150387
0.064776
0.144174
0.0698759
0.137462
0.0751517
0.130196
0.0805651
0.122298
0.0860554
0.113667
0.0915309
0.104168
0.0968566
0.0936333
0.10184
0.0818639
0.106209
0.0686485
0.109598
0.0538011
0.111523
0.0372358
0.111339
0.019083
0.108423
0.100454
0.199677
0.00420415
0.199047
0.00815017
0.198116
0.0119123
0.196887
0.0155578
0.195367
0.0191449
0.193556
0.0227223
0.191456
0.0263307
0.189066
0.0300051
0.18638
0.0337767
0.183396
0.0376735
0.180105
0.0417201
0.176499
0.0459387
0.172567
0.0503486
0.168297
0.0549662
0.163672
0.0598049
0.158672
0.0648741
0.15327
0.0701785
0.147429
0.0757167
0.141101
0.0814794
0.13422
0.0874458
0.126696
0.0935798
0.118405
0.099822
0.109183
0.106078
0.0988187
0.112204
0.0870515
0.117977
0.0735886
0.123061
0.0581472
0.126964
0.0405508
0.128935
0.0209007
0.128073
0.121355
0.199693
0.00451121
0.199095
0.00874854
0.198213
0.0127939
0.197053
0.0167174
0.19562
0.0205782
0.193916
0.0244261
0.191943
0.0283037
0.189701
0.0322479
0.187186
0.0362917
0.184395
0.0404643
0.181323
0.0447922
0.177962
0.0492991
0.174304
0.0540064
0.170337
0.0589334
0.166045
0.0640968
0.161408
0.0695113
0.156398
0.0751887
0.150977
0.0811377
0.145093
0.0873633
0.138674
0.0938651
0.131619
0.100635
0.123789
0.107651
0.114995
0.114872
0.104982
0.122217
0.0934176
0.129541
0.0798964
0.136582
0.0639662
0.142894
0.0452332
0.147668
0.0236107
0.149696
0.144966
0.199711
0.00480052
0.199148
0.00931153
0.19832
0.0136215
0.197234
0.0178037
0.195894
0.0219183
0.194303
0.0260164
0.192465
0.0301421
0.190379
0.034334
0.188044
0.0386263
0.185459
0.0430498
0.182619
0.0476321
0.179519
0.0523987
0.176153
0.057373
0.172509
0.0625768
0.168576
0.0680307
0.164332
0.0737544
0.159754
0.0797671
0.154804
0.0860881
0.14943
0.0927371
0.14356
0.099735
0.137091
0.107104
0.129878
0.114865
0.121715
0.123035
0.112313
0.131619
0.101271
0.140583
0.0880432
0.149811
0.0719206
0.159017
0.0520839
0.167505
0.027884
0.173896
0.17285
0.19973
0.00507044
0.199205
0.00983629
0.198435
0.0143914
0.197427
0.0188123
0.196185
0.0231603
0.194714
0.0274875
0.193016
0.0318394
0.191094
0.0362558
0.188949
0.0407721
0.186578
0.04542
0.183982
0.0502286
0.181156
0.0552244
0.178096
0.0604328
0.174795
0.0658779
0.171242
0.0715836
0.167422
0.0775744
0.163313
0.0838763
0.158883
0.0905182
0.154086
0.0975339
0.148857
0.104964
0.143101
0.11286
0.136679
0.121286
0.129392
0.130323
0.12094
0.14007
0.110881
0.150642
0.0985404
0.162151
0.0828978
0.174659
0.062432
0.18797
0.035122
0.201206
0.207972
0.199751
0.00531973
0.199266
0.0103205
0.198557
0.0151008
0.19763
0.0197398
0.19649
0.0243001
0.195143
0.0288348
0.193592
0.0333902
0.19184
0.0380072
0.18989
0.042722
0.187743
0.0475672
0.185399
0.0525725
0.182858
0.0577657
0.180118
0.0631732
0.177174
0.0688212
0.174022
0.0747362
0.17065
0.0809464
0.167043
0.0874833
0.163177
0.0943837
0.159019
0.101692
0.154516
0.109467
0.149594
0.117782
0.144142
0.126738
0.137991
0.136473
0.130884
0.147178
0.122404
0.159122
0.111857
0.172698
0.0980125
0.188504
0.078531
0.207452
0.0486583
0.231078
0.25663
0.199772
0.00554742
0.19933
0.0107624
0.198684
0.0157473
0.19784
0.0205833
0.196806
0.0253345
0.195586
0.0300544
0.194186
0.0347903
0.19261
0.0395834
0.190862
0.0444707
0.188944
0.0494852
0.186859
0.0546569
0.18461
0.0600143
0.182199
0.0655847
0.179625
0.0713951
0.176888
0.0774738
0.173983
0.0838514
0.170903
0.0905627
0.167637
0.0976496
0.164166
0.105164
0.160459
0.113173
0.156474
0.121767
0.152145
0.131068
0.147371
0.141248
0.141993
0.152556
0.135748
0.165367
0.128166
0.180281
0.118305
0.198365
0.103913
0.221844
0.0776782
0.257313
0.334308
0.00364551
-0.00364551
0.00711323
-0.00346772
0.00995668
-0.00284345
0.0121745
-0.00221786
0.0138679
-0.00169338
0.0151446
-0.00127673
0.0160981
-0.000953501
0.0168061
-0.000708
0.0173319
-0.000525796
0.0177258
-0.000393885
0.0180272
-0.000301405
0.018267
-0.000239795
0.0184693
-0.000202267
0.0186524
-0.000183102
0.0188294
-0.000176999
0.0190079
-0.000178497
0.0191895
-0.000181662
0.0193698
-0.000180269
0.0195384
-0.000168599
0.0196812
-0.000142744
0.0197832
-0.000102042
0.0198335
-5.03077e-05
0.0198315
1.986e-06
0.0197758
5.57142e-05
0.0196731
0.000102699
0.0195245
0.00014861
0.0193302
0.000194325
0.0190887
0.00024143
0.0188142
0.000274526
0.000220008
0.00338656
-0.00703207
0.00661825
-0.00669941
0.00931914
-0.00554434
0.0114971
-0.00439586
0.0132484
-0.00344466
0.0146677
-0.00269601
0.0158328
-0.0021186
0.0168059
-0.00168112
0.0176361
-0.00135594
0.0183609
-0.00111872
0.0190091
-0.000949615
0.0196026
-0.00083325
0.020158
-0.000757672
0.020688
-0.000713174
0.0212023
-0.000691233
0.0217073
-0.000683522
0.0222069
-0.000681222
0.0227016
-0.000675001
0.023189
-0.000655984
0.0236639
-0.000617622
0.0241196
-0.00055777
0.0245492
-0.000479881
0.0249424
-0.00039129
0.0252971
-0.000298977
0.0256121
-0.000212302
0.0258892
-0.000128412
0.0261232
-3.97384e-05
0.0263039
6.07824e-05
0.0264335
0.000144849
0.000148699
0.00286469
-0.00989675
0.00549514
-0.00932986
0.00764404
-0.00769324
0.00935708
-0.0061089
0.0107329
-0.00482052
0.0118538
-0.00381687
0.0127822
-0.00304703
0.0135663
-0.00246519
0.0142432
-0.00203285
0.0148407
-0.00171625
0.0153797
-0.0014886
0.0158759
-0.00132945
0.0163413
-0.00122302
0.0167849
-0.00115677
0.0172137
-0.00112005
0.0176329
-0.00110276
0.018046
-0.00109428
0.0184542
-0.00108319
0.0188566
-0.00105839
0.0192503
-0.00101137
0.0196314
-0.000938779
0.0199955
-0.000844012
0.0203405
-0.000736356
0.0206683
-0.000626724
0.0209806
-0.000524562
0.0212835
-0.000431325
0.0215842
-0.000340516
0.0218868
-0.00024181
0.0221732
-0.00014156
-4.7537e-05
0.00228201
-0.0121788
0.00420151
-0.0112494
0.00568165
-0.00917338
0.00682503
-0.00725228
0.0077285
-0.00572398
0.00845729
-0.00454566
0.00905465
-0.00364439
0.00955144
-0.00296198
0.00997303
-0.00245444
0.0103368
-0.00207999
0.0106553
-0.00180719
0.0109384
-0.00161251
0.0111933
-0.00147791
0.0114258
-0.0013893
0.0116409
-0.00133513
0.0118429
-0.00130472
0.0120353
-0.00128675
0.0122209
-0.00126871
0.0124004
-0.00123789
0.0125732
-0.0011842
0.0127373
-0.00110292
0.0128898
-0.000996506
0.0130285
-0.000874989
0.0131535
-0.000751788
0.0132661
-0.000637109
0.013372
-0.000537239
0.0134737
-0.000442252
0.0135722
-0.000340255
0.0136688
-0.000238195
-0.000102869
0.00159928
-0.013778
0.00272685
-0.0123769
0.00347447
-0.00992099
0.00399414
-0.00777196
0.00436826
-0.00609811
0.00464254
-0.00481993
0.00484046
-0.00384232
0.00497543
-0.00309695
0.00506331
-0.00254231
0.00511276
-0.00212944
0.00513005
-0.00182448
0.00512024
-0.0016027
0.00508733
-0.001445
0.00503485
-0.00133682
0.00496668
-0.00126696
0.00488728
-0.00122532
0.00480139
-0.00120086
0.00471308
-0.0011804
0.00462482
-0.00114963
0.00453711
-0.00109649
0.00444833
-0.00101414
0.00435461
-0.000902784
0.00425188
-0.000772267
0.00413673
-0.000636638
0.00400193
-0.000502302
0.0038482
-0.000383514
0.00367671
-0.00027076
0.00346111
-0.000124653
0.00318232
4.05916e-05
0.000109092
0.000810606
-0.0145887
0.00106663
-0.012633
0.00104106
-0.00989542
0.000908852
-0.00763975
0.000702308
-0.00589156
0.000456732
-0.00457436
0.000184365
-0.00356995
-0.000113971
-0.00279862
-0.000431979
-0.0022243
-0.000762331
-0.00179909
-0.0011008
-0.00148601
-0.00144372
-0.00125978
-0.0017881
-0.00110062
-0.00213131
-0.000993602
-0.00246993
-0.000928349
-0.00279982
-0.00089543
-0.0031172
-0.000883476
-0.00342026
-0.000877343
-0.00371027
-0.00085962
-0.00399125
-0.000815504
-0.00426825
-0.000737143
-0.00454661
-0.000624423
-0.00482918
-0.0004897
-0.00511412
-0.000351689
-0.00540833
-0.000208094
-0.00574156
-5.02843e-05
-0.00611246
0.000100135
-0.0064486
0.000211491
-0.00667053
0.000262517
0.000246541
-0.000145075
-0.0144436
-0.000779712
-0.0119983
-0.00158982
-0.00908532
-0.00243425
-0.00679532
-0.00328143
-0.00504438
-0.00410376
-0.00375202
-0.00488658
-0.00278714
-0.00562627
-0.00205892
-0.00632898
-0.00152159
-0.00699305
-0.00113502
-0.00761569
-0.000863372
-0.0081961
-0.000679365
-0.00873629
-0.000560432
-0.00924084
-0.000489054
-0.00971407
-0.000455121
-0.0101597
-0.000449765
-0.0105809
-0.000462329
-0.0109811
-0.000477119
-0.0113659
-0.000474829
-0.0117421
-0.000439285
-0.0121157
-0.000363559
-0.0124928
-0.00024737
-0.0128796
-0.000102876
-0.0132741
4.28565e-05
-0.0136422
0.000159984
-0.0139393
0.000246827
-0.0141668
0.000327617
-0.0143552
0.000399875
-0.0145211
0.000428485
0.000402401
-0.00115134
-0.0132922
-0.00279686
-0.0103528
-0.00445065
-0.00743153
-0.00604784
-0.00519812
-0.00754164
-0.00355058
-0.00890438
-0.00238928
-0.0101199
-0.0015716
-0.0111964
-0.000982426
-0.0121521
-0.000565935
-0.0130063
-0.000280824
-0.0137759
-9.37172e-05
-0.0144755
2.02045e-05
-0.0151107
7.48133e-05
-0.0156893
8.94969e-05
-0.0162238
7.93959e-05
-0.0167263
5.2727e-05
-0.0172043
1.56591e-05
-0.0176608
-2.06065e-05
-0.0181004
-3.52289e-05
-0.0185342
-5.50828e-06
-0.0189694
7.16364e-05
-0.0193929
0.000176155
-0.0197748
0.000279046
-0.0200939
0.000361921
-0.0203575
0.000423565
-0.0205835
0.000472902
-0.020778
0.000522074
-0.0209452
0.000567073
-0.0210967
0.000579996
0.000560052
-0.00235019
-0.0109421
-0.00511649
-0.0075865
-0.00772509
-0.00482293
-0.0100998
-0.00282337
-0.0122287
-0.0014217
-0.0141201
-0.000497895
-0.0157672
7.55281e-05
-0.0171478
0.00039819
-0.0182741
0.000560295
-0.0191991
0.000644185
-0.0199733
0.000680532
-0.0206354
0.000682302
-0.0212208
0.000660216
-0.0217565
0.000625193
-0.0222589
0.000581809
-0.0227364
0.000530159
-0.0231909
0.00047018
-0.0236222
0.000410669
-0.0240288
0.000371393
-0.0244073
0.000372972
-0.0247581
0.000422466
-0.0250889
0.000506909
-0.0254048
0.000594955
-0.0256986
0.000655746
-0.0259566
0.000681576
-0.0261723
0.000688612
-0.02635
0.000699768
-0.0265006
0.000717713
-0.026642
0.000721391
0.000713433
-0.00388754
-0.00705452
-0.0080674
-0.00340663
-0.0118958
-0.000994522
-0.0151177
0.000398557
-0.0176663
0.00112689
-0.0196286
0.00146435
-0.0211467
0.00159367
-0.0223604
0.00161189
-0.0233742
0.00157408
-0.024237
0.00150703
-0.0249838
0.00142732
-0.0256397
0.00133822
-0.0262229
0.00124339
-0.0267491
0.00115132
-0.0272336
0.00106636
-0.0276861
0.000982619
-0.0281073
0.000891424
-0.0284942
0.000797557
-0.0288481
0.000725256
-0.0291794
0.00070428
-0.0295029
0.000746007
-0.0298264
0.000830414
-0.0301446
0.000913148
-0.0304412
0.000952292
-0.0306966
0.000937042
-0.0309018
0.000893786
-0.0310635
0.000861497
-0.0311995
0.000853648
-0.0313314
0.000853309
0.000857397
-0.00608018
-0.000974336
-0.0115592
0.00207241
-0.0158646
0.00331086
-0.0191337
0.0036677
-0.0216465
0.00363968
-0.0236262
0.00344406
-0.0252068
0.00317424
-0.0264806
0.00288571
-0.0275174
0.00261081
-0.0283811
0.00237076
-0.0291212
0.00216742
-0.0297676
0.00198461
-0.0303374
0.00181322
-0.0308476
0.00166156
-0.0313179
0.00153665
-0.0317608
0.00142546
-0.0321744
0.00130507
-0.0325497
0.0011728
-0.032885
0.00106057
-0.0331948
0.00101407
-0.0335014
0.00105265
-0.0338187
0.00114769
-0.0341408
0.00123528
-0.0344438
0.00125525
-0.0346989
0.00119212
-0.0348925
0.00108741
-0.035036
0.001005
-0.0351558
0.000973509
-0.0352768
0.000974285
0.00099045
-0.00787839
0.00690406
-0.0141954
0.0083894
-0.0189349
0.00805035
-0.0225248
0.0072576
-0.0252385
0.00635345
-0.0272917
0.00549722
-0.0288787
0.00476124
-0.0301309
0.00413786
-0.0311308
0.00361077
-0.0319525
0.00319243
-0.0326583
0.00287319
-0.0332798
0.00260616
-0.0338263
0.00235968
-0.0343115
0.00214675
-0.0347612
0.0019864
-0.0351935
0.0018578
-0.0356019
0.00171342
-0.0359652
0.00153612
-0.0362754
0.00137076
-0.0365532
0.00129186
-0.0368348
0.00133423
-0.0371438
0.00145671
-0.0374735
0.00156502
-0.037789
0.00157068
-0.038047
0.0014502
-0.0382268
0.00126719
-0.0383464
0.00112459
-0.0384457
0.0010728
-0.0385535
0.0010821
0.00111131
-0.00951797
0.016422
-0.0172158
0.0160872
-0.0225407
0.0133753
-0.0262395
0.0109564
-0.0289046
0.00901855
-0.0308366
0.00742921
-0.0322921
0.00621673
-0.0334336
0.00527929
-0.0343287
0.00450587
-0.0350525
0.00391629
-0.0356883
0.00350898
-0.0362684
0.00318624
-0.0367792
0.00287045
-0.0372227
0.00259032
-0.0376368
0.00240047
-0.0380528
0.00227382
-0.0384576
0.00211817
-0.0388086
0.00188715
-0.0390842
0.00164633
-0.0393145
0.00152218
-0.0395593
0.00157902
-0.0398581
0.00175552
-0.0402022
0.00190911
-0.04054
0.00190845
-0.0408064
0.00171668
-0.0409684
0.00142913
-0.0410538
0.00121001
-0.0411248
0.00114378
-0.0412176
0.00117494
0.00121977
-0.0126321
0.0290541
-0.0219662
0.0254214
-0.0272661
0.0186752
-0.0304702
0.0141605
-0.0327838
0.0113322
-0.0343482
0.00899365
-0.0354855
0.00735397
-0.0364219
0.00621573
-0.0371503
0.00523429
-0.0377134
0.00447935
-0.0382398
0.00403541
-0.038771
0.00371741
-0.0392405
0.00334
-0.0396214
0.00297113
-0.0399764
0.00275549
-0.0403697
0.00266714
-0.0407798
0.0025283
-0.0411247
0.00223206
-0.0413552
0.00187681
-0.0415155
0.0016825
-0.0417064
0.00176993
-0.0419936
0.00204271
-0.0423633
0.00227882
-0.0427388
0.00228392
-0.0430224
0.00200025
-0.0431602
0.00156697
-0.0431944
0.00124424
-0.0432247
0.00117404
-0.0433024
0.00125261
0.0013187
-0.018014
0.0470681
-0.0292975
0.0367049
-0.0338318
0.0232094
-0.0352747
0.0156034
-0.0369261
0.0129836
-0.0377916
0.00985922
-0.0383477
0.00791003
-0.0390494
0.00691739
-0.0396228
0.00580769
-0.0399464
0.00480298
-0.0402978
0.00438681
-0.0407849
0.00420455
-0.0412246
0.00377963
-0.0415196
0.00326617
-0.0417802
0.00301613
-0.0421483
0.00303516
-0.0425896
0.00296966
-0.0429486
0.00259108
-0.0431213
0.00204944
-0.0431737
0.00173494
-0.0432823
0.00187849
-0.0435561
0.00231655
-0.0439685
0.00269121
-0.0444044
0.00271979
-0.0447184
0.00231427
-0.044823
0.00167159
-0.0447781
0.00119937
-0.0447474
0.00114334
-0.0448136
0.00131874
0.00141829
0.207447
0.00576017
0.207034
0.011175
0.206432
0.0163498
0.205647
0.0213678
0.204688
0.0262937
0.203561
0.0311819
0.202271
0.0360797
0.200826
0.0410291
0.199229
0.046067
0.197488
0.0512264
0.195607
0.0565377
0.193593
0.0620291
0.191449
0.0677281
0.189182
0.0736619
0.186797
0.0798593
0.184297
0.0863514
0.181685
0.0931742
0.178964
0.100371
0.176134
0.107995
0.173192
0.116115
0.170134
0.124824
0.166957
0.134245
0.163654
0.14455
0.160228
0.155982
0.1567
0.168895
0.153164
0.183816
0.149986
0.201543
0.14884
0.22299
0.160513
0.24564
0.25882
0.236002
0.21249
0.00595259
0.212118
0.0115478
0.211574
0.0168934
0.210868
0.0220737
0.210008
0.0271541
0.209
0.0321893
0.207853
0.0372268
0.206574
0.0423083
0.20517
0.0474705
0.20365
0.0527464
0.202023
0.0581656
0.200296
0.0637559
0.19848
0.069544
0.196585
0.0755565
0.194624
0.0818208
0.192608
0.0883671
0.190553
0.0952294
0.188475
0.102448
0.186397
0.110073
0.184347
0.118166
0.182364
0.126807
0.18051
0.136099
0.178884
0.146176
0.177657
0.157209
0.177151
0.169401
0.17802
0.182948
0.181678
0.197885
0.190727
0.21394
0.206174
0.230193
0.24572
0.219274
0.217658
0.00612252
0.217329
0.0118768
0.21685
0.017372
0.21623
0.0226933
0.215478
0.0279065
0.214601
0.0330659
0.213609
0.0382189
0.212511
0.0434069
0.211315
0.0486659
0.210034
0.0540279
0.208678
0.0595218
0.20726
0.0651739
0.205794
0.0710096
0.204297
0.0770534
0.202787
0.0833306
0.201287
0.0898678
0.199821
0.0966948
0.198424
0.103846
0.197136
0.111361
0.196014
0.119288
0.195136
0.127685
0.194615
0.13662
0.194621
0.14617
0.195417
0.156412
0.197414
0.167403
0.201223
0.179139
0.207613
0.191495
0.217245
0.204308
0.229842
0.217595
0.22878
0.246782
0.222951
0.00626797
0.22267
0.0121581
0.222262
0.0177802
0.221735
0.0232196
0.2211
0.028542
0.220364
0.0338014
0.219539
0.0390445
0.218634
0.0443118
0.217661
0.0496385
0.216634
0.0550552
0.215567
0.0605891
0.214475
0.066265
0.213379
0.0721056
0.2123
0.0781327
0.211263
0.0843678
0.210298
0.0908328
0.209442
0.0975508
0.208741
0.104547
0.208253
0.111849
0.208054
0.119486
0.208248
0.127491
0.208975
0.135894
0.210427
0.144718
0.212869
0.153971
0.216646
0.163626
0.222179
0.173607
0.229917
0.183758
0.240431
0.193794
0.254641
0.203386
0.210283
0.273138
0.228374
0.00638709
0.228144
0.0123881
0.227812
0.0181127
0.227385
0.0236459
0.226875
0.0290528
0.226289
0.0343866
0.225641
0.039693
0.224941
0.0450115
0.224204
0.0503758
0.223444
0.0558147
0.22268
0.0613536
0.22193
0.0670146
0.221218
0.0728175
0.220571
0.0787804
0.220018
0.0849201
0.219599
0.0912525
0.219357
0.0977928
0.219348
0.104556
0.219642
0.111555
0.220327
0.118802
0.221515
0.126303
0.223352
0.134057
0.226022
0.142048
0.229757
0.150236
0.234836
0.158547
0.241588
0.166855
0.250391
0.174954
0.261693
0.182492
0.275967
0.189113
0.193731
0.292518
0.233929
0.00647818
0.233754
0.0125636
0.233502
0.0183649
0.233181
0.0239662
0.232803
0.0294316
0.232376
0.0348131
0.231914
0.0401554
0.231429
0.0454961
0.230938
0.0508673
0.230457
0.0562958
0.230006
0.0618044
0.229608
0.0674125
0.229289
0.0731362
0.22908
0.0789894
0.229017
0.0849837
0.229141
0.0911282
0.229504
0.0974301
0.230166
0.103893
0.231203
0.110518
0.232705
0.1173
0.234784
0.124224
0.237576
0.131264
0.241246
0.138378
0.245985
0.145497
0.252014
0.152518
0.259575
0.159293
0.26891
0.165618
0.280199
0.171203
0.293537
0.175775
0.17882
0.308448
0.23962
0.00653976
0.239502
0.0126817
0.239334
0.0185327
0.239125
0.0241753
0.238884
0.0296722
0.238623
0.0350742
0.238354
0.040424
0.238093
0.0457576
0.237855
0.051105
0.23766
0.0564906
0.23753
0.0619346
0.23749
0.0674529
0.237568
0.0730582
0.237798
0.0787596
0.238218
0.0845633
0.238874
0.090472
0.239819
0.0964848
0.241117
0.102596
0.242841
0.108795
0.245078
0.115062
0.247934
0.121368
0.251525
0.127673
0.255989
0.133914
0.261475
0.140012
0.268138
0.145855
0.27613
0.151302
0.28557
0.156179
0.296504
0.160269
0.30892
0.163358
0.165179
0.322561
0.245448
0.00657057
0.24539
0.01274
0.24531
0.0186126
0.245217
0.0242689
0.245119
0.0297698
0.245029
0.0351643
0.24496
0.0404932
0.244927
0.0457904
0.244948
0.0510836
0.245044
0.0563948
0.245238
0.061741
0.245555
0.0671351
0.246028
0.0725857
0.24669
0.0780977
0.247581
0.0836719
0.248748
0.089305
0.250244
0.0949891
0.252129
0.100711
0.254474
0.106449
0.257359
0.112177
0.260872
0.117855
0.265112
0.123432
0.270184
0.128842
0.276195
0.134001
0.283243
0.138806
0.291411
0.143134
0.300745
0.146845
0.311234
0.14978
0.322811
0.151781
0.152716
0.335274
0.251418
0.00656958
0.251422
0.0127365
0.251432
0.0186019
0.251458
0.0242437
0.251507
0.0297206
0.251592
0.0350795
0.251726
0.0403592
0.251925
0.0455912
0.252208
0.0508008
0.252595
0.0560073
0.253111
0.0612249
0.253783
0.066463
0.254642
0.0717267
0.255723
0.0770167
0.257066
0.0823292
0.258715
0.0876559
0.260721
0.092983
0.263141
0.0982911
0.266036
0.103554
0.269476
0.108737
0.273534
0.113798
0.278285
0.118681
0.283805
0.123322
0.290164
0.127642
0.297419
0.131552
0.305602
0.134951
0.314716
0.137731
0.324715
0.139781
0.335501
0.140996
0.141316
0.346901
0.257532
0.00653605
0.257599
0.0126698
0.257702
0.0184987
0.257849
0.0240973
0.258047
0.0295221
0.258309
0.0348176
0.258648
0.0400202
0.25908
0.0451591
0.259624
0.050257
0.260301
0.0553305
0.261135
0.060391
0.262153
0.0654449
0.263385
0.070494
0.264867
0.0755352
0.266635
0.0805612
0.268732
0.0855593
0.271203
0.0905119
0.274098
0.0953956
0.277471
0.100181
0.281378
0.10483
0.285875
0.1093
0.291018
0.113539
0.296855
0.117484
0.303428
0.12107
0.310759
0.12422
0.318852
0.126858
0.32768
0.128903
0.337177
0.130284
0.347239
0.130933
0.130831
0.357725
0.263794
0.0064695
0.263925
0.0125391
0.264122
0.0183018
0.26439
0.0238287
0.264739
0.0291734
0.265179
0.0343781
0.265722
0.0394766
0.266386
0.0444956
0.267187
0.0494553
0.268148
0.0543699
0.269291
0.059248
0.270643
0.0640933
0.272232
0.0689047
0.274091
0.0736763
0.276254
0.0783977
0.27876
0.0830537
0.281648
0.087624
0.28496
0.0920832
0.288741
0.0964004
0.293032
0.100539
0.297875
0.104457
0.303306
0.108107
0.309355
0.111436
0.316037
0.114387
0.323356
0.116902
0.331291
0.118922
0.3398
0.120394
0.348814
0.12127
0.358232
0.121515
0.121127
0.367936
0.270207
0.00636977
0.270402
0.0123441
0.270693
0.0180109
0.271084
0.0234376
0.271582
0.0286749
0.272198
0.033762
0.272944
0.0387305
0.273835
0.0436045
0.274889
0.0484018
0.276125
0.053134
0.277565
0.0578077
0.279235
0.062424
0.28116
0.0669795
0.28337
0.0714664
0.285895
0.0758721
0.288769
0.0801798
0.292025
0.0843683
0.295696
0.0884116
0.299817
0.0922799
0.304418
0.0959386
0.309525
0.0993496
0.315161
0.102471
0.321337
0.10526
0.328054
0.10767
0.335297
0.109659
0.343035
0.111184
0.35122
0.112209
0.359781
0.112709
0.36863
0.112666
0.112091
0.377666
0.276774
0.00623696
0.277033
0.0120849
0.277417
0.0176265
0.27793
0.0229252
0.278576
0.0280282
0.279366
0.0329723
0.28031
0.0377862
0.281423
0.0424918
0.28272
0.0471046
0.28422
0.0516341
0.285943
0.0560846
0.287912
0.0604555
0.290149
0.0647419
0.292681
0.0689342
0.295534
0.0730191
0.298735
0.0769791
0.30231
0.080793
0.306286
0.084436
0.310686
0.0878802
0.31553
0.0910946
0.320833
0.0940462
0.326604
0.0967001
0.332843
0.0990214
0.339538
0.100976
0.346665
0.102531
0.354188
0.103661
0.362055
0.104343
0.3702
0.104564
0.378547
0.10432
0.103628
0.387009
0.283498
0.00607143
0.283821
0.0117625
0.284297
0.0171501
0.284929
0.0222934
0.285721
0.0272364
0.28668
0.0320131
0.287816
0.0366496
0.289143
0.0411655
0.290673
0.0455741
0.292424
0.0498832
0.294413
0.0540954
0.29666
0.0582086
0.299185
0.0622169
0.30201
0.0661099
0.305155
0.069874
0.308642
0.0734921
0.312491
0.0769441
0.316719
0.0802071
0.321343
0.0832562
0.326373
0.0860646
0.331815
0.0886046
0.337667
0.0908484
0.343919
0.092769
0.350553
0.0943415
0.35754
0.0955443
0.36484
0.0963605
0.372404
0.0967792
0.380171
0.0967966
0.388075
0.0964161
0.0956582
0.396044
0.290384
0.00587384
0.290768
0.011378
0.291335
0.0165836
0.292083
0.0215452
0.293016
0.0263037
0.294139
0.0308901
0.29546
0.0353281
0.296991
0.039635
0.298743
0.0438224
0.300729
0.0478964
0.302966
0.0518583
0.30547
0.0557052
0.308256
0.0594304
0.311343
0.0630235
0.314745
0.0664713
0.31848
0.0697578
0.322559
0.0728644
0.326995
0.075771
0.331796
0.0784561
0.336963
0.0808972
0.342496
0.0830721
0.348385
0.0849594
0.354614
0.0865391
0.361162
0.0877943
0.367995
0.0887113
0.375074
0.0892813
0.382353
0.0895006
0.389778
0.0893716
0.397291
0.0889027
0.0881151
0.404834
0.297435
0.00564505
0.297879
0.0109332
0.298533
0.0159296
0.299394
0.0206845
0.300463
0.0252351
0.301743
0.0296099
0.303241
0.0338302
0.304965
0.0379112
0.306924
0.0418628
0.309131
0.0456898
0.311597
0.0493926
0.314334
0.0529678
0.317356
0.0564084
0.320675
0.0597047
0.324302
0.0628442
0.328247
0.0658123
0.332519
0.0685929
0.337121
0.0711684
0.342057
0.073521
0.347321
0.0756327
0.352907
0.0774863
0.3588
0.0790658
0.364982
0.0803576
0.371425
0.0813508
0.378099
0.082038
0.384964
0.082416
0.391978
0.0824864
0.399094
0.0822555
0.406263
0.0817341
0.0809431
0.413435
0.304654
0.00538613
0.305157
0.0104302
0.305895
0.0151915
0.306864
0.0197157
0.308062
0.0240367
0.309492
0.0281803
0.311157
0.0321654
0.313062
0.0360056
0.315216
0.0397092
0.317626
0.0432799
0.320301
0.0467176
0.32325
0.0500187
0.326482
0.0531764
0.330005
0.0561818
0.333825
0.0590235
0.337949
0.0616888
0.342378
0.0641639
0.347112
0.0664343
0.352147
0.0684857
0.357476
0.070304
0.363086
0.0718765
0.368959
0.0731922
0.375075
0.0742421
0.381406
0.0750203
0.387919
0.0755241
0.394581
0.0757543
0.401352
0.0757158
0.40819
0.0754171
0.415054
0.0748703
0.0740951
0.421902
0.312046
0.00509827
0.312605
0.00987146
0.313424
0.0143728
0.314495
0.0186438
0.315817
0.022715
0.317388
0.0266095
0.319209
0.0303441
0.321284
0.0339306
0.323617
0.0373761
0.326214
0.0406837
0.329079
0.0438527
0.332218
0.0468797
0.335636
0.0497584
0.339337
0.0524808
0.343323
0.055037
0.347596
0.0574164
0.352152
0.0596074
0.356988
0.0615985
0.362095
0.0633784
0.367462
0.0649369
0.373074
0.0662649
0.378911
0.0673554
0.384949
0.0682033
0.391163
0.0688064
0.397522
0.0691652
0.403993
0.0692834
0.410541
0.0691677
0.417131
0.0688278
0.423725
0.0682762
0.0675309
0.430289
0.319615
0.00478282
0.320227
0.00925948
0.321122
0.0134776
0.322292
0.0174743
0.32373
0.0212769
0.325433
0.024906
0.327401
0.0283764
0.329633
0.0316983
0.332131
0.0348779
0.334898
0.0379174
0.337934
0.0408163
0.341243
0.0435711
0.344825
0.0461765
0.34868
0.0486254
0.352807
0.0509097
0.357203
0.0530205
0.361862
0.0549486
0.366775
0.0566851
0.371932
0.0582216
0.377318
0.0595509
0.382916
0.0606672
0.388705
0.0615663
0.394662
0.0622465
0.40076
0.062708
0.406972
0.0629537
0.413266
0.0629888
0.419613
0.0628212
0.42598
0.062461
0.432336
0.0619202
0.0612152
0.438651
0.327365
0.00444112
0.328027
0.008597
0.328995
0.0125098
0.330257
0.0162125
0.331804
0.0197295
0.333632
0.0230786
0.335735
0.0262729
0.338113
0.0293211
0.340762
0.0322284
0.343683
0.0349968
0.346874
0.0376255
0.350333
0.0401117
0.354059
0.0424507
0.358048
0.0446366
0.362294
0.0466628
0.366793
0.0485223
0.371533
0.050208
0.376505
0.0517132
0.381695
0.053032
0.387086
0.0541598
0.39266
0.0550933
0.398395
0.0558307
0.404269
0.0563724
0.410257
0.0567204
0.416332
0.0568791
0.422466
0.0568547
0.428631
0.0566554
0.434801
0.0562911
0.440948
0.0557733
0.0551165
0.447047
0.3353
0.00407454
0.336011
0.00788666
0.337047
0.0114735
0.338395
0.0148641
0.340045
0.0180797
0.341988
0.0211357
0.344218
0.0240434
0.346728
0.0268103
0.349516
0.0294407
0.352577
0.0319361
0.355906
0.0342961
0.3595
0.0365181
0.363352
0.0385983
0.367457
0.0405321
0.371805
0.0423141
0.376389
0.0439389
0.381195
0.0454014
0.386212
0.0466968
0.391422
0.0478214
0.39681
0.0487724
0.402355
0.0495484
0.408036
0.0501495
0.413831
0.0505774
0.419716
0.0508355
0.425666
0.0509289
0.431657
0.0508641
0.437663
0.0506493
0.44366
0.0502939
0.449625
0.0498082
0.0492054
0.455536
0.343426
0.00368432
0.344182
0.00713094
0.345283
0.0103725
0.346713
0.0134341
0.348458
0.0163341
0.350509
0.0190855
0.352854
0.0216976
0.355488
0.0241767
0.358402
0.0265266
0.36159
0.0287484
0.365044
0.0308418
0.368758
0.0328047
0.372722
0.0346341
0.376928
0.0363263
0.381364
0.0378773
0.38602
0.0392832
0.390881
0.0405403
0.395932
0.0416456
0.401157
0.0425967
0.406537
0.0433925
0.412052
0.044033
0.417682
0.0445195
0.423405
0.0448547
0.429198
0.0450425
0.435039
0.0450883
0.440904
0.0449987
0.446772
0.0447813
0.452621
0.044445
0.45843
0.0439989
0.0434545
0.464181
0.351746
0.00327148
0.352545
0.00633193
0.353708
0.00921003
0.355215
0.0119274
0.35705
0.0144989
0.3592
0.0169352
0.361654
0.0192438
0.364401
0.0214299
0.367431
0.0234966
0.370734
0.0254448
0.374302
0.0272742
0.378123
0.0289832
0.382188
0.0305695
0.386484
0.0320304
0.390998
0.0333629
0.395717
0.0345643
0.400626
0.035632
0.405707
0.0365644
0.410943
0.0373604
0.416315
0.0380199
0.421805
0.0385438
0.42739
0.0389341
0.433051
0.039194
0.438766
0.0393277
0.444513
0.0393406
0.450273
0.0392388
0.456025
0.0390294
0.46175
0.0387202
0.467429
0.0383194
0.0378367
0.473047
0.360267
0.00283668
0.361108
0.00549105
0.362329
0.00798882
0.363909
0.0103479
0.365828
0.0125796
0.368072
0.0146915
0.370626
0.0166897
0.373477
0.0185784
0.376614
0.0203597
0.380024
0.0220346
0.383696
0.0236027
0.387616
0.0250629
0.391772
0.0264134
0.39615
0.0276523
0.400736
0.0287774
0.405513
0.0297871
0.410465
0.0306797
0.415575
0.0314544
0.420825
0.032111
0.426194
0.0326502
0.431665
0.0330734
0.437216
0.033383
0.442828
0.0335822
0.44848
0.0336753
0.454154
0.0336671
0.459829
0.0335634
0.465488
0.0333705
0.471113
0.0330949
0.476689
0.032744
0.0323259
0.482199
0.368993
0.00237982
0.369876
0.00460854
0.371154
0.00671046
0.372803
0.00869898
0.374802
0.0105805
0.377134
0.0123599
0.379782
0.0140416
0.382732
0.0156287
0.385968
0.017123
0.389478
0.0185251
0.393246
0.0198344
0.397259
0.0210503
0.401501
0.0221715
0.405956
0.0231966
0.41061
0.0241241
0.415444
0.0249531
0.420441
0.0256826
0.425582
0.0263126
0.43085
0.0268432
0.436225
0.0272755
0.441687
0.0276112
0.447217
0.0278528
0.452796
0.0280033
0.458405
0.0280667
0.464025
0.0280472
0.469638
0.0279498
0.475229
0.02778
0.480781
0.0275433
0.486279
0.0272456
0.0268937
0.491711
0.377932
0.00189931
0.378858
0.00368244
0.380193
0.00537557
0.381908
0.00698373
0.383982
0.00850624
0.386397
0.0099455
0.389133
0.011305
0.392175
0.012587
0.395505
0.0137924
0.399109
0.0149216
0.402969
0.0159741
0.40707
0.0169493
0.411395
0.0178464
0.415928
0.0186644
0.420649
0.0194025
0.425542
0.0200599
0.430589
0.0206364
0.435769
0.0211322
0.441065
0.0215477
0.446456
0.0218841
0.451924
0.0221432
0.45745
0.0223271
0.463014
0.0224386
0.4686
0.022481
0.474189
0.022458
0.479765
0.0223737
0.485313
0.0222325
0.490817
0.022039
0.496265
0.0217979
0.021515
0.501644
0.387091
0.00138993
0.388068
0.00270553
0.389462
0.00398167
0.391243
0.00520241
0.393391
0.00635827
0.395885
0.00745103
0.398707
0.00848365
0.401837
0.00945724
0.405257
0.010372
0.408951
0.0112279
0.4129
0.0120247
0.417087
0.0127619
0.421495
0.0134388
0.426105
0.0140548
0.430898
0.0146095
0.435855
0.0151024
0.440958
0.0155336
0.446187
0.0159033
0.451522
0.0162122
0.456945
0.0164612
0.462436
0.0166519
0.467977
0.0167861
0.47355
0.016866
0.479137
0.0168943
0.484721
0.0168738
0.490287
0.0168077
0.49582
0.0166992
0.501307
0.0165519
0.506736
0.0163693
0.0161552
0.512096
0.396484
0.000838658
0.397517
0.00167225
0.398966
0.00253292
0.40081
0.00335885
0.403028
0.00413952
0.4056
0.00487938
0.408503
0.00558021
0.411719
0.00624164
0.415228
0.0068632
0.419011
0.00744466
0.42305
0.00798572
0.427326
0.00848601
0.43182
0.0089451
0.436512
0.00936258
0.441383
0.00973814
0.446414
0.0100716
0.451585
0.010363
0.456875
0.0106127
0.462267
0.010821
0.467739
0.0109889
0.473273
0.0111174
0.478852
0.0112078
0.484456
0.0112618
0.490069
0.0112811
0.495675
0.0112678
0.501258
0.011224
0.506806
0.0111521
0.512303
0.0110545
0.517739
0.0109337
0.0107927
0.523101
0.406193
0.000155587
0.40729
0.000575454
0.40879
0.00103346
0.410692
0.00145639
0.412975
0.00185639
0.415616
0.00223892
0.418593
0.00260324
0.421886
0.00294801
0.425477
0.00327263
0.429345
0.0035768
0.43347
0.00386026
0.437833
0.00412272
0.442415
0.00436388
0.447194
0.0045835
0.45215
0.00478138
0.457265
0.00495742
0.462516
0.00511166
0.467884
0.00524423
0.47335
0.00535544
0.478893
0.0054457
0.484495
0.00551561
0.490137
0.00556588
0.495801
0.00559734
0.501472
0.00561097
0.507132
0.00560782
0.512767
0.00558902
0.518363
0.00555577
0.523908
0.00550932
0.529391
0.00545086
0.00538228
0.534801
0.415475
0.41605
0.417084
0.41854
0.420397
0.422636
0.425239
0.428187
0.431459
0.435036
0.438896
0.443019
0.447383
0.451967
0.456748
0.461705
0.466817
0.472061
0.477417
0.482862
0.488378
0.493944
0.499541
0.505152
0.51076
0.516349
0.521905
0.527414
0.532865
0.538247
0.128248
0.107754
0.038394
0.0898538
0.057336
-0.018942
0.210742
0.116285
0.19467
0.105926
0.0898997
0.162106
0.25253
0.110538
0.251946
0.10651
0.0995477
0.242298
0.280141
0.103535
0.284071
0.10258
0.0998766
0.283742
0.299955
0.0960979
0.306163
0.0963729
0.0956441
0.310395
0.315811
0.0887348
0.32279
0.0893937
0.0895105
0.328924
0.32943
0.0818659
0.336261
0.0825629
0.0829604
0.342811
0.341548
0.0755918
0.347901
0.0762099
0.0766437
0.354217
0.352627
0.0698657
0.358451
0.0703864
0.0707786
0.364316
0.362974
0.0646161
0.368308
0.0650523
0.0653908
0.373696
0.372778
0.0597747
0.377687
0.0601432
0.0604344
0.382643
0.38216
0.0552801
0.386708
0.0555953
0.0558477
0.391295
0.391209
0.0510805
0.395451
0.051353
0.051574
0.399725
0.399992
0.0471328
0.403974
0.0473705
0.0475657
0.407983
0.408565
0.0434018
0.412325
0.0436106
0.043784
0.416106
0.416978
0.0398584
0.420546
0.0400426
0.0401972
0.424133
0.425282
0.0364782
0.428684
0.0366412
0.0367793
0.432102
0.433527
0.0332404
0.436783
0.0333848
0.0335081
0.440054
0.441765
0.0301271
0.444895
0.0302548
0.0303648
0.448038
0.450052
0.0271222
0.453072
0.0272348
0.0273325
0.456104
0.458447
0.0242109
0.461373
0.0243097
0.024396
0.464309
0.467013
0.0213793
0.469857
0.0214654
0.0215409
0.472712
0.475812
0.0186142
0.478589
0.0186883
0.0187537
0.481377
0.484912
0.015902
0.487635
0.0159647
0.0160202
0.490369
0.494383
0.0132297
0.497067
0.0132816
0.0133278
0.499759
0.504291
0.0105824
0.506949
0.0106237
0.0106603
0.509616
0.51473
0.00794797
0.517375
0.00797897
0.0080068
0.520028
0.525742
0.00530666
0.528394
0.00532707
0.00534479
0.531056
0.537458
0.00265042
0.540125
0.00265952
0.00266805
0.542802
0.540898
0.543557
0.546225
-0.0377553
0.0658814
-0.0474222
0.0463718
-0.0477782
0.0235654
-0.0411833
0.00900848
-0.042255
0.0140553
-0.0425945
0.0101987
-0.0424343
0.00774977
-0.0430663
0.00754937
-0.0435483
0.0062897
-0.0433332
0.00458787
-0.0433454
0.00439901
-0.0438949
0.00475404
-0.0444215
0.00430622
-0.0446301
0.00347481
-0.0447173
0.00310332
-0.0450564
0.00337424
-0.0455865
0.00349978
-0.0460071
0.00301165
-0.0461007
0.00214312
-0.0459727
0.00160688
-0.0459489
0.00185472
-0.0462226
0.00259019
-0.0467272
0.00319581
-0.0472798
0.00327245
-0.0476603
0.0026947
-0.0477213
0.00173268
-0.047543
0.00102104
-0.0474102
0.00101056
-0.0474779
0.00138642
0.00155602
0.0976253
0.130363
0.0479763
0.0960207
4.40762e-05
0.0714976
-0.0345947
0.0436472
-0.0485306
0.0279912
-0.0505213
0.0121894
-0.0457752
0.00300362
-0.0454146
0.00718876
-0.0459763
0.00685143
-0.0451306
0.00374215
-0.0450562
0.00432456
-0.0460401
0.00573803
-0.0468251
0.00509118
-0.0467565
0.00340626
-0.046317
0.00266375
-0.0465934
0.00365062
-0.0473304
0.00423681
-0.047925
0.00360622
-0.0479447
0.00216285
-0.0475244
0.00118655
-0.0472661
0.00159645
-0.0475446
0.00286872
-0.0481916
0.0038428
-0.0489146
0.00399542
-0.0493924
0.00317257
-0.0493849
0.00172513
-0.0489734
0.000609579
-0.04866
0.000697076
-0.0487522
0.00147863
0.00180596
0.205064
0.167596
0.164289
0.136796
0.125443
0.110344
0.083468
0.0856222
0.0453438
0.0661154
0.00529685
0.0522364
-0.0272442
0.0355447
-0.0448237
0.0247683
-0.0508371
0.0128649
-0.049793
0.00269806
-0.0460335
0.000564979
-0.04679
0.00649457
-0.0479971
0.0062983
-0.0474798
0.00288898
-0.0465656
0.00174955
-0.0471049
0.00418988
-0.0483738
0.00550572
-0.0493759
0.00460826
-0.0492581
0.00204512
-0.048176
0.00010438
-0.0473266
0.000747059
-0.0476615
0.00320369
-0.0485548
0.00473604
-0.0495362
0.00497679
-0.0501683
0.00380472
-0.0500762
0.00163303
-0.0492783
-0.000188373
-0.0486458
6.464e-05
-0.0488108
0.00164363
0.00234554
0.268874
0.182464
0.244818
0.160852
0.216073
0.139088
0.183409
0.118286
0.150017
0.0995076
0.118908
0.0833452
0.0866159
0.067837
0.0568948
0.0544894
0.0264723
0.0432874
-0.00540246
0.0345728
-0.0304559
0.0256184
-0.0433599
0.0193986
-0.0486852
0.0116236
-0.049017
0.00322077
-0.0459274
-0.00134004
-0.0453016
0.00356408
-0.0472132
0.00741738
-0.0488919
0.00628687
-0.0483409
0.00149418
-0.0463374
-0.00189909
-0.0452436
-0.000346749
-0.0460369
0.003997
-0.047391
0.00609012
-0.0487632
0.00634893
-0.0496312
0.00467276
-0.0494115
0.00141329
-0.0479124
-0.00168747
-0.0467846
-0.00106315
-0.0471124
0.00197149
0.00344359
0.308848
0.184012
0.298419
0.17128
0.281492
0.156016
0.259886
0.139892
0.235473
0.12392
0.209935
0.108884
0.183033
0.0947389
0.155847
0.0816755
0.129068
0.0700661
0.103674
0.0599668
0.0785389
0.0507533
0.0556735
0.042264
0.0332348
0.0340623
0.00808861
0.028367
-0.0153113
0.0220598
-0.0307082
0.0189611
-0.0386204
0.0153295
-0.0425343
0.0102008
-0.0437306
0.00269051
-0.0413521
-0.00427766
-0.0401664
-0.00153239
-0.0414875
0.00531807
-0.0435333
0.00813595
-0.0453006
0.00811615
-0.0465165
0.00588873
-0.0456166
0.000513372
-0.0435842
-0.00371991
-0.0420515
-0.00259586
-0.042816
0.00273605
0.0055189
0.335055
0.177881
0.334296
0.172039
0.327463
0.162849
0.315677
0.151679
0.300086
0.139511
0.281834
0.127135
0.261653
0.11492
0.240209
0.103119
0.218215
0.0920601
0.196205
0.0819769
0.174245
0.0727142
0.152583
0.0639254
0.130919
0.0557268
0.110491
0.0487946
0.0898544
0.0426964
0.0711546
0.0376608
0.0542223
0.0322618
0.0380522
0.0263708
0.0192186
0.0215241
-0.00292995
0.0178709
-0.0199691
0.0155068
-0.0284567
0.0138056
-0.0326219
0.0123011
-0.0351238
0.0106181
-0.0365005
0.00726544
-0.0370987
0.00111151
-0.0351771
-0.00564145
-0.0344076
-0.00336541
-0.0360855
0.00441404
0.00907286
0.352782
0.167909
0.358177
0.166644
0.358775
0.16225
0.354917
0.155537
0.347193
0.147235
0.336347
0.137982
0.323036
0.128231
0.307814
0.118341
0.291235
0.108639
0.273832
0.0993802
0.255966
0.0905802
0.237747
0.0821439
0.219297
0.0741768
0.201101
0.066991
0.183172
0.060625
0.166043
0.0547902
0.149355
0.0489498
0.132603
0.0431228
0.116114
0.0380134
0.0998951
0.0340894
0.0842446
0.0311572
0.0696801
0.0283702
0.0564815
0.0254998
0.0446389
0.0224607
0.0331787
0.0187256
0.019021
0.0152692
-6.81352e-05
0.0134477
-0.0161085
0.012675
-0.023151
0.0114566
0.0153464
0.365566
0.156561
0.374304
0.157906
0.379752
0.156803
0.381723
0.153566
0.380345
0.148613
0.375951
0.142376
0.368939
0.135243
0.359722
0.127558
0.348737
0.119625
0.336431
0.111686
0.323148
0.103863
0.309083
0.0962097
0.294424
0.0888351
0.279489
0.0819268
0.264572
0.0755418
0.249835
0.0695265
0.23512
0.0636653
0.220264
0.057979
0.205449
0.0528279
0.190964
0.0485746
0.177051
0.0450701
0.163651
0.0417699
0.1507
0.0384513
0.138122
0.0350386
0.125371
0.0314762
0.112288
0.0283522
0.099189
0.0265471
0.0861541
0.0257099
0.0723176
0.0252931
0.027187
0.375707
0.14517
0.385845
0.147768
0.39401
0.148637
0.399783
0.147793
0.402986
0.145409
0.403641
0.141721
0.401897
0.136987
0.397986
0.131469
0.392195
0.125416
0.384837
0.119044
0.376188
0.112512
0.366464
0.105933
0.355872
0.0994271
0.344672
0.0931276
0.33311
0.0871039
0.321315
0.0813216
0.309272
0.075708
0.296952
0.0702989
0.284478
0.0653018
0.27213
0.060923
0.260104
0.0570958
0.248337
0.0535372
0.236723
0.0500649
0.225135
0.0466271
0.213321
0.0432899
0.201245
0.040428
0.189231
0.0385615
0.177315
0.0376258
0.165231
0.0373773
0.0380838
0.384545
0.134321
0.394928
0.137385
0.404287
0.139278
0.41218
0.1399
0.418309
0.13928
0.422517
0.137513
0.424769
0.134735
0.425128
0.13111
0.423728
0.126815
0.42075
0.122022
0.416383
0.116879
0.410806
0.11151
0.4042
0.106033
0.396765
0.100563
0.388691
0.095178
0.380106
0.0899063
0.371064
0.0847497
0.361604
0.0797589
0.351843
0.0750635
0.341978
0.0707872
0.332154
0.0669198
0.322366
0.0633254
0.312543
0.0598878
0.302585
0.0565852
0.292367
0.0535079
0.281887
0.0509082
0.271356
0.049092
0.260895
0.0480872
0.250535
0.0477368
0.0478502
0.392774
0.124191
0.402833
0.127325
0.412449
0.129663
0.421267
0.131082
0.428992
0.131555
0.435406
0.131099
0.440377
0.129764
0.443851
0.127636
0.445842
0.124823
0.44642
0.121444
0.445683
0.117615
0.443748
0.113446
0.440741
0.10904
0.436806
0.104498
0.432083
0.0999006
0.426686
0.095303
0.420691
0.0907446
0.414165
0.0862848
0.407213
0.0820161
0.399974
0.0780256
0.392561
0.0743332
0.385
0.0708862
0.377259
0.0676291
0.369278
0.0645663
0.361001
0.0617843
0.352452
0.0594573
0.343768
0.0577757
0.335073
0.056783
0.326449
0.0563608
0.0562241
0.400718
0.114768
0.410242
0.117801
0.419634
0.120271
0.428645
0.122071
0.437041
0.12316
0.444616
0.123523
0.451214
0.123167
0.456724
0.122126
0.461091
0.120456
0.464305
0.118231
0.46639
0.11553
0.467398
0.112438
0.4674
0.109038
0.466483
0.105414
0.464744
0.10164
0.462267
0.0977798
0.459124
0.0938871
0.455385
0.0900238
0.451136
0.086265
0.446481
0.0826811
0.441506
0.0793079
0.436251
0.076141
0.430711
0.0731697
0.42486
0.0704176
0.418682
0.0679618
0.412212
0.0659278
0.405545
0.0644426
0.398781
0.0635464
0.391989
0.0631533
0.0630024
0.408516
0.105977
0.417473
0.108844
0.426449
0.111295
0.435277
0.113243
0.443789
0.114648
0.451824
0.115488
0.459239
0.115753
0.465917
0.115448
0.471773
0.114599
0.476757
0.113247
0.480844
0.111443
0.484038
0.109244
0.486362
0.106714
0.487859
0.103917
0.488581
0.100918
0.488585
0.0977764
0.487923
0.0945483
0.486654
0.0912934
0.484842
0.0880765
0.482564
0.0849591
0.479887
0.0819855
0.476849
0.0791785
0.473463
0.0765559
0.469726
0.0741545
0.465645
0.0720433
0.461254
0.0703184
0.456624
0.0690722
0.451829
0.0683418
0.446906
0.0680759
0.0680751
0.416228
0.0977318
0.424658
0.100415
0.433175
0.102777
0.441668
0.10475
0.450017
0.106299
0.458104
0.107401
0.465816
0.108041
0.473051
0.108213
0.479725
0.107926
0.485772
0.1072
0.491148
0.106067
0.495828
0.104565
0.499803
0.102738
0.503084
0.100637
0.50569
0.0983123
0.50765
0.0958158
0.508999
0.0931998
0.509774
0.0905185
0.510022
0.0878287
0.509795
0.0851862
0.509142
0.0826382
0.508099
0.0802218
0.506683
0.0779712
0.504906
0.0759313
0.502784
0.0741656
0.50035
0.0727528
0.497655
0.0717671
0.494748
0.0712481
0.491646
0.0711783
0.0714264
0.423883
0.0899555
0.431847
0.0924507
0.43993
0.0946941
0.448051
0.0966286
0.456125
0.0982248
0.464065
0.0994614
0.471785
0.100321
0.479204
0.100794
0.486248
0.100881
0.492856
0.100592
0.498979
0.0999443
0.50458
0.0989642
0.509635
0.0976829
0.514135
0.0961372
0.51808
0.0943677
0.521478
0.0924176
0.524346
0.0903322
0.526705
0.0881593
0.528584
0.085949
0.530019
0.0837517
0.531042
0.0816148
0.531683
0.0795814
0.53196
0.077694
0.53189
0.0760014
0.531492
0.0745638
0.530795
0.0734497
0.529837
0.0727252
0.528649
0.0724355
0.527234
0.0725937
0.0731319
0.431506
0.0825824
0.439064
0.0848926
0.446756
0.0870025
0.45452
0.0888642
0.462293
0.0904519
0.470009
0.0917459
0.4776
0.0927292
0.485004
0.0933902
0.49216
0.093725
0.499015
0.0937373
0.505522
0.0934373
0.511644
0.092842
0.517353
0.0919738
0.52263
0.0908604
0.527464
0.0895337
0.531852
0.0880292
0.535799
0.0863857
0.539313
0.0846446
0.542412
0.08285
0.545116
0.0810475
0.547449
0.0792825
0.549431
0.0775997
0.55108
0.0760447
0.552413
0.074668
0.55345
0.0735267
0.554216
0.072684
0.554738
0.0722027
0.555039
0.0721353
0.555113
0.0725197
0.0733417
0.439126
0.0755581
0.446331
0.0776872
0.453678
0.0796562
0.461118
0.0814242
0.468601
0.0829688
0.476075
0.084272
0.483487
0.0853171
0.490785
0.086092
0.49792
0.0865901
0.504846
0.0868111
0.511523
0.0867605
0.517916
0.0864492
0.523996
0.0858933
0.529743
0.0851139
0.53514
0.0841364
0.540179
0.08299
0.544857
0.0817074
0.549177
0.0803247
0.553147
0.0788806
0.556778
0.0774163
0.560086
0.0759745
0.563087
0.074599
0.565796
0.0733356
0.568229
0.0722343
0.570406
0.07135
0.572347
0.0707428
0.574076
0.0704743
0.575607
0.0706036
0.57694
0.0711868
0.0722519
0.446776
0.0688366
0.453674
0.0707887
0.460718
0.0726126
0.467869
0.0742733
0.475086
0.0757514
0.482328
0.0770305
0.48955
0.0780949
0.496709
0.0789323
0.503765
0.0795347
0.510677
0.0798992
0.517409
0.0800278
0.523931
0.0799273
0.530215
0.0796091
0.53624
0.0790892
0.541989
0.0783878
0.54745
0.0775289
0.552617
0.0765404
0.557488
0.0754533
0.562067
0.0743019
0.56636
0.0731234
0.570377
0.0719571
0.574131
0.0708447
0.577636
0.0698309
0.580906
0.0689639
0.58396
0.0682965
0.586816
0.0678864
0.589496
0.0677946
0.592015
0.0680848
0.594377
0.0688249
0.0700723
0.454496
0.0623787
0.461127
0.0641576
0.467906
0.0658338
0.474801
0.0673777
0.481781
0.0687721
0.488808
0.0700027
0.495848
0.071055
0.502864
0.0719169
0.509818
0.0725798
0.516678
0.0730392
0.523411
0.0732947
0.529989
0.07335
0.536385
0.0732129
0.542579
0.0728953
0.548553
0.0724133
0.554296
0.0717866
0.559797
0.0710386
0.565054
0.0701963
0.570067
0.0692897
0.574838
0.068352
0.579376
0.0674195
0.583689
0.0665311
0.587791
0.0657289
0.591696
0.0650591
0.595421
0.0645719
0.598984
0.0643228
0.602407
0.0643718
0.605708
0.0647844
0.608898
0.0656344
0.0669966
0.462333
0.0561494
0.468732
0.0577587
0.47528
0.0592859
0.481952
0.0607058
0.488721
0.0620038
0.495556
0.0631671
0.502428
0.0641829
0.509306
0.0650396
0.516157
0.0657287
0.522951
0.0662447
0.52966
0.0665857
0.536257
0.0667532
0.542718
0.0667521
0.549022
0.0665912
0.555152
0.0662832
0.561095
0.065844
0.56684
0.0652932
0.572383
0.0646539
0.57772
0.0639524
0.582854
0.0632183
0.587789
0.0624843
0.592534
0.0617862
0.597099
0.0611634
0.601499
0.060659
0.605751
0.0603206
0.609873
0.0602007
0.613887
0.0603575
0.617815
0.0608559
0.621679
0.0617706
0.0631838
0.470341
0.0501172
0.47654
0.05156
0.482888
0.0529374
0.489366
0.0542281
0.49595
0.0554197
0.502616
0.056501
0.509338
0.0574608
0.516089
0.0582885
0.522842
0.0589759
0.52957
0.0595174
0.536245
0.0599098
0.542845
0.0601532
0.549347
0.0602507
0.55573
0.0602085
0.561977
0.0600361
0.568074
0.0597467
0.574011
0.0593564
0.57978
0.0588848
0.585377
0.0583547
0.590804
0.0577921
0.596062
0.0572262
0.601158
0.0566896
0.606103
0.0562182
0.61091
0.0558519
0.615596
0.0556351
0.62018
0.0556169
0.624685
0.0558523
0.629137
0.0564037
0.633565
0.0573429
0.0587526
0.478577
0.0442525
0.484605
0.0455315
0.490784
0.0467588
0.497096
0.0479163
0.503522
0.0489935
0.510042
0.0499812
0.516633
0.0508693
0.523273
0.0516485
0.529938
0.0523113
0.536603
0.0528521
0.543245
0.0532674
0.549842
0.0535563
0.556373
0.0537203
0.562817
0.0537637
0.56916
0.053694
0.575385
0.0535215
0.581482
0.0532594
0.587442
0.0529243
0.593262
0.0525355
0.598938
0.0521158
0.604473
0.0516909
0.609873
0.0512897
0.615147
0.0509448
0.620306
0.0506923
0.625368
0.0505728
0.630354
0.0506316
0.635286
0.0509197
0.640195
0.0514948
0.645114
0.0524237
0.0537849
0.487102
0.0385269
0.492989
0.0396445
0.499027
0.0407213
0.505201
0.0417424
0.511495
0.042699
0.517893
0.0435834
0.524375
0.0443871
0.530922
0.0451019
0.537512
0.0457211
0.544125
0.0462395
0.550739
0.0466535
0.557333
0.0469617
0.563889
0.0471645
0.570387
0.0472651
0.576813
0.0472689
0.58315
0.0471841
0.589388
0.0470214
0.595518
0.0467945
0.601533
0.0465199
0.607432
0.0462169
0.613215
0.0459078
0.618887
0.0456181
0.624455
0.0453765
0.629932
0.0452152
0.635335
0.0451707
0.640683
0.0452837
0.646002
0.0456003
0.651324
0.046173
0.656686
0.0470616
0.0483388
0.495983
0.0329124
0.501757
0.0338702
0.507682
0.0347963
0.513747
0.0356783
0.519936
0.0365092
0.526237
0.0372826
0.532633
0.0379913
0.539106
0.0386285
0.545639
0.0391883
0.552213
0.039666
0.558808
0.0400583
0.565406
0.0403636
0.571989
0.0405816
0.578539
0.0407145
0.585042
0.0407663
0.591483
0.0407434
0.59785
0.0406543
0.604134
0.0405103
0.610329
0.0403249
0.616431
0.0401145
0.622441
0.0398981
0.628362
0.0396974
0.634201
0.0395373
0.63997
0.039446
0.645686
0.0394553
0.651368
0.0396011
0.657045
0.0399239
0.662747
0.04047
0.668517
0.0412918
0.0424536
0.505291
0.0273808
0.510981
0.02818
0.516822
0.0289548
0.522805
0.0296954
0.528918
0.0303963
0.535149
0.0310521
0.541483
0.0316572
0.547906
0.0322058
0.554401
0.032693
0.560952
0.0331148
0.567542
0.0334683
0.574154
0.0337517
0.580771
0.0339648
0.587377
0.0341087
0.593957
0.0341864
0.600497
0.0342027
0.606987
0.0341646
0.613416
0.0340808
0.619779
0.0339624
0.626071
0.0338228
0.632291
0.0336778
0.638443
0.0335454
0.644533
0.0334467
0.650574
0.0334055
0.656581
0.0334487
0.662575
0.0336071
0.668583
0.0339154
0.67464
0.0344131
0.680787
0.0351449
0.0361683
0.515094
0.0219028
0.520731
0.0225436
0.526519
0.0231666
0.53245
0.0237637
0.538516
0.0243307
0.544705
0.0248635
0.551004
0.0253576
0.557402
0.0258085
0.563882
0.0262122
0.570432
0.0265654
0.577034
0.0268658
0.583674
0.0271118
0.590336
0.0273028
0.597005
0.0274397
0.603667
0.0275245
0.610309
0.0275609
0.616919
0.0275541
0.623489
0.0275109
0.630012
0.02744
0.636483
0.0273519
0.642901
0.0272593
0.64927
0.0271767
0.655595
0.0271211
0.661889
0.0271118
0.668167
0.0271708
0.674451
0.0273234
0.680768
0.027598
0.687154
0.0280272
0.693652
0.0286474
0.0295052
0.525483
0.0164484
0.531095
0.016931
0.536861
0.0174007
0.542773
0.017852
0.548822
0.0182816
0.554999
0.0186865
0.561293
0.0190634
0.567693
0.019409
0.574185
0.0197201
0.580756
0.0199944
0.587392
0.02023
0.594078
0.0204256
0.6008
0.0205807
0.607544
0.0206957
0.614296
0.0207722
0.621045
0.0208126
0.627778
0.0208208
0.634487
0.0208017
0.641165
0.0207618
0.647808
0.020709
0.654415
0.0206527
0.660987
0.0206039
0.667533
0.0205754
0.674063
0.0205821
0.680593
0.020641
0.687145
0.0207713
0.693747
0.0209954
0.700436
0.0213388
0.707252
0.0218308
0.0225126
0.53652
0.0109842
0.542145
0.0113069
0.547923
0.0116228
0.553848
0.0119262
0.559915
0.0122151
0.566114
0.0124879
0.572435
0.0127423
0.578867
0.0129762
0.5854
0.0131874
0.59202
0.0133744
0.598714
0.0135358
0.605469
0.0136708
0.612271
0.0137789
0.619106
0.0138605
0.625962
0.0139164
0.632826
0.0139482
0.639688
0.0139585
0.64654
0.0139506
0.653373
0.0139286
0.660184
0.013898
0.666972
0.013865
0.673738
0.013837
0.680491
0.0138228
0.687241
0.0138325
0.694004
0.0138777
0.700803
0.0139718
0.707668
0.0141306
0.714635
0.0143724
0.721747
0.0147183
0.0151974
0.548312
0.00547389
0.553979
0.00564031
0.559802
0.0057997
0.565776
0.00595162
0.571895
0.00609641
0.57815
0.00623326
0.584531
0.00636085
0.591029
0.00647796
0.597633
0.00658359
0.604331
0.0066769
0.611109
0.00675725
0.617956
0.00682417
0.624857
0.00687745
0.631801
0.00691721
0.638773
0.00694388
0.645763
0.00695829
0.65276
0.00696168
0.659755
0.00695572
0.666741
0.0069426
0.673714
0.00692498
0.680673
0.00690611
0.68762
0.00688981
0.694562
0.00688056
0.701511
0.0068836
0.708484
0.006905
0.715504
0.00695196
0.722601
0.00703326
0.729813
0.0071605
0.73718
0.00735139
0.00765039
0.551699
0.557339
0.563139
0.569091
0.575187
0.58142
0.587781
0.594259
0.600843
0.60752
0.614277
0.621101
0.627979
0.634896
0.64184
0.648798
0.65576
0.662715
0.669658
0.676583
0.683489
0.690379
0.697259
0.704143
0.711048
0.718
0.725033
0.732194
0.739545
)
;

boundaryField
{
    inlet
    {
        type            calculated;
        value           nonuniform List<scalar> 
45
(
-0.2
-0.2
-0.2
-0.2
-0.2
-0.2
-0.2
-0.2
-0.2
-0.2
-0.2
-0.2
-0.2
-0.2
-0.2
-0.20766
-0.212683
-0.217828
-0.223097
-0.228493
-0.23402
-0.239681
-0.245479
-0.251417
-0.257499
-0.263728
-0.270107
-0.276641
-0.283333
-0.290186
-0.297206
-0.304395
-0.311758
-0.3193
-0.327023
-0.334934
-0.343036
-0.351334
-0.359832
-0.368536
-0.377451
-0.386582
-0.395933
-0.40551
-0.415319
)
;
    }
    outlet
    {
        type            calculated;
        value           nonuniform List<scalar> 
45
(
0.0185942
0.0265048
0.0223695
0.0137241
0.00297036
-0.00680798
-0.014677
-0.0212544
-0.0267954
-0.0314753
-0.0354099
-0.0386744
-0.0413261
-0.0434013
-0.0449132
-0.0476156
-0.0490021
-0.0493504
-0.0482105
-0.0448913
-0.0396395
-0.0294246
0.0604769
0.154334
0.240769
0.318075
0.38521
0.441834
0.488295
0.525528
0.554903
0.57803
0.596556
0.611974
0.625492
0.637996
0.650082
0.662132
0.674402
0.687072
0.700315
0.714245
0.729062
0.744727
0.747196
)
;
    }
    flap
    {
        type            calculated;
        value           uniform 0;
    }
    upperWall
    {
        type            calculated;
        value           uniform 0;
    }
    lowerWall
    {
        type            calculated;
        value           uniform 0;
    }
    frontAndBack
    {
        type            empty;
        value           nonuniform 0();
    }
}


// ************************************************************************* //
