/*--------------------------------*- C++ -*----------------------------------*\
  =========                 |
  \\      /  F ield         | OpenFOAM: The Open Source CFD Toolbox
   \\    /   O peration     | Website:  https://openfoam.org
    \\  /    A nd           | Version:  dev
     \\/     M anipulation  |
\*---------------------------------------------------------------------------*/
FoamFile
{
    version     2.0;
    format      ascii;
    class       volVectorField;
    location    "5.4";
    object      U;
}
// * * * * * * * * * * * * * * * * * * * * * * * * * * * * * * * * * * * * * //

dimensions      [0 1 -1 0 0 0 0];

internalField   nonuniform List<vector> 
2790
(
(9.94399 0 0.0205231)
(9.87572 0 0.0295876)
(9.77521 0 0.0359894)
(9.64944 0 0.042556)
(9.50409 0 0.0493853)
(9.34007 0 0.0564282)
(9.15655 0 0.0638158)
(8.95263 0 0.0717116)
(8.72747 0 0.0802553)
(8.48009 0 0.0895738)
(8.20928 0 0.099794)
(7.91366 0 0.111046)
(7.59169 0 0.123462)
(7.24179 0 0.137167)
(6.86233 0 0.152275)
(6.4518 0 0.168873)
(6.00888 0 0.187001)
(5.53268 0 0.206624)
(5.02296 0 0.227595)
(4.48044 0 0.249617)
(3.90715 0 0.272182)
(3.30682 0 0.294531)
(2.68527 0 0.315625)
(2.05061 0 0.334293)
(1.41179 0 0.35061)
(0.798029 0 0.372888)
(0.110699 0 0.325056)
(-0.469562 0 -0.114863)
(-0.453778 0 -0.297151)
(-0.231163 0 -0.423857)
(9.9985 0 0.0407029)
(9.98145 0 0.0623826)
(9.93575 0 0.0791398)
(9.86416 0 0.0966243)
(9.77098 0 0.115123)
(9.65715 0 0.134488)
(9.52206 0 0.154974)
(9.36486 0 0.176943)
(9.18472 0 0.200707)
(8.98068 0 0.22655)
(8.75154 0 0.254745)
(8.4959 0 0.285562)
(8.21221 0 0.319252)
(7.89883 0 0.356026)
(7.55405 0 0.396025)
(7.1762 0 0.439269)
(6.76379 0 0.4856)
(6.31567 0 0.534595)
(5.83126 0 0.585471)
(5.31088 0 0.636963)
(4.75616 0 0.687213)
(4.17041 0 0.733655)
(3.5593 0 0.772961)
(2.93155 0 0.8011)
(2.29995 0 0.813755)
(1.69296 0 0.807259)
(1.10716 0 0.747256)
(0.658898 0 0.547933)
(0.18645 0 0.224616)
(-0.00819884 0 -0.45373)
(9.99559 0 0.0432068)
(9.97556 0 0.0752713)
(9.9318 0 0.103345)
(9.8649 0 0.13237)
(9.77778 0 0.163058)
(9.67155 0 0.195398)
(9.54588 0 0.229741)
(9.40014 0 0.266602)
(9.23366 0 0.30647)
(9.04564 0 0.349807)
(8.8351 0 0.397072)
(8.60082 0 0.448723)
(8.34146 0 0.505194)
(8.05551 0 0.566867)
(7.74139 0 0.634015)
(7.39745 0 0.706737)
(7.02212 0 0.784844)
(6.61396 0 0.867731)
(6.17194 0 0.954203)
(5.69564 0 1.04226)
(5.18563 0 1.12889)
(4.64396 0 1.2098)
(4.0748 0 1.27916)
(3.48538 0 1.32934)
(2.88685 0 1.3501)
(2.29947 0 1.32643)
(1.73185 0 1.22078)
(1.21626 0 0.973013)
(0.701148 0 0.570155)
(0.358042 0 -0.15655)
(9.99403 0 0.049499)
(9.97181 0 0.0932058)
(9.92788 0 0.133571)
(9.86225 0 0.174208)
(9.77694 0 0.216432)
(9.67299 0 0.26066)
(9.55032 0 0.307428)
(9.4085 0 0.357414)
(9.24703 0 0.41129)
(9.06534 0 0.469705)
(8.86269 0 0.533302)
(8.6382 0 0.602724)
(8.39086 0 0.678593)
(8.11953 0 0.761477)
(7.82301 0 0.851824)
(7.50002 0 0.949879)
(7.14925 0 1.05555)
(6.76945 0 1.16825)
(6.3595 0 1.28661)
(5.9186 0 1.40827)
(5.44653 0 1.52948)
(4.94401 0 1.64469)
(4.41317 0 1.74615)
(3.85827 0 1.82322)
(3.28582 0 1.86137)
(2.70641 0 1.84033)
(2.12565 0 1.72601)
(1.55426 0 1.47787)
(0.957952 0 1.08371)
(0.509426 0 0.502335)
(9.99331 0 0.0572133)
(9.96994 0 0.110958)
(9.92593 0 0.162103)
(9.86146 0 0.213346)
(9.77799 0 0.266355)
(9.67635 0 0.321912)
(9.55654 0 0.3807)
(9.41822 0 0.443486)
(9.26098 0 0.511055)
(9.08434 0 0.584169)
(8.88771 0 0.663587)
(8.67039 0 0.750063)
(8.4316 0 0.844335)
(8.17047 0 0.947085)
(7.88608 0 1.05888)
(7.57749 0 1.18008)
(7.24367 0 1.31069)
(6.88361 0 1.45018)
(6.49629 0 1.59723)
(6.08074 0 1.74933)
(5.63616 0 1.90242)
(5.16212 0 2.05032)
(4.65878 0 2.18418)
(4.12722 0 2.29175)
(3.5694 0 2.35657)
(2.98889 0 2.35733)
(2.38683 0 2.26497)
(1.76639 0 2.04765)
(1.08999 0 1.69141)
(0.536652 0 1.15416)
(9.99302 0 0.0655382)
(9.96923 0 0.128701)
(9.92556 0 0.190112)
(9.86253 0 0.251842)
(9.78129 0 0.315577)
(9.68245 0 0.382317)
(9.56601 0 0.452873)
(9.43172 0 0.528099)
(9.27921 0 0.608878)
(9.10807 0 0.696082)
(8.91778 0 0.790578)
(8.70775 0 0.893223)
(8.47729 0 1.00486)
(8.22568 0 1.12626)
(7.95216 0 1.25809)
(7.65589 0 1.40081)
(7.33604 0 1.55454)
(6.99164 0 1.71887)
(6.62169 0 1.89256)
(6.22501 0 2.07323)
(5.80028 0 2.25685)
(5.34604 0 2.43721)
(4.86071 0 2.6052)
(4.3427 0 2.74823)
(3.7904 0 2.84955)
(3.20257 0 2.8882)
(2.57657 0 2.83824)
(1.91346 0 2.67162)
(1.17275 0 2.37401)
(0.549966 0 1.89441)
(9.99297 0 0.0740743)
(9.96927 0 0.146313)
(9.92637 0 0.217482)
(9.86509 0 0.28929)
(9.78643 0 0.363353)
(9.69085 0 0.440825)
(9.57835 0 0.522658)
(9.44872 0 0.609808)
(9.30165 0 0.703253)
(9.13678 0 0.803962)
(8.95365 0 0.912898)
(8.75171 0 1.03101)
(8.53034 0 1.15922)
(8.28888 0 1.2984)
(8.0266 0 1.4493)
(7.7427 0 1.61248)
(7.4363 0 1.78819)
(7.10641 0 1.97617)
(6.75181 0 2.17541)
(6.37101 0 2.38382)
(5.9621 0 2.59774)
(5.52264 0 2.81139)
(5.04953 0 3.01616)
(4.539 0 3.19997)
(3.98666 0 3.34668)
(3.3879 0 3.43597)
(2.73724 0 3.44332)
(2.03623 0 3.3415)
(1.24174 0 3.11358)
(0.563511 0 2.69316)
(9.99306 0 0.0825875)
(9.96981 0 0.163605)
(9.92807 0 0.244048)
(9.86885 0 0.325477)
(9.79313 0 0.409443)
(9.70126 0 0.497203)
(9.59323 0 0.589836)
(9.46888 0 0.688393)
(9.32796 0 0.793936)
(9.17015 0 0.907526)
(8.99503 0 1.03021)
(8.80211 0 1.16303)
(8.59082 0 1.30701)
(8.36051 0 1.46309)
(8.11045 0 1.63215)
(7.83981 0 1.81487)
(7.54761 0 2.01167)
(7.23268 0 2.22252)
(6.89351 0 2.44674)
(6.52817 0 2.68269)
(6.13409 0 2.92736)
(5.70785 0 3.17578)
(5.24497 0 3.42037)
(4.73978 0 3.6502)
(4.18547 0 3.85024)
(3.57475 0 4.0009)
(2.8995 0 4.07791)
(2.1621 0 4.05238)
(1.31611 0 3.9017)
(0.583213 0 3.54015)
(9.99326 0 0.0909276)
(9.97072 0 0.180407)
(9.93046 0 0.269666)
(9.87362 0 0.360239)
(9.80118 0 0.453644)
(9.71344 0 0.551206)
(9.61038 0 0.654108)
(9.49189 0 0.763492)
(9.35776 0 0.880501)
(9.20774 0 1.00628)
(9.04146 0 1.14195)
(8.85848 0 1.28866)
(8.65828 0 1.44752)
(8.44022 0 1.61959)
(8.20358 0 1.80586)
(7.94747 0 2.00721)
(7.67079 0 2.22425)
(7.37217 0 2.45728)
(7.0498 0 2.70606)
(6.70127 0 2.96957)
(6.32335 0 3.24567)
(5.91165 0 3.53054)
(5.46036 0 3.81807)
(4.962 0 4.099)
(4.40739 0 4.35987)
(3.78638 0 4.58211)
(3.08754 0 4.74108)
(2.31268 0 4.80446)
(1.41062 0 4.74108)
(0.614297 0 4.44191)
(9.99352 0 0.0989914)
(9.97191 0 0.196577)
(9.9334 0 0.294193)
(9.87924 0 0.393414)
(9.8104 0 0.495752)
(9.72717 0 0.602584)
(9.62954 0 0.715178)
(9.51742 0 0.834757)
(9.39069 0 0.962539)
(9.24914 0 1.09974)
(9.09246 0 1.24759)
(8.92029 0 1.40729)
(8.73214 0 1.58006)
(8.52743 0 1.7671)
(8.30544 0 1.96955)
(8.06527 0 2.18848)
(7.80573 0 2.42479)
(7.5253 0 2.67917)
(7.22192 0 2.95193)
(6.89277 0 3.24283)
(6.53403 0 3.5508)
(6.14047 0 3.8735)
(5.70504 0 4.20671)
(5.21846 0 4.5434)
(4.66896 0 4.87245)
(4.04283 0 5.17697)
(3.32364 0 5.43231)
(2.50972 0 5.60196)
(1.54183 0 5.64348)
(0.664036 0 5.41801)
(9.99384 0 0.106703)
(9.9733 0 0.211998)
(9.9368 0 0.3175)
(9.88558 0 0.424852)
(9.82064 0 0.535585)
(9.74226 0 0.651116)
(9.65045 0 0.772782)
(9.54518 0 0.901879)
(9.42638 0 1.03969)
(9.29391 0 1.18751)
(9.14753 0 1.34663)
(8.98695 0 1.51835)
(8.81176 0 1.70399)
(8.62144 0 1.90487)
(8.41533 0 2.12231)
(8.19253 0 2.3576)
(7.95189 0 2.61197)
(7.69179 0 2.88655)
(7.41005 0 3.18229)
(7.10364 0 3.49987)
(6.76834 0 3.83949)
(6.39832 0 4.20056)
(5.98554 0 4.5812)
(5.51905 0 4.97735)
(4.98433 0 5.38134)
(4.3632 0 5.77957)
(3.63182 0 6.14914)
(2.78004 0 6.45065)
(1.73338 0 6.62847)
(0.744796 0 6.50303)
(9.9942 0 0.114005)
(9.97487 0 0.226573)
(9.94056 0 0.33947)
(9.89252 0 0.454419)
(9.83174 0 0.572978)
(9.75851 0 0.696604)
(9.67289 0 0.826687)
(9.57489 0 0.964586)
(9.46449 0 1.11164)
(9.34163 0 1.26921)
(9.20616 0 1.43864)
(9.05788 0 1.62133)
(8.89645 0 1.81868)
(8.72148 0 2.03215)
(8.53238 0 2.26323)
(8.32837 0 2.51344)
(8.10836 0 2.78435)
(7.87082 0 3.07757)
(7.61361 0 3.39474)
(7.33373 0 3.7375)
(7.02691 0 4.10747)
(6.68713 0 4.50605)
(6.30585 0 4.93414)
(5.87103 0 5.39148)
(5.3657 0 5.87539)
(4.76679 0 6.37827)
(4.04059 0 6.88323)
(3.16132 0 7.35348)
(2.02462 0 7.72314)
(0.880666 0 7.75698)
(9.99459 0 0.120852)
(9.97657 0 0.240222)
(9.94461 0 0.360004)
(9.89995 0 0.481996)
(9.84356 0 0.60779)
(9.77576 0 0.738876)
(9.69663 0 0.87669)
(9.60624 0 1.02264)
(9.50464 0 1.17811)
(9.39186 0 1.34451)
(9.26782 0 1.52324)
(9.13243 0 1.71577)
(8.98549 0 1.9236)
(8.8267 0 2.14829)
(8.65564 0 2.39148)
(8.47168 0 2.65493)
(8.27393 0 2.94053)
(8.06108 0 3.25035)
(7.83126 0 3.5867)
(7.58178 0 3.9522)
(7.30877 0 4.34986)
(7.00661 0 4.78319)
(6.66716 0 5.25615)
(6.27839 0 5.773)
(5.82234 0 6.33774)
(5.27232 0 6.95246)
(4.58432 0 7.61366)
(3.70973 0 8.3009)
(2.48796 0 8.95812)
(1.12435 0 9.29302)
(9.99501 0 0.127209)
(9.97838 0 0.252882)
(9.94891 0 0.379017)
(9.9078 0 0.507482)
(9.85598 0 0.639902)
(9.79382 0 0.777794)
(9.72143 0 0.92263)
(9.63894 0 1.07585)
(9.54648 0 1.23888)
(9.44414 0 1.41316)
(9.33196 0 1.60015)
(9.20996 0 1.80135)
(9.07807 0 2.01833)
(8.93616 0 2.25275)
(8.78399 0 2.50638)
(8.62117 0 2.78118)
(8.44709 0 3.07929)
(8.26081 0 3.4032)
(8.06095 0 3.75579)
(7.84544 0 4.14053)
(7.61128 0 4.56172)
(7.35403 0 5.02476)
(7.06706 0 5.5366)
(6.74028 0 6.10623)
(6.35775 0 6.74534)
(5.89384 0 7.46902)
(5.30048 0 8.29639)
(4.50849 0 9.24798)
(3.26843 0 10.3417)
(1.60475 0 11.3587)
(9.99545 0 0.133049)
(9.98026 0 0.264501)
(9.95339 0 0.396438)
(9.91596 0 0.530783)
(9.86888 0 0.669192)
(9.81253 0 0.813204)
(9.74708 0 0.964313)
(9.67272 0 1.12398)
(9.58964 0 1.29367)
(9.49803 0 1.47483)
(9.39803 0 1.66894)
(9.28979 0 1.87756)
(9.17338 0 2.10228)
(9.04887 0 2.34483)
(8.91625 0 2.60709)
(8.7754 0 2.89112)
(8.62608 0 3.19928)
(8.46783 0 3.53432)
(8.29994 0 3.89957)
(8.12127 0 4.2991)
(7.9301 0 4.73814)
(7.72389 0 5.22353)
(7.49879 0 5.76451)
(7.2489 0 6.37387)
(6.96473 0 7.07007)
(6.63074 0 7.88092)
(6.21413 0 8.85185)
(5.66544 0 10.0658)
(4.68963 0 11.7309)
(2.68698 0 14.5915)
(0.114319 0 -0.113193)
(0.26929 0 -0.102878)
(0.426177 0 -0.0804884)
(0.556433 0 -0.0593751)
(0.656108 0 -0.042285)
(0.730336 0 -0.0291267)
(0.785295 0 -0.019235)
(0.825956 0 -0.0119582)
(0.856039 0 -0.00673518)
(0.878391 0 -0.0030924)
(0.895244 0 -0.000648723)
(0.908345 0 0.000891428)
(0.919057 0 0.00175838)
(0.928431 0 0.00213886)
(0.937247 0 0.00219318)
(0.94602 0 0.00206823)
(0.954986 0 0.00190596)
(0.964074 0 0.00184374)
(0.972907 0 0.00200143)
(0.980853 0 0.00245523)
(0.987147 0 0.00320929)
(0.991083 0 0.00417619)
(0.992224 0 0.00514775)
(0.99083 0 0.00582081)
(0.986861 0 0.00632132)
(0.980528 0 0.00673114)
(0.971948 0 0.007084)
(0.961072 0 0.00735829)
(0.948063 0 0.00731941)
(0.931928 0 0.00576609)
(0.0994989 0 -0.268522)
(0.2515 0 -0.250701)
(0.398566 0 -0.202319)
(0.523206 0 -0.155738)
(0.622761 0 -0.117898)
(0.701951 0 -0.0886972)
(0.765953 0 -0.0666502)
(0.818752 0 -0.0502995)
(0.863258 0 -0.0383948)
(0.901651 0 -0.0298823)
(0.935585 0 -0.0239239)
(0.966312 0 -0.0198813)
(0.994784 0 -0.0172673)
(1.02172 0 -0.0156965)
(1.04768 0 -0.0148459)
(1.07304 0 -0.014423)
(1.09807 0 -0.014145)
(1.12289 0 -0.0137374)
(1.14745 0 -0.0129601)
(1.17156 0 -0.0116554)
(1.19491 0 -0.00979838)
(1.21715 0 -0.00752272)
(1.23793 0 -0.00510967)
(1.25665 0 -0.00285051)
(1.27336 0 -0.000759003)
(1.28813 0 0.00122973)
(1.30103 0 0.00328615)
(1.31147 0 0.0053604)
(1.31897 0 0.00683253)
(1.32544 0 0.00598861)
(0.0798493 0 -0.426261)
(0.211453 0 -0.396214)
(0.328774 0 -0.321473)
(0.427435 0 -0.250405)
(0.50545 0 -0.193181)
(0.567737 0 -0.149161)
(0.618557 0 -0.115892)
(0.660917 0 -0.091103)
(0.697019 0 -0.0729023)
(0.728518 0 -0.0596979)
(0.756636 0 -0.0502361)
(0.782277 0 -0.0435712)
(0.806122 0 -0.0389895)
(0.828689 0 -0.035938)
(0.850368 0 -0.0339669)
(0.871457 0 -0.0326783)
(0.892168 0 -0.031693)
(0.912626 0 -0.0306451)
(0.932855 0 -0.0292147)
(0.952775 0 -0.0271896)
(0.972213 0 -0.0245249)
(0.990943 0 -0.0213665)
(1.00877 0 -0.0179871)
(1.02562 0 -0.0146296)
(1.04157 0 -0.0115288)
(1.05684 0 -0.00866946)
(1.07167 0 -0.00577829)
(1.08679 0 -0.00275204)
(1.10195 0 -4.03639e-05)
(1.11788 0 0.00163149)
(0.0603812 0 -0.552289)
(0.165771 0 -0.504616)
(0.246534 0 -0.405665)
(0.31459 0 -0.314867)
(0.366023 0 -0.243298)
(0.4067 0 -0.188848)
(0.439697 0 -0.147906)
(0.466833 0 -0.11744)
(0.489526 0 -0.0950373)
(0.508918 0 -0.0786982)
(0.525779 0 -0.0668836)
(0.540653 0 -0.0584414)
(0.553956 0 -0.0525053)
(0.566012 0 -0.0484129)
(0.57708 0 -0.0456375)
(0.58738 0 -0.0437222)
(0.597106 0 -0.0422344)
(0.606424 0 -0.0407527)
(0.615454 0 -0.0388996)
(0.624239 0 -0.0364129)
(0.632732 0 -0.0332148)
(0.640795 0 -0.0294429)
(0.648236 0 -0.025419)
(0.654908 0 -0.0215094)
(0.660812 0 -0.0180191)
(0.666098 0 -0.0150448)
(0.671096 0 -0.0123642)
(0.676149 0 -0.00978)
(0.681087 0 -0.00761992)
(0.687316 0 -0.00459346)
(0.0399466 0 -0.647941)
(0.113813 0 -0.577861)
(0.152623 0 -0.457641)
(0.188196 0 -0.352649)
(0.210091 0 -0.271751)
(0.226326 0 -0.210889)
(0.238283 0 -0.165223)
(0.246644 0 -0.131214)
(0.252124 0 -0.106159)
(0.255435 0 -0.0876785)
(0.256991 0 -0.0741107)
(0.257063 0 -0.0642205)
(0.255874 0 -0.0570769)
(0.253611 0 -0.0519757)
(0.250444 0 -0.0483749)
(0.246559 0 -0.0458162)
(0.242176 0 -0.0438671)
(0.237557 0 -0.0420853)
(0.232944 0 -0.0400403)
(0.228499 0 -0.0373939)
(0.224245 0 -0.0339882)
(0.220037 0 -0.0298957)
(0.215518 0 -0.0254516)
(0.210267 0 -0.0211257)
(0.204044 0 -0.0172455)
(0.196485 0 -0.014048)
(0.187756 0 -0.0114694)
(0.179297 0 -0.00801043)
(0.168821 0 -0.00336965)
(0.150809 0 0.000203938)
(0.017908 0 -0.707815)
(0.0549282 0 -0.611646)
(0.0482114 0 -0.473553)
(0.050041 0 -0.359708)
(0.0400885 0 -0.273352)
(0.0291193 0 -0.209196)
(0.0164585 0 -0.161085)
(0.00230574 0 -0.124843)
(-0.0129729 0 -0.0986429)
(-0.0291165 0 -0.0795213)
(-0.0458698 0 -0.0654962)
(-0.0629986 0 -0.0552897)
(-0.0803157 0 -0.0479486)
(-0.0976632 0 -0.0427622)
(-0.114898 0 -0.0392207)
(-0.131846 0 -0.0368907)
(-0.148293 0 -0.0353259)
(-0.164035 0 -0.0340153)
(-0.178983 0 -0.0324286)
(-0.193212 0 -0.0301599)
(-0.206951 0 -0.027046)
(-0.220525 0 -0.0231718)
(-0.23424 0 -0.0189222)
(-0.248324 0 -0.0147662)
(-0.262806 0 -0.010565)
(-0.277916 0 -0.00598339)
(-0.296061 0 -0.00154212)
(-0.315695 0 0.00239267)
(-0.329369 0 0.00514416)
(-0.336049 0 0.00479532)
(-0.00740651 0 -0.724716)
(-0.0128754 0 -0.599983)
(-0.0655698 0 -0.44994)
(-0.100907 0 -0.333662)
(-0.144079 0 -0.246736)
(-0.185448 0 -0.183576)
(-0.22522 0 -0.137044)
(-0.262968 0 -0.102473)
(-0.298971 0 -0.0771965)
(-0.333208 0 -0.059032)
(-0.365452 0 -0.0461315)
(-0.395584 0 -0.0371379)
(-0.423634 0 -0.0310076)
(-0.44976 0 -0.0269596)
(-0.474216 0 -0.0245091)
(-0.497225 0 -0.0232375)
(-0.518951 0 -0.0227026)
(-0.539533 0 -0.0223627)
(-0.559158 0 -0.0216262)
(-0.578108 0 -0.0200102)
(-0.59673 0 -0.0172591)
(-0.615363 0 -0.0133527)
(-0.634249 0 -0.00867062)
(-0.653675 0 -0.00398801)
(-0.673604 0 6.48592e-05)
(-0.690691 0 0.00351059)
(-0.703364 0 0.00633056)
(-0.713537 0 0.00808409)
(-0.722564 0 0.00850352)
(-0.727794 0 0.00767519)
(-0.0393472 0 -0.689943)
(-0.0917151 0 -0.541786)
(-0.189102 0 -0.390942)
(-0.265211 0 -0.277503)
(-0.342067 0 -0.194537)
(-0.413217 0 -0.136228)
(-0.477455 0 -0.0950119)
(-0.534385 0 -0.0651319)
(-0.584839 0 -0.0436301)
(-0.629903 0 -0.0287442)
(-0.670359 0 -0.0188167)
(-0.706947 0 -0.0125371)
(-0.740415 0 -0.00890844)
(-0.770648 0 -0.00718519)
(-0.798348 0 -0.00668615)
(-0.824198 0 -0.0069841)
(-0.848691 0 -0.0077034)
(-0.872085 0 -0.00833571)
(-0.894422 0 -0.00822515)
(-0.916083 0 -0.00681437)
(-0.937753 0 -0.00405396)
(-0.959598 0 -0.000494041)
(-0.9801 0 0.0031669)
(-0.99768 0 0.00629658)
(-1.01169 0 0.00844847)
(-1.02384 0 0.00995507)
(-1.03443 0 0.0114009)
(-1.0438 0 0.0125984)
(-1.05162 0 0.012703)
(-1.05579 0 0.0117939)
(-0.0795454 0 -0.598791)
(-0.182519 0 -0.434062)
(-0.331454 0 -0.290405)
(-0.45128 0 -0.187705)
(-0.561828 0 -0.115028)
(-0.661434 0 -0.0649115)
(-0.750036 0 -0.0318253)
(-0.826541 0 -0.0110334)
(-0.888284 0 0.00121424)
(-0.938841 0 0.00845281)
(-0.980815 0 0.0124251)
(-1.01634 0 0.0141439)
(-1.04707 0 0.0142879)
(-1.07492 0 0.0134829)
(-1.10082 0 0.0121848)
(-1.12532 0 0.0105664)
(-1.14863 0 0.00874211)
(-1.17074 0 0.00703645)
(-1.1917 0 0.00606594)
(-1.21142 0 0.0064039)
(-1.22967 0 0.00808263)
(-1.24654 0 0.0104723)
(-1.26272 0 0.0127866)
(-1.27807 0 0.0144687)
(-1.29184 0 0.0153832)
(-1.30358 0 0.0158143)
(-1.31347 0 0.0162056)
(-1.32205 0 0.0165608)
(-1.32906 0 0.0163216)
(-1.33255 0 0.0155575)
(-0.134404 0 -0.445994)
(-0.298929 0 -0.273718)
(-0.51133 0 -0.146039)
(-0.685783 0 -0.0572285)
(-0.828932 0 -0.00315905)
(-0.938946 0 0.0250084)
(-1.02376 0 0.0383942)
(-1.08999 0 0.0432154)
(-1.14526 0 0.0440392)
(-1.1918 0 0.0429441)
(-1.23174 0 0.0408783)
(-1.26656 0 0.0381985)
(-1.29733 0 0.0351647)
(-1.3249 0 0.0320773)
(-1.35011 0 0.0290905)
(-1.37356 0 0.026127)
(-1.39542 0 0.0230419)
(-1.41556 0 0.0200268)
(-1.43393 0 0.0177272)
(-1.4509 0 0.0168854)
(-1.46722 0 0.017767)
(-1.48348 0 0.0198202)
(-1.4997 0 0.0218508)
(-1.51521 0 0.022806)
(-1.52898 0 0.0224789)
(-1.54036 0 0.021491)
(-1.54956 0 0.0206737)
(-1.55738 0 0.0202502)
(-1.56368 0 0.0197797)
(-1.56667 0 0.0192003)
(-0.214602 0 -0.242894)
(-0.457516 0 -0.0373787)
(-0.706978 0 0.0614834)
(-0.887466 0 0.097439)
(-1.02686 0 0.107453)
(-1.13729 0 0.106931)
(-1.22493 0 0.101359)
(-1.2952 0 0.0936269)
(-1.35215 0 0.085165)
(-1.39911 0 0.0770122)
(-1.43887 0 0.0696268)
(-1.47327 0 0.0628025)
(-1.50341 0 0.0563847)
(-1.53021 0 0.0506062)
(-1.55466 0 0.0456464)
(-1.57756 0 0.0412032)
(-1.59903 0 0.0367567)
(-1.61867 0 0.0323035)
(-1.6362 0 0.0286601)
(-1.65209 0 0.0268937)
(-1.66742 0 0.0273722)
(-1.68317 0 0.029296)
(-1.69944 0 0.0310589)
(-1.71529 0 0.0312312)
(-1.7292 0 0.0295075)
(-1.74021 0 0.0268648)
(-1.74862 0 0.0246892)
(-1.75556 0 0.0235412)
(-1.76115 0 0.0229724)
(-1.76372 0 0.0226125)
(-0.299448 0 0.165747)
(-0.572637 0 0.257082)
(-0.849118 0 0.266941)
(-1.04987 0 0.250369)
(-1.20313 0 0.224127)
(-1.31952 0 0.195854)
(-1.40878 0 0.169572)
(-1.4785 0 0.146498)
(-1.53381 0 0.126682)
(-1.5787 0 0.110473)
(-1.61656 0 0.0976077)
(-1.64952 0 0.0868072)
(-1.67842 0 0.0771118)
(-1.70393 0 0.0687008)
(-1.72726 0 0.0619521)
(-1.74949 0 0.0563055)
(-1.77067 0 0.0506026)
(-1.78985 0 0.0444761)
(-1.80632 0 0.0390579)
(-1.82064 0 0.0361002)
(-1.8345 0 0.0363121)
(-1.84951 0 0.038539)
(-1.86594 0 0.0404317)
(-1.8824 0 0.03993)
(-1.89669 0 0.036594)
(-1.90731 0 0.0319311)
(-1.91469 0 0.0281753)
(-1.92049 0 0.026363)
(-1.92524 0 0.0258487)
(-1.92742 0 0.0257313)
(-0.355384 0 0.573937)
(-0.695311 0 0.590648)
(-1.01943 0 0.505752)
(-1.23458 0 0.419183)
(-1.38855 0 0.345943)
(-1.50008 0 0.283915)
(-1.5828 0 0.234781)
(-1.64641 0 0.196425)
(-1.69614 0 0.165444)
(-1.73586 0 0.141363)
(-1.76966 0 0.123642)
(-1.79999 0 0.109482)
(-1.82692 0 0.0965689)
(-1.85036 0 0.0853194)
(-1.87175 0 0.0768971)
(-1.89287 0 0.0705418)
(-1.91375 0 0.0639632)
(-1.93252 0 0.0560515)
(-1.94759 0 0.0484254)
(-1.95963 0 0.0440416)
(-1.97132 0 0.0442782)
(-1.98529 0 0.0474639)
(-2.00207 0 0.0500821)
(-2.01965 0 0.0490984)
(-2.03468 0 0.0438462)
(-2.04488 0 0.0366056)
(-2.0508 0 0.0309274)
(-2.05501 0 0.0285603)
(-2.05875 0 0.0283639)
(-2.06056 0 0.0285454)
(-0.473043 0 1.08762)
(-0.904422 0 0.993633)
(-1.26141 0 0.765766)
(-1.4593 0 0.581505)
(-1.59153 0 0.457556)
(-1.68427 0 0.359076)
(-1.74981 0 0.288867)
(-1.8007 0 0.239648)
(-1.84098 0 0.199418)
(-1.87229 0 0.167438)
(-1.89964 0 0.14582)
(-1.92642 0 0.129856)
(-1.95104 0 0.114347)
(-1.97155 0 0.100242)
(-1.98982 0 0.0906023)
(-2.00925 0 0.0846494)
(-2.03007 0 0.077943)
(-2.04883 0 0.0679192)
(-2.06226 0 0.0570448)
(-2.07102 0 0.0505363)
(-2.07952 0 0.0510868)
(-2.09207 0 0.0561583)
(-2.10959 0 0.0603351)
(-2.12906 0 0.0591196)
(-2.14543 0 0.0514738)
(-2.15512 0 0.0407714)
(-2.1589 0 0.0326019)
(-2.16082 0 0.0298695)
(-2.16331 0 0.0304732)
(-2.16479 0 0.031075)
(-0.703659 0 2.08285)
(-1.23824 0 1.65711)
(-1.61666 0 1.05741)
(-1.74168 0 0.668008)
(-1.81407 0 0.531699)
(-1.87169 0 0.417309)
(-1.90563 0 0.335577)
(-1.93784 0 0.280394)
(-1.96821 0 0.227574)
(-1.98875 0 0.183412)
(-2.00622 0 0.161033)
(-2.02848 0 0.148914)
(-2.05121 0 0.132714)
(-2.0681 0 0.114479)
(-2.08164 0 0.102507)
(-2.09869 0 0.0976336)
(-2.12041 0 0.0913729)
(-2.14036 0 0.0784566)
(-2.15203 0 0.0626897)
(-2.15598 0 0.0532122)
(-2.15958 0 0.0549938)
(-2.1701 0 0.0638729)
(-2.18895 0 0.071167)
(-2.21146 0 0.070276)
(-2.23007 0 0.0596555)
(-2.23915 0 0.0441922)
(-2.23966 0 0.0326091)
(-2.23816 0 0.0298534)
(-2.23913 0 0.0321701)
(-2.24044 0 0.0334602)
(9.9959 0 0.138444)
(9.98225 0 0.275235)
(9.95811 0 0.41252)
(9.92453 0 0.552267)
(9.88242 0 0.696153)
(9.83216 0 0.845731)
(9.77399 0 1.00251)
(9.70815 0 1.16796)
(9.63493 0 1.34354)
(9.55459 0 1.53073)
(9.4674 0 1.73101)
(9.37364 0 1.94594)
(9.27357 0 2.17713)
(9.16744 0 2.42634)
(9.0555 0 2.69548)
(8.93797 0 2.98667)
(8.81505 0 3.30239)
(8.68687 0 3.6455)
(8.5535 0 4.01954)
(8.41494 0 4.42888)
(8.27112 0 4.87916)
(8.12192 0 5.37783)
(7.96729 0 5.93509)
(7.80749 0 6.56527)
(7.64372 0 7.28946)
(7.48095 0 8.14024)
(7.33242 0 9.17158)
(7.28815 0 10.477)
(7.74592 0 12.2014)
(7.92689 0 14.9199)
(9.99638 0 0.143404)
(9.98434 0 0.28509)
(9.96305 0 0.427248)
(9.93352 0 0.571876)
(9.89656 0 0.720667)
(9.85262 0 0.875178)
(9.80197 0 1.03692)
(9.74492 0 1.20736)
(9.68184 0 1.38796)
(9.61309 0 1.58018)
(9.53907 0 1.7855)
(9.46019 0 2.00544)
(9.37688 0 2.24162)
(9.28964 0 2.49576)
(9.19897 0 2.76975)
(9.10546 0 3.06571)
(9.00975 0 3.38606)
(8.91261 0 3.73365)
(8.81494 0 4.11193)
(8.71792 0 4.52516)
(8.62316 0 4.97877)
(8.53302 0 5.47978)
(8.45121 0 6.03752)
(8.384 0 6.66457)
(8.34256 0 7.37817)
(8.34894 0 8.20172)
(8.44197 0 9.16539)
(8.67756 0 10.3024)
(9.32444 0 11.5577)
(9.81437 0 12.6468)
(9.99688 0 0.147841)
(9.98651 0 0.293901)
(9.96819 0 0.440398)
(9.94283 0 0.589346)
(9.91121 0 0.74244)
(9.87377 0 0.901232)
(9.83085 0 1.06722)
(9.78283 0 1.24186)
(9.73013 0 1.42658)
(9.67323 0 1.62282)
(9.61263 0 1.83201)
(9.54888 0 2.05565)
(9.48261 0 2.29528)
(9.41452 0 2.55256)
(9.3454 0 2.82929)
(9.27617 0 3.12749)
(9.20793 0 3.44941)
(9.14202 0 3.79769)
(9.08013 0 4.17545)
(9.02447 0 4.58646)
(8.97806 0 5.03531)
(8.94518 0 5.52769)
(8.93211 0 6.07057)
(8.94838 0 6.67235)
(9.00847 0 7.34248)
(9.13453 0 8.08962)
(9.35756 0 8.91563)
(9.68708 0 9.80946)
(10.2529 0 10.7197)
(10.9408 0 11.4366)
(9.9974 0 0.151702)
(9.98874 0 0.301563)
(9.97347 0 0.451805)
(9.95239 0 0.604445)
(9.92623 0 0.76117)
(9.89544 0 0.923516)
(9.86041 0 1.09295)
(9.82157 0 1.27091)
(9.77942 0 1.45878)
(9.73451 0 1.65795)
(9.68747 0 1.86978)
(9.63897 0 2.09569)
(9.58982 0 2.33715)
(9.5409 0 2.59569)
(9.49327 0 2.87297)
(9.44816 0 3.17079)
(9.40705 0 3.49115)
(9.37177 0 3.83632)
(9.34463 0 4.20887)
(9.32858 0 4.61178)
(9.32757 0 5.04846)
(9.34689 0 5.52275)
(9.39379 0 6.03876)
(9.47817 0 6.60049)
(9.61325 0 7.21069)
(9.81586 0 7.86904)
(10.1088 0 8.56845)
(10.5007 0 9.29428)
(11.0584 0 10.0364)
(11.8519 0 10.6816)
(9.99792 0 0.154942)
(9.99101 0 0.307982)
(9.97884 0 0.461332)
(9.96212 0 0.616996)
(9.9415 0 0.77664)
(9.91745 0 0.941771)
(9.89039 0 1.11382)
(9.86081 0 1.29418)
(9.82926 0 1.48418)
(9.79639 0 1.68512)
(9.76291 0 1.89831)
(9.72961 0 2.12505)
(9.69744 0 2.36668)
(9.66746 0 2.62458)
(9.64093 0 2.90018)
(9.61932 0 3.19504)
(9.60443 0 3.51079)
(9.59843 0 3.84922)
(9.604 0 4.21226)
(9.62455 0 4.60194)
(9.66439 0 5.02036)
(9.72904 0 5.46955)
(9.82559 0 5.95112)
(9.96299 0 6.46576)
(10.1523 0 7.0124)
(10.4066 0 7.58716)
(10.7433 0 8.18193)
(11.1738 0 8.782)
(11.7213 0 9.3758)
(12.4748 0 9.88841)
(9.99845 0 0.157516)
(9.9933 0 0.313072)
(9.98427 0 0.468853)
(9.97193 0 0.626833)
(9.95689 0 0.788645)
(9.93961 0 0.955755)
(9.92053 0 1.12955)
(9.9002 0 1.31135)
(9.87923 0 1.50242)
(9.85831 0 1.70398)
(9.83823 0 1.91723)
(9.81989 0 2.14334)
(9.80435 0 2.38349)
(9.79279 0 2.63887)
(9.78663 0 2.91066)
(9.78752 0 3.20011)
(9.79742 0 3.50844)
(9.81871 0 3.83692)
(9.85424 0 4.18676)
(9.90751 0 4.55908)
(9.98281 0 4.95478)
(10.0854 0 5.37434)
(10.2215 0 5.8175)
(10.3987 0 6.2828)
(10.626 0 6.76699)
(10.9128 0 7.26428)
(11.2706 0 7.76545)
(11.7072 0 8.25495)
(12.2234 0 8.71606)
(12.8996 0 9.10726)
(9.99898 0 0.159385)
(9.9956 0 0.316758)
(9.9897 0 0.474256)
(9.98176 0 0.633809)
(9.97228 0 0.797006)
(9.96172 0 0.96526)
(9.95058 0 1.1399)
(9.9394 0 1.32216)
(9.92885 0 1.51324)
(9.91965 0 1.71425)
(9.91268 0 1.92626)
(9.90889 0 2.15031)
(9.9094 0 2.38738)
(9.9155 0 2.63845)
(9.92868 0 2.90444)
(9.95068 0 3.18625)
(9.98354 0 3.4847)
(10.0297 0 3.8005)
(10.0919 0 4.13421)
(10.1736 0 4.48614)
(10.2786 0 4.85618)
(10.4117 0 5.24364)
(10.5781 0 5.64693)
(10.7837 0 6.06325)
(11.035 0 6.48811)
(11.3383 0 6.91481)
(11.6999 0 7.33401)
(12.1238 0 7.73226)
(12.6039 0 8.09501)
(13.2096 0 8.40171)
(9.99951 0 0.160516)
(9.99789 0 0.318972)
(9.9951 0 0.477442)
(9.9915 0 0.637798)
(9.98752 0 0.801571)
(9.98361 0 0.970113)
(9.98025 0 1.14468)
(9.97804 0 1.32643)
(9.97765 0 1.51645)
(9.97985 0 1.71574)
(9.98553 0 1.92525)
(9.99569 0 2.14584)
(10.0115 0 2.37832)
(10.0342 0 2.62343)
(10.0655 0 2.88182)
(10.1069 0 3.15405)
(10.1606 0 3.44054)
(10.2288 0 3.74151)
(10.3142 0 4.05695)
(10.4198 0 4.38649)
(10.5491 0 4.72925)
(10.7058 0 5.08373)
(10.8941 0 5.44753)
(11.1184 0 5.81713)
(11.3829 0 6.18762)
(11.6914 0 6.55244)
(12.0467 0 6.90331)
(12.4504 0 7.22991)
(12.8949 0 7.52108)
(13.4381 0 7.76549)
(10 0 0.160881)
(10.0001 0 0.31966)
(10.0004 0 0.478332)
(10.0011 0 0.638698)
(10.0025 0 0.802223)
(10.0051 0 0.970184)
(10.0093 0 1.14375)
(10.0158 0 1.32401)
(10.0252 0 1.51191)
(10.0383 0 1.70837)
(10.0561 0 1.91416)
(10.0794 0 2.12999)
(10.1096 0 2.35648)
(10.1478 0 2.59415)
(10.1956 0 2.84337)
(10.2546 0 3.1044)
(10.3267 0 3.37728)
(10.4141 0 3.66184)
(10.5191 0 3.95759)
(10.6443 0 4.26365)
(10.7925 0 4.57863)
(10.9667 0 4.90051)
(11.17 0 5.2265)
(11.4052 0 5.55288)
(11.675 0 5.87491)
(11.9812 0 6.18673)
(12.3247 0 6.48147)
(12.7052 0 6.75128)
(13.115 0 6.98781)
(13.603 0 7.18421)
(10.0005 0 0.160458)
(10.0023 0 0.31878)
(10.0056 0 0.476867)
(10.0104 0 0.636437)
(10.017 0 0.798878)
(10.0259 0 0.965389)
(10.0374 0 1.13705)
(10.0523 0 1.31484)
(10.071 0 1.49962)
(10.0945 0 1.69215)
(10.1236 0 1.89308)
(10.1593 0 2.10296)
(10.2027 0 2.32221)
(10.2551 0 2.55114)
(10.3178 0 2.78988)
(10.3923 0 3.03841)
(10.4805 0 3.29648)
(10.5842 0 3.56358)
(10.7053 0 3.83887)
(10.8459 0 4.12113)
(11.0084 0 4.40866)
(11.1948 0 4.6992)
(11.4073 0 4.98989)
(11.6476 0 5.27713)
(11.917 0 5.55663)
(12.2162 0 5.8234)
(12.5446 0 6.07192)
(12.901 0 6.29629)
(13.2783 0 6.49045)
(13.7184 0 6.65024)
(10.001 0 0.159233)
(10.0044 0 0.316302)
(10.0106 0 0.473006)
(10.0194 0 0.630968)
(10.0311 0 0.791492)
(10.0459 0 0.955689)
(10.0644 0 1.12455)
(10.0872 0 1.29894)
(10.1148 0 1.47961)
(10.148 0 1.66721)
(10.1876 0 1.86223)
(10.2346 0 2.06508)
(10.2901 0 2.276)
(10.3551 0 2.4951)
(10.431 0 2.72232)
(10.5191 0 2.95739)
(10.6209 0 3.19984)
(10.738 0 3.4489)
(10.8719 0 3.70352)
(11.0244 0 3.96226)
(11.197 0 4.22329)
(11.3913 0 4.48433)
(11.6084 0 4.7426)
(11.8494 0 4.99485)
(12.1146 0 5.23736)
(12.4037 0 5.46602)
(12.7156 0 5.67651)
(13.0485 0 5.86446)
(13.3961 0 6.02564)
(13.795 0 6.15752)
(10.0015 0 0.157197)
(10.0065 0 0.312212)
(10.0154 0 0.466731)
(10.028 0 0.622275)
(10.0444 0 0.780056)
(10.065 0 0.941093)
(10.0901 0 1.10628)
(10.1202 0 1.27638)
(10.1561 0 1.45204)
(10.1982 0 1.63376)
(10.2476 0 1.82194)
(10.3049 0 2.01681)
(10.3711 0 2.21847)
(10.4473 0 2.42687)
(10.5347 0 2.64177)
(10.6342 0 2.86274)
(10.7473 0 3.08911)
(10.8751 0 3.31997)
(11.019 0 3.55413)
(11.18 0 3.79008)
(11.3593 0 4.02598)
(11.5578 0 4.25965)
(11.7761 0 4.48853)
(12.0146 0 4.7098)
(12.2729 0 4.92032)
(12.5503 0 5.11681)
(12.8454 0 5.29597)
(13.156 0 5.45462)
(13.4769 0 5.58984)
(13.8404 0 5.70014)
(10.0019 0 0.154349)
(10.0084 0 0.30651)
(10.0199 0 0.458047)
(10.0361 0 0.61037)
(10.0571 0 0.764598)
(10.083 0 0.921656)
(10.1142 0 1.08234)
(10.1512 0 1.24731)
(10.1946 0 1.4171)
(10.245 0 1.59211)
(10.303 0 1.7726)
(10.3695 0 1.95869)
(10.4453 0 2.15035)
(10.5312 0 2.34738)
(10.6282 0 2.54942)
(10.7373 0 2.7559)
(10.8595 0 2.96606)
(10.9956 0 3.17889)
(11.1467 0 3.39315)
(11.3134 0 3.60734)
(11.4965 0 3.81971)
(11.6965 0 4.02825)
(11.9134 0 4.23072)
(12.1471 0 4.4247)
(12.397 0 4.60765)
(12.6619 0 4.777)
(12.9404 0 4.93024)
(13.2304 0 5.06511)
(13.5274 0 5.17962)
(13.8605 0 5.27293)
(10.0024 0 0.150696)
(10.0102 0 0.299209)
(10.0241 0 0.446975)
(10.0438 0 0.595294)
(10.0689 0 0.745183)
(10.0997 0 0.897476)
(10.1366 0 1.05287)
(10.1799 0 1.21193)
(10.2302 0 1.37508)
(10.2879 0 1.54263)
(10.3537 0 1.71472)
(10.4283 0 1.89137)
(10.5123 0 2.07243)
(10.6064 0 2.25762)
(10.7115 0 2.44647)
(10.8283 0 2.63834)
(10.9575 0 2.83239)
(11.0998 0 3.0276)
(11.2557 0 3.22275)
(11.4259 0 3.4164)
(11.6105 0 3.60696)
(11.8097 0 3.79262)
(12.0232 0 3.97149)
(12.2507 0 4.14153)
(12.4912 0 4.30072)
(12.7436 0 4.44708)
(13.0062 0 4.57875)
(13.2773 0 4.69413)
(13.553 0 4.7919)
(13.8596 0 4.87162)
(10.0027 0 0.14625)
(10.0119 0 0.290334)
(10.0281 0 0.43356)
(10.0508 0 0.577112)
(10.0798 0 0.721909)
(10.1152 0 0.86869)
(10.1572 0 1.01806)
(10.2062 0 1.17049)
(10.2626 0 1.32632)
(10.3269 0 1.48574)
(10.3995 0 1.64884)
(10.481 0 1.81552)
(10.5719 0 1.98557)
(10.6729 0 2.15861)
(10.7845 0 2.33413)
(10.9073 0 2.51144)
(11.0417 0 2.6897)
(11.1883 0 2.8679)
(11.3473 0 3.04487)
(11.5189 0 3.21932)
(11.7031 0 3.38979)
(11.8999 0 3.55474)
(12.1087 0 3.71256)
(12.329 0 3.86162)
(12.5597 0 4.00031)
(12.7997 0 4.12712)
(13.0474 0 4.24071)
(13.3012 0 4.33996)
(13.5579 0 4.42399)
(13.8416 0 4.49266)
(10.0031 0 0.141029)
(10.0134 0 0.279925)
(10.0317 0 0.417864)
(10.0573 0 0.555916)
(10.0898 0 0.694902)
(10.1293 0 0.835471)
(10.1759 0 0.978138)
(10.23 0 1.12329)
(10.2919 0 1.27118)
(10.3618 0 1.42194)
(10.4403 0 1.57554)
(10.5277 0 1.73185)
(10.6244 0 1.89059)
(10.7309 0 2.05135)
(10.8476 0 2.21356)
(10.9748 0 2.37654)
(11.1129 0 2.53946)
(11.2621 0 2.70137)
(11.4224 0 2.86121)
(11.594 0 3.01779)
(11.7765 0 3.16986)
(11.9696 0 3.31611)
(12.1728 0 3.45522)
(12.3854 0 3.58586)
(12.6062 0 3.7068)
(12.8342 0 3.81691)
(13.068 0 3.91522)
(13.3062 0 4.00095)
(13.5459 0 4.07358)
(13.8095 0 4.13309)
(10.0034 0 0.135058)
(10.0148 0 0.268028)
(10.035 0 0.399962)
(10.0632 0 0.531815)
(10.0988 0 0.664312)
(10.142 0 0.798018)
(10.1927 0 0.933364)
(10.2513 0 1.07066)
(10.3179 0 1.21009)
(10.3927 0 1.35171)
(10.4761 0 1.49544)
(10.5684 0 1.6411)
(10.6698 0 1.78837)
(10.7806 0 1.9368)
(10.9011 0 2.08585)
(11.0315 0 2.23484)
(11.1719 0 2.38299)
(11.3223 0 2.52943)
(11.4827 0 2.67318)
(11.6529 0 2.81323)
(11.8326 0 2.94849)
(12.0213 0 3.07789)
(12.2184 0 3.20032)
(12.423 0 3.31478)
(12.6341 0 3.42029)
(12.8508 0 3.51603)
(13.0717 0 3.60131)
(13.2956 0 3.67561)
(13.5202 0 3.73862)
(13.7661 0 3.79043)
(10.0037 0 0.128363)
(10.0161 0 0.254701)
(10.0379 0 0.379944)
(10.0684 0 0.504935)
(10.1069 0 0.63031)
(10.1533 0 0.756551)
(10.2076 0 0.884017)
(10.27 0 1.01295)
(10.3407 0 1.14346)
(10.4196 0 1.27556)
(10.5071 0 1.40913)
(10.6033 0 1.54396)
(10.7084 0 1.67969)
(10.8225 0 1.81589)
(10.9457 0 1.95203)
(11.0781 0 2.08746)
(11.2196 0 2.22146)
(11.3702 0 2.35325)
(11.5297 0 2.48198)
(11.6977 0 2.60676)
(11.8738 0 2.72669)
(12.0575 0 2.84088)
(12.2481 0 2.94846)
(12.4448 0 3.04863)
(12.6466 0 3.14066)
(12.8526 0 3.22395)
(13.0616 0 3.29802)
(13.2726 0 3.36255)
(13.4837 0 3.41735)
(13.7139 0 3.46258)
(10.004 0 0.120976)
(10.0172 0 0.240008)
(10.0405 0 0.357907)
(10.0731 0 0.475414)
(10.114 0 0.593078)
(10.1632 0 0.711306)
(10.2207 0 0.830389)
(10.2864 0 0.950505)
(10.3604 0 1.07172)
(10.4428 0 1.19401)
(10.5336 0 1.31722)
(10.6329 0 1.4411)
(10.7407 0 1.56532)
(10.8571 0 1.68946)
(10.982 0 1.81299)
(11.1155 0 1.93533)
(11.2572 0 2.05584)
(11.4071 0 2.17382)
(11.5649 0 2.28854)
(11.73 0 2.39925)
(11.9021 0 2.50519)
(12.0805 0 2.60565)
(12.2645 0 2.69994)
(12.4535 0 2.78745)
(12.6464 0 2.86763)
(12.8425 0 2.94006)
(13.0406 0 3.0044)
(13.24 0 3.06046)
(13.4389 0 3.10817)
(13.6553 0 3.14769)
(10.0042 0 0.11293)
(10.0182 0 0.224014)
(10.0428 0 0.333956)
(10.0771 0 0.443396)
(10.1202 0 0.552806)
(10.1718 0 0.662522)
(10.2319 0 0.772775)
(10.3004 0 0.883693)
(10.3772 0 0.995305)
(10.4623 0 1.10754)
(10.5557 0 1.22024)
(10.6574 0 1.33316)
(10.7672 0 1.44596)
(10.8851 0 1.55824)
(11.011 0 1.66953)
(11.1447 0 1.77929)
(11.286 0 1.88697)
(11.4345 0 1.99195)
(11.5899 0 2.09361)
(11.7518 0 2.19133)
(11.9195 0 2.28449)
(12.0925 0 2.37253)
(12.2702 0 2.45489)
(12.4517 0 2.53112)
(12.6363 0 2.60082)
(12.8231 0 2.66368)
(13.0114 0 2.7195)
(13.2002 0 2.76816)
(13.3883 0 2.80965)
(13.5923 0 2.84416)
(10.0044 0 0.104258)
(10.019 0 0.206787)
(10.0448 0 0.308193)
(10.0807 0 0.409027)
(10.1256 0 0.509683)
(10.1793 0 0.610438)
(10.2415 0 0.711467)
(10.3123 0 0.812856)
(10.3914 0 0.914602)
(10.4786 0 1.01662)
(10.574 0 1.11873)
(10.6773 0 1.2207)
(10.7885 0 1.32221)
(10.9073 0 1.42288)
(11.0335 0 1.5223)
(11.1668 0 1.62)
(11.307 0 1.71548)
(11.4537 0 1.80822)
(11.6065 0 1.89771)
(11.7648 0 1.98343)
(11.9281 0 2.06488)
(12.0958 0 2.14162)
(12.2672 0 2.21322)
(12.4417 0 2.27934)
(12.6186 0 2.3397)
(12.797 0 2.39408)
(12.9763 0 2.44235)
(13.1556 0 2.48446)
(13.334 0 2.52044)
(13.5271 0 2.55049)
(10.0046 0 0.0949919)
(10.0198 0 0.188393)
(10.0466 0 0.280722)
(10.0837 0 0.372447)
(10.1302 0 0.463895)
(10.1855 0 0.555283)
(10.2496 0 0.646739)
(10.3222 0 0.738316)
(10.4031 0 0.829987)
(10.492 0 0.92165)
(10.5888 0 1.01314)
(10.6933 0 1.10421)
(10.8052 0 1.19459)
(10.9243 0 1.28394)
(11.0503 0 1.37187)
(11.1829 0 1.458)
(11.3217 0 1.54188)
(11.4662 0 1.6231)
(11.6161 0 1.70121)
(11.7707 0 1.77581)
(11.9296 0 1.84649)
(12.0922 0 1.91291)
(12.2578 0 1.97475)
(12.4258 0 2.03175)
(12.5955 0 2.08371)
(12.7663 0 2.13049)
(12.9375 0 2.17201)
(13.1084 0 2.20827)
(13.2782 0 2.23932)
(13.4617 0 2.26534)
(10.0047 0 0.0851597)
(10.0204 0 0.168889)
(10.0481 0 0.251634)
(10.0863 0 0.333789)
(10.1341 0 0.415614)
(10.1909 0 0.497271)
(10.2564 0 0.578847)
(10.3304 0 0.660367)
(10.4127 0 0.741785)
(10.5028 0 0.822998)
(10.6006 0 0.903841)
(10.7058 0 0.9841)
(10.8181 0 1.06352)
(10.9371 0 1.14179)
(11.0625 0 1.21861)
(11.194 0 1.29361)
(11.331 0 1.36646)
(11.4733 0 1.43678)
(11.6202 0 1.50422)
(11.7713 0 1.56846)
(11.926 0 1.62919)
(12.0837 0 1.68612)
(12.2439 0 1.73903)
(12.4059 0 1.78773)
(12.5691 0 1.83208)
(12.7331 0 1.87198)
(12.897 0 1.90741)
(13.0605 0 1.93838)
(13.2227 0 1.96495)
(13.3977 0 1.98729)
(10.0049 0 0.0747818)
(10.021 0 0.14832)
(10.0494 0 0.221009)
(10.0886 0 0.293171)
(10.1374 0 0.364998)
(10.1953 0 0.436601)
(10.262 0 0.508031)
(10.3372 0 0.579291)
(10.4204 0 0.650325)
(10.5114 0 0.721027)
(10.6099 0 0.791245)
(10.7154 0 0.860785)
(10.8277 0 0.92942)
(10.9463 0 0.996894)
(11.0709 0 1.06293)
(11.2011 0 1.12725)
(11.3363 0 1.18955)
(11.4762 0 1.24953)
(11.6203 0 1.30693)
(11.7679 0 1.36148)
(11.9187 0 1.41294)
(12.0719 0 1.46109)
(12.2272 0 1.50578)
(12.3838 0 1.54686)
(12.5413 0 1.58424)
(12.6991 0 1.61786)
(12.8568 0 1.64772)
(13.0137 0 1.67385)
(13.1692 0 1.69632)
(13.3369 0 1.71526)
(10.005 0 0.063865)
(10.0215 0 0.126712)
(10.0506 0 0.188904)
(10.0906 0 0.250687)
(10.1403 0 0.312169)
(10.1992 0 0.373404)
(10.2668 0 0.434418)
(10.3428 0 0.4952)
(10.4267 0 0.55569)
(10.5183 0 0.615788)
(10.6171 0 0.675358)
(10.7227 0 0.734232)
(10.8348 0 0.792216)
(10.9528 0 0.849095)
(11.0765 0 0.90464)
(11.2053 0 0.958617)
(11.3387 0 1.01079)
(11.4764 0 1.06092)
(11.6177 0 1.10879)
(11.7622 0 1.1542)
(11.9093 0 1.19696)
(12.0586 0 1.23692)
(12.2094 0 1.27396)
(12.3613 0 1.30797)
(12.5138 0 1.3389)
(12.6663 0 1.36672)
(12.8184 0 1.39143)
(12.9697 0 1.41307)
(13.1196 0 1.4317)
(13.2809 0 1.44746)
(10.0051 0 0.0523888)
(10.0221 0 0.10405)
(10.0518 0 0.155363)
(10.0925 0 0.206465)
(10.143 0 0.257356)
(10.2025 0 0.308031)
(10.2708 0 0.358486)
(10.3474 0 0.408696)
(10.4319 0 0.458596)
(10.5238 0 0.508093)
(10.6227 0 0.557067)
(10.7283 0 0.605376)
(10.8399 0 0.652862)
(10.9573 0 0.699351)
(11.08 0 0.744661)
(11.2074 0 0.788604)
(11.3392 0 0.830997)
(11.4748 0 0.871659)
(11.6136 0 0.910423)
(11.7553 0 0.947136)
(11.8993 0 0.981662)
(12.045 0 1.01389)
(12.192 0 1.04373)
(12.3398 0 1.07111)
(12.488 0 1.09601)
(12.636 0 1.1184)
(12.7834 0 1.1383)
(12.9299 0 1.15575)
(13.075 0 1.1708)
(13.231 0 1.18357)
(10.0053 0 0.0402702)
(10.0228 0 0.0802289)
(10.0532 0 0.120227)
(10.0947 0 0.160202)
(10.1458 0 0.200045)
(10.2059 0 0.239736)
(10.2747 0 0.279273)
(10.3518 0 0.318619)
(10.4366 0 0.357709)
(10.5286 0 0.396458)
(10.6276 0 0.434764)
(10.7329 0 0.47251)
(10.8441 0 0.509569)
(10.9608 0 0.545802)
(11.0825 0 0.581068)
(11.2087 0 0.615221)
(11.3389 0 0.648122)
(11.4726 0 0.679634)
(11.6094 0 0.709635)
(11.7486 0 0.73801)
(11.8899 0 0.764662)
(12.0327 0 0.789513)
(12.1765 0 0.8125)
(12.321 0 0.833582)
(12.4656 0 0.852736)
(12.6099 0 0.869958)
(12.7535 0 0.885263)
(12.8962 0 0.898682)
(13.0373 0 0.910262)
(13.1891 0 0.920091)
(10.0056 0 0.0273269)
(10.0239 0 0.0555912)
(10.0551 0 0.0845855)
(10.0971 0 0.113644)
(10.1487 0 0.142538)
(10.2092 0 0.171287)
(10.2784 0 0.199904)
(10.3558 0 0.228356)
(10.4408 0 0.256585)
(10.5329 0 0.284531)
(10.6318 0 0.31212)
(10.7369 0 0.339274)
(10.8477 0 0.365901)
(10.9638 0 0.391907)
(11.0846 0 0.417192)
(11.2098 0 0.441656)
(11.3387 0 0.465203)
(11.4709 0 0.487739)
(11.6059 0 0.50918)
(11.7432 0 0.529448)
(11.8823 0 0.54848)
(12.0227 0 0.566221)
(12.164 0 0.582632)
(12.3058 0 0.597687)
(12.4476 0 0.611372)
(12.589 0 0.623688)
(12.7296 0 0.634648)
(12.8692 0 0.644277)
(13.0073 0 0.652609)
(13.1555 0 0.659715)
(10.0068 0 0.0112461)
(10.0271 0 0.0265806)
(10.0593 0 0.0438066)
(10.1017 0 0.0613176)
(10.1534 0 0.0787947)
(10.2142 0 0.0962799)
(10.2835 0 0.113768)
(10.3609 0 0.131199)
(10.4459 0 0.148513)
(10.5379 0 0.165655)
(10.6365 0 0.182571)
(10.7413 0 0.199206)
(10.8517 0 0.2155)
(10.9672 0 0.231391)
(11.0873 0 0.246817)
(11.2116 0 0.261716)
(11.3395 0 0.27603)
(11.4705 0 0.289704)
(11.6042 0 0.302688)
(11.74 0 0.314939)
(11.8775 0 0.326419)
(12.0163 0 0.337101)
(12.1558 0 0.346964)
(12.2956 0 0.355994)
(12.4354 0 0.364189)
(12.5748 0 0.371552)
(12.7134 0 0.378095)
(12.8508 0 0.383839)
(12.9869 0 0.38881)
(13.1329 0 0.393068)
(9.99589 0 0.000922615)
(10.007 0 0.00495424)
(10.0276 0 0.0102621)
(10.0576 0 0.0158037)
(10.0974 0 0.0214171)
(10.1467 0 0.0271292)
(10.205 0 0.0329305)
(10.2719 0 0.0387864)
(10.3469 0 0.0446645)
(10.4294 0 0.0505386)
(10.5191 0 0.0563843)
(10.6152 0 0.0621768)
(10.7175 0 0.0678901)
(10.8253 0 0.0734978)
(10.9381 0 0.0789736)
(11.0555 0 0.0842917)
(11.1768 0 0.0894271)
(11.3016 0 0.0943566)
(11.4293 0 0.0990589)
(11.5594 0 0.103515)
(11.6915 0 0.107709)
(11.825 0 0.111627)
(11.9595 0 0.11526)
(12.0945 0 0.118601)
(12.2297 0 0.121646)
(12.3646 0 0.124396)
(12.4988 0 0.126851)
(12.6321 0 0.129018)
(12.7642 0 0.130901)
(12.906 0 0.13253)
(9.43363 0 13.091)
(6.21493 0 10.7764)
(-1.07162 0 5.32997)
(10.3635 0 11.224)
(9.80665 0 9.92542)
(8.21627 0 8.10143)
(11.463 0 11.1326)
(11.6794 0 10.5797)
(11.4223 0 9.66467)
(12.3537 0 10.7364)
(12.6998 0 10.5696)
(12.8066 0 10.1515)
(12.9202 0 9.99981)
(13.2906 0 9.99265)
(13.5339 0 9.85373)
(13.2952 0 9.22446)
(13.6571 0 9.28168)
(13.9405 0 9.27121)
(13.5616 0 8.50783)
(13.8945 0 8.58032)
(14.1689 0 8.61568)
(13.7503 0 7.85384)
(14.0483 0 7.92054)
(14.2978 0 7.96521)
(13.8804 0 7.25628)
(14.1458 0 7.31271)
(14.3687 0 7.35445)
(13.9664 0 6.70952)
(14.2035 0 6.75667)
(14.4027 0 6.79293)
(14.0183 0 6.20692)
(14.2314 0 6.24658)
(14.4103 0 6.27769)
(14.0428 0 5.74182)
(14.2357 0 5.77557)
(14.3975 0 5.80243)
(14.0451 0 5.30852)
(14.2209 0 5.33757)
(14.3683 0 5.361)
(14.0291 0 4.90231)
(14.1902 0 4.92757)
(14.3254 0 4.9482)
(13.9979 0 4.51933)
(14.1465 0 4.54147)
(14.2711 0 4.55976)
(13.9544 0 4.15641)
(14.0921 0 4.17592)
(14.2076 0 4.19221)
(13.901 0 3.81091)
(14.0292 0 3.82816)
(14.1368 0 3.8427)
(13.8401 0 3.48059)
(13.9599 0 3.49587)
(14.0605 0 3.50887)
(13.7737 0 3.16354)
(13.8861 0 3.17707)
(13.9806 0 3.18868)
(13.7039 0 2.85809)
(13.8098 0 2.87005)
(13.8988 0 2.88039)
(13.6326 0 2.56269)
(13.7328 0 2.57322)
(13.817 0 2.58238)
(13.5618 0 2.27596)
(13.6569 0 2.28517)
(13.7369 0 2.29323)
(13.4931 0 1.99646)
(13.5838 0 2.00443)
(13.6601 0 2.01145)
(13.4283 0 1.72307)
(13.5151 0 1.72989)
(13.5882 0 1.73592)
(13.3688 0 1.45397)
(13.4523 0 1.45968)
(13.5226 0 1.46474)
(13.316 0 1.18887)
(13.3967 0 1.19353)
(13.4648 0 1.19767)
(13.2717 0 0.924163)
(13.3502 0 0.927743)
(13.4163 0 0.930938)
(13.2363 0 0.66267)
(13.313 0 0.665266)
(13.3778 0 0.667583)
(13.2123 0 0.394772)
(13.2877 0 0.396205)
(13.3513 0 0.397461)
(12.9831 0 0.133135)
(13.0566 0 0.133611)
(13.1185 0 0.134033)
(-2.64044 0 1.46834)
(-2.03054 0 1.16538)
(-2.33463 0 0.645763)
(-2.14697 0 0.639674)
(-2.01064 0 0.716855)
(-2.04391 0 0.516955)
(-2.04715 0 0.326318)
(-2.06322 0 0.265279)
(-2.08694 0 0.220886)
(-2.08831 0 0.184109)
(-2.08536 0 0.178077)
(-2.10294 0 0.175172)
(-2.12853 0 0.152046)
(-2.14299 0 0.120235)
(-2.149 0 0.103306)
(-2.16175 0 0.105205)
(-2.18556 0 0.105002)
(-2.20852 0 0.0912679)
(-2.21809 0 0.0694777)
(-2.21441 0 0.0553764)
(-2.21018 0 0.0588492)
(-2.21781 0 0.073645)
(-2.23914 0 0.085497)
(-2.26666 0 0.0849289)
(-2.28896 0 0.0698034)
(-2.29725 0 0.0470363)
(-2.29263 0 0.0301467)
(-2.2858 0 0.0278702)
(-2.28486 0 0.033645)
(-2.28637 0 0.0362361)
(6.07234 0 5.4556)
(3.56946 0 3.50794)
(1.46582 0 2.02896)
(-1.55704 0 0.40581)
(-2.04617 0 0.311764)
(-2.33777 0 0.0926807)
(-2.2544 0 0.183658)
(-2.14656 0 0.40739)
(-2.14937 0 0.380741)
(-2.13346 0 0.24309)
(-2.11748 0 0.159656)
(-2.14804 0 0.161694)
(-2.18847 0 0.144691)
(-2.19692 0 0.11443)
(-2.1821 0 0.111034)
(-2.18355 0 0.131813)
(-2.21314 0 0.139059)
(-2.24499 0 0.116343)
(-2.25451 0 0.0743387)
(-2.24 0 0.0442561)
(-2.22325 0 0.0484575)
(-2.22655 0 0.0757624)
(-2.25228 0 0.0967722)
(-2.2877 0 0.0986165)
(-2.31583 0 0.0787929)
(-2.32293 0 0.0465798)
(-2.30972 0 0.0223478)
(-2.29394 0 0.0220007)
(-2.29053 0 0.0349575)
(-2.2931 0 0.0404452)
(10.3501 0 7.62007)
(8.59152 0 5.82436)
(6.66964 0 4.37818)
(4.7235 0 3.14221)
(2.93174 0 2.14767)
(1.52587 0 1.30683)
(-1.01467 0 0.27471)
(-1.85269 0 0.172853)
(-2.2397 0 -0.00280171)
(-2.29817 0 -0.111986)
(-2.1836 0 0.0760332)
(-2.13856 0 0.309666)
(-2.18465 0 0.30141)
(-2.18426 0 0.192215)
(-2.1474 0 0.100467)
(-2.14914 0 0.101612)
(-2.20136 0 0.124565)
(-2.255 0 0.0999098)
(-2.2657 0 0.0450183)
(-2.22774 0 0.0169371)
(-2.18278 0 0.0453315)
(-2.17694 0 0.0988561)
(-2.21104 0 0.132553)
(-2.25894 0 0.135321)
(-2.29621 0 0.104966)
(-2.30197 0 0.0530508)
(-2.27513 0 0.0111917)
(-2.24487 0 0.0120938)
(-2.23848 0 0.0377028)
(-2.24414 0 0.0494974)
(12.4911 0 8.7834)
(11.6088 0 7.33376)
(10.3763 0 6.0244)
(8.97585 0 4.839)
(7.47874 0 3.8187)
(6.03581 0 2.99699)
(4.54282 0 2.29446)
(3.15835 0 1.69283)
(1.92947 0 1.14765)
(0.736545 0 0.519595)
(-1.29444 0 0.100028)
(-1.74819 0 0.161063)
(-2.10937 0 0.0378897)
(-2.1889 0 -0.105563)
(-2.09075 0 -0.0543739)
(-2.04589 0 0.163693)
(-2.09084 0 0.279566)
(-2.17345 0 0.253554)
(-2.17888 0 0.136084)
(-2.10168 0 0.00401202)
(-2.04148 0 0.00589092)
(-2.04331 0 0.0825719)
(-2.09829 0 0.131071)
(-2.16658 0 0.132868)
(-2.21822 0 0.0902267)
(-2.22155 0 0.0196404)
(-2.16854 0 -0.0252305)
(-2.11624 0 -0.0110933)
(-2.10981 0 0.0417298)
(-2.1224 0 0.0672117)
(13.6615 0 9.102)
(13.3739 0 8.09349)
(12.7499 0 7.04256)
(11.8882 0 6.02305)
(10.8611 0 5.09331)
(9.75403 0 4.28684)
(8.59843 0 3.56097)
(7.41232 0 2.90658)
(6.23433 0 2.34526)
(5.10253 0 1.89594)
(3.92568 0 1.52954)
(2.88275 0 1.17975)
(1.92086 0 0.839569)
(1.15808 0 0.479198)
(-0.333723 0 0.0830673)
(-1.20095 0 0.162328)
(-1.58393 0 0.175008)
(-1.82997 0 0.0633422)
(-1.9038 0 -0.116102)
(-1.77442 0 -0.196681)
(-1.80096 0 -0.0466686)
(-1.7914 0 0.171987)
(-1.86898 0 0.245234)
(-1.96278 0 0.251223)
(-2.02859 0 0.200855)
(-2.0171 0 0.0907228)
(-1.92401 0 -0.0438047)
(-1.86474 0 -0.0398735)
(-1.87184 0 0.0562727)
(-1.90325 0 0.106178)
(14.2861 0 8.9218)
(14.3658 0 8.30169)
(14.1931 0 7.55179)
(13.7873 0 6.75663)
(13.1902 0 5.97112)
(12.4556 0 5.23004)
(11.6261 0 4.53676)
(10.7303 0 3.90293)
(9.79558 0 3.34413)
(8.85227 0 2.86847)
(7.903 0 2.44322)
(6.96895 0 2.04539)
(6.05276 0 1.6854)
(5.16702 0 1.39881)
(4.27152 0 1.18087)
(3.39676 0 0.984904)
(2.62657 0 0.791912)
(1.92674 0 0.593376)
(1.34035 0 0.366507)
(0.516943 0 0.0795486)
(-0.811246 0 0.0280743)
(-1.07392 0 0.152231)
(-1.32942 0 0.187505)
(-1.47143 0 0.160122)
(-1.57194 0 0.0613276)
(-1.58918 0 -0.1046)
(-1.4402 0 -0.217705)
(-1.50548 0 -0.119181)
(-1.54059 0 0.0846624)
(-1.61028 0 0.169696)
(14.5911 0 8.48839)
(14.8728 0 8.14784)
(14.9975 0 7.66057)
(14.9316 0 7.08605)
(14.6844 0 6.46985)
(14.2883 0 5.84719)
(13.7765 0 5.23929)
(13.1751 0 4.66223)
(12.5063 0 4.12832)
(11.7926 0 3.64371)
(11.0516 0 3.20109)
(10.2966 0 2.79414)
(9.53267 0 2.42669)
(8.76704 0 2.11554)
(8.01081 0 1.84962)
(7.26859 0 1.60989)
(6.56077 0 1.37858)
(5.8753 0 1.15378)
(5.19819 0 0.961014)
(4.5241 0 0.838399)
(3.81056 0 0.742745)
(3.1863 0 0.629849)
(2.60946 0 0.531078)
(2.07594 0 0.444552)
(1.58274 0 0.346951)
(1.16318 0 0.205582)
(0.60386 0 0.0389226)
(-0.621622 0 0.0223961)
(-0.87259 0 0.143382)
(-1.13267 0 0.295363)
(14.7226 0 7.94504)
(15.092 0 7.7801)
(15.3855 0 7.48815)
(15.5451 0 7.10026)
(15.5566 0 6.64804)
(15.4338 0 6.16016)
(15.196 0 5.65898)
(14.8608 0 5.16158)
(14.4449 0 4.68132)
(13.966 0 4.2274)
(13.4406 0 3.80247)
(12.8811 0 3.40608)
(12.2948 0 3.04081)
(11.69 0 2.71316)
(11.0786 0 2.42071)
(10.4705 0 2.15601)
(9.87056 0 1.9066)
(9.27278 0 1.67184)
(8.67156 0 1.46813)
(8.07383 0 1.30801)
(7.48584 0 1.17532)
(6.9264 0 1.05109)
(6.39103 0 0.934564)
(5.87084 0 0.82035)
(5.36194 0 0.701952)
(4.85354 0 0.596717)
(4.3324 0 0.549028)
(3.75122 0 0.519791)
(3.25996 0 0.466383)
(2.52642 0 0.502067)
(14.7654 0 7.3779)
(15.1539 0 7.31025)
(15.5232 0 7.1469)
(15.8115 0 6.89897)
(15.9928 0 6.58412)
(16.0676 0 6.2214)
(16.043 0 5.82839)
(15.9275 0 5.42048)
(15.7314 0 5.01078)
(15.4665 0 4.60944)
(15.145 0 4.22246)
(14.7772 0 3.85308)
(14.3712 0 3.50497)
(13.9356 0 3.18259)
(13.4802 0 2.88681)
(13.0134 0 2.61386)
(12.539 0 2.35796)
(12.0558 0 2.11954)
(11.5633 0 1.90651)
(11.0678 0 1.72472)
(10.5789 0 1.56923)
(10.104 0 1.42871)
(9.64006 0 1.29615)
(9.18038 0 1.16793)
(8.7189 0 1.04431)
(8.24893 0 0.938779)
(7.76982 0 0.868567)
(7.28618 0 0.822616)
(6.8237 0 0.790977)
(6.21302 0 0.798477)
(14.7628 0 6.83005)
(15.1365 0 6.81031)
(15.5237 0 6.72314)
(15.8698 0 6.56953)
(16.1466 0 6.35735)
(16.3474 0 6.09718)
(16.4718 0 5.80062)
(16.5212 0 5.47924)
(16.4993 0 5.1439)
(16.4121 0 4.80384)
(16.2673 0 4.46602)
(16.0721 0 4.13555)
(15.8337 0 3.81698)
(15.5591 0 3.51447)
(15.2558 0 3.23001)
(14.9307 0 2.96278)
(14.5877 0 2.71112)
(14.2284 0 2.47606)
(13.8548 0 2.26196)
(13.4721 0 2.07226)
(13.0875 0 1.90461)
(12.7057 0 1.75205)
(12.3254 0 1.60936)
(11.9426 0 1.47491)
(11.5529 0 1.35072)
(11.153 0 1.24476)
(10.7443 0 1.16568)
(10.3337 0 1.11137)
(9.93333 0 1.07718)
(9.42659 0 1.0613)
(14.7351 0 6.31652)
(15.0812 0 6.31812)
(15.4562 0 6.27258)
(15.8156 0 6.17744)
(16.134 0 6.03542)
(16.4031 0 5.8516)
(16.6192 0 5.63254)
(16.7792 0 5.38578)
(16.8822 0 5.11914)
(16.9299 0 4.84003)
(16.9256 0 4.55487)
(16.8735 0 4.26904)
(16.7783 0 3.98722)
(16.6452 0 3.71344)
(16.4795 0 3.45041)
(16.2863 0 3.19925)
(16.0695 0 2.96049)
(15.8315 0 2.7356)
(15.5752 0 2.52743)
(15.3049 0 2.33819)
(15.0258 0 2.16692)
(14.7411 0 2.01001)
(14.4511 0 1.86445)
(14.1538 0 1.72954)
(13.8466 0 1.60727)
(13.5282 0 1.50258)
(13.2009 0 1.42049)
(12.8696 0 1.36049)
(12.5429 0 1.31818)
(12.1294 0 1.28589)
(14.6914 0 5.83905)
(15.0077 0 5.84943)
(15.3585 0 5.82578)
(15.7075 0 5.76518)
(16.0339 0 5.66831)
(16.3308 0 5.53741)
(16.5939 0 5.37583)
(16.8186 0 5.188)
(17.0017 0 4.97904)
(17.1418 0 4.75432)
(17.2393 0 4.51897)
(17.2958 0 4.27769)
(17.3135 0 4.03474)
(17.2956 0 3.79388)
(17.2453 0 3.55808)
(17.1663 0 3.32943)
(17.0614 0 3.1095)
(16.9333 0 2.90009)
(16.7847 0 2.70344)
(16.6189 0 2.52129)
(16.4396 0 2.3537)
(16.2496 0 2.19919)
(16.0497 0 2.05632)
(15.8391 0 1.92501)
(15.6169 0 1.8069)
(15.3829 0 1.70523)
(15.1391 0 1.62297)
(14.8892 0 1.55985)
(14.6395 0 1.51216)
(14.3181 0 1.47203)
(14.6357 0 5.39456)
(14.9246 0 5.40833)
(15.2483 0 5.39637)
(15.5771 0 5.35615)
(15.8941 0 5.28774)
(16.1942 0 5.19216)
(16.4741 0 5.07111)
(16.7296 0 4.92708)
(16.9568 0 4.76328)
(17.153 0 4.58337)
(17.3169 0 4.39109)
(17.4482 0 4.19018)
(17.5475 0 3.98418)
(17.6159 0 3.77636)
(17.6554 0 3.5696)
(17.6678 0 3.36623)
(17.6553 0 3.16826)
(17.6197 0 2.97764)
(17.5634 0 2.79636)
(17.4887 0 2.62604)
(17.3984 0 2.46738)
(17.2946 0 2.32016)
(17.1783 0 2.18402)
(17.0496 0 2.05933)
(16.9083 0 1.94752)
(16.7551 0 1.85077)
(16.5915 0 1.77095)
(16.4203 0 1.70789)
(16.2458 0 1.65881)
(16.0144 0 1.61715)
(14.5703 0 4.97877)
(14.835 0 4.99374)
(15.1331 0 4.98845)
(15.4393 0 4.96083)
(15.7396 0 4.91079)
(16.0304 0 4.83886)
(16.3097 0 4.74597)
(16.5742 0 4.63358)
(16.8203 0 4.50373)
(17.0453 0 4.35887)
(17.2471 0 4.20169)
(17.4246 0 4.03498)
(17.5772 0 3.86154)
(17.705 0 3.68408)
(17.8085 0 3.50514)
(17.8887 0 3.32698)
(17.9467 0 3.15163)
(17.9837 0 2.98103)
(18.0012 0 2.81704)
(18.001 0 2.66124)
(17.985 0 2.51467)
(17.9546 0 2.37785)
(17.911 0 2.25112)
(17.8545 0 2.13518)
(17.7856 0 2.03129)
(17.705 0 1.94109)
(17.614 0 1.86587)
(17.5146 0 1.80561)
(17.4095 0 1.75849)
(17.2628 0 1.71963)
(14.4968 0 4.58761)
(14.7406 0 4.60286)
(15.0159 0 4.60172)
(15.3003 0 4.58247)
(15.582 0 4.54496)
(15.8584 0 4.48947)
(16.1286 0 4.41657)
(16.39 0 4.32718)
(16.6399 0 4.22265)
(16.8756 0 4.10469)
(17.0953 0 3.97522)
(17.2975 0 3.83636)
(17.4811 0 3.69027)
(17.6458 0 3.53916)
(17.7911 0 3.38515)
(17.9174 0 3.23027)
(18.0251 0 3.07642)
(18.1149 0 2.9254)
(18.1876 0 2.77895)
(18.2443 0 2.63858)
(18.2863 0 2.50551)
(18.3146 0 2.38063)
(18.3301 0 2.26472)
(18.3335 0 2.15868)
(18.3253 0 2.0637)
(18.3062 0 1.98111)
(18.2773 0 1.91195)
(18.24 0 1.85643)
(18.1958 0 1.81363)
(18.1254 0 1.78031)
(14.4166 0 4.21761)
(14.6424 0 4.23268)
(14.8975 0 4.2343)
(15.1622 0 4.22099)
(15.426 0 4.19254)
(15.6869 0 4.14911)
(15.9446 0 4.09101)
(16.1973 0 4.01886)
(16.4428 0 3.93359)
(16.6789 0 3.83643)
(16.9041 0 3.72883)
(17.1168 0 3.61239)
(17.316 0 3.48883)
(17.5008 0 3.35991)
(17.6709 0 3.22742)
(17.826 0 3.09312)
(17.9661 0 2.95869)
(18.0914 0 2.82579)
(18.2025 0 2.69598)
(18.2999 0 2.57071)
(18.3843 0 2.45124)
(18.4566 0 2.33866)
(18.5175 0 2.23395)
(18.5675 0 2.13814)
(18.6072 0 2.05236)
(18.6373 0 1.9778)
(18.6587 0 1.91546)
(18.6723 0 1.86579)
(18.6789 0 1.82863)
(18.6739 0 1.80219)
(14.3313 0 3.86586)
(14.5413 0 3.8805)
(14.7788 0 3.884)
(15.026 0 3.87507)
(15.2732 0 3.85348)
(15.5192 0 3.81927)
(15.7638 0 3.77261)
(16.0057 0 3.71389)
(16.2433 0 3.64376)
(16.4746 0 3.56313)
(16.6984 0 3.4731)
(16.9133 0 3.37492)
(17.1183 0 3.26996)
(17.3127 0 3.15967)
(17.4958 0 3.04555)
(17.6673 0 2.92909)
(17.8268 0 2.8118)
(17.9745 0 2.69515)
(18.1106 0 2.58056)
(18.2353 0 2.46938)
(18.349 0 2.36287)
(18.4525 0 2.26216)
(18.5461 0 2.16833)
(18.6304 0 2.08246)
(18.7059 0 2.00567)
(18.7733 0 1.93908)
(18.8334 0 1.8837)
(18.8868 0 1.84024)
(18.9338 0 1.80912)
(18.9823 0 1.78974)
(14.2423 0 3.52994)
(14.4385 0 3.54398)
(14.6605 0 3.54873)
(14.8921 0 3.54309)
(15.1245 0 3.52682)
(15.3566 0 3.49987)
(15.5886 0 3.46232)
(15.8195 0 3.41438)
(16.0479 0 3.35651)
(16.2722 0 3.28939)
(16.4913 0 3.21383)
(16.7041 0 3.13084)
(16.9097 0 3.04151)
(17.1072 0 2.94704)
(17.2961 0 2.84868)
(17.4759 0 2.74774)
(17.6464 0 2.64552)
(17.8073 0 2.54333)
(17.9588 0 2.44246)
(18.101 0 2.34416)
(18.2341 0 2.24964)
(18.3586 0 2.16003)
(18.4749 0 2.07642)
(18.5834 0 1.99991)
(18.6846 0 1.93159)
(18.7792 0 1.87257)
(18.8678 0 1.82389)
(18.951 0 1.78646)
(19.029 0 1.76112)
(19.1195 0 1.74815)
(14.1512 0 3.2078)
(14.3352 0 3.22109)
(14.5436 0 3.22664)
(14.7614 0 3.22347)
(14.9804 0 3.21134)
(15.2 0 3.1902)
(15.4202 0 3.16001)
(15.6405 0 3.1209)
(15.8596 0 3.07316)
(16.0762 0 3.01729)
(16.2893 0 2.95391)
(16.498 0 2.8838)
(16.7013 0 2.80784)
(16.8986 0 2.72702)
(17.0892 0 2.64239)
(17.2728 0 2.55507)
(17.4489 0 2.4662)
(17.6173 0 2.37695)
(17.7781 0 2.28847)
(17.9312 0 2.20192)
(18.0769 0 2.11842)
(18.2154 0 2.03907)
(18.3471 0 1.96495)
(18.4723 0 1.89712)
(18.5916 0 1.83666)
(18.7056 0 1.78467)
(18.8148 0 1.74222)
(18.9199 0 1.71035)
(19.021 0 1.69016)
(19.1437 0 1.68251)
(14.0596 0 2.89765)
(14.2329 0 2.91009)
(14.4292 0 2.91605)
(14.6347 0 2.91471)
(14.8419 0 2.90584)
(15.0501 0 2.88935)
(15.2596 0 2.86516)
(15.47 0 2.83334)
(15.6801 0 2.79406)
(15.889 0 2.74767)
(16.0957 0 2.69466)
(16.2994 0 2.63561)
(16.4992 0 2.57124)
(16.6945 0 2.50235)
(16.8847 0 2.42982)
(17.0694 0 2.35461)
(17.2481 0 2.2777)
(17.4207 0 2.20012)
(17.587 0 2.12291)
(17.7471 0 2.04712)
(17.901 0 1.97378)
(18.0489 0 1.90393)
(18.1911 0 1.83861)
(18.328 0 1.77885)
(18.4602 0 1.72569)
(18.588 0 1.68019)
(18.7123 0 1.64344)
(18.8335 0 1.61655)
(18.952 0 1.60075)
(19.0991 0 1.59722)
(13.9691 0 2.59787)
(14.133 0 2.60936)
(14.3186 0 2.61546)
(14.5132 0 2.61543)
(14.7098 0 2.60909)
(14.9078 0 2.59633)
(15.1076 0 2.57705)
(15.3088 0 2.55126)
(15.5106 0 2.51908)
(15.7121 0 2.48074)
(15.9124 0 2.4366)
(16.1108 0 2.38711)
(16.3065 0 2.33285)
(16.499 0 2.27446)
(16.6876 0 2.21268)
(16.872 0 2.1483)
(17.0517 0 2.08218)
(17.2265 0 2.01521)
(17.3962 0 1.94831)
(17.5607 0 1.88243)
(17.7202 0 1.8185)
(17.8747 0 1.7575)
(18.0245 0 1.70039)
(18.1699 0 1.64815)
(18.3115 0 1.60177)
(18.4497 0 1.56228)
(18.5852 0 1.53074)
(18.7188 0 1.50827)
(18.8505 0 1.49611)
(19.0164 0 1.49559)
(13.8813 0 2.30701)
(14.0369 0 2.31749)
(14.2131 0 2.32348)
(14.3981 0 2.32437)
(14.5854 0 2.31997)
(14.7742 0 2.31019)
(14.9652 0 2.29493)
(15.1581 0 2.27416)
(15.3523 0 2.24794)
(15.5468 0 2.21644)
(15.7409 0 2.17992)
(15.934 0 2.13872)
(16.1255 0 2.09331)
(16.3148 0 2.04419)
(16.5013 0 1.99197)
(16.6845 0 1.93733)
(16.8642 0 1.88097)
(17.04 0 1.82368)
(17.2117 0 1.76625)
(17.3793 0 1.70952)
(17.5427 0 1.65435)
(17.702 0 1.6016)
(17.8575 0 1.55218)
(18.0094 0 1.50698)
(18.1583 0 1.46694)
(18.3046 0 1.43302)
(18.449 0 1.40624)
(18.5922 0 1.38768)
(18.7347 0 1.37852)
(18.9155 0 1.3801)
(13.7978 0 2.02357)
(13.9461 0 2.03297)
(14.1141 0 2.03867)
(14.2907 0 2.04013)
(14.4696 0 2.03721)
(14.6504 0 2.02981)
(14.8335 0 2.01783)
(15.019 0 2.00123)
(15.2061 0 1.98003)
(15.3942 0 1.95436)
(15.5826 0 1.92439)
(15.7708 0 1.8904)
(15.958 0 1.85274)
(16.1439 0 1.81182)
(16.328 0 1.76813)
(16.5097 0 1.72223)
(16.6887 0 1.67471)
(16.8648 0 1.62624)
(17.0377 0 1.57752)
(17.2073 0 1.52925)
(17.3735 0 1.48221)
(17.5365 0 1.43717)
(17.6964 0 1.39493)
(17.8535 0 1.35632)
(18.0082 0 1.3222)
(18.161 0 1.29345)
(18.3126 0 1.27101)
(18.4639 0 1.25589)
(18.6151 0 1.24919)
(18.8081 0 1.25217)
(13.72 0 1.74641)
(13.862 0 1.7547)
(14.0229 0 1.75995)
(14.1922 0 1.76172)
(14.3638 0 1.75989)
(14.5375 0 1.75437)
(14.7138 0 1.74508)
(14.8927 0 1.73195)
(15.0735 0 1.71501)
(15.2558 0 1.69432)
(15.439 0 1.67001)
(15.6224 0 1.64231)
(15.8057 0 1.61146)
(15.9883 0 1.57781)
(16.1698 0 1.54174)
(16.3497 0 1.50372)
(16.5278 0 1.46423)
(16.7036 0 1.42383)
(16.8771 0 1.3831)
(17.048 0 1.34267)
(17.2163 0 1.30318)
(17.382 0 1.26533)
(17.5454 0 1.22982)
(17.7066 0 1.19739)
(17.8661 0 1.16879)
(18.0243 0 1.14483)
(18.182 0 1.12637)
(18.3399 0 1.11429)
(18.4985 0 1.10957)
(18.7016 0 1.11339)
(13.6495 0 1.47361)
(13.7861 0 1.48073)
(13.9409 0 1.4854)
(14.1038 0 1.48726)
(14.2693 0 1.4862)
(14.4369 0 1.48216)
(14.6072 0 1.47506)
(14.7803 0 1.46483)
(14.9557 0 1.45149)
(15.1328 0 1.43507)
(15.3113 0 1.41568)
(15.4905 0 1.39347)
(15.6701 0 1.36863)
(15.8496 0 1.34144)
(16.0286 0 1.3122)
(16.2067 0 1.28128)
(16.3836 0 1.24908)
(16.5589 0 1.21604)
(16.7325 0 1.18266)
(16.9042 0 1.14946)
(17.0739 0 1.11699)
(17.2418 0 1.08583)
(17.4078 0 1.05659)
(17.5723 0 1.02991)
(17.7357 0 1.00644)
(17.8984 0 0.986899)
(18.061 0 0.972018)
(18.2245 0 0.96259)
(18.3893 0 0.95946)
(18.6008 0 0.963678)
(13.5875 0 1.20496)
(13.7196 0 1.21089)
(13.8692 0 1.21488)
(14.0269 0 1.21666)
(14.1871 0 1.21614)
(14.3496 0 1.21327)
(14.5149 0 1.20798)
(14.6831 0 1.20021)
(14.8538 0 1.18997)
(15.0265 0 1.17727)
(15.2009 0 1.1622)
(15.3764 0 1.14485)
(15.5527 0 1.12539)
(15.7294 0 1.10402)
(15.9061 0 1.08096)
(16.0824 0 1.05651)
(16.258 0 1.03099)
(16.4327 0 1.00476)
(16.6062 0 0.978196)
(16.7783 0 0.951735)
(16.9491 0 0.925825)
(17.1184 0 0.900945)
(17.2866 0 0.877598)
(17.4537 0 0.856315)
(17.6201 0 0.837655)
(17.7864 0 0.822208)
(17.9531 0 0.810599)
(18.1212 0 0.803496)
(18.2912 0 0.801606)
(18.5096 0 0.80583)
(13.5356 0 0.936613)
(13.664 0 0.941272)
(13.8094 0 0.944474)
(13.9628 0 0.945998)
(14.1188 0 0.945785)
(14.2771 0 0.94379)
(14.4382 0 0.939959)
(14.6024 0 0.934252)
(14.7692 0 0.926655)
(14.9383 0 0.917188)
(15.1093 0 0.905897)
(15.2817 0 0.892864)
(15.4552 0 0.8782)
(15.6295 0 0.86205)
(15.8041 0 0.844594)
(15.9788 0 0.826044)
(16.1532 0 0.806642)
(16.3272 0 0.786664)
(16.5004 0 0.766409)
(16.6727 0 0.746206)
(16.8441 0 0.726406)
(17.0145 0 0.707386)
(17.1842 0 0.689542)
(17.3532 0 0.673297)
(17.522 0 0.659097)
(17.6911 0 0.647415)
(17.8611 0 0.638759)
(18.0328 0 0.633669)
(18.2068 0 0.632721)
(18.4306 0 0.636697)
(13.4946 0 0.671695)
(13.6202 0 0.675129)
(13.7625 0 0.677547)
(13.9126 0 0.67878)
(14.0653 0 0.67879)
(14.2203 0 0.677551)
(14.3783 0 0.675023)
(14.5393 0 0.671174)
(14.7031 0 0.665993)
(14.8693 0 0.659491)
(15.0376 0 0.651698)
(15.2075 0 0.642667)
(15.3788 0 0.632474)
(15.5511 0 0.621219)
(15.7241 0 0.609025)
(15.8974 0 0.59604)
(16.0709 0 0.582434)
(16.2441 0 0.568401)
(16.417 0 0.554155)
(16.5893 0 0.539928)
(16.761 0 0.525974)
(16.9322 0 0.512563)
(17.1029 0 0.499984)
(17.2734 0 0.488545)
(17.4439 0 0.478574)
(17.6151 0 0.470422)
(17.7875 0 0.46447)
(17.9619 0 0.461134)
(18.1392 0 0.460861)
(18.3672 0 0.464278)
(13.4662 0 0.399778)
(13.5898 0 0.40185)
(13.7298 0 0.403322)
(13.8775 0 0.404048)
(14.0279 0 0.404026)
(14.1806 0 0.403255)
(14.3362 0 0.401713)
(14.495 0 0.399378)
(14.6566 0 0.396245)
(14.8208 0 0.39232)
(14.987 0 0.387623)
(15.1551 0 0.382185)
(15.3247 0 0.37605)
(15.4955 0 0.36928)
(15.6672 0 0.361948)
(15.8394 0 0.354142)
(16.012 0 0.345965)
(16.1845 0 0.337534)
(16.357 0 0.328976)
(16.5291 0 0.320435)
(16.7009 0 0.312063)
(16.8724 0 0.304025)
(17.0436 0 0.296499)
(17.2148 0 0.289674)
(17.3864 0 0.283754)
(17.5588 0 0.27896)
(17.7327 0 0.275544)
(17.9089 0 0.273803)
(18.0883 0 0.274118)
(18.3184 0 0.277252)
(13.2302 0 0.134932)
(13.3502 0 0.135855)
(13.4861 0 0.136567)
(13.6298 0 0.137001)
(13.7761 0 0.137165)
(13.9246 0 0.137065)
(14.0761 0 0.136692)
(14.2307 0 0.136035)
(14.388 0 0.135092)
(14.5477 0 0.133864)
(14.7096 0 0.132356)
(14.8732 0 0.130578)
(15.0382 0 0.128544)
(15.2044 0 0.126276)
(15.3713 0 0.123797)
(15.5388 0 0.12114)
(15.7064 0 0.118338)
(15.8741 0 0.115433)
(16.0414 0 0.112471)
(16.2084 0 0.109502)
(16.3749 0 0.106579)
(16.541 0 0.103764)
(16.7068 0 0.101118)
(16.8724 0 0.0987104)
(17.0383 0 0.0966156)
(17.205 0 0.0949164)
(17.3732 0 0.0937102)
(17.5438 0 0.093126)
(17.7181 0 0.0933635)
(17.9436 0 0.0950219)
)
;

boundaryField
{
    inlet
    {
        type            fixedValue;
        value           uniform (10 0 0);
    }
    outlet
    {
        type            zeroGradient;
    }
    flap
    {
        type            movingWallVelocity;
        value           nonuniform List<vector> 
33
(
(0 0 6.93889e-16)
(0 0 0)
(0 0 0)
(0 0 0)
(0 0 0)
(0 0 0)
(0 0 0)
(0 0 0)
(0 0 0)
(0 0 0)
(0 0 0)
(0 0 -1.11022e-14)
(0 0 -1.11022e-14)
(0 0 -1.11022e-14)
(0 0 -2.22045e-14)
(6.93889e-16 -2.77556e-15 0)
(0 -2.77556e-15 0)
(0 0 0)
(0 0 6.93889e-16)
(0 0 0)
(0 0 0)
(0 0 0)
(0 0 0)
(0 0 0)
(0 0 -5.55112e-15)
(0 0 0)
(0 0 -1.11022e-14)
(0 0 0)
(0 0 0)
(0 0 0)
(0 0 0)
(0 -2.77556e-15 -1.11022e-14)
(0 0 -1.11022e-14)
)
;
    }
    upperWall
    {
        type            noSlip;
    }
    lowerWall
    {
        type            noSlip;
    }
    frontAndBack
    {
        type            empty;
    }
}


// ************************************************************************* //
