/*--------------------------------*- C++ -*----------------------------------*\
  =========                 |
  \\      /  F ield         | OpenFOAM: The Open Source CFD Toolbox
   \\    /   O peration     | Website:  https://openfoam.org
    \\  /    A nd           | Version:  dev
     \\/     M anipulation  |
\*---------------------------------------------------------------------------*/
FoamFile
{
    version     2.0;
    format      ascii;
    class       surfaceScalarField;
    location    "9.1";
    object      phi;
}
// * * * * * * * * * * * * * * * * * * * * * * * * * * * * * * * * * * * * * //

dimensions      [0 3 -1 0 0 0 0];

internalField   nonuniform List<scalar> 
5457
(
0.198418
0.00158239
0.19648
0.00193739
0.194192
0.00228812
0.191508
0.00268363
0.188427
0.00308125
0.18495
0.00347684
0.181072
0.00387866
0.176778
0.00429412
0.172049
0.00472835
0.166864
0.00518537
0.161195
0.00566868
0.155014
0.00618123
0.148289
0.00672518
0.140987
0.00730157
0.133077
0.00790975
0.124531
0.0085467
0.115325
0.00920613
0.105447
0.00987741
0.0949029
0.0105443
0.0837193
0.0111837
0.0719546
0.0117647
0.0597062
0.0122483
0.0471176
0.0125886
0.0343776
0.01274
0.0216828
0.0126948
0.00903282
0.0126499
-0.00291916
0.011952
-0.00847325
0.00555409
-0.00804339
-0.000429861
-0.00804339
0.199928
0.00165425
0.199176
0.00268986
0.197965
0.00349909
0.196331
0.00431685
0.194271
0.00514137
0.191781
0.00596699
0.188854
0.00680574
0.185477
0.0076711
0.181632
0.0085734
0.177297
0.00952094
0.172444
0.010521
0.167046
0.0115798
0.161069
0.0127022
0.15448
0.0138908
0.147244
0.0151451
0.139331
0.0164601
0.130713
0.0178243
0.121372
0.0192178
0.111307
0.0206093
0.100537
0.0219537
0.0891125
0.0231893
0.0771248
0.024236
0.0647189
0.0249946
0.0521116
0.0253473
0.0396516
0.0251548
0.0281022
0.0241994
0.0185918
0.0214624
0.00879405
0.0153518
0.00118195
0.00718224
-0.00686144
0.199781
0.0018737
0.199087
0.00338372
0.197946
0.00464005
0.196409
0.00585352
0.194483
0.00706756
0.192164
0.00828611
0.189446
0.00952327
0.186321
0.0107967
0.182773
0.0121214
0.178784
0.01351
0.174331
0.0149733
0.16939
0.016521
0.163931
0.018161
0.157924
0.0198982
0.151335
0.0217336
0.144133
0.0236621
0.136287
0.0256701
0.127773
0.027732
0.118576
0.0298065
0.108698
0.0318318
0.098166
0.0337213
0.0870437
0.0353584
0.0754469
0.0365913
0.0635699
0.0372243
0.0517284
0.0369963
0.0403937
0.0355341
0.0297359
0.0321202
0.0191638
0.0259238
0.00959627
0.0167498
0.00273484
0.199703
0.00217064
0.199008
0.00407905
0.197887
0.00576062
0.196376
0.00736448
0.194488
0.00895574
0.192222
0.0105522
0.189574
0.0121711
0.186538
0.0138328
0.183103
0.015556
0.179257
0.0173566
0.174982
0.0192485
0.170259
0.0212439
0.165067
0.0233529
0.159383
0.0255826
0.153181
0.0279356
0.146435
0.0304076
0.13912
0.0329847
0.131213
0.0356396
0.122693
0.0383259
0.113552
0.040973
0.103795
0.0434784
0.0934524
0.0457011
0.0825911
0.0474525
0.0713285
0.048487
0.0598368
0.048488
0.0483133
0.0470577
0.0368079
0.0436255
0.0251857
0.037546
0.0133345
0.028601
0.0160693
0.199667
0.00250324
0.198964
0.00478234
0.197863
0.00686197
0.196381
0.0088462
0.194532
0.0108046
0.192317
0.0127669
0.189734
0.0147549
0.186775
0.0167915
0.183433
0.0188978
0.179697
0.0210925
0.175554
0.0233916
0.170989
0.0258091
0.165985
0.0283569
0.160524
0.0310431
0.154589
0.0338714
0.148158
0.0368384
0.141212
0.0399309
0.13373
0.0431214
0.125693
0.0463631
0.117083
0.0495826
0.107889
0.0526722
0.09811
0.0554803
0.08776
0.0578026
0.076874
0.059373
0.0655043
0.0598577
0.053704
0.0588579
0.0414507
0.0558789
0.0285853
0.0504114
0.0148511
0.0423353
0.0309204
0.199653
0.00285046
0.198949
0.00548642
0.197871
0.00793994
0.196427
0.0102904
0.194626
0.0126046
0.192473
0.0149205
0.189963
0.0172647
0.187092
0.0196624
0.183853
0.0221373
0.180235
0.0247099
0.176229
0.0273983
0.17182
0.030218
0.166995
0.0331819
0.161739
0.0362993
0.156035
0.0395746
0.149869
0.0430053
0.14322
0.0465794
0.13607
0.0502711
0.128398
0.0540357
0.120178
0.0578026
0.111383
0.0614669
0.101984
0.0648794
0.0919495
0.0678369
0.0812487
0.0700738
0.0698491
0.0712574
0.0577122
0.0709948
0.0447567
0.0688343
0.0308463
0.0643218
0.0158716
0.0573099
0.046792
0.19965
0.00320041
0.198954
0.00618243
0.197904
0.0089896
0.196505
0.0116902
0.194762
0.0143469
0.19268
0.0170026
0.190257
0.0196884
0.187487
0.0224321
0.184365
0.0252594
0.180882
0.0281929
0.177027
0.0312524
0.172791
0.0344548
0.168158
0.0378142
0.163117
0.0413411
0.15765
0.0450411
0.151742
0.0489132
0.145374
0.0529473
0.138524
0.057121
0.131166
0.0613944
0.123264
0.0657039
0.114777
0.069954
0.105649
0.0740076
0.0958108
0.0776751
0.0851801
0.0807045
0.0736622
0.0827752
0.0611559
0.0835011
0.0475505
0.0824397
0.0327551
0.0791172
0.016781
0.073284
0.063573
0.199655
0.00354577
0.198975
0.00686256
0.197959
0.0100054
0.19661
0.0130389
0.194934
0.016023
0.192933
0.0190032
0.190607
0.0220145
0.187952
0.0250875
0.184962
0.0282495
0.181629
0.0315252
0.177946
0.0349359
0.1739
0.0385004
0.169481
0.042234
0.164673
0.0461488
0.159462
0.0502523
0.153829
0.0545459
0.147753
0.059023
0.141208
0.0636662
0.134159
0.0684432
0.126562
0.0733013
0.118356
0.0781598
0.109463
0.082901
0.0997797
0.0873583
0.0891802
0.091304
0.0775179
0.0944374
0.0646406
0.0963785
0.0504115
0.0966688
0.0347637
0.094765
0.0177874
0.0902603
0.0813605
0.199664
0.00388161
0.199006
0.00752038
0.19803
0.0109817
0.196739
0.0143304
0.195137
0.0176251
0.193227
0.020913
0.191009
0.0242324
0.18848
0.0276162
0.185636
0.0310936
0.18247
0.034691
0.178975
0.0384315
0.17514
0.0423354
0.170953
0.0464201
0.166403
0.0506995
0.161471
0.0551837
0.15614
0.0598776
0.150383
0.0647797
0.144169
0.0698797
0.137457
0.0751554
0.13019
0.0805685
0.122292
0.0860582
0.11366
0.0915329
0.10416
0.0968575
0.0936255
0.101839
0.081856
0.106207
0.0686409
0.109594
0.0537944
0.111515
0.0372308
0.111329
0.0190802
0.108411
0.100441
0.199677
0.00420439
0.199047
0.00815064
0.198116
0.011913
0.196887
0.0155587
0.195366
0.019146
0.193556
0.0227237
0.191456
0.0263323
0.189065
0.030007
0.18638
0.0337789
0.183395
0.0376759
0.180103
0.0417229
0.176497
0.0459418
0.172565
0.0503519
0.168295
0.0549699
0.16367
0.0598088
0.158669
0.0648783
0.153266
0.0701829
0.147424
0.0757212
0.141096
0.0814838
0.134215
0.08745
0.126689
0.0935835
0.118397
0.0998249
0.109175
0.10608
0.0988095
0.112204
0.0870419
0.117974
0.0735792
0.123056
0.0581386
0.126956
0.0405441
0.128923
0.0208969
0.128058
0.121338
0.199693
0.00451147
0.199095
0.00874903
0.198213
0.0127946
0.197053
0.0167184
0.19562
0.0205794
0.193916
0.0244276
0.191943
0.0283054
0.1897
0.0322499
0.187185
0.036294
0.184394
0.040467
0.181322
0.0447952
0.177961
0.0493024
0.174303
0.0540101
0.170335
0.0589374
0.166043
0.0641012
0.161405
0.069516
0.156394
0.0751937
0.150972
0.0811429
0.145088
0.0873685
0.138667
0.0938702
0.131611
0.10064
0.123781
0.107656
0.114986
0.114875
0.104971
0.122219
0.093406
0.129539
0.0798844
0.136578
0.0639548
0.142885
0.0452239
0.147654
0.0236052
0.149677
0.144943
0.199711
0.00480078
0.199148
0.00931205
0.19832
0.0136222
0.197234
0.0178047
0.195894
0.0219196
0.194303
0.026018
0.192465
0.0301439
0.190378
0.0343361
0.188044
0.0386288
0.185458
0.0430526
0.182618
0.0476353
0.179518
0.0524023
0.176151
0.057377
0.172507
0.0625812
0.168573
0.0680356
0.164329
0.0737597
0.15975
0.0797728
0.154799
0.086094
0.149425
0.0927433
0.143554
0.0997412
0.137083
0.10711
0.129869
0.11487
0.121704
0.12304
0.112301
0.131622
0.101257
0.140583
0.0880278
0.149807
0.0719052
0.159008
0.0520704
0.167489
0.0278756
0.173872
0.172818
0.19973
0.00507072
0.199205
0.00983683
0.198435
0.0143922
0.197427
0.0188134
0.196185
0.0231616
0.194713
0.0274892
0.193016
0.0318413
0.191094
0.0362581
0.188948
0.0407747
0.186578
0.045423
0.183981
0.050232
0.181155
0.0552283
0.178095
0.0604371
0.174793
0.0658827
0.17124
0.0715889
0.16742
0.0775802
0.16331
0.0838826
0.158879
0.0905249
0.154081
0.097541
0.148851
0.104972
0.143093
0.112868
0.136669
0.121293
0.12938
0.13033
0.120926
0.140076
0.110864
0.150645
0.0985207
0.16215
0.0828765
0.174652
0.0624117
0.187954
0.0351078
0.201175
0.207926
0.199751
0.00532001
0.199266
0.0103211
0.198557
0.0151017
0.19763
0.0197409
0.19649
0.0243015
0.195142
0.0288365
0.193591
0.0333922
0.19184
0.0380096
0.18989
0.0427247
0.187743
0.0475703
0.185399
0.052576
0.182857
0.0577697
0.180116
0.0631778
0.177173
0.0688263
0.17402
0.0747419
0.170647
0.0809527
0.16704
0.0874903
0.163173
0.0943913
0.159014
0.101701
0.15451
0.109476
0.149586
0.117791
0.144132
0.126748
0.137979
0.136483
0.130868
0.147187
0.122384
0.159129
0.111832
0.172702
0.0979831
0.188501
0.0784993
0.207437
0.0486322
0.231043
0.256558
0.199772
0.00554771
0.19933
0.010763
0.198684
0.0157481
0.19784
0.0205845
0.196806
0.0253359
0.195586
0.0300561
0.194186
0.0347923
0.19261
0.0395858
0.190861
0.0444735
0.188943
0.0494884
0.186859
0.0546606
0.18461
0.0600185
0.182198
0.0655894
0.179624
0.0714005
0.176886
0.0774798
0.173981
0.0838582
0.170901
0.0905703
0.167634
0.097658
0.164161
0.105173
0.160453
0.113183
0.156467
0.121778
0.152135
0.13108
0.147357
0.14126
0.141975
0.152569
0.135725
0.165379
0.128135
0.180292
0.118265
0.198372
0.103862
0.22184
0.077623
0.257282
0.334181
0.0038458
-0.0038458
0.00751457
-0.00366878
0.0105381
-0.00302355
0.0128929
-0.00235479
0.0146514
-0.00175843
0.0158913
-0.00123996
0.0166786
-0.000787325
0.0170688
-0.000390189
0.0171207
-5.19108e-05
0.0168689
0.000251857
0.0163807
0.000488166
0.0157104
0.000670267
0.0149118
0.00079863
0.0140401
0.000871742
0.01315
0.000890087
0.0122912
0.000858762
0.0115041
0.000787107
0.0108162
0.000687874
0.0102402
0.000576081
0.0097726
0.000467562
0.00939714
0.00037546
0.00909128
0.000305857
0.00883473
0.000256554
0.00861395
0.000220785
0.00842245
0.0001915
0.00825791
0.000164536
0.00811819
0.000139714
0.00799867
0.000119524
0.00789316
0.000105515
8.40003e-05
0.00357254
-0.00741833
0.00700382
-0.00710006
0.0098953
-0.00591503
0.0122361
-0.00469564
0.0140987
-0.003621
0.0155551
-0.00269633
0.0166644
-0.00189669
0.017472
-0.00119772
0.0179974
-0.000577353
0.0182752
-2.5952e-05
0.0182891
0.000474267
0.0180991
0.000860309
0.0177581
0.00113964
0.0173223
0.00130752
0.0168475
0.00136489
0.0163839
0.00132237
0.0159717
0.00119923
0.0156377
0.00102188
0.0153929
0.000820895
0.0152323
0.000628235
0.0151382
0.000469519
0.0150889
0.000355181
0.0150664
0.000279055
0.0150601
0.000227025
0.0150663
0.000185334
0.0150841
0.000146765
0.0151118
0.000112017
0.0151448
8.64565e-05
0.0151758
7.45423e-05
7.82993e-05
0.00304141
-0.0104597
0.00587249
-0.00993114
0.00822196
-0.0082645
0.0101226
-0.00659633
0.0116498
-0.00514814
0.0128635
-0.00391002
0.0138107
-0.00284388
0.0145283
-0.00191533
0.0150493
-0.00109834
0.0153985
-0.000375139
0.0156014
0.000271286
0.0156489
0.000812816
0.015579
0.00120961
0.0154363
0.00145017
0.0152641
0.00153714
0.0150994
0.00148708
0.0149709
0.00132767
0.0148973
0.00109548
0.0148841
0.000834075
0.0149232
0.000589168
0.0149953
0.000397385
0.0150794
0.000271121
0.0151606
0.000197819
0.015232
0.000155712
0.0152929
0.000124428
0.0153452
9.44477e-05
0.0153901
6.71437e-05
0.0154263
5.02154e-05
0.0154495
5.13095e-05
8.05025e-05
0.00245681
-0.0129166
0.00458025
-0.0120546
0.00626913
-0.00995338
0.00762373
-0.00795092
0.00871872
-0.00624314
0.00959831
-0.00478961
0.0102949
-0.00354045
0.0108319
-0.00245237
0.0112299
-0.00149628
0.0115141
-0.000659426
0.0117022
8.32304e-05
0.0117797
0.000735286
0.0117801
0.0012092
0.0117449
0.00148542
0.0117053
0.00157669
0.0116836
0.0015088
0.0116941
0.00131717
0.0117427
0.00104693
0.0118253
0.000751401
0.0119266
0.000487915
0.0120204
0.000303585
0.0120841
0.000207426
0.0121077
0.000174198
0.0120915
0.000171901
0.0120428
0.000173176
0.0119703
0.000166918
0.0118814
0.000156077
0.0117809
0.000150671
0.0116722
0.000160045
0.0001826
0.00177918
-0.0146957
0.00311521
-0.0133906
0.00407346
-0.0109116
0.00482075
-0.00869821
0.00542071
-0.00684309
0.00590264
-0.00527154
0.00628742
-0.00392523
0.00658814
-0.00275309
0.00681191
-0.00172005
0.00696366
-0.000811175
0.00707719
-3.03012e-05
0.00711645
0.000696029
0.00711511
0.00121053
0.00710668
0.00149385
0.00710845
0.00157492
0.00712632
0.00149093
0.00715758
0.00128592
0.00719274
0.00101178
0.00721806
0.000726079
0.00721377
0.000492198
0.00715045
0.000366913
0.00701464
0.00034323
0.00681292
0.00037592
0.00656261
0.000422212
0.00628104
0.000454747
0.00598274
0.000465219
0.00567604
0.000462779
0.0053648
0.000461911
0.00506126
0.000463576
0.000420095
0.00100865
-0.0157044
0.00147153
-0.0138535
0.00165446
-0.0110946
0.00174766
-0.00879141
0.0017873
-0.00688274
0.00179868
-0.00528291
0.00179479
-0.00392135
0.00178547
-0.00274376
0.00178468
-0.00171926
0.00180681
-0.000833307
0.00175193
2.45829e-05
0.00169054
0.000757413
0.00162316
0.00127791
0.00156178
0.00155523
0.00149416
0.00164254
0.00139417
0.00159092
0.00123207
0.00144802
0.000985098
0.00125875
0.000647024
0.00106415
0.000238838
0.000900385
-0.000187548
0.000793298
-0.00060079
0.000756472
-0.00098976
0.00076489
-0.00135256
0.000785009
-0.00168767
0.000789858
-0.00199943
0.000776984
-0.0022942
0.000757544
-0.0025763
0.000744011
-0.00283468
0.000721957
0.000641601
6.37394e-05
-0.0157681
-0.000359711
-0.01343
-0.000974986
-0.0104793
-0.00159446
-0.00817194
-0.00219294
-0.00628426
-0.00274016
-0.0047357
-0.00322306
-0.00343845
-0.00364006
-0.00232676
-0.0040174
-0.00134192
-0.00440844
-0.00044227
-0.00472701
0.000343155
-0.00493465
0.000965049
-0.0050827
0.00142596
-0.00524718
0.00171972
-0.00545849
0.00185385
-0.0057303
0.00186274
-0.00606366
0.00178138
-0.00644882
0.00164391
-0.00687003
0.00148536
-0.0073085
0.00133886
-0.00774643
0.00123123
-0.00816071
0.00117075
-0.00853679
0.00114097
-0.00886624
0.00111445
-0.00914948
0.00107309
-0.00939142
0.00101893
-0.00960073
0.000966853
-0.00978294
0.000926215
-0.00994013
0.000879152
0.000815025
-0.000900233
-0.0148679
-0.00232764
-0.0120026
-0.00379627
-0.00901065
-0.0052203
-0.0067479
-0.00652602
-0.00497854
-0.00769304
-0.00356868
-0.00871763
-0.00241385
-0.00960473
-0.00143966
-0.01037
-0.000576606
-0.0109892
0.0001769
-0.0114212
0.00077509
-0.0117198
0.00126371
-0.0119587
0.00166482
-0.0121839
0.00194497
-0.0124302
0.00210017
-0.0127118
0.00214431
-0.0130286
0.00209816
-0.0133738
0.00198908
-0.0137392
0.00185077
-0.0141171
0.0017168
-0.0144968
0.00161087
-0.0148621
0.00153608
-0.0151957
0.00147458
-0.0154836
0.00140239
-0.0157198
0.00130931
-0.0159078
0.00120692
-0.0160579
0.0011169
-0.0161808
0.0010491
-0.0162929
0.000991273
0.000948974
-0.00201941
-0.0128485
-0.00446645
-0.0095556
-0.006894
-0.0065831
-0.00914215
-0.00449976
-0.011128
-0.00299268
-0.0128348
-0.00186187
-0.0142795
-0.00096913
-0.0154815
-0.000237724
-0.0164123
0.000354217
-0.0170705
0.000835095
-0.017548
0.00125263
-0.0179168
0.00163248
-0.0182031
0.00195116
-0.0184467
0.00218851
-0.0186828
0.00233624
-0.0189322
0.0023938
-0.0192018
0.00236775
-0.0194898
0.00227706
-0.0197928
0.0021537
-0.0201082
0.00203222
-0.0204312
0.0019339
-0.0207506
0.00185551
-0.021049
0.00177294
-0.0213076
0.00166096
-0.0215141
0.00151588
-0.0216689
0.00136173
-0.0217835
0.00123141
-0.0218737
0.00113933
-0.0219609
0.00107847
0.00105409
-0.00335035
-0.00949814
-0.0069699
-0.00593604
-0.010403
-0.00315
-0.0134252
-0.00147759
-0.0159845
-0.00043338
-0.0180649
0.000218542
-0.0196781
0.000644103
-0.0208737
0.000957866
-0.0217551
0.00123559
-0.0224317
0.00151173
-0.0229637
0.00178466
-0.0233715
0.00204021
-0.0236818
0.00226146
-0.0239311
0.00243785
-0.0241562
0.00256133
-0.0243823
0.00261986
-0.0246187
0.00260421
-0.0248647
0.00252305
-0.0251187
0.00240765
-0.0253831
0.00229667
-0.0256604
0.00221122
-0.0259451
0.0021402
-0.0262202
0.002048
-0.0264614
0.00190222
-0.0266492
0.00170364
-0.0267799
0.00149243
-0.0268677
0.00131914
-0.0269344
0.0012061
-0.0270021
0.00114617
0.00113513
-0.00515759
-0.00434055
-0.0106073
-0.000486313
-0.0150309
0.00127364
-0.018458
0.00194951
-0.0210265
0.00213503
-0.0229484
0.00214051
-0.024422
0.00211763
-0.0255769
0.00211283
-0.0264833
0.002142
-0.027192
0.00222038
-0.0277443
0.00233701
-0.028167
0.00246283
-0.0284841
0.00257858
-0.0287301
0.00268392
-0.028945
0.00277619
-0.0291573
0.00283214
-0.0293751
0.00282199
-0.0295932
0.00274115
-0.0298089
0.00262344
-0.0300307
0.00251841
-0.0302705
0.00245105
-0.0305303
0.00240002
-0.0307932
0.00231084
-0.0310273
0.00213635
-0.0312029
0.00187919
-0.0313117
0.00160126
-0.0313731
0.00138058
-0.0314177
0.00125064
-0.0314671
0.00119564
0.00119471
-0.00794845
0.0036079
-0.0144609
0.00602615
-0.019147
0.00595969
-0.0226206
0.00542315
-0.0252302
0.0047446
-0.0271991
0.0041094
-0.0287036
0.00362219
-0.0298625
0.00327173
-0.0307534
0.00303292
-0.0314422
0.00290913
-0.0319816
0.00287643
-0.0323975
0.00287877
-0.0327044
0.0028854
-0.0329332
0.00291278
-0.0331314
0.00297436
-0.0333335
0.0030343
-0.033543
0.00303142
-0.0337433
0.00294148
-0.0339264
0.00280654
-0.0341076
0.0026996
-0.0343133
0.00265677
-0.0345557
0.0026424
-0.0348171
0.00257226
-0.0350545
0.00237375
-0.0352231
0.00204784
-0.0353084
0.00168653
-0.0353385
0.00141064
-0.0353578
0.00126999
-0.0353895
0.00122732
0.00123512
-0.0100623
0.0136702
-0.0178149
0.0137788
-0.023182
0.0113268
-0.0268725
0.00911365
-0.0294854
0.00735747
-0.0313523
0.00597632
-0.0327441
0.00501398
-0.0338155
0.00434313
-0.0346236
0.00384099
-0.0352376
0.00352311
-0.0357297
0.00336854
-0.0361217
0.0032708
-0.0364026
0.00316629
-0.0365944
0.00310455
-0.0367614
0.00314136
-0.0369527
0.00322564
-0.0371633
0.00324198
-0.0373545
0.00313273
-0.0375054
0.0029574
-0.0376409
0.0028351
-0.03781
0.00282592
-0.0380403
0.00287267
-0.0383121
0.00284404
-0.0385653
0.00262696
-0.0387328
0.00221538
-0.0387895
0.00174323
-0.0387775
0.00139858
-0.0387653
0.00125783
-0.0387807
0.00124268
0.00126
-0.0133324
0.0270026
-0.0229463
0.0233927
-0.0283662
0.0167467
-0.0316427
0.0123901
-0.0339515
0.00966621
-0.0354629
0.00748774
-0.0365507
0.00610176
-0.0374431
0.00523552
-0.0381082
0.00450613
-0.0385884
0.00400333
-0.0389994
0.00377952
-0.039362
0.00363342
-0.0396065
0.00341081
-0.039732
0.00323001
-0.0398413
0.0032507
-0.0400181
0.00340244
-0.0402436
0.00346747
-0.0404375
0.00332661
-0.0405522
0.0030721
-0.0406272
0.00291009
-0.0407498
0.00294848
-0.0409715
0.00309441
-0.0412681
0.00314058
-0.0415537
0.00291257
-0.0417278
0.00238947
-0.041747
0.0017625
-0.0416741
0.00132565
-0.0416195
0.00120325
-0.0416232
0.00124636
0.00127784
-0.0189723
0.0459748
-0.0306339
0.0350544
-0.0354057
0.0215185
-0.037042
0.0140264
-0.038708
0.0113322
-0.0394707
0.00825052
-0.0399714
0.00660243
-0.040682
0.00594609
-0.0412224
0.00504654
-0.0414895
0.00427047
-0.0417613
0.00405133
-0.0420978
0.00396986
-0.0423044
0.00361741
-0.0423228
0.00324842
-0.04233
0.00325791
-0.0424899
0.00356231
-0.0427577
0.00373531
-0.0429754
0.00354431
-0.043044
0.00314074
-0.0430271
0.00289314
-0.0430803
0.00300167
-0.0432945
0.0033086
-0.0436337
0.00347985
-0.0439739
0.00325272
-0.0441651
0.00258071
-0.0441329
0.00173031
-0.0439677
0.00116044
-0.043852
0.00108755
-0.0438548
0.00124911
0.00130926
0.207447
0.00576047
0.207034
0.0111756
0.206432
0.0163506
0.205647
0.0213689
0.204688
0.0262951
0.203561
0.0311836
0.202271
0.0360818
0.200825
0.0410315
0.199229
0.0460698
0.197488
0.0512297
0.195607
0.0565414
0.193592
0.0620334
0.191449
0.067733
0.189182
0.0736675
0.186796
0.0798656
0.184295
0.0863586
0.181683
0.0931823
0.178961
0.10038
0.17613
0.108005
0.173186
0.116127
0.170127
0.124837
0.166947
0.13426
0.163641
0.144567
0.160209
0.156
0.156674
0.168914
0.153128
0.183838
0.149933
0.201567
0.148757
0.223015
0.160364
0.245675
0.258907
0.235638
0.21249
0.00595288
0.212118
0.0115484
0.211574
0.0168942
0.210868
0.0220748
0.210008
0.0271555
0.209
0.032191
0.207853
0.0372288
0.206574
0.0423107
0.20517
0.0474734
0.20365
0.0527497
0.202022
0.0581694
0.200296
0.0637603
0.198479
0.0695491
0.196585
0.0755623
0.194623
0.0818274
0.192607
0.0883747
0.190551
0.0952381
0.188473
0.102458
0.186394
0.110084
0.184342
0.118179
0.182358
0.126822
0.180501
0.136116
0.178872
0.146196
0.17764
0.157232
0.177127
0.169428
0.177983
0.182981
0.181622
0.197928
0.190639
0.213999
0.206036
0.230278
0.245851
0.219092
0.217658
0.00612281
0.217329
0.0118774
0.21685
0.0173728
0.21623
0.0226944
0.215478
0.0279079
0.214601
0.0330676
0.213609
0.038221
0.212511
0.0434093
0.211315
0.0486687
0.210034
0.0540312
0.208678
0.0595256
0.20726
0.0651784
0.205794
0.0710147
0.204297
0.0770593
0.202787
0.0833373
0.201286
0.0898756
0.199821
0.0967038
0.198423
0.103856
0.197134
0.111373
0.196011
0.119302
0.195131
0.127701
0.194608
0.136639
0.194612
0.146193
0.195404
0.15644
0.197396
0.167436
0.201196
0.179181
0.207575
0.191549
0.217195
0.204379
0.229785
0.217688
0.228904
0.246732
0.222951
0.00626825
0.22267
0.0121586
0.222262
0.017781
0.221736
0.0232207
0.2211
0.0285434
0.220365
0.0338031
0.219539
0.0390465
0.218634
0.0443142
0.217662
0.0496412
0.216634
0.0550584
0.215567
0.0605929
0.214476
0.0662694
0.21338
0.0721107
0.212301
0.0781386
0.211264
0.0843746
0.210298
0.0908406
0.209442
0.0975599
0.208741
0.104558
0.208252
0.111861
0.208053
0.119501
0.208246
0.127508
0.208972
0.135914
0.210423
0.144742
0.212862
0.154
0.216637
0.163662
0.222167
0.173651
0.229902
0.183813
0.240417
0.193864
0.254631
0.203475
0.210396
0.273139
0.228374
0.00638735
0.228144
0.0123886
0.227812
0.0181135
0.227385
0.0236469
0.226875
0.0290541
0.22629
0.0343882
0.225641
0.0396949
0.224942
0.0450138
0.224204
0.0503784
0.223445
0.0558178
0.222681
0.0613572
0.221931
0.0670188
0.221219
0.0728224
0.220572
0.0787861
0.22002
0.0849267
0.2196
0.0912602
0.219358
0.0978018
0.21935
0.104566
0.219644
0.111567
0.220328
0.118816
0.221517
0.12632
0.223353
0.134077
0.226023
0.142072
0.229758
0.150266
0.234837
0.158583
0.24159
0.166898
0.250396
0.175007
0.261703
0.182556
0.275987
0.189191
0.193826
0.292556
0.233929
0.00647843
0.233754
0.0125641
0.233502
0.0183656
0.233182
0.0239672
0.232803
0.0294328
0.232376
0.0348146
0.231914
0.0401572
0.23143
0.0454982
0.230938
0.0508698
0.230458
0.0562987
0.230007
0.0618079
0.229609
0.0674165
0.229291
0.0731409
0.229082
0.0789949
0.229019
0.08499
0.229143
0.0911356
0.229506
0.0974387
0.230169
0.103903
0.231206
0.11053
0.232709
0.117314
0.234788
0.12424
0.237582
0.131284
0.241252
0.138402
0.245993
0.145525
0.252024
0.152551
0.259589
0.159333
0.268931
0.165666
0.280228
0.171259
0.29358
0.17584
0.178894
0.308512
0.23962
0.00653999
0.239502
0.0126821
0.239334
0.0185334
0.239125
0.0241762
0.238884
0.0296734
0.238623
0.0350756
0.238355
0.0404256
0.238094
0.0457596
0.237856
0.0511073
0.237662
0.0564933
0.237532
0.0619377
0.237492
0.0674566
0.23757
0.0730625
0.2378
0.0787646
0.238221
0.0845692
0.238878
0.0904789
0.239824
0.0964928
0.241122
0.102605
0.242846
0.108806
0.245085
0.115075
0.247942
0.121384
0.251535
0.12769
0.256001
0.133935
0.26149
0.140036
0.268158
0.145884
0.276155
0.151335
0.285603
0.156218
0.296548
0.160314
0.308979
0.163408
0.165233
0.32264
0.245448
0.00657077
0.24539
0.0127404
0.24531
0.0186132
0.245217
0.0242697
0.245119
0.0297708
0.245029
0.0351655
0.24496
0.0404947
0.244928
0.0457922
0.244949
0.0510857
0.245045
0.0563972
0.245239
0.0617438
0.245558
0.0671384
0.24603
0.0725895
0.246693
0.0781022
0.247585
0.0836771
0.248753
0.0893111
0.250249
0.0949962
0.252136
0.100719
0.254482
0.106459
0.257368
0.112189
0.260884
0.117868
0.265126
0.123448
0.270202
0.12886
0.276216
0.134022
0.28327
0.13883
0.291444
0.143161
0.300787
0.146875
0.311288
0.149813
0.322879
0.151817
0.152753
0.335359
0.251418
0.00656975
0.251422
0.0127368
0.251432
0.0186024
0.251458
0.0242444
0.251507
0.0297214
0.251592
0.0350806
0.251726
0.0403604
0.251926
0.0455927
0.252209
0.0508026
0.252597
0.0560093
0.253113
0.0612272
0.253786
0.0664658
0.254646
0.07173
0.255727
0.0770205
0.257071
0.0823337
0.258721
0.087661
0.260728
0.092989
0.263149
0.0982981
0.266046
0.103562
0.269488
0.108747
0.273548
0.113808
0.278302
0.118693
0.283827
0.123336
0.29019
0.127658
0.29745
0.13157
0.305641
0.13497
0.314764
0.137752
0.324774
0.139803
0.335573
0.141018
0.141338
0.346988
0.257532
0.00653619
0.257599
0.0126701
0.257702
0.0184991
0.257849
0.0240979
0.258048
0.0295228
0.25831
0.0348185
0.258649
0.0400212
0.259081
0.0451603
0.259625
0.0502584
0.260303
0.0553321
0.261137
0.0603929
0.262156
0.0654471
0.263389
0.0704965
0.264871
0.0755382
0.26664
0.0805646
0.268738
0.0855633
0.271211
0.0905166
0.274108
0.095401
0.277483
0.100187
0.281392
0.104837
0.285892
0.109308
0.291038
0.113548
0.296879
0.117494
0.303457
0.121081
0.310795
0.124232
0.318895
0.12687
0.327731
0.128916
0.337238
0.130296
0.347312
0.130944
0.13084
0.357811
0.263794
0.00646962
0.263925
0.0125394
0.264122
0.0183021
0.264391
0.0238291
0.26474
0.0291739
0.265179
0.0343787
0.265723
0.0394773
0.266387
0.0444964
0.267189
0.0494563
0.26815
0.0543711
0.269294
0.0592493
0.270646
0.0640949
0.272236
0.0689065
0.274096
0.0736784
0.27626
0.0784001
0.278767
0.0830564
0.281657
0.0876271
0.284971
0.0920867
0.288753
0.0964045
0.293047
0.100544
0.297893
0.104462
0.303328
0.108113
0.309381
0.111442
0.316069
0.114393
0.323393
0.116908
0.331335
0.118928
0.339853
0.120399
0.348875
0.121274
0.358303
0.121516
0.121124
0.368018
0.270207
0.00636985
0.270402
0.0123442
0.270693
0.0180111
0.271084
0.0234379
0.271583
0.0286752
0.272199
0.0337624
0.272945
0.0387309
0.273837
0.043605
0.274891
0.0484023
0.276127
0.0531347
0.277568
0.0578084
0.279238
0.0624248
0.281164
0.0669805
0.283375
0.0714675
0.285902
0.0758733
0.288777
0.0801812
0.292034
0.0843698
0.295708
0.0884133
0.299831
0.0922817
0.304434
0.0959405
0.309545
0.0993515
0.315184
0.102473
0.321364
0.105261
0.328086
0.107672
0.335334
0.109659
0.343079
0.111183
0.351271
0.112207
0.35984
0.112705
0.368697
0.112658
0.11208
0.377742
0.276774
0.00623699
0.277033
0.012085
0.277417
0.0176266
0.27793
0.0229253
0.278577
0.0280283
0.279367
0.0329724
0.280311
0.0377864
0.281424
0.042492
0.282722
0.0471047
0.284223
0.0516342
0.285946
0.0560847
0.287915
0.0604557
0.290154
0.064742
0.292687
0.0689343
0.295541
0.0730192
0.298743
0.0769791
0.30232
0.0807928
0.306298
0.0844357
0.3107
0.0878797
0.315546
0.0910939
0.320853
0.094045
0.326628
0.0966984
0.33287
0.0990189
0.339569
0.100972
0.346702
0.102527
0.35423
0.103654
0.362103
0.104334
0.370255
0.104553
0.378608
0.104305
0.10361
0.387078
0.283498
0.00607143
0.283821
0.0117625
0.284297
0.0171501
0.284929
0.0222933
0.285721
0.0272363
0.286681
0.032013
0.287818
0.0366494
0.289144
0.0411653
0.290675
0.0455738
0.292427
0.0498828
0.294416
0.0540949
0.296664
0.058208
0.29919
0.0622161
0.302015
0.0661089
0.305162
0.0698728
0.30865
0.0734907
0.312501
0.0769423
0.316731
0.080205
0.321357
0.0832536
0.32639
0.0860614
0.331834
0.0886007
0.337689
0.0908435
0.343945
0.092763
0.350583
0.0943341
0.357575
0.0955352
0.36488
0.0963494
0.372448
0.0967656
0.380221
0.0967801
0.38813
0.0963963
0.0956347
0.396105
0.290384
0.0058738
0.290769
0.0113779
0.291335
0.0165834
0.292084
0.021545
0.293016
0.0263034
0.29414
0.0308897
0.295462
0.0353276
0.296992
0.0396344
0.298745
0.0438217
0.300732
0.0478955
0.30297
0.0518572
0.305474
0.0557039
0.308261
0.0594287
0.311348
0.0630216
0.314752
0.066469
0.318488
0.069755
0.322569
0.0728611
0.327007
0.0757671
0.331809
0.0784514
0.336979
0.0808917
0.342514
0.0830656
0.348406
0.0849516
0.354639
0.08653
0.36119
0.0877834
0.368026
0.0886985
0.375109
0.0892662
0.382392
0.0894829
0.389821
0.089351
0.397339
0.0888788
0.0880876
0.404886
0.297435
0.00564497
0.297879
0.0109331
0.298534
0.0159294
0.299394
0.0206841
0.300463
0.0252347
0.301744
0.0296093
0.303242
0.0338294
0.304966
0.0379102
0.306926
0.0418616
0.309133
0.0456883
0.3116
0.0493909
0.314338
0.0529657
0.31736
0.056406
0.32068
0.0597019
0.324308
0.0628408
0.328255
0.0658083
0.332528
0.0685882
0.337132
0.0711629
0.342069
0.0735146
0.347336
0.0756252
0.352924
0.0774775
0.35882
0.0790557
0.365004
0.0803458
0.37145
0.0813371
0.378127
0.0820221
0.384995
0.0823978
0.392012
0.0824656
0.399131
0.0822317
0.406303
0.0817071
0.0809127
0.413478
0.304654
0.00538601
0.305157
0.01043
0.305895
0.0151911
0.306864
0.0197152
0.308063
0.0240361
0.309493
0.0281795
0.311158
0.0321644
0.313064
0.0360043
0.315218
0.0397076
0.317628
0.043278
0.320303
0.0467154
0.323253
0.050016
0.326486
0.0531733
0.33001
0.056178
0.333831
0.0590191
0.337956
0.0616837
0.342386
0.0641579
0.347122
0.0664274
0.352159
0.0684777
0.357489
0.0702948
0.363101
0.0718659
0.368976
0.07318
0.375094
0.0742281
0.381427
0.0750043
0.387943
0.075506
0.394607
0.0757338
0.40138
0.0756927
0.40822
0.0753911
0.415086
0.0748413
0.0740629
0.421936
0.312046
0.00509813
0.312605
0.00987116
0.313424
0.0143724
0.314496
0.0186432
0.315818
0.0227142
0.317389
0.0266084
0.31921
0.0303428
0.321286
0.033929
0.323619
0.0373742
0.326216
0.0406814
0.329081
0.04385
0.332221
0.0468764
0.335639
0.0497546
0.339341
0.0524763
0.343328
0.0550318
0.347602
0.0574104
0.352159
0.0596004
0.356996
0.0615905
0.362105
0.0633692
0.367473
0.0649263
0.373086
0.0662529
0.378924
0.0673417
0.384965
0.0681877
0.39118
0.0687888
0.397541
0.0691455
0.404013
0.0692613
0.410563
0.0691431
0.417153
0.0688006
0.423749
0.0682461
0.0674978
0.430314
0.319615
0.00478264
0.320227
0.00925913
0.321122
0.0134771
0.322292
0.0174735
0.32373
0.021276
0.325434
0.0249048
0.327402
0.0283749
0.329634
0.0316965
0.332133
0.0348757
0.334899
0.0379148
0.337936
0.0408131
0.341245
0.0435674
0.344828
0.0461722
0.348684
0.0486204
0.352811
0.0509039
0.357208
0.0530138
0.361868
0.0549409
0.366782
0.0566762
0.37194
0.0582115
0.377327
0.0595394
0.382925
0.0606541
0.388715
0.0615516
0.394673
0.06223
0.400773
0.0626895
0.406985
0.062933
0.413281
0.0629659
0.419628
0.0627959
0.425995
0.0624332
0.432351
0.0618898
0.0611822
0.438667
0.327365
0.00444093
0.328028
0.0085966
0.328995
0.0125092
0.330257
0.0162117
0.331805
0.0197284
0.333632
0.0230773
0.335736
0.0262712
0.338113
0.0293191
0.340763
0.032226
0.343684
0.0349939
0.346875
0.0376221
0.350335
0.0401077
0.354061
0.042446
0.35805
0.0446312
0.362298
0.0466566
0.366796
0.0485151
0.371537
0.0501997
0.37651
0.0517037
0.3817
0.0530213
0.387092
0.0541477
0.392666
0.0550797
0.398402
0.0558155
0.404277
0.0563553
0.410265
0.0567015
0.41634
0.0568582
0.422474
0.0568317
0.42864
0.0566302
0.434809
0.0562636
0.440956
0.0557434
0.0550842
0.447054
0.3353
0.00407433
0.336011
0.00788624
0.337047
0.0114729
0.338396
0.0148632
0.340046
0.0180785
0.341988
0.0211343
0.344218
0.0240417
0.346729
0.0268081
0.349517
0.0294381
0.352578
0.0319331
0.355907
0.0342925
0.359501
0.0365139
0.363354
0.0385934
0.367458
0.0405264
0.371807
0.0423075
0.376391
0.0439314
0.381198
0.0453928
0.386214
0.0466871
0.391425
0.0478105
0.396813
0.0487601
0.402358
0.0495346
0.408039
0.0501342
0.413834
0.0505604
0.419719
0.0508167
0.425669
0.0509082
0.431659
0.0508415
0.437665
0.0506247
0.443661
0.0502672
0.449625
0.0497794
0.0491745
0.455535
0.343426
0.0036841
0.344182
0.0071305
0.345283
0.0103718
0.346713
0.0134332
0.348458
0.0163329
0.350509
0.019084
0.352855
0.0216958
0.355488
0.0241745
0.358402
0.0265239
0.36159
0.0287453
0.365045
0.0308381
0.368758
0.0328004
0.372722
0.0346291
0.376928
0.0363205
0.381365
0.0378708
0.386021
0.0392757
0.390882
0.0405318
0.395933
0.0416359
0.401157
0.0425859
0.406537
0.0433804
0.412052
0.0440195
0.417682
0.0445046
0.423404
0.0448382
0.429196
0.0450243
0.435036
0.0450684
0.440901
0.0449771
0.446767
0.0447579
0.452615
0.0444197
0.458423
0.0439718
0.0434255
0.464171
0.351746
0.00327126
0.352545
0.00633149
0.353708
0.00920937
0.355215
0.0119265
0.35705
0.0144978
0.3592
0.0169337
0.361654
0.019242
0.364401
0.0214278
0.367431
0.023494
0.370734
0.0254417
0.374302
0.0272706
0.378123
0.028979
0.382188
0.0305647
0.386483
0.0320248
0.390997
0.0333565
0.395716
0.034557
0.400624
0.0356238
0.405705
0.0365552
0.410941
0.0373501
0.416313
0.0380083
0.421801
0.0385309
0.427386
0.0389199
0.433046
0.0391784
0.438759
0.0393107
0.444506
0.039322
0.450264
0.0392187
0.456014
0.0390077
0.461737
0.0386969
0.467415
0.0382945
0.0378101
0.47303
0.360267
0.00283647
0.361108
0.00549063
0.362329
0.00798819
0.363908
0.0103471
0.365828
0.0125784
0.368071
0.0146901
0.370625
0.016688
0.373477
0.0185763
0.376614
0.0203572
0.380024
0.0220317
0.383695
0.0235993
0.387615
0.025059
0.391771
0.0264089
0.396148
0.027647
0.400734
0.0287715
0.40551
0.0297803
0.410462
0.030672
0.415571
0.0314458
0.42082
0.0321014
0.426189
0.0326395
0.431658
0.0330616
0.437208
0.03337
0.442819
0.033568
0.44847
0.0336598
0.454141
0.0336503
0.459815
0.0335453
0.465472
0.0333509
0.471094
0.033074
0.476667
0.0327217
0.0323022
0.482175
0.368993
0.00237963
0.369876
0.00460815
0.371154
0.00670988
0.372803
0.0086982
0.374802
0.0105795
0.377133
0.0123586
0.379781
0.01404
0.382731
0.0156268
0.385967
0.0171208
0.389477
0.0185224
0.393245
0.0198314
0.397257
0.0210468
0.401498
0.0221674
0.405953
0.0231918
0.410606
0.0241187
0.415439
0.024947
0.420436
0.0256758
0.425577
0.0263049
0.430843
0.0268346
0.436217
0.027266
0.441678
0.0276008
0.447206
0.0278413
0.452783
0.0279908
0.45839
0.0280531
0.464008
0.0280325
0.469619
0.027934
0.475207
0.027763
0.480756
0.0275251
0.486252
0.0272263
0.0268733
0.49168
0.377932
0.00189914
0.378858
0.00368211
0.380192
0.00537507
0.381908
0.00698305
0.383982
0.00850536
0.386396
0.0099444
0.389132
0.0113037
0.392174
0.0125854
0.395504
0.0137905
0.399107
0.0149193
0.402967
0.0159714
0.407068
0.0169462
0.411392
0.0178429
0.415924
0.0186604
0.420644
0.0193979
0.425537
0.0200547
0.430582
0.0206306
0.435761
0.0211257
0.441055
0.0215405
0.446445
0.0218761
0.451912
0.0221344
0.457436
0.0223174
0.462998
0.0224281
0.468582
0.0224696
0.474168
0.0224457
0.479742
0.0223605
0.485287
0.0222184
0.490788
0.0220239
0.496232
0.021782
0.0214982
0.501607
0.387091
0.00138979
0.388068
0.00270527
0.389462
0.00398127
0.391243
0.00520187
0.39339
0.00635756
0.395885
0.00745016
0.398706
0.00848258
0.401835
0.00945595
0.405255
0.0103705
0.408948
0.0112261
0.412897
0.0120226
0.417084
0.0127594
0.421491
0.013436
0.4261
0.0140516
0.430892
0.0146059
0.435848
0.0150984
0.44095
0.0155291
0.446177
0.0158982
0.451511
0.0162065
0.456932
0.0164549
0.462422
0.016645
0.46796
0.0167786
0.473531
0.0168578
0.479115
0.0168854
0.484696
0.0168642
0.490259
0.0167974
0.495789
0.0166883
0.501273
0.0165403
0.506698
0.016357
0.0161423
0.512054
0.396484
0.000838566
0.397517
0.00167206
0.398966
0.00253263
0.400809
0.00335847
0.403028
0.00413903
0.405599
0.00487877
0.408502
0.00557946
0.411717
0.00624074
0.415226
0.00686213
0.419009
0.0074434
0.423047
0.00798425
0.427322
0.00848431
0.431815
0.00894315
0.436506
0.00936036
0.441376
0.00973562
0.446406
0.0100688
0.451575
0.0103598
0.456864
0.0106091
0.462254
0.0108171
0.467724
0.0109846
0.473256
0.0111126
0.478832
0.0112027
0.484434
0.0112562
0.490044
0.011275
0.495647
0.0112613
0.501228
0.011217
0.506771
0.0111446
0.512265
0.0110466
0.517697
0.0109253
0.0107839
0.523055
0.406193
0.000155543
0.40729
0.000575357
0.408789
0.00103331
0.410692
0.00145619
0.412974
0.00185613
0.415615
0.0022386
0.418591
0.00260285
0.421884
0.00294754
0.425474
0.00327207
0.429342
0.00357614
0.433466
0.00385949
0.437829
0.00412183
0.442409
0.00436287
0.447187
0.00458234
0.452143
0.00478006
0.457256
0.00495594
0.462505
0.00511
0.467872
0.00524239
0.473336
0.00535339
0.478877
0.00544345
0.484476
0.00551314
0.490116
0.00556319
0.495778
0.00559443
0.501445
0.00560782
0.507102
0.00560443
0.512733
0.0055854
0.518326
0.00555191
0.523867
0.00550522
0.529346
0.00544654
0.00537773
0.534752
0.415475
0.41605
0.417084
0.41854
0.420396
0.422634
0.425237
0.428185
0.431457
0.435033
0.438893
0.443014
0.447377
0.45196
0.45674
0.461696
0.466806
0.472048
0.477401
0.482845
0.488358
0.493921
0.499516
0.505123
0.510728
0.516313
0.521865
0.52737
0.532817
0.538195
0.127748
0.10789
0.037603
0.0901448
0.0572127
-0.0196098
0.210598
0.116385
0.194662
0.10608
0.0899584
0.161917
0.252501
0.110616
0.251968
0.106613
0.0996384
0.242288
0.280155
0.103599
0.284113
0.102655
0.0999508
0.283801
0.300007
0.0961484
0.306234
0.0964275
0.0956996
0.310486
0.315888
0.088773
0.322882
0.0894335
0.0895506
0.329031
0.32952
0.0818933
0.336363
0.0825906
0.0829877
0.342926
0.341643
0.0756098
0.348006
0.0762275
0.0766604
0.354333
0.352723
0.0698757
0.358554
0.0703956
0.0707866
0.364428
0.363067
0.0646195
0.368408
0.0650546
0.0653918
0.373803
0.372865
0.0597726
0.37778
0.0601399
0.0604296
0.382742
0.38224
0.0552737
0.386793
0.0555875
0.0558385
0.391384
0.391281
0.0510705
0.395527
0.0513417
0.0515613
0.399804
0.400055
0.0471202
0.40404
0.0473566
0.0475504
0.408051
0.408619
0.0433872
0.412381
0.0435948
0.0437668
0.416164
0.417023
0.0398424
0.420592
0.0400255
0.0401789
0.42418
0.425317
0.0364614
0.428719
0.0366233
0.0367603
0.432138
0.433552
0.0332233
0.436808
0.0333666
0.0334889
0.44008
0.44178
0.0301101
0.44491
0.0302369
0.0303459
0.448053
0.450058
0.0271055
0.453078
0.0272174
0.0273142
0.45611
0.458445
0.024195
0.461369
0.0242931
0.0243786
0.464305
0.467002
0.0213645
0.469845
0.0214499
0.0215248
0.472699
0.475794
0.0186007
0.47857
0.0186742
0.018739
0.481355
0.484886
0.0158899
0.487608
0.0159522
0.0160072
0.49034
0.494351
0.0132193
0.497032
0.0132708
0.0133166
0.499723
0.504253
0.0105739
0.506909
0.0106148
0.0106511
0.509574
0.514686
0.00794138
0.517329
0.00797215
0.00799973
0.51998
0.525695
0.00530217
0.528344
0.00532241
0.00533997
0.531004
0.537406
0.0026481
0.540072
0.00265712
0.00266556
0.542746
0.540843
0.5435
0.546165
-0.0392804
0.0656455
-0.0496244
0.0453984
-0.0501335
0.0220276
-0.0436438
0.00753673
-0.0446581
0.0123465
-0.0447817
0.00837411
-0.0445926
0.00641334
-0.0453723
0.00672577
-0.0458161
0.00549037
-0.0455285
0.00398284
-0.0455212
0.00404403
-0.0459332
0.00438191
-0.0461994
0.00388362
-0.0460818
0.00313078
-0.0458792
0.00305528
-0.0460125
0.00369562
-0.0463772
0.0041
-0.0466601
0.00382724
-0.0466597
0.00314031
-0.0464822
0.00271572
-0.0464185
0.00293791
-0.046634
0.00352416
-0.047059
0.00390478
-0.047502
0.00369576
-0.0477348
0.00281346
-0.0476245
0.00162001
-0.0472995
0.00083546
-0.04708
0.000868037
-0.0471031
0.00127224
0.00140815
0.0972242
0.130338
0.0466827
0.0959399
-0.00225667
0.0709669
-0.0376694
0.0429494
-0.0519199
0.0265969
-0.0536905
0.0101448
-0.0481878
0.000910632
-0.0482546
0.00679254
-0.048703
0.00593875
-0.0478168
0.00309664
-0.04788
0.00410729
-0.0487713
0.00527322
-0.0492639
0.00437621
-0.0487278
0.00259463
-0.0478641
0.00219164
-0.0479611
0.0037926
-0.0485547
0.00469357
-0.0490095
0.00428203
-0.0489393
0.00307018
-0.0484786
0.00225497
-0.0481994
0.00265876
-0.0484179
0.00374258
-0.0489718
0.00445868
-0.0495637
0.00428772
-0.0498574
0.00310715
-0.0496244
0.00138703
-0.0490263
0.000237364
-0.0486298
0.000471502
-0.0487103
0.00135279
0.00168159
0.204944
0.167682
0.16406
0.136823
0.124883
0.110144
0.0826147
0.0852176
0.0436644
0.0655473
0.00165325
0.0521559
-0.0318958
0.0344596
-0.0488703
0.0237671
-0.054293
0.0113614
-0.0526974
0.00150109
-0.04918
0.000589851
-0.0499042
0.00599747
-0.0507139
0.00518592
-0.0492733
0.00115397
-0.0480093
0.000927715
-0.0485433
0.00432654
-0.0496985
0.0058488
-0.0505035
0.00508706
-0.0502664
0.00283308
-0.0491307
0.00111921
-0.0483625
0.00189053
-0.0486186
0.00399875
-0.0493833
0.00522332
-0.0501983
0.00510274
-0.0505915
0.00350033
-0.050196
0.000991627
-0.049174
-0.000784683
-0.0484973
-0.000205234
-0.0487014
0.00155697
0.00230303
0.268918
0.182565
0.244847
0.160894
0.215968
0.139024
0.183069
0.118116
0.149337
0.0992792
0.118336
0.0831572
0.0853863
0.0674089
0.0551551
0.0539983
0.0234334
0.043083
-0.00888125
0.0338158
-0.0336036
0.0253122
-0.046278
0.0186719
-0.0510922
0.0100001
-0.0507731
0.000834926
-0.0465076
-0.00333783
-0.0465578
0.00437674
-0.0484905
0.00778148
-0.0498266
0.00642314
-0.0492326
0.00223909
-0.0470967
-0.00101664
-0.0460511
0.00084494
-0.0466514
0.00459899
-0.0478391
0.00641103
-0.0490432
0.00630687
-0.0495914
0.00404855
-0.0490864
0.000486602
-0.0471649
-0.00270618
-0.0461003
-0.0012698
-0.0465668
0.00202345
0.003523
0.308952
0.184098
0.298518
0.171328
0.281536
0.156006
0.259836
0.139817
0.235327
0.123788
0.209751
0.108733
0.182614
0.0945456
0.155174
0.0814391
0.128376
0.0698803
0.102554
0.0596385
0.0774625
0.0504033
0.0545255
0.0416089
0.0313687
0.0331569
0.00434019
0.0278634
-0.0203647
0.0213671
-0.0343839
0.0183959
-0.0412657
0.0146632
-0.0444312
0.00958864
-0.0448986
0.00270656
-0.0423839
-0.00353139
-0.0409105
-0.000628422
-0.0418284
0.00551684
-0.0436684
0.00825102
-0.0453018
0.00794034
-0.0462732
0.00501986
-0.0447919
-0.000994679
-0.0426456
-0.00485244
-0.0412877
-0.00262772
-0.0422431
0.00297888
0.00567728
0.335181
0.177948
0.334429
0.172081
0.327582
0.162853
0.315762
0.151637
0.300123
0.139427
0.281825
0.127031
0.26158
0.114791
0.240065
0.102954
0.218062
0.0918838
0.195947
0.0817535
0.173945
0.0724054
0.152092
0.0634614
0.130088
0.0551617
0.10961
0.0483414
0.0886288
0.0423479
0.0697347
0.03729
0.0525985
0.0317994
0.0361563
0.0260309
0.0174709
0.0213919
-0.00371608
0.0176556
-0.0197226
0.0153781
-0.0279891
0.0137833
-0.0320644
0.0123263
-0.0346512
0.0105272
-0.035985
0.00635365
-0.036485
-0.000494725
-0.0342094
-0.00712802
-0.0341454
-0.0026917
-0.0360103
0.00484371
0.00922211
0.352918
0.167956
0.358325
0.166673
0.358926
0.162252
0.355056
0.155507
0.347311
0.147172
0.336447
0.137895
0.323119
0.128119
0.307875
0.118198
0.291287
0.108473
0.273865
0.0991749
0.255964
0.0903071
0.237644
0.0817807
0.219056
0.0737498
0.200786
0.0666113
0.182798
0.0603363
0.165592
0.0544963
0.148763
0.0486285
0.13193
0.0428632
0.115482
0.0378403
0.0992422
0.0338952
0.0836709
0.0309494
0.0692604
0.0281939
0.0562612
0.0253255
0.0446547
0.0221336
0.0328339
0.0181745
0.017339
0.0150002
-0.00283926
0.0130502
-0.0180949
0.012564
-0.0245282
0.0112769
0.0151821
0.365701
0.156588
0.374455
0.157919
0.379912
0.156796
0.381884
0.153535
0.380501
0.148555
0.376103
0.142293
0.369088
0.135134
0.359865
0.127421
0.348878
0.119459
0.33657
0.111483
0.323268
0.103609
0.309151
0.0958977
0.294417
0.0884838
0.279434
0.0815946
0.264514
0.0752564
0.249757
0.0692531
0.234992
0.0633929
0.220115
0.0577408
0.205318
0.0526375
0.190828
0.0483853
0.176918
0.0448592
0.16356
0.0415522
0.150681
0.0382038
0.138123
0.0346917
0.125254
0.0310443
0.11222
0.0280336
0.0989384
0.026332
0.0858989
0.0256034
0.0720365
0.0251393
0.0270224
0.375837
0.145179
0.38599
0.147766
0.394167
0.148619
0.399946
0.147755
0.403153
0.145348
0.403809
0.141636
0.402067
0.136877
0.398156
0.131331
0.392367
0.125248
0.385007
0.118842
0.376347
0.11227
0.366593
0.105651
0.35596
0.0991169
0.344735
0.0928197
0.333175
0.0868169
0.321379
0.0810485
0.309328
0.0754437
0.297014
0.0700556
0.284566
0.0650851
0.272241
0.0607103
0.260232
0.0568677
0.248493
0.0532913
0.236911
0.049786
0.225315
0.0462873
0.213452
0.0429074
0.201386
0.0400998
0.189386
0.038332
0.177531
0.0374587
0.165466
0.0372041
0.0378981
0.384666
0.134316
0.395062
0.13737
0.404432
0.139249
0.412334
0.139853
0.418469
0.139213
0.42268
0.137424
0.424935
0.134622
0.425296
0.130971
0.423897
0.126647
0.420916
0.121823
0.41654
0.116647
0.410944
0.111246
0.404315
0.105746
0.396866
0.100269
0.388792
0.0948909
0.380213
0.0896277
0.371178
0.0844785
0.361734
0.0794997
0.352001
0.0748177
0.342168
0.0705434
0.332372
0.0666643
0.322612
0.0630512
0.312812
0.0595855
0.302855
0.0562447
0.292618
0.0531445
0.282143
0.050575
0.271653
0.0488215
0.261251
0.047861
0.250936
0.047519
0.0476262
0.392884
0.124174
0.402954
0.127299
0.41258
0.129624
0.421405
0.131028
0.429136
0.131483
0.435554
0.131006
0.440527
0.129649
0.444001
0.127496
0.445992
0.124657
0.446565
0.12125
0.44582
0.117392
0.44387
0.113195
0.440848
0.108768
0.436902
0.104215
0.432178
0.0996153
0.426786
0.0950194
0.420801
0.0904639
0.414291
0.0860088
0.407364
0.0817448
0.400155
0.0777528
0.392769
0.0740499
0.385235
0.0705856
0.377515
0.0673058
0.369542
0.0642177
0.361264
0.0614221
0.352728
0.0591113
0.344082
0.0574671
0.335437
0.0565058
0.326862
0.0560944
0.0559557
0.400816
0.114742
0.410349
0.117766
0.419749
0.120224
0.428766
0.122011
0.437166
0.123083
0.444744
0.123428
0.451342
0.123051
0.456851
0.121987
0.461215
0.120293
0.464422
0.118042
0.466498
0.115316
0.467494
0.1122
0.467482
0.10878
0.466556
0.105141
0.464811
0.10136
0.462336
0.0974949
0.4592
0.0935998
0.455473
0.0897354
0.451243
0.0859751
0.44661
0.0823861
0.441658
0.0790021
0.436424
0.0758196
0.4309
0.0728294
0.425059
0.0700589
0.418888
0.067593
0.412433
0.0655661
0.405798
0.0641022
0.399077
0.0632263
0.39233
0.0628421
0.0626912
0.408602
0.105944
0.417565
0.108803
0.426547
0.111242
0.43538
0.113178
0.443895
0.114568
0.45193
0.115392
0.459344
0.115637
0.466019
0.115312
0.47187
0.114442
0.476846
0.113067
0.480923
0.111239
0.484104
0.109018
0.486415
0.106469
0.4879
0.103656
0.488615
0.100645
0.488615
0.0974949
0.487955
0.09426
0.486691
0.0909993
0.48489
0.0877763
0.482625
0.0846507
0.479962
0.0816655
0.476937
0.0788437
0.473562
0.0762047
0.469833
0.073788
0.465759
0.0716674
0.461381
0.0699436
0.456776
0.0687075
0.452014
0.0679883
0.447128
0.0677278
0.0677271
0.416301
0.0976941
0.424736
0.100369
0.433257
0.102721
0.441753
0.104682
0.450103
0.106218
0.45819
0.107305
0.465899
0.107928
0.47313
0.108082
0.479797
0.107775
0.485835
0.107029
0.491199
0.105875
0.495866
0.104352
0.499827
0.102507
0.503094
0.100389
0.505689
0.0980504
0.507642
0.0955423
0.508985
0.0929162
0.509759
0.0902256
0.510009
0.0875265
0.509786
0.0848733
0.509139
0.0823128
0.508101
0.079882
0.506689
0.0776162
0.504915
0.0755623
0.502796
0.0737866
0.500369
0.0723703
0.497689
0.0713871
0.494806
0.0708721
0.49173
0.0708036
0.0710502
0.423944
0.0899144
0.431911
0.0924018
0.439996
0.094636
0.448118
0.09656
0.456192
0.0981442
0.46413
0.0993671
0.471846
0.100212
0.47926
0.100668
0.486297
0.100738
0.492895
0.10043
0.499006
0.0997641
0.504592
0.0987653
0.509633
0.0974662
0.514118
0.095904
0.518049
0.0941196
0.521435
0.0921561
0.524293
0.0900585
0.526645
0.087874
0.528519
0.0856521
0.52995
0.0834426
0.53097
0.0812924
0.531608
0.0792446
0.531881
0.0773425
0.531807
0.0756363
0.531406
0.0741877
0.53071
0.0730668
0.529758
0.0723392
0.528582
0.0720481
0.527182
0.0722037
0.0727378
0.431555
0.0825393
0.439115
0.0848422
0.446807
0.0869437
0.454571
0.0887958
0.462343
0.0903726
0.470055
0.0916545
0.477643
0.0926244
0.48504
0.0932709
0.492188
0.0935902
0.499032
0.0935861
0.505527
0.0932694
0.511635
0.0926571
0.517329
0.0917722
0.52259
0.0906429
0.527409
0.0893011
0.531782
0.0877826
0.535715
0.0861258
0.539217
0.0843718
0.542305
0.0825644
0.544998
0.0807487
0.547321
0.0789699
0.549293
0.0772728
0.550932
0.0757035
0.552255
0.0743131
0.553283
0.07316
0.554041
0.0723081
0.55456
0.07182
0.554862
0.071747
0.55494
0.0721252
0.0729404
0.439163
0.0755141
0.446369
0.0776364
0.453715
0.0795978
0.461153
0.0813571
0.468634
0.0828919
0.476104
0.0841843
0.483511
0.0852175
0.490802
0.0859795
0.497929
0.0864638
0.504845
0.0866703
0.511509
0.0866047
0.517888
0.0862781
0.523954
0.085707
0.529684
0.0849126
0.535064
0.0839205
0.540087
0.08276
0.544749
0.0814639
0.549053
0.0800678
0.553007
0.0786105
0.556623
0.0771327
0.559916
0.0756771
0.562901
0.0742875
0.565594
0.0730101
0.568012
0.0718952
0.570174
0.0709985
0.572101
0.0703805
0.573819
0.0701027
0.575342
0.0702234
0.57667
0.0707978
0.0718535
0.446801
0.0687928
0.453699
0.0707387
0.460741
0.0725555
0.46789
0.0742084
0.475104
0.0756777
0.482341
0.0769471
0.489558
0.078001
0.49671
0.078827
0.503757
0.0794172
0.510658
0.0797689
0.517379
0.0798841
0.523887
0.0797699
0.530156
0.0794378
0.536165
0.078904
0.541896
0.0781889
0.54734
0.0773165
0.552489
0.0763147
0.557342
0.0752145
0.561903
0.07405
0.566177
0.0728581
0.570176
0.0716784
0.573911
0.0705524
0.577396
0.069525
0.580647
0.0686447
0.583681
0.0679647
0.586518
0.0675429
0.589181
0.0674403
0.591684
0.06772
0.594032
0.0684494
0.0696853
0.45451
0.0623358
0.46114
0.0641091
0.467916
0.065779
0.474809
0.0673157
0.481784
0.0687024
0.488807
0.0699244
0.495841
0.0709673
0.502849
0.0718191
0.509795
0.0724712
0.516644
0.0729193
0.523365
0.0731629
0.529929
0.0732059
0.536311
0.0730563
0.542489
0.0727261
0.548446
0.0722314
0.554171
0.071592
0.559654
0.0708315
0.564892
0.0699766
0.569884
0.0690574
0.574636
0.068107
0.579152
0.0671617
0.583444
0.0662603
0.587524
0.0654452
0.591406
0.0647626
0.595108
0.064263
0.598649
0.0640019
0.60205
0.0640394
0.60533
0.0644405
0.6085
0.0652786
0.066628
0.462337
0.0561082
0.468734
0.0577124
0.475279
0.0592339
0.481947
0.0606475
0.488711
0.0619385
0.495541
0.0630942
0.502407
0.0641017
0.509276
0.0649496
0.516118
0.0656291
0.522902
0.0661352
0.5296
0.0664657
0.536183
0.0666222
0.54263
0.0666099
0.548918
0.0664377
0.555032
0.066118
0.560956
0.0656672
0.566683
0.0651048
0.572206
0.0644538
0.577523
0.0637405
0.582635
0.0629945
0.587548
0.0622485
0.59227
0.0615383
0.596812
0.0609033
0.601188
0.0603869
0.605414
0.0600365
0.609511
0.0599049
0.613501
0.06005
0.617405
0.0605366
0.621244
0.061439
0.0628389
0.470335
0.0500784
0.476531
0.0515166
0.482876
0.0528889
0.489349
0.054174
0.495928
0.0553594
0.502588
0.0564341
0.509304
0.0573866
0.516047
0.0582065
0.52279
0.0588856
0.529507
0.0594182
0.536171
0.0598014
0.542758
0.0600352
0.549246
0.0601227
0.555613
0.0600703
0.561843
0.0598876
0.567923
0.0595877
0.573841
0.0591868
0.57959
0.0587044
0.585167
0.0581635
0.590572
0.05759
0.595807
0.057013
0.60088
0.0564652
0.605801
0.0559826
0.610583
0.0556052
0.615242
0.0553771
0.619799
0.0553476
0.624278
0.0555718
0.628703
0.0561116
0.633103
0.0570385
0.0584349
0.478561
0.0442166
0.484586
0.0454915
0.49076
0.0467143
0.497068
0.0478669
0.503488
0.0489387
0.510002
0.0499205
0.516586
0.0508023
0.523218
0.0515747
0.529873
0.0522303
0.536528
0.0527634
0.543159
0.0531707
0.549743
0.0534511
0.556259
0.0536063
0.562689
0.0536408
0.569014
0.0535619
0.575222
0.05338
0.5813
0.0531084
0.587241
0.0527636
0.59304
0.0523651
0.598694
0.0519355
0.604207
0.0515006
0.609583
0.0510893
0.614831
0.0507342
0.619965
0.0504714
0.625
0.0503416
0.629958
0.0503899
0.634862
0.0506673
0.639743
0.0512314
0.644632
0.0521486
0.0534971
0.487078
0.0384944
0.492961
0.0396084
0.498994
0.0406813
0.505163
0.041698
0.511451
0.04265
0.517842
0.0435294
0.524317
0.0443276
0.530855
0.0450366
0.537436
0.0456496
0.544038
0.0461613
0.55064
0.0465684
0.557222
0.0468693
0.563764
0.0470646
0.570247
0.0471574
0.576656
0.0471531
0.582976
0.0470601
0.589196
0.046889
0.595306
0.0466536
0.6013
0.0463703
0.607177
0.0460585
0.612937
0.0457405
0.618585
0.0454418
0.624128
0.0451911
0.629579
0.0450206
0.634954
0.0449668
0.640273
0.0450702
0.645564
0.0453771
0.650856
0.0459395
0.656187
0.0468173
0.0480828
0.49595
0.0328836
0.50172
0.0338383
0.507641
0.0347611
0.513699
0.0356395
0.519883
0.0364664
0.526177
0.0372355
0.532565
0.0379396
0.539029
0.0385719
0.545553
0.0391264
0.552115
0.0395985
0.558699
0.0399849
0.565284
0.040284
0.571853
0.0404956
0.578389
0.0406218
0.584875
0.0406667
0.591298
0.0406367
0.597647
0.0405404
0.603911
0.040389
0.610086
0.0401962
0.616166
0.0399782
0.622152
0.039754
0.628049
0.0395454
0.633863
0.0393774
0.639605
0.039278
0.645293
0.0392791
0.650947
0.0394164
0.656593
0.0397305
0.662265
0.0402675
0.668003
0.0410795
0.0422308
0.505251
0.0273561
0.510936
0.0281528
0.516772
0.0289248
0.522749
0.0296624
0.528856
0.03036
0.535079
0.0310123
0.541405
0.0316135
0.547819
0.032158
0.554305
0.0326409
0.560845
0.0330581
0.567423
0.0334067
0.574022
0.033685
0.580625
0.0338927
0.587216
0.034031
0.59378
0.034103
0.600303
0.0341135
0.606774
0.0340692
0.613184
0.0339793
0.619526
0.0338546
0.625795
0.0337086
0.631992
0.033557
0.63812
0.033418
0.644185
0.0333125
0.650198
0.0332644
0.656177
0.0333005
0.662141
0.0334517
0.668119
0.0337524
0.674145
0.0342422
0.680259
0.0349657
0.0359799
0.515048
0.0218826
0.520679
0.0225214
0.526462
0.0231421
0.532387
0.0237368
0.538446
0.0243012
0.544627
0.0248312
0.550919
0.0253222
0.557307
0.0257698
0.563778
0.02617
0.570316
0.0265196
0.576907
0.0268161
0.583534
0.027058
0.590182
0.0272447
0.596835
0.0273772
0.603481
0.0274574
0.610105
0.0274891
0.616697
0.0274773
0.623247
0.0274291
0.629749
0.0273531
0.636198
0.0272599
0.642593
0.027162
0.648937
0.027074
0.655236
0.0270128
0.661503
0.0269978
0.667752
0.0270511
0.674006
0.0271977
0.680293
0.0274661
0.686646
0.0278888
0.69311
0.0285021
0.0293522
0.52543
0.0164328
0.531038
0.016914
0.536798
0.017382
0.542703
0.0178314
0.548745
0.0182591
0.554915
0.0186619
0.5612
0.0190365
0.56759
0.0193796
0.574072
0.0196881
0.580632
0.0199597
0.587256
0.0201923
0.593929
0.0203848
0.600637
0.0205367
0.607366
0.0206484
0.614102
0.0207214
0.620833
0.0207583
0.627547
0.0207628
0.634236
0.0207399
0.640893
0.0206962
0.647514
0.0206394
0.654097
0.020579
0.660645
0.0205261
0.667164
0.0204934
0.673666
0.0204958
0.680167
0.0205502
0.686689
0.0206759
0.69326
0.0208952
0.699915
0.0212336
0.706697
0.0217202
0.022396
0.536463
0.0109736
0.542082
0.0112953
0.547854
0.0116101
0.553773
0.0119122
0.559832
0.0121998
0.566023
0.0124712
0.572336
0.0127241
0.578759
0.0129563
0.585281
0.0131658
0.59189
0.0133509
0.598572
0.0135104
0.605313
0.0136433
0.612101
0.0137493
0.618921
0.0138286
0.62576
0.0138822
0.632607
0.0139116
0.63945
0.0139194
0.646281
0.0139089
0.653093
0.0138843
0.659881
0.013851
0.666645
0.0138152
0.673387
0.0137845
0.680113
0.0137674
0.686834
0.0137742
0.693568
0.0138163
0.700337
0.0139073
0.707169
0.0140628
0.714101
0.0143012
0.721178
0.0146434
0.0151183
0.548251
0.00546846
0.553912
0.00563435
0.559729
0.00579316
0.565697
0.00594447
0.571808
0.00608859
0.578054
0.00622471
0.584427
0.00635152
0.590916
0.0064678
0.597509
0.00657253
0.604195
0.00666491
0.610961
0.00674426
0.617794
0.00681013
0.624681
0.00686231
0.631609
0.00690092
0.638565
0.0069264
0.645537
0.00693958
0.652514
0.0069417
0.659489
0.00693444
0.666453
0.00691997
0.673403
0.00690098
0.680338
0.0068807
0.687259
0.00686296
0.694174
0.00685224
0.701095
0.00685377
0.708037
0.00687361
0.715026
0.00691895
0.72209
0.00699856
0.729267
0.007124
0.736598
0.00731294
0.00760968
0.551634
0.557268
0.563061
0.569006
0.575094
0.581319
0.587671
0.594138
0.600711
0.607376
0.61412
0.62093
0.627793
0.634694
0.64162
0.64856
0.655501
0.662436
0.669356
0.676257
0.683137
0.69
0.696852
0.703706
0.71058
0.717499
0.724497
0.731621
0.738934
)
;

boundaryField
{
    inlet
    {
        type            calculated;
        value           nonuniform List<scalar> 
45
(
-0.2
-0.2
-0.2
-0.2
-0.2
-0.2
-0.2
-0.2
-0.2
-0.2
-0.2
-0.2
-0.2
-0.2
-0.2
-0.20766
-0.212683
-0.217828
-0.223097
-0.228493
-0.23402
-0.239681
-0.245479
-0.251417
-0.257499
-0.263728
-0.270107
-0.276641
-0.283333
-0.290186
-0.297206
-0.304395
-0.311758
-0.3193
-0.327023
-0.334934
-0.343036
-0.351334
-0.359832
-0.368536
-0.377451
-0.386582
-0.395933
-0.40551
-0.415319
)
;
    }
    outlet
    {
        type            calculated;
        value           nonuniform List<scalar> 
45
(
0.00780916
0.0151815
0.0154473
0.0115701
0.00482377
-0.00305618
-0.0101136
-0.0164268
-0.022066
-0.0270832
-0.0315267
-0.0354299
-0.0388055
-0.041641
-0.0438862
-0.047202
-0.0489838
-0.0493229
-0.0477868
-0.0443974
-0.0395551
-0.0304881
0.0601962
0.15459
0.241208
0.318532
0.385594
0.442092
0.488407
0.525494
0.554737
0.577757
0.5962
0.611558
0.625033
0.637507
0.64957
0.661601
0.673855
0.686509
0.699737
0.713653
0.728456
0.744106
0.746544
)
;
    }
    flap
    {
        type            calculated;
        value           uniform 0;
    }
    upperWall
    {
        type            calculated;
        value           uniform 0;
    }
    lowerWall
    {
        type            calculated;
        value           uniform 0;
    }
    frontAndBack
    {
        type            empty;
        value           nonuniform 0();
    }
}


// ************************************************************************* //
